id source target overlap scale t1 t2 t3 t4 t5 t6 t7 t8 t9 t10 t11 t12
13001298760000 PointCloud26.pcd PointCloud14.pcd 0.4111 0.6825 0.9177226348141322 0.3383588150391595 -0.20808286290586958 1.805822763243718 -0.35689673720416853 0.9323423780792358 -0.05798628295186665 0.58675853813896 0.174384301251075 0.12747941921287204 0.9763908608514948 -0.12480071312103669
13001298760001 PointCloud26.pcd PointCloud14.pcd 0.4111 0.6825 0.9269676396324784 -0.22543886387827172 0.29984715060754824 -0.951319305634382 0.2171201424632666 0.9742216970593461 0.06124482603076235 -0.7188699226589608 -0.3059245639220925 0.008330884231677878 0.9520193052438569 0.8619252426918809
13001298760002 PointCloud26.pcd PointCloud14.pcd 0.4111 0.6825 0.9022589535520696 -0.3067624947088991 0.3030273132493123 -1.144748864811594 0.3457061803454348 0.9346502242269934 -0.08316366528358755 -1.0240711479019313 -0.25771305284384394 0.17979357661608364 0.9493462235673045 1.7135474309638217
13001298760003 PointCloud26.pcd PointCloud14.pcd 0.4111 0.6825 0.9957174178601131 0.013790243601378495 0.09141473049461712 0.01144327216624541 -0.0063374320445494774 0.9966677585214367 -0.0813216827109225 0.06496464899058921 -0.09223156035256891 0.08039408128257872 0.9924868417110932 -0.0029533817130243945
13001298760004 PointCloud26.pcd PointCloud14.pcd 0.4111 0.6825 0.9535899353232821 0.29976842166354456 0.028374788518791008 1.437523794400453 -0.2842261884659246 0.9272299682878916 -0.24384433497411478 0.5541694054979243 -0.09940678568524126 0.2244626456276922 0.9693992014013348 0.9271429551493975
13001298760005 PointCloud26.pcd PointCloud14.pcd 0.4111 0.6825 0.9970248266329945 -0.07605013083047195 0.012564739476632239 -0.3671396367862165 0.07697505244426171 0.9908837256943807 -0.11056348156252492 0.10808516172607885 -0.00404182862708212 0.11120170751697893 0.9937896376329639 0.08975693289124176
13001298760006 PointCloud26.pcd PointCloud14.pcd 0.4111 0.6825 0.999901437793745 0.007653937611900867 0.011769959092305684 0.15393889724400678 -0.007504953209625804 0.9998918142048758 -0.01265051632950942 -0.2365144999115178 -0.011865512012667102 0.012560936474442754 0.9998507051052983 -0.04033310777116972
13001298760007 PointCloud26.pcd PointCloud14.pcd 0.4111 0.6825 0.9936107467287355 -0.10427549228614033 0.04317760639090376 -0.45131564617718656 0.10664914595461461 0.9926671959851957 -0.05690164920316845 -0.5960619424303876 -0.036927545982857246 0.06114294500081116 0.9974456860522841 -0.14169386155762131
13001298760008 PointCloud26.pcd PointCloud14.pcd 0.4111 0.6825 0.9214086744945406 -0.308550065018967 0.23622639975880116 -1.6240241288910748 0.2847252886424183 0.9497589536093657 0.12995937844701405 -1.4494136262594512 -0.26445711291947743 -0.052486068776713614 0.9629681448576898 0.2895836611601887
13001298760009 PointCloud26.pcd PointCloud14.pcd 0.4111 0.6825 0.9798916979055657 0.14601171839150706 0.13598837622424517 0.4789366710574994 -0.1612386385387078 0.9809202891156056 0.10861624115914154 0.2643621078927308 -0.11753451330537572 -0.12835873360903846 0.9847383782956529 -0.1901352697696463
13001298760010 PointCloud26.pcd PointCloud14.pcd 0.4111 0.6825 0.9552908289445844 0.2928100440408136 -0.04100866058755699 1.3495544334211473 -0.28697941333169413 0.951633584401518 0.10971024274385464 0.4524353603737983 0.07114947967599856 -0.0930365473775528 0.9931172903508925 -0.4513228489486481
13001298760011 PointCloud26.pcd PointCloud14.pcd 0.4111 0.6825 0.9453084244100052 0.27852325464590616 0.16975505695243792 1.3414107350169755 -0.2993199780594176 0.947538832306991 0.11215039903992298 -0.0794999783861634 -0.1296130142924833 -0.15682779693586182 0.9790840151050678 -0.11359803828316772
13001298760012 PointCloud26.pcd PointCloud14.pcd 0.4111 0.6825 0.958234765082258 0.02356743292226563 -0.2850100192856459 -0.12438102210384949 -0.033933848774849146 0.9989279217441991 -0.031488109932813854 -0.0845197694996857 0.28396237232259386 0.03984448851811015 0.9580071961314565 -0.4877814902645303
13001298760013 PointCloud26.pcd PointCloud14.pcd 0.4111 0.6825 0.9840016241014595 -0.058808407555970846 -0.16817364527898093 -0.07871656073244138 0.09295182964202804 0.9747547311792345 0.20301027414861922 -0.28121534862527153 0.15198934545516363 -0.21539448749777457 0.96462658766161 -0.294517191897121
13001298760014 PointCloud26.pcd PointCloud14.pcd 0.4111 0.6825 0.9313108402528469 -0.28951145714049814 0.22100505653021074 -1.0688529198849372 0.3145780908435892 0.945195523621223 -0.08744167706308248 -1.0885530288594372 -0.18357762278866868 0.15095873048879063 0.9713447987715145 1.269128644566986
13001298760015 PointCloud26.pcd PointCloud14.pcd 0.4111 0.6825 0.9770767614421951 0.1090132646600453 0.1828581701149566 -0.12766084156776536 -0.16060424487100639 0.94126914761012 0.29701627613100895 -0.44875822134962895 -0.13974003999944073 -0.3195754995075137 0.9372002034440015 -1.0618848255329794
13001298760016 PointCloud26.pcd PointCloud14.pcd 0.4111 0.6825 0.9987417516792633 -0.0423150195994058 0.026913798857440198 -0.18734861308125206 0.04769758053908807 0.9672717234893184 -0.24921948910292066 -0.649009600585433 -0.015487229040537037 0.2501896321878776 0.9680729795228976 1.456110569269835
13001298760017 PointCloud26.pcd PointCloud14.pcd 0.4111 0.6825 0.9596777947576176 -0.058480655003834016 0.2749518925911928 -0.3231656800584024 0.16426336595542054 0.9104106190623351 -0.3796973153757232 -0.5754637837080602 -0.2281141750399389 0.40955160564800425 0.8833070844598666 2.334959349066572
13001298760018 PointCloud26.pcd PointCloud14.pcd 0.4111 0.6825 0.9595175966287425 0.15490997849557583 0.23522091812230939 0.6021617056374944 -0.1610128551459382 0.9869285870179298 0.006842850615475175 0.3627186003064878 -0.23108622251781924 -0.04443942719357223 0.9719178437878133 0.061580118098595614
13001298760019 PointCloud26.pcd PointCloud14.pcd 0.4111 0.6825 0.9718229545972373 0.23326611537034528 -0.03386833828112685 0.9299778727218966 -0.23089413669456313 0.9709835416365388 0.0622804906133234 0.4791322791818978 0.04741352716228211 -0.052705609672905246 0.997483872627041 -0.187200831907967
13001298760020 PointCloud26.pcd PointCloud14.pcd 0.4111 0.6825 0.9565752315540322 0.28662533335409685 0.05300702460054216 1.2421520418248964 -0.2452372907978306 0.8896748592402868 -0.38514583736283103 0.10727643134730647 -0.15755157117429797 0.35542166945113085 0.9213321547113621 2.2610453146386718
13001298760021 PointCloud26.pcd PointCloud14.pcd 0.4111 0.6825 0.9687696264728826 0.1551861822133496 0.19339767235837285 0.657757354448731 -0.197518310005362 0.9544765677560229 0.22351957144131254 0.21946905124202526 -0.1499063975826822 -0.25473855313777566 0.9553200204690863 -0.7003294064687525
13001298760022 PointCloud26.pcd PointCloud14.pcd 0.4111 0.6825 0.9927816588356719 -0.11001125057704943 0.04777135779905422 -0.46569300225495125 0.1117759700824102 0.9930817376348378 -0.035983258444830635 -0.29874432968587233 -0.04348229975090733 0.04106320886931486 0.9982099491017545 -0.07526678575570006
13001298760023 PointCloud26.pcd PointCloud14.pcd 0.4111 0.6825 0.9453961148005726 -0.11802409423740966 -0.3038033892164823 -0.4962943276213081 0.10234822774462042 0.9924846796477209 -0.06707459237368532 0.20485664835477665 0.30943662743365996 0.032318320562798125 0.9503707170144093 -0.8686534586124589
13001298760024 PointCloud26.pcd PointCloud14.pcd 0.4111 0.6825 0.994006265309439 -0.10902051386953664 -0.008128473485424028 -0.3958754355840721 0.1092319264596006 0.993464307507809 0.03312183494243703 -0.3196403872283126 0.004464388816565908 -0.03381120026931616 0.9994182667776504 -0.8634708453353809
13001298760025 PointCloud26.pcd PointCloud14.pcd 0.4111 0.6825 0.9215397658405626 0.3872880187516119 0.027792993828881528 1.7812067951170465 -0.3851081942681708 0.9207940947642508 -0.06188629698724031 0.5789520432529938 -0.04955944594151552 0.046327373967613966 0.9976961640395512 0.161254799776534
13001298760026 PointCloud26.pcd PointCloud14.pcd 0.4111 0.6825 0.9995276951715468 -0.03002897173081711 -0.006530500887783344 -0.7948516529036049 0.0299877365656517 0.9995302668004962 -0.006323085117111014 -0.08224263117719019 0.0067173090389402385 0.00612426375321488 0.9999586847229023 0.19848090158556653
13001298760027 PointCloud26.pcd PointCloud14.pcd 0.4111 0.6825 0.8991927030025454 0.20015155202576848 -0.38909104215935425 1.4756830453959782 -0.23544726415665398 0.9708584894593502 -0.0447032352951735 0.5473202955060598 0.36880491952809297 0.13180724436230712 0.9201140047110966 -0.5007201246212665
13001298760028 PointCloud26.pcd PointCloud14.pcd 0.4111 0.6825 0.94443969066042 -0.23334529034994755 -0.23148141648250886 -1.0512130993449078 0.2998641246615281 0.9000889729499436 0.3161033810557729 -0.7419910872756912 0.13459263518568015 -0.3679535517499652 0.920051632414377 -1.6952353099041684
13001298760029 PointCloud26.pcd PointCloud14.pcd 0.4111 0.6825 0.9464629608599672 0.3095374824802836 0.09162101647521843 1.3511803908491475 -0.315691143473591 0.9468077291494196 0.06240373350414135 0.634469433217127 -0.06743119198502069 -0.0879867658383204 0.993836688487999 0.7657815994351254
13001298760031 PointCloud41.pcd PointCloud17.pcd 0.4323 0.4192 0.997595618322608 -0.06899012002718934 0.006583740742717842 -0.2044683309684956 0.06859355716141881 0.9964733894959561 0.04832916244239798 -0.34274153562039467 -0.00989475717117324 -0.0477613584927662 0.9988097648779015 -0.42049410564003625
13001298760032 PointCloud41.pcd PointCloud17.pcd 0.4323 0.4192 0.9469461808803763 0.27753274909781034 -0.1620756110409013 0.9088856302419623 -0.30468412928480004 0.9356899011790966 -0.1779100620915405 0.752134606759203 0.10227664385397524 0.2178531202660738 0.9706078024167655 0.7102023779248812
13001298760033 PointCloud41.pcd PointCloud17.pcd 0.4323 0.4192 0.9481087025448776 -0.23142686679953983 -0.21801718620791546 0.19045370425835495 0.2666322619792058 0.9522589057565825 0.14869503448040358 -0.7890405514679825 0.1731967812360293 -0.19910947172503948 0.9645508246011999 -0.30364761590900946
13001298760034 PointCloud41.pcd PointCloud17.pcd 0.4323 0.4192 0.9789644933222088 0.1979926145454012 0.04926911202637007 0.27899897860991185 -0.19849024137915952 0.9800881405203978 0.005372233102882666 0.5114218569031912 -0.047224409913029126 -0.015038663396223374 0.9987710917480648 -0.7925689919372532
13001298760035 PointCloud41.pcd PointCloud17.pcd 0.4323 0.4192 0.9419346606003236 -0.31354428466148887 -0.1202043123846572 -0.9424758502262092 0.2737176959788087 0.9242832772607027 -0.2660433165562844 -1.4015076043947694 0.19451919717037044 0.21769337365278288 0.9564370742499813 0.011316801046300284
13001298760036 PointCloud41.pcd PointCloud17.pcd 0.4323 0.4192 0.9953521675188364 0.08772103075792984 0.039737682095470586 -0.036883046602308234 -0.0854464803705943 0.9947835977632091 -0.055717973882432596 -0.1430885458112921 -0.044418032462413284 0.05206356100049365 0.9976554635785423 0.9362877932989386
13001298760037 PointCloud41.pcd PointCloud17.pcd 0.4323 0.4192 0.9807162967119741 0.02869499776492549 0.19331875870391388 -0.3971302990337797 -0.0579192979740766 0.9873999017566149 0.14726435051708028 -0.39883297653848626 -0.18665717314301447 -0.15562143526615566 0.9700211691504266 -0.5517670980274891
13001298760038 PointCloud41.pcd PointCloud17.pcd 0.4323 0.4192 0.9582088001945531 -0.2671815578896531 -0.10222480302437822 -0.549821531139125 0.27065674162548975 0.9624351682091487 0.021528474328214135 -0.7616915063893448 0.09263273418391488 -0.04829660565594302 0.9945283376755669 0.6137917534740406
13001298760039 PointCloud41.pcd PointCloud17.pcd 0.4323 0.4192 0.9712855584956315 0.0950836694966801 -0.2180904850122432 0.4931517389239528 -0.16677956893246906 0.9258426492123796 -0.33911644649899036 0.24656499560692924 0.1696730362919494 0.3657519442114408 0.9151156080304946 1.0455042101758194
13001298760040 PointCloud41.pcd PointCloud17.pcd 0.4323 0.4192 0.9501921811589137 -0.20202300170002765 0.23732156591548279 -0.5409381876398434 0.24516239182583274 0.9546514136437407 -0.1689262562843455 -0.8132862617949574 -0.19243237902885021 0.21869473064552364 0.9566307512771994 0.06116655211307523
13001298760041 PointCloud41.pcd PointCloud17.pcd 0.4323 0.4192 0.9876667469875353 0.036476184725688844 -0.15226255233286135 0.37757976597066234 -0.09273280481841678 0.9198458871151652 -0.38116160728465837 0.31813218255946635 0.12615476132738446 0.3905803782900162 0.9118837339755866 0.61617430453735
13001298760042 PointCloud41.pcd PointCloud17.pcd 0.4323 0.4192 0.9997098305226086 -0.001804898136707425 -0.024020763917350287 0.5515678205104666 0.0016878404545529091 0.9999866068870478 -0.004892569992232173 -0.280260962576316 0.024029272795008633 0.004850607100665459 0.9996994876760205 -0.8349026776656527
13001298760043 PointCloud41.pcd PointCloud17.pcd 0.4323 0.4192 0.9995041883294049 0.009792537649076635 -0.02992463397217939 0.044902872709081 -0.009516692104056508 0.9999110331008532 0.009346574483797773 0.03042992322940993 0.030013498352809267 -0.0090571568152488 0.9995084581068086 -0.14881535653586864
13001298760044 PointCloud41.pcd PointCloud17.pcd 0.4323 0.4192 0.9909969550541604 0.13378745659450628 -0.005094264554918642 0.7995843204533033 -0.1338011927227951 0.9910051484670033 -0.0024569366801482358 0.12385858742775196 0.004719735092126559 0.0031164354422813525 0.9999840058374905 0.6310214202048612
13001298760045 PointCloud41.pcd PointCloud17.pcd 0.4323 0.4192 0.9797079191393733 -0.20041306264346664 -0.0026452783341745674 -0.5354029033150423 0.19206570622642954 0.9349657714343146 0.2982444814878894 -0.8888534012131785 -0.0572988452531306 -0.2927005476047202 0.9544858468120703 -1.2306354239979636
13001298760046 PointCloud41.pcd PointCloud17.pcd 0.4323 0.4192 0.9879206369508057 0.12179530476474487 -0.09580563043985099 0.2437076634626223 -0.13733340303375785 0.9745393961675858 -0.17723572362389248 1.0492634644696386 0.07177988226433518 0.1882521422310521 0.979494144672411 0.6363778320782422
13001298760047 PointCloud41.pcd PointCloud17.pcd 0.4323 0.4192 0.9670347464508138 0.1446728387427676 -0.20955564627783063 0.24798390617642818 -0.17020032080835518 0.9793273738539293 -0.10931489201887842 0.44230107294019105 0.18940868500030056 0.14137773711046317 0.9716669622334504 -0.6048083040932852
13001298760048 PointCloud41.pcd PointCloud17.pcd 0.4323 0.4192 0.8979604745943127 0.3854930714258038 0.21227830305770062 1.0275662729804584 -0.40457494920659076 0.9129373724425599 0.053520692000004304 0.8306214863626757 -0.17316494027614654 -0.1339419496661704 0.9757425160249931 0.13815517774401898
13001298760049 PointCloud41.pcd PointCloud17.pcd 0.4323 0.4192 0.8695534849779468 -0.2869823535205703 0.4018928532961269 -0.4200166235658167 0.25103382575938754 0.9576951330805891 0.140719758379406 -1.172455634421166 -0.4252749170681398 -0.02147465579578408 0.9048094186463466 1.349787464465694
13001298760050 PointCloud41.pcd PointCloud17.pcd 0.4323 0.4192 0.9988247621888979 0.03171976403578561 0.036646295962970976 0.051346062110209534 -0.029100820085409762 0.9971285173003074 -0.06991324807822398 0.027504290537892107 -0.03875869849012209 0.0687646461199704 0.996879725310605 -0.134997430607938
13001298760051 PointCloud41.pcd PointCloud17.pcd 0.4323 0.4192 0.963863381149899 -0.26436959245555147 -0.032803979380105375 -0.44224135442092605 0.24896464353791703 0.9377477892692672 -0.2421687221518095 -0.7168401176913681 0.09478390552368399 0.22525053230900044 0.9696794361788794 -0.30939013589095277
13001298760052 PointCloud41.pcd PointCloud17.pcd 0.4323 0.4192 0.9804189884460995 -0.18186797173483163 0.07551587880297256 -0.4555023675087537 0.19675791746952068 0.8890154610275348 -0.4134462866770686 -0.5219461874676724 0.008057853770332114 0.4202089372098813 0.9073916023865097 1.5220210378958874
13001298760053 PointCloud41.pcd PointCloud17.pcd 0.4323 0.4192 0.9992253340271423 -0.03932016375458458 0.0016298959041850711 0.13690056243673165 0.039320358002591954 0.9992266518795366 -8.729352454195732e-05 -0.019080808259921353 -0.0016252030315713141 0.00015131399167835917 0.9999986679087038 -0.8656831548582331
13001298760054 PointCloud41.pcd PointCloud17.pcd 0.4323 0.4192 0.9770240060536973 0.1337383572405844 0.1659462063361935 1.1598870398569776 -0.15016025239761369 0.9844957925661011 0.09066384626481144 0.2567983820762979 -0.15124810806971978 -0.11349927850975192 0.9819582086744303 -0.10798109659713834
13001298760055 PointCloud41.pcd PointCloud17.pcd 0.4323 0.4192 0.9979269808091585 0.033563317423164665 0.05491124380916066 0.08582497397618205 -0.012525008537580375 0.9382105135845215 -0.345838338477101 0.15126442606091098 -0.0631257881871643 0.3444336451669904 0.9366859660220863 0.3573684943122084
13001298760056 PointCloud41.pcd PointCloud17.pcd 0.4323 0.4192 0.9400231351789728 0.22406395060302728 0.25720002210042386 0.4628112918653433 -0.2545329055113484 0.9627172642895949 0.09158858581018287 0.48751198973402554 -0.22708920128496948 -0.15156125850270039 0.9620081494357686 -0.002420031168929457
13001298760057 PointCloud41.pcd PointCloud17.pcd 0.4323 0.4192 0.995256099145455 -0.07383242437097468 -0.06335669045393993 0.3414459296531076 0.0758000875625863 0.9966944126189252 0.0292334496719055 -0.4573945764352648 0.06098888291546508 -0.03389721176910998 0.99756269737546 0.2296921975333106
13001298760058 PointCloud41.pcd PointCloud17.pcd 0.4323 0.4192 0.975403789207785 -0.21981946660825064 -0.016335547103139864 -0.5475096116266163 0.21187917793608813 0.9554428694103111 -0.20551432371034017 -0.6798124448551448 0.06078373101597359 0.19699828779219164 0.978517763073682 0.24257269441739537
13001298760059 PointCloud41.pcd PointCloud17.pcd 0.4323 0.4192 0.976939246956167 -0.20765037625338076 0.04970944576785034 -0.9437848408701395 0.20902592461586747 0.9776098144585166 -0.024232488788126366 -0.8844960947957805 -0.04356455663953359 0.034064232212313174 0.998469707847257 0.5277387203983859
13001298760060 PointCloud41.pcd PointCloud17.pcd 0.4323 0.4192 0.9004876501313429 -0.42282803376576755 0.1016781482065213 -1.19591603343468 0.4343486689837746 0.8860273625688557 -0.16216271621831252 -1.4842495287451425 -0.021522679037604055 0.19018929160458153 0.9815114913468879 0.6404111176194426
13001298760062 PointCloud4.pcd PointCloud39.pcd 0.4359 1.2422 0.9997387906957442 0.006337697791009351 -0.021958687686666003 -0.43106113216196906 -0.0061400528572431645 0.9999401377694336 0.009056524087978803 -0.5584987931165549 0.02201477070334738 -0.008919330936550984 0.9997178579011796 -0.1931758962382486
13001298760063 PointCloud4.pcd PointCloud39.pcd 0.4359 1.2422 0.9410666324282682 -0.11617783502148576 -0.3176417856325573 0.28538895532111397 0.1325680086001366 0.990707533580004 0.030402401280487074 -0.015505273581790435 0.3111580248457577 -0.07071982436026043 0.9477232665797232 -1.6437326378556818
13001298760064 PointCloud4.pcd PointCloud39.pcd 0.4359 1.2422 0.9118977473633036 -0.3684211541122715 -0.1808545038319881 0.02771937216435294 0.35568603659159503 0.9292806854434348 -0.09962354659187128 -1.057814067597924 0.204768019298657 0.026519066053731256 0.9784512238267898 -0.9110689907592087
13001298760065 PointCloud4.pcd PointCloud39.pcd 0.4359 1.2422 0.9802603287045707 -0.12732472051072033 0.15125509417825914 0.04938050669328531 0.10192314332640963 0.9809751581799713 0.16522533670186473 -0.5683580345688404 -0.16941475975389877 -0.146547448222913 0.974588366746126 0.6981139759325898
13001298760066 PointCloud4.pcd PointCloud39.pcd 0.4359 1.2422 0.983181877889709 0.1824661949812446 -0.007712501431534767 0.10182895405892545 -0.18246006104811868 0.9832121253548792 0.0014975571634681761 0.5493432900390322 0.007856278481686792 -6.514758219429114e-05 0.9999691368458381 0.026115049473981244
13001298760067 PointCloud4.pcd PointCloud39.pcd 0.4359 1.2422 0.9759276246591433 0.2059568439661052 0.07174294286327829 0.4615026822251318 -0.2110038949573586 0.9748479725365641 0.07175504688991836 0.3562307537504411 -0.05516001939798592 -0.08516577284843845 0.9948387625113639 0.49991335309153845
13001298760068 PointCloud4.pcd PointCloud39.pcd 0.4359 1.2422 0.9805292332308414 -0.1877869826526904 -0.05743232474779389 -0.26203141513614314 0.19185427619896306 0.978460441328505 0.07620434016116862 -0.6215628339692281 0.04188507471534335 -0.08573922032200468 0.995436801918969 -0.06281948407454041
13001298760069 PointCloud4.pcd PointCloud39.pcd 0.4359 1.2422 0.9331806736905233 -0.35860834660561647 -0.02395587600751388 0.07402501931430594 0.3530428360092568 0.9271048096394127 -0.12584684297196208 -0.9940874136322206 0.06733933614940349 0.10898039130162224 0.9917603985432687 0.06736254846754319
13001298760070 PointCloud4.pcd PointCloud39.pcd 0.4359 1.2422 0.9476412931797285 -0.009986780722151013 0.31918058160148083 -0.10331298982321435 -0.11840603725275536 0.9172748486782297 0.3802457919878007 -0.08146255099856141 -0.2965737510346305 -0.3981295218809305 0.8680650286724553 0.045594845353219116
13001298760071 PointCloud4.pcd PointCloud39.pcd 0.4359 1.2422 0.9895543196746669 -0.05446941971436267 -0.13347408261227223 0.10206081349051299 0.006628349372124254 0.9420833894454305 -0.3353132152415264 0.17750647693206761 0.14400803240725196 0.3309259277345759 0.932603729863441 -1.2464405782430987
13001298760072 PointCloud4.pcd PointCloud39.pcd 0.4359 1.2422 0.9902841957091032 0.053352427239704125 -0.12841623821155496 -0.006344550745444266 -0.051478468396953025 0.9985142051919235 0.017870347546853235 -0.11612830304737268 0.12917886444878923 -0.011086051487048578 0.9915593378321582 0.4717923665653476
13001298760073 PointCloud4.pcd PointCloud39.pcd 0.4359 1.2422 0.9113688703876331 -0.3422414076476956 -0.2286429552374041 0.5809599144454967 0.3377398948481659 0.9393374457538317 -0.059807411184712646 -1.2716464647103312 0.2352414621539314 -0.02271523488743451 0.9716714838810951 -0.994834941844546
13001298760074 PointCloud4.pcd PointCloud39.pcd 0.4359 1.2422 0.9837809559138168 -0.09349241178895175 -0.15308232987246392 -0.0919506479857981 0.08936965687721125 0.9954312779371273 -0.03361004811224244 -0.30141542315842 0.15552522371289587 0.019384009965505072 0.9876417189177008 -0.9648519622084457
13001298760075 PointCloud4.pcd PointCloud39.pcd 0.4359 1.2422 0.9999814753567572 -0.00014510127924212207 -0.006085054555365364 -0.05143727826747435 0.00042821284406522036 0.9989158567355481 0.046550271707543625 -0.102953735105641 0.00607170298048151 -0.04655201507888483 0.998897414309904 -0.15647930362503
13001298760076 PointCloud4.pcd PointCloud39.pcd 0.4359 1.2422 0.9940462403256404 -0.10670184721909205 -0.02206327025834126 -0.1799604187890056 0.10651456126634885 0.9942657613320569 -0.009499688469753216 -0.15049617029118578 0.02295038850861318 0.0070930700559549194 0.9997114423794923 -0.34013199008566514
13001298760077 PointCloud4.pcd PointCloud39.pcd 0.4359 1.2422 0.9984763654985833 -0.018872678554646558 -0.051853346516040344 0.03752198147976937 0.020807620886600823 0.9990974007054885 0.03703278029768029 -0.09464381633967196 0.051107635963513934 -0.038055300651942674 0.9979678369759776 -0.2622084506071476
13001298760078 PointCloud4.pcd PointCloud39.pcd 0.4359 1.2422 0.995570906964635 -0.006545093879070809 0.09378555833244473 -0.046335745225652314 0.010459987555489355 0.9990915222691443 -0.04131245321041764 0.5354434990430678 -0.09342996235658693 0.04211047228467153 0.9947349145666944 1.0766347779945582
13001298760079 PointCloud4.pcd PointCloud39.pcd 0.4359 1.2422 0.9996796546160209 0.020824426744123086 0.014385110273190234 -0.11065874073959714 -0.019237495935172325 0.9945153584104062 -0.10280622858545986 -0.007578977777709606 -0.016447093875132483 0.10249656158428071 0.9945973798308854 -0.2715679156332582
13001298760080 PointCloud4.pcd PointCloud39.pcd 0.4359 1.2422 0.9590438741272176 0.2819207494970406 0.027487060630130428 0.21937972868505184 -0.27892321288216826 0.9568227371602331 -0.08180520135473038 0.9523971166788662 -0.04936282826729259 0.0707879979673548 0.9962692259270219 0.19395882977222462
13001298760081 PointCloud4.pcd PointCloud39.pcd 0.4359 1.2422 0.9606888833563769 -0.14413941436992417 0.23727768251686204 0.4547878690158158 0.2010670024888293 0.9505653889014726 -0.23663791313470722 -0.09971730698778469 -0.19143910234232342 0.27504412491032676 0.9421792820088318 1.3989161916823007
13001298760082 PointCloud4.pcd PointCloud39.pcd 0.4359 1.2422 0.9297889897610583 -0.28951411108163205 -0.22731918969528972 -0.308552642416855 0.33861601992980017 0.9148879503513792 0.21981635368814972 -0.815753201593188 0.14433165129662964 -0.28135674469695043 0.9486868591097504 -0.876041315605334
13001298760083 PointCloud4.pcd PointCloud39.pcd 0.4359 1.2422 0.9349399429724992 -0.08267796137634813 -0.3450386322388132 0.07258609440106234 0.11808569564105005 0.9895403019800736 0.08285987715507405 -0.4824845948634944 0.33457894661731064 -0.11821313573302993 0.9349238380855496 -0.3795920440911764
13001298760084 PointCloud4.pcd PointCloud39.pcd 0.4359 1.2422 0.9182356532721507 -0.34700066985511036 -0.19087645265975312 0.5934122476754311 0.3601870682191558 0.9320961176584994 0.0382374598220366 -1.4030109144519467 0.1646467763047777 -0.10386222877474435 0.9808690414557831 -0.20523499793185174
13001298760085 PointCloud4.pcd PointCloud39.pcd 0.4359 1.2422 0.9691241532889455 0.14685625689934706 0.19806972338420967 -0.12916345499143267 -0.10318004754855394 0.9711098779500943 -0.21517314594444872 0.4418211476386581 -0.22394698769990748 0.1880926493972209 0.9562786737885937 0.07867027477361611
13001298760086 PointCloud4.pcd PointCloud39.pcd 0.4359 1.2422 0.99994953861967 -0.01003825694219044 0.0003919335042497405 -0.5878394132730613 0.010038260470507968 0.9999496153693038 -7.036160233684855e-06 -0.13453121850970637 -0.0003918431260405593 1.0970135782105076e-05 0.9999999231693074 0.4898713111389955
13001298760087 PointCloud4.pcd PointCloud39.pcd 0.4359 1.2422 0.8713983496886457 -0.43068970984528077 -0.23488569559105302 0.5293596031648442 0.4061328426208928 0.9019060975863323 -0.1470425288182518 -1.2027229989241754 0.275174545161027 0.032737821704889654 0.960836721157888 0.13835508812784525
13001298760088 PointCloud4.pcd PointCloud39.pcd 0.4359 1.2422 0.9805067886214536 0.0933697940201273 0.17288296339397724 0.30245777769001103 -0.07406865352268444 0.9906092208232121 -0.11492260954818768 0.8321381638135721 -0.18198975804308548 0.09987719051248727 0.9782148408109292 0.6701950546353725
13001298760089 PointCloud4.pcd PointCloud39.pcd 0.4359 1.2422 0.9998541081050455 -0.014452086707217066 -0.00910492697780949 -0.27460252737395985 0.01448549584137953 0.9998885479699889 0.0036141456385563576 -0.007422579392395982 0.009051680269073785 -0.00374550774587363 0.9999520179768788 -0.11298684470426557
13001298760090 PointCloud4.pcd PointCloud39.pcd 0.4359 1.2422 0.9978236783066656 -0.05640162275374525 -0.03415792677110106 -0.11671057434688414 0.05754749445229063 0.9977789724920645 0.033547100246422844 -0.2532137947188148 0.03218995018354759 -0.03543979406576978 0.9988532565415985 -0.2426659534805733
13001298760091 PointCloud4.pcd PointCloud39.pcd 0.4359 1.2422 0.9948682337865193 -0.05403350375072554 -0.08554284233594094 0.8215278216441346 0.035319872554473795 0.9777408423443736 -0.2068220293258198 -0.28232175302548446 0.09481404961938421 0.20273930473426918 0.9746317613902381 0.20940737731760461
13001298760093 PointCloud17.pcd PointCloud28.pcd 0.4060 0.4724 0.96584290890979 0.24388560803146514 -0.08756303731482773 1.2069821300739525 -0.2505960161209386 0.9650963067572553 -0.07609701300195816 0.5621717719009418 0.06594779763562711 0.09544070870770228 0.9932481860584403 0.33741813072202964
13001298760094 PointCloud17.pcd PointCloud28.pcd 0.4060 0.4724 0.99753515209181 -0.031601481406998054 -0.06264955477936275 -0.22118028641455734 0.015146651022051429 0.9687714086732848 -0.24749249827014003 0.25433035707980073 0.06851422701881273 0.24593353596055628 0.966862191103754 0.883432979718605
13001298760095 PointCloud17.pcd PointCloud28.pcd 0.4060 0.4724 0.8905076671398324 -0.40584481670416434 -0.20563579338125076 -1.0963754543473372 0.36594508739714043 0.9074844146130451 -0.20629161457586664 -1.396891157778943 0.2703336600852222 0.10845285606558236 0.9566387459413012 -0.32953874689958584
13001298760096 PointCloud17.pcd PointCloud28.pcd 0.4060 0.4724 0.9639414825765013 0.09900922551802349 0.24701010390374256 0.16261682768333774 -0.08124970165762124 0.993388087194848 -0.08110853345923918 -0.009319955562506366 -0.25340738771544147 0.05811438274370767 0.9656124555791281 0.7954501401077242
13001298760097 PointCloud17.pcd PointCloud28.pcd 0.4060 0.4724 0.9979447639897062 0.0613411696966033 0.0185339937893126 0.19176035194863417 -0.06145329413750198 0.9980945774474481 0.0055413996110843305 0.10331383297602925 -0.018158762765657373 -0.006668985698933463 0.9998128744743029 0.232381032098527
13001298760098 PointCloud17.pcd PointCloud28.pcd 0.4060 0.4724 0.9985175507494728 0.053659332622706495 -0.009131093459138153 -0.7107165456383653 -0.054130914227534695 0.9965278861898216 -0.06326149042614349 0.09883348103326145 0.005704819906452054 0.06366198291391423 0.9979552129035166 0.11276636915718286
13001298760099 PointCloud17.pcd PointCloud28.pcd 0.4060 0.4724 0.9910897360369608 0.061007292616584184 0.11840289426268992 0.05810447615996095 0.003928110065696981 0.8751642206287393 -0.4838100421473319 -0.5654764142917559 -0.13313791748971826 0.479964266564591 0.8671266330517217 2.2763362241691585
13001298760100 PointCloud17.pcd PointCloud28.pcd 0.4060 0.4724 0.9946582392180053 0.07186072746562089 -0.07410143725899826 0.4015510442584409 -0.07657628439982986 0.9950784045859046 -0.06288911984029773 0.3200791974515551 0.06921748206381009 0.06822759394030185 0.9952657612928637 0.04573428429329052
13001298760101 PointCloud17.pcd PointCloud28.pcd 0.4060 0.4724 0.9906794246943876 -0.1320537291204761 0.033407934874410225 -0.4939421542148503 0.1343990054115198 0.9875285647879658 -0.08200146993935191 -0.33938117689959946 -0.022162690080204123 0.08572716228358483 0.9960721202880907 0.01591452710901564
13001298760102 PointCloud17.pcd PointCloud28.pcd 0.4060 0.4724 0.9950697266983506 0.04707425650622327 0.08729406270105794 -0.07284566897247746 -0.03323768493219891 0.9875622262227609 -0.15367532540486864 0.5511810962942381 -0.09344247058387217 0.15001621149839336 0.9842579138512687 1.6961028173658745
13001298760103 PointCloud17.pcd PointCloud28.pcd 0.4060 0.4724 0.9489206456781754 -0.04109523951400245 0.3128270920093108 0.1530613126517384 0.06531527959640568 0.9955900615384736 -0.06733753497910229 -0.46136806256209195 -0.3086802916562027 0.08433036615066512 0.947420111084801 0.49940606592738274
13001298760104 PointCloud17.pcd PointCloud28.pcd 0.4060 0.4724 0.9290731099864676 -0.3295495465408115 0.16798884687626886 -0.9075366102125364 0.35778425173679906 0.9158955946441862 -0.1820046398323711 -0.9227113716782076 -0.0938806982782498 0.22919938064078152 0.968841606458285 1.233892280989941
13001298760105 PointCloud17.pcd PointCloud28.pcd 0.4060 0.4724 0.994524847415643 -0.09038093997924239 0.052455824856356026 -0.7700347921998598 0.09523328089480367 0.9905322483267802 -0.09887612064955437 0.24004052131386594 -0.04302266940699444 0.10333029910516273 0.9937162065720444 -0.18237766008316025
13001298760106 PointCloud17.pcd PointCloud28.pcd 0.4060 0.4724 0.9614329266285823 -0.008832605496301597 -0.2748976403582719 0.26109545199694884 -0.08942050477293614 0.9351472506062691 -0.34278797092326463 0.10429395026543864 0.2600974834952319 0.35414912785955344 0.8982915419371181 -0.09006049852133269
13001298760107 PointCloud17.pcd PointCloud28.pcd 0.4060 0.4724 0.9800153185618496 0.16949804475467475 0.1041171849814366 0.6250331918309211 -0.16639276511954973 0.9853315656034008 -0.03788342040288203 0.44193910766459527 -0.10901111457088566 0.019801986008818016 0.9938432765029505 0.2293121193343735
13001298760108 PointCloud17.pcd PointCloud28.pcd 0.4060 0.4724 0.9978304977575374 0.06369893605528258 0.016635603096078633 0.1453987293564074 -0.0637730380477473 0.9979565630934549 0.0039620445302662914 0.24180340773207834 -0.016349231269567856 -0.005014351814966587 0.9998537687645979 0.07543689259919584
13001298760109 PointCloud17.pcd PointCloud28.pcd 0.4060 0.4724 0.979447343288935 -0.17466054661022554 0.10087911172321201 -1.176136151232928 0.12080549790043583 0.9084985676389884 0.4000454777583845 -1.0001935309625716 -0.16152069031945987 -0.3796367290657261 0.9109264627526207 -0.3593053176624108
13001298760110 PointCloud17.pcd PointCloud28.pcd 0.4060 0.4724 0.9397114864357187 0.32272840945447867 -0.11308711682483773 1.5091388804654216 -0.3419548902786599 0.8897356526314945 -0.30238604705065053 0.5970822659867474 0.0030290716864774525 0.32282633437715536 0.9464533705140086 1.2396214909196845
13001298760111 PointCloud17.pcd PointCloud28.pcd 0.4060 0.4724 0.8936070790219888 0.25069229898976314 0.3723167462645437 1.0440699344952065 -0.19893381418157524 0.9647750666693394 -0.17214647341244727 0.7015695364541116 -0.4023577088822332 0.07976491685195398 0.9120010044636142 2.4251216536293017
13001298760112 PointCloud17.pcd PointCloud28.pcd 0.4060 0.4724 0.912465139397737 0.3995511207269817 0.0881264506812883 2.1709602201382725 -0.3541328175724318 0.8791038524031207 -0.31900840773904865 0.1805884153690367 -0.20493246912600097 0.25987558295423857 0.9436457833753699 2.2470784230877143
13001298760113 PointCloud17.pcd PointCloud28.pcd 0.4060 0.4724 0.9660762802388984 0.2175834179622293 0.13911893109008405 0.37259566023072965 -0.23218778707068577 0.9676193720178249 0.0990029415272511 -0.18635188500862665 -0.11307277433136415 -0.12794611023280172 0.985314335926005 -0.23716169590398506
13001298760114 PointCloud17.pcd PointCloud28.pcd 0.4060 0.4724 0.9821224870572065 -0.07935670468965399 0.17069837092768703 0.001064934620492508 0.09387276358552311 0.9924680039526365 -0.07870937293033178 0.11080235822210333 -0.1631665550086281 0.09332617291557932 0.9821745775449229 -0.02876527410807972
13001298760115 PointCloud17.pcd PointCloud28.pcd 0.4060 0.4724 0.9998676804089993 0.012067428519184733 0.010908659058834388 0.09102004131161179 -0.011852046643319384 0.9997376948867219 -0.01959771448277887 -0.6239700143864825 -0.011142291680444573 0.01946583138523259 0.9997484337295007 -0.020690151619441433
13001298760116 PointCloud17.pcd PointCloud28.pcd 0.4060 0.4724 0.9972882912990059 0.07126786555006628 -0.01835634434866071 0.43598966888823787 -0.07170677227917427 0.9971253479210178 -0.024478140098697754 0.27100950194988194 0.016559071447746643 0.02572803671729549 0.9995318230449002 -0.06048733268302875
13001298760117 PointCloud17.pcd PointCloud28.pcd 0.4060 0.4724 0.9901463260000696 -0.1399750449177249 -0.004152096921402197 -0.879398863515787 0.13940548274323772 0.9824386364316274 0.12401788994935087 -0.27499387992799956 -0.01328022927846752 -0.1233746831673555 0.9922712950920558 -1.0663156724068599
13001298760118 PointCloud17.pcd PointCloud28.pcd 0.4060 0.4724 0.9664228311572721 -0.2511706525229503 0.05422374691182854 -0.8398536033576327 0.2362065851380536 0.9514509659682584 0.19735123129964846 -0.7853467799443251 -0.10116007391941803 -0.17791672959354685 0.9788320983577085 -0.5898164277502891
13001298760119 PointCloud17.pcd PointCloud28.pcd 0.4060 0.4724 0.928122881517352 0.3127753941272664 -0.20188974622912545 1.8501472050548236 -0.35123052050780557 0.9154567542124044 -0.19640787313828745 0.4648801546733268 0.1233897818611552 0.25320048182304633 0.9595126251054927 0.6067239870594154
13001298760120 PointCloud17.pcd PointCloud28.pcd 0.4060 0.4724 0.8864937510142394 0.4627371615377998 0.001774470243102882 2.2612951370206638 -0.4627393311137276 0.8864937228613713 0.0010912230780644344 0.774721344753023 -0.001068107262166919 -0.001788479613041286 0.9999978302414212 0.007091641042822894
13001298760121 PointCloud17.pcd PointCloud28.pcd 0.4060 0.4724 0.9965884850809481 -0.046721346526337595 -0.06803313297817921 -0.1549927190300604 0.05868457817764737 0.9807760415558836 0.18610340296212532 0.15904765671843668 0.05803026527745956 -0.18946100413736197 0.9801719319706569 -0.6835288895879174
13001298760122 PointCloud17.pcd PointCloud28.pcd 0.4060 0.4724 0.9849328959845526 -0.14985778875290393 0.08631241832768077 -0.5924398353358895 0.15767216488199462 0.9831757012526737 -0.09222271351320328 -0.41711710063490054 -0.07103998049625049 0.10444225015003882 0.9919904926735382 0.5804663640952716
13001298760124 PointCloud18.pcd PointCloud14.pcd 0.4277 0.7615 0.9266107713298318 0.3604145832892137 0.10720917221952728 1.809368673198139 -0.3265540184540442 0.9126649585189507 -0.24577458477864964 0.4241230267686117 -0.18642679927266245 0.1927277915715954 0.9633800116614865 1.5127125390880454
13001298760125 PointCloud18.pcd PointCloud14.pcd 0.4277 0.7615 0.9717604766923919 0.2292017693369465 0.0561081533414568 0.9324941388329067 -0.22523897560162462 0.9718556320263005 -0.06902198467655363 0.4498107435904337 -0.0703489858385038 0.05443509375001412 0.9960360639855974 0.008146305907618945
13001298760126 PointCloud18.pcd PointCloud14.pcd 0.4277 0.7615 0.9685759187647613 -0.14818251396680354 -0.19975643204532043 -0.4383503093963017 0.17166163285713293 0.9794615784066714 0.1057700346503441 -0.5787509766598361 0.1799804805911506 -0.1367368237878523 0.9741201505084414 -1.115750248652756
13001298760127 PointCloud18.pcd PointCloud14.pcd 0.4277 0.7615 0.99779761474964 0.06179452118894349 -0.024111349007430945 0.5284847520328686 -0.061883914968829085 0.9980789096617129 -0.0029784486930508084 -0.1438903896508734 0.023880977116936795 0.004463993673339897 0.9997048422871746 0.8331022155883796
13001298760128 PointCloud18.pcd PointCloud14.pcd 0.4277 0.7615 0.9785607843139625 -0.13954165985636657 -0.15148239688944942 -0.49611474508368403 0.12211116722145902 0.9853719872280909 -0.11887350262348581 -0.10818406272535408 0.1658543163220525 0.09782725566371117 0.9812859796240092 0.02313680423767739
13001298760129 PointCloud18.pcd PointCloud14.pcd 0.4277 0.7615 0.940758916616846 -0.07653362253753233 -0.3303259987151793 0.08090227806833372 0.023404827782921248 0.986527372906758 -0.16191342298321684 -0.11071980299900538 0.3382674605136443 0.14459027327926596 0.929875678803719 -1.1552602216272645
13001298760130 PointCloud18.pcd PointCloud14.pcd 0.4277 0.7615 0.9693937680181853 0.22537459008416377 0.09737564722198165 1.0158621818431572 -0.2388114907737559 0.9576255239199023 0.16100443413629664 0.33518079480913127 -0.05696309684278915 -0.1793311185531611 0.9821382568236262 -0.6296479140785722
13001298760131 PointCloud18.pcd PointCloud14.pcd 0.4277 0.7615 0.9485991706439059 0.2619467365425612 0.17760495676752988 1.411190640111014 -0.2612562496398516 0.9648722705384314 -0.027688870871377974 -0.16777948359350248 -0.17861910725847233 -0.020134764977877494 0.9837122576045662 0.11185827591442768
13001298760132 PointCloud18.pcd PointCloud14.pcd 0.4277 0.7615 0.9917734691396185 0.12791044104599633 -0.004930008335166216 0.17358498216052043 -0.12741901237987194 0.9901799263476235 0.05751616070595191 0.8581960850787063 0.012238512773378766 -0.05641482544184232 0.9983324026973492 -0.8647098232993928
13001298760133 PointCloud18.pcd PointCloud14.pcd 0.4277 0.7615 0.9393648880850753 -0.255817948196616 0.22836546239172717 -0.568969588403462 0.231479443595629 0.9643661936433903 0.1281214726359995 -1.0080615190374826 -0.253003703975993 -0.06749090263311516 0.9651083378751816 -0.2631368967179142
13001298760134 PointCloud18.pcd PointCloud14.pcd 0.4277 0.7615 0.9885991347146044 -0.1208489566063505 0.0898180412205244 -0.9922872092031918 0.1141446924737369 0.99052356206207 0.07638103285465814 -0.31911605811862775 -0.09819745425219249 -0.06525797029501262 0.993025003356594 -0.1933420691418129
13001298760135 PointCloud18.pcd PointCloud14.pcd 0.4277 0.7615 0.9980757324360663 0.061981791343517764 -0.0017578009154968488 0.29093246175463605 -0.06198276267163064 0.998077093002261 -0.0005035431941656506 0.14563720163288543 0.0017232103186225842 0.0006115275992992943 0.9999983282886993 0.03212769517497227
