id source target overlap t1 t2 t3 t4 t5 t6 t7 t8 t9 t10 t11 t12
13001298760000 PointCloud24.pcd PointCloud4.pcd 0.14459731125404368 0.83181581272417 -0.05330128472915171 0.5524865851296754 -0.4356757161019729 0.07028482390757818 0.9974808878558588 -0.009587590446421192 -0.7025524897437625 -0.5505837785753489 0.046806531686394766 0.8334666468198841 -0.5535756398411648
13001298760001 PointCloud24.pcd PointCloud4.pcd 0.14459731125404368 0.9716434963806204 -0.23584045793866756 -0.016976287595427273 0.22769323242099568 0.22619694570418838 0.9480228043215473 -0.2238028244692312 0.43198453825545646 0.06887566838397678 0.21361657446366053 0.9744865834987528 0.3415548397684506
13001298760002 PointCloud24.pcd PointCloud4.pcd 0.14459731125404368 0.9026138864431567 -0.4294992818785597 -0.02861011824131321 -2.6041258811662735 0.4270771683722937 0.9018642516204861 -0.06516106125688798 0.34233207848281066 0.05378907189275378 0.04659655046054371 0.9974645343219448 0.09078640385010542
13001298760003 PointCloud24.pcd PointCloud4.pcd 0.14459731125404368 0.8272924889729472 0.049718185615976185 -0.5595670109182646 -2.3184431910785888 -0.09925910629581225 0.9933410915903158 -0.05849021777627604 0.04096669572011281 0.5529328779393593 0.10393063926107109 0.8267186067317479 2.2999147058688876
13001298760004 PointCloud24.pcd PointCloud4.pcd 0.14459731125404368 0.9790093150275242 -0.2036080588058726 -0.009193447592828903 -0.09763817038737393 0.20232389549585925 0.9654081722581559 0.16447523293355534 1.047782790043293 -0.02461305346190084 -0.1628828392632907 0.9863383690563855 1.7891139333583286
13001298760005 PointCloud24.pcd PointCloud4.pcd 0.14459731125404368 0.908728190159838 0.41032172450428195 0.07647979346636408 -0.09592358382931196 -0.35540574229004096 0.8567603518207052 -0.37369567551060406 0.017013532994049688 -0.21886030877272056 0.31240643711020716 0.9243929809859094 0.3893620103120768
13001298760006 PointCloud24.pcd PointCloud4.pcd 0.14459731125404368 0.9414636346667584 -0.19967907937443952 -0.2716145980249087 0.3589569022366808 0.19273109931045057 0.9798564371704566 -0.05230760837779205 -0.76007403351539 0.27658804738932896 -0.003102868962025298 0.9609835712672526 -1.7696799513257402
13001298760007 PointCloud24.pcd PointCloud4.pcd 0.14459731125404368 0.9861503420417381 0.10869343075819796 -0.1252726666155693 -1.4617276613396284 -0.11462680589631552 0.9925559869404267 -0.04114982574354099 1.1140379073486983 0.11986741951410795 0.05493952037220758 0.9912686068066013 -2.042371360774169
13001298760008 PointCloud24.pcd PointCloud4.pcd 0.14459731125404368 0.977943742772456 -0.20726080953482834 0.025864895189579767 -0.6914744073231022 0.2087526994877416 0.9740010447942279 -0.08800156360163765 0.1290293084539016 -0.006953159625737788 0.09145994517120613 0.9957844806987599 -2.577723744138045
13001298760009 PointCloud24.pcd PointCloud4.pcd 0.14459731125404368 0.98786334257204 -0.11070548348113432 0.1089509629585928 1.6317776782979618 0.1050260382844401 0.9928590752845814 0.05657197103974173 -0.4865379963474047 -0.11443577973986846 -0.04444268840039212 0.9924360431599983 2.068861612324865
13001298760010 PointCloud24.pcd PointCloud4.pcd 0.14459731125404368 0.9607270119552611 0.12269974475918877 -0.24889431720219238 -2.2154687229378602 -0.10706349340288385 0.9913838163066718 0.07546878258982302 -2.1766343450003314 0.2560097984060108 -0.0458574029056297 0.9655858748546732 -1.207328041084395
13001298760011 PointCloud24.pcd PointCloud4.pcd 0.14459731125404368 0.993188508141033 -0.10986187735280897 -0.038819520876819405 -0.3480985087336495 0.10726545258546785 0.9921933160715901 -0.0636124690960551 -0.6974585857769009 0.045505054425021924 0.059015179804675466 0.9972193833727852 -2.588091655856913
13001298760012 PointCloud24.pcd PointCloud4.pcd 0.14459731125404368 0.9394926564368589 -0.30478479698267574 -0.15639621488208555 1.0008446163397198 0.2856585155730171 0.9489986700810036 -0.1334194013819093 -1.3990714126355817 0.18908400509253742 0.08067063724005032 0.9786416541847427 0.6793933470429223
13001298760013 PointCloud24.pcd PointCloud4.pcd 0.14459731125404368 0.8385342401634357 0.28647246205944243 -0.46345858127251344 0.21162805800214438 -0.23908847911758527 0.95781461809369 0.15946114423043295 -0.05585411451867106 0.48958863061428376 -0.022906022082419097 0.871652618263486 0.47510649998394283
13001298760014 PointCloud24.pcd PointCloud4.pcd 0.14459731125404368 0.9471713332999915 -0.07042343864501246 0.3129009502448479 3.045385250441369 0.002208182169506745 0.9770046735825972 0.21320645330118165 -1.3491647624355334 -0.3207204223404285 -0.2012520983422902 0.9255463270990828 -0.9316326860788775
13001298760015 PointCloud24.pcd PointCloud4.pcd 0.14459731125404368 0.87758685280778 -0.47907282953679453 0.01818075296969681 -3.201181996342036 0.4794167915432087 0.8768807801203058 -0.035208485369573404 1.8738256592346527 0.0009250758624640577 0.0396146621241844 0.9992146029654668 0.20225610167054417
13001298760016 PointCloud24.pcd PointCloud4.pcd 0.14459731125404368 0.9915420423783087 -0.10234045288962561 -0.07981735336753851 0.2612177339697147 0.10758559148557552 0.9921055106462805 0.06443598567556617 -0.05016412887529658 0.07259282816470955 -0.07247818601227014 0.9947246824380199 -1.0907281590864628
13001298760017 PointCloud24.pcd PointCloud4.pcd 0.14459731125404368 0.9617943542013168 -0.22047518651956977 -0.16230314955549313 -0.08268519849770901 0.17348102099987883 0.9494325723265256 -0.2616908977367691 -2.1115808853884324 0.21179224626815646 0.22353631189271575 0.9514071482210394 0.23000550640280717
13001298760018 PointCloud24.pcd PointCloud4.pcd 0.14459731125404368 0.9513949296243891 -0.12684482648776615 0.2806386963308734 -0.49746287432213265 0.004465265212241672 0.9168285462054123 0.3992561562073331 0.8057808990618156 -0.3079411458243085 -0.3785971564290447 0.8728324259857979 -0.07939459710061807
13001298760019 PointCloud24.pcd PointCloud4.pcd 0.14459731125404368 0.9525198656685752 -0.30093000133605113 -0.04633616085309438 -0.18553757898726825 0.2910264244980422 0.8551066958994973 0.42906428291309673 -0.9651426963729685 -0.08949595382253284 -0.4221773003416086 0.9020846974235104 0.06182965264036365
13001298760020 PointCloud24.pcd PointCloud4.pcd 0.14459731125404368 0.983917186044017 0.17641344102035036 0.02802264860041939 -2.370223475379444 -0.1742188435291309 0.9823933201078424 -0.06746227958542722 1.9897156642549703 -0.03943051567752354 0.06149522286202 0.9973282167865075 -1.1685492807317424
13001298760021 PointCloud24.pcd PointCloud4.pcd 0.14459731125404368 0.996338485750462 -0.06268369070932867 0.058141007314402006 0.9190443539314678 0.06179250325338728 0.9979441780316375 0.01700306073739307 -0.4158701949426621 -0.059087294354677015 -0.01334812540458695 0.9981635733656218 1.4856516108609785
13001298760022 PointCloud24.pcd PointCloud4.pcd 0.14459731125404368 0.9987999820360732 0.04334674582406656 -0.022795953834038707 1.2761120214642696 -0.04378108853454915 0.9988621198075981 -0.018912480011930695 0.1154963251940518 0.021950220305724147 0.019887816369211518 0.999561235036951 0.4861896782271425
13001298760023 PointCloud24.pcd PointCloud4.pcd 0.14459731125404368 0.9979989153995886 0.06306590478535087 -0.0045668933477764975 -1.4829474137005463 -0.06287042899588455 0.9974183029875789 0.034699251047419284 -0.42554062710126767 0.0067434426755440275 -0.03434269236654932 0.9993873650701706 -1.7263906702799439
13001298760024 PointCloud24.pcd PointCloud4.pcd 0.14459731125404368 0.9547502914795326 0.20443408704097368 -0.2160059836566367 -1.308752195766999 -0.15999526478573192 0.9652976016799378 0.20640265365809546 -1.232039058350041 0.25070579603569426 -0.1625030591917696 0.9543266524557643 1.8618774410273755
13001298760025 PointCloud24.pcd PointCloud4.pcd 0.14459731125404368 0.9986113664065281 -0.03960986476272688 -0.03473323332437221 0.07240593159529835 0.03592033197540934 0.9942295956252377 -0.10108036868577747 0.1493394440503214 0.03853658825665783 0.09969237581858909 0.9942717745009069 -0.8481167481589231
13001298760026 PointCloud24.pcd PointCloud4.pcd 0.14459731125404368 0.9997880773653428 -0.008267628993338504 -0.018853293318137197 -0.25316148172700925 0.008013002552059893 0.9998762026983279 -0.013541457368869976 0.35630637466612 0.01896291507685171 0.013387516140074301 0.9997305548313442 -2.201013822494414
13001298760027 PointCloud24.pcd PointCloud4.pcd 0.14459731125404368 0.904987636613283 0.12684925119013202 -0.4060869919729116 0.8268312506782409 -0.2711563114049899 0.90749871662931 -0.3208119918291639 2.3591252702822088 0.32782866311892994 0.4004439371355973 0.8556710938491479 0.9181402152182868
13001298760028 PointCloud24.pcd PointCloud4.pcd 0.14459731125404368 0.8844340381107205 0.4598851912036336 -0.0792593410442064 0.8967208299797219 -0.438300777219505 0.8769184511308987 0.19724720214736471 -3.1107421374630455 0.16021504586006374 -0.13971270871965388 0.9771445635637926 0.3422088321018906
13001298760029 PointCloud24.pcd PointCloud4.pcd 0.14459731125404368 0.9756685335581375 -0.20794508942720047 0.06949642010655761 -1.4224355617935212 0.21030909931551484 0.9772179027344216 -0.02855264121645333 1.8499110696958239 -0.06197576437294235 0.042473643103131425 0.9971735025921704 3.0870970339310704
13001298760031 PointCloud7.pcd PointCloud2.pcd 0.11699574916259046 0.9982756028161412 0.048953620808326576 -0.03239388571666491 -0.03781451163854711 -0.049784860426803856 0.9984376637024391 -0.025371231201867475 0.21985076916422583 0.031101261941494127 0.026940206201317943 0.9991531097862214 -2.6691717766156966
13001298760032 PointCloud7.pcd PointCloud2.pcd 0.11699574916259046 0.9825446614695446 -0.01805670333094838 0.1851484368892056 -1.0267916971641609 -0.010414877754717371 0.9883775919710153 0.15166168273803202 0.1444785674319004 -0.18573507622162358 -0.15094267506041922 0.9709370681493998 -1.084012450840056
13001298760033 PointCloud7.pcd PointCloud2.pcd 0.11699574916259046 0.9394953792573694 0.33616493613328213 0.06589057647765927 0.6553262617077777 -0.3295451778372819 0.939438858607021 -0.0940989197777104 1.5536185549628134 -0.0935329253164157 0.06669157858113756 0.9933800004168143 0.8602476617491511
13001298760034 PointCloud7.pcd PointCloud2.pcd 0.11699574916259046 0.9884578649118065 -0.06573178271637106 -0.1364931574655693 -0.5388871708407917 0.08618947173180258 0.9849460731657476 0.14984194311996482 -0.18704297764898253 0.12458902141274616 -0.15987672030755992 0.9792430801629964 -0.052328289150054524
13001298760035 PointCloud7.pcd PointCloud2.pcd 0.11699574916259046 0.9807798056669971 0.04846898620198358 0.18900193166303694 0.008370311678552277 -0.11405119671111202 0.9283538563475182 0.35376749699973115 0.15778646699878812 -0.15831392018572019 -0.3685239134455775 0.9160386606984369 1.1836250446932401
13001298760036 PointCloud7.pcd PointCloud2.pcd 0.11699574916259046 0.9917859619443219 -0.1279078483055681 0.0004336265855595159 -1.1735260891655062 0.12790820702351166 0.9917691213702281 -0.00578795927388721 0.9867083334205352 0.0003102679590400383 0.005795881155223431 0.9999831556058472 2.6684728359595793
13001298760037 PointCloud7.pcd PointCloud2.pcd 0.11699574916259046 0.9258395771825347 -0.1658257440517364 -0.339592255406617 0.267465665393268 0.1418171885830305 0.9853695102642192 -0.09452414117069714 -0.5835941612991571 0.35029839044002214 0.03935417196868361 0.9358110315676925 0.08700453330647354
13001298760038 PointCloud7.pcd PointCloud2.pcd 0.11699574916259046 0.9902394525947128 -0.12531736509201788 0.06100315181461859 -0.9453179813300028 0.12553113096958443 0.9920896258571116 0.00033079327907367846 0.8325329551405236 -0.0605620482019932 0.007330230084406399 0.9981375186037689 -3.472873249737671
13001298760039 PointCloud7.pcd PointCloud2.pcd 0.11699574916259046 0.9950103720535641 0.09191281933106257 0.03881228089720363 2.501930019014575 -0.08794296499153723 0.9916891309463186 -0.09390794679595926 0.007854548813512137 -0.047121061260600304 0.09002611402004923 0.9948240569970772 1.0178980381942864
13001298760040 PointCloud7.pcd PointCloud2.pcd 0.11699574916259046 0.9984562195338669 0.016076516003234117 0.053166938103826215 -0.057043575798505004 -0.010837084433364466 0.9951857505830988 -0.09740574642873116 -0.4692492895267976 -0.054476924244329906 0.09667919874281077 0.9938236248224961 -1.8687957648718174
13001298760041 PointCloud7.pcd PointCloud2.pcd 0.11699574916259046 0.9229082431048051 0.3663601005330493 -0.11840883221540585 0.7868168220628268 -0.37774585357655593 0.9210866233578707 -0.09437956546263272 0.038197142292178216 0.07448788434988121 0.131832124342325 0.9884694462027993 0.5065717112244137
13001298760042 PointCloud7.pcd PointCloud2.pcd 0.11699574916259046 0.9848139180466237 -0.029615198255481683 0.17106866122684844 0.2562974903609762 0.03273235783171266 0.9993450493343843 -0.015429359080451274 -0.007872464647241064 -0.17049967616518935 0.020794528202036706 0.985138288782047 -1.124950613895289
13001298760043 PointCloud7.pcd PointCloud2.pcd 0.11699574916259046 0.8974703359444596 0.10860378104859009 -0.427495280490544 -0.037602354470609174 -0.1951824641012948 0.9669389589365495 -0.16411232555188793 0.5051615896326208 0.3955386223962027 0.2307255261834979 0.8889965859103524 -0.06299640926918611
13001298760044 PointCloud7.pcd PointCloud2.pcd 0.11699574916259046 0.9969138491158102 0.0783844023175717 -0.004320059538590162 -0.05224172967466266 -0.07839539580434547 0.9969193668481517 -0.0024367847176818423 -0.10397602878814705 0.004115745106285539 0.0027679372097969015 0.9999876995072604 -0.23202892954044296
13001298760045 PointCloud7.pcd PointCloud2.pcd 0.11699574916259046 0.9485858336743906 -0.2773139004675069 -0.15258413010453875 -0.5000077007743468 0.2744360319583371 0.9607714755760942 -0.04003793304226584 -2.315380668236039 0.15770155520864004 -0.003895167112207082 0.9874791375811157 2.1037180663769415
13001298760046 PointCloud7.pcd PointCloud2.pcd 0.11699574916259046 0.8582074510467936 0.5046181875601434 0.09402369781752573 -0.7599137850460862 -0.4822169337803808 0.8553692029188595 -0.1892362424944094 1.2214971295359982 -0.17591702516588137 0.11706413405253968 0.9774196584759874 -0.906910924487937
13001298760047 PointCloud7.pcd PointCloud2.pcd 0.11699574916259046 0.9998625622850789 0.016084724938721557 0.0040172334214409995 -0.11625685379674537 -0.01605467881553763 0.9998437107146834 -0.007402798958660723 -0.03631645379555236 -0.004135677555927325 0.007337286142579546 0.9999645295725319 -2.0666476355175503
13001298760048 PointCloud7.pcd PointCloud2.pcd 0.11699574916259046 0.9255111945352 0.2349483186182501 -0.2970325173587637 0.17512658672802356 -0.12597695708645867 0.9306319769479402 0.34358976958751997 -0.10248729800554462 0.3571537975064294 -0.28057692538843204 0.8909083869098497 -1.7058357510274824
13001298760049 PointCloud7.pcd PointCloud2.pcd 0.11699574916259046 0.9492654965230498 -0.31405750056569454 0.016214297680651232 0.7759156962683768 0.3143632909917354 0.9490427394604807 -0.02221710949227867 -0.5035079987293769 -0.008410611612333556 0.026187115453504054 0.999621676734019 -0.06250388244815877
13001298760050 PointCloud7.pcd PointCloud2.pcd 0.11699574916259046 0.8417819882221295 0.5345322899169981 -0.07535459734408251 0.552517692126572 -0.5305330749433469 0.844982285586477 0.06737650507565925 -1.1008908852375179 0.0996882174379479 -0.01673822216197299 0.9948779277996375 -2.041292364055672
13001298760051 PointCloud7.pcd PointCloud2.pcd 0.11699574916259046 0.9863076625757832 0.044897539659262076 0.1586865012433006 -0.07386691611691622 -0.06862964310303866 0.9866935982450327 0.1473964560965415 0.11283370044816274 -0.149957216671438 -0.15626885203013152 0.9762647586865667 0.9371316113051796
13001298760052 PointCloud7.pcd PointCloud2.pcd 0.11699574916259046 0.9167971718102415 -0.3591846110201255 -0.17455475062874548 -1.0182735697596084 0.39323034014618224 0.8881854134208288 0.23769007336232834 -0.7237539204069007 0.069662366807769 -0.2865538109898251 0.9555281618340441 2.1836194180055997
13001298760053 PointCloud7.pcd PointCloud2.pcd 0.11699574916259046 0.9939267602893168 -0.03852448974091157 -0.10307986646763391 -0.03550255880188508 0.03508344484971938 0.9987716615044234 -0.03499028541138398 0.01336991882489676 0.10430123239089524 0.031161384210201756 0.9940574535990586 -0.28057058745232943
13001298760054 PointCloud7.pcd PointCloud2.pcd 0.11699574916259046 0.9876836371342207 -0.005066080717408374 0.15638212098408785 -0.0819664475793166 -0.007427890088381107 0.9968305815159335 0.07920617528602689 0.4903556847849597 -0.15628774547657956 -0.07939223249645139 0.9845156240675297 1.3113574600667701
13001298760055 PointCloud7.pcd PointCloud2.pcd 0.11699574916259046 0.9028381695468796 0.038053573409104216 -0.42829331673519927 2.254897666070064 -0.17740641722101758 0.9403085392488666 -0.290425229869006 -2.8557822482008026 0.39167614522465116 0.3381889657668633 0.8556973885057131 -1.6489408730233948
13001298760056 PointCloud7.pcd PointCloud2.pcd 0.11699574916259046 0.9384616608415701 -0.1469448148705581 0.3125650852432803 0.5978027444749866 -0.02058039703359811 0.8795804417516311 0.47530484296495956 1.50905348628298 -0.34476971791098643 -0.45248808588808476 0.822428339577933 0.653998680848692
13001298760057 PointCloud7.pcd PointCloud2.pcd 0.11699574916259046 0.9730356846848099 0.212828028957129 0.08891448937145535 -0.4854963281066213 -0.23024381665250493 0.9192305948750062 0.31937892594695366 -0.2702679175447741 -0.013760131658195313 -0.33123910327128575 0.943446508945146 -3.796608704620331
13001298760058 PointCloud7.pcd PointCloud2.pcd 0.11699574916259046 0.9394443139967799 -0.25632959168109015 -0.22746323071592325 -2.879146802956178 0.2890707310832684 0.949215030446946 0.12421327789165003 1.8255313089619054 0.18407197866623934 -0.18244442003582662 0.965832045579192 0.2401766364321917
13001298760059 PointCloud7.pcd PointCloud2.pcd 0.11699574916259046 0.9985833823429754 -0.04536843376759613 -0.027801685667210262 0.8472327047749353 0.044685289332361315 0.9986952280237282 -0.024719758087746173 0.9904145224198796 0.028886907514413477 0.023442413273995044 0.9993077603191847 -0.3513790037784984
13001298760060 PointCloud7.pcd PointCloud2.pcd 0.11699574916259046 0.95250269361854 -0.2931680282285946 -0.08240828765351006 1.0834436200110302 0.2984212565591347 0.9525004032866113 0.060726727003106384 -0.9534607702525221 0.06069079240785056 -0.08243475579754367 0.9947467711701841 -0.13995053035861255
13001298760062 PointCloud29.pcd PointCloud9.pcd 0.17667633278871228 0.976938416909349 -0.07099062704884965 0.20137442846068057 -3.518028173799536 0.06905070358115817 0.9974741867556566 0.01665073845474241 1.4242761339684566 -0.2020478406259311 -0.0023617000978840745 0.9793728056624024 0.9847359573758686
13001298760063 PointCloud29.pcd PointCloud9.pcd 0.17667633278871228 0.9821481564535811 0.1409324037866726 0.1245915580516668 -1.3405641033563758 -0.15319632612955825 0.9836174357976131 0.09501381823363517 0.026760649751218567 -0.10915990305619377 -0.1124046153760534 0.9876483777169502 3.137395582101392
13001298760064 PointCloud29.pcd PointCloud9.pcd 0.17667633278871228 0.9240562973569658 0.25541989788148506 -0.2843952093146905 -2.7990466857097163 -0.21132135425631765 0.9613047622160532 0.17673833589805357 -2.1646138673569184 0.3185329567724677 -0.10321739149459777 0.9422753979293104 0.7293086769266148
13001298760065 PointCloud29.pcd PointCloud9.pcd 0.17667633278871228 0.8999823901255337 0.4073240382180104 -0.15530236750836884 -0.2692194226688553 -0.43586841025036 0.8466240888002189 -0.3053627043517642 -2.372125600212936 0.007101155522556482 0.34251245255168733 0.9394864519711141 -1.3329572319365868
13001298760066 PointCloud29.pcd PointCloud9.pcd 0.17667633278871228 0.9338044690811608 -0.35722770585843083 0.019939400471781058 1.547894307081441 0.3574656369881371 0.9291746340172383 -0.09408941423771743 1.017841495404194 0.015084160457813054 0.0949887659992159 0.9953640552266438 -0.10310525274732564
13001298760067 PointCloud29.pcd PointCloud9.pcd 0.17667633278871228 0.8920719212725698 0.40999586813030714 0.19002914353630543 0.5642980607211496 -0.43792306094568473 0.8880947427086288 0.13968221313129486 0.24546193574182013 -0.11149475310088844 -0.20782472444194455 0.9717910289468625 -0.12030595905582714
13001298760068 PointCloud29.pcd PointCloud9.pcd 0.17667633278871228 0.9888748154633488 -0.1353602518325518 0.06167820981640221 0.19851018763195663 0.14007823205844555 0.9869063154598993 -0.07996257505074623 -0.37624193832602176 -0.05004686049801976 0.08771275123489235 0.9948878253477111 -1.2225076131552104
13001298760069 PointCloud29.pcd PointCloud9.pcd 0.17667633278871228 0.9626107461095565 0.2286272044402839 -0.14529333386024168 -1.0035051169858642 -0.22437221214593622 0.9734523646550227 0.045250460376485044 -1.8936224821151468 0.15178162567037556 -0.010958792696528701 0.9883532986596911 -0.9399320950028467
13001298760070 PointCloud29.pcd PointCloud9.pcd 0.17667633278871228 0.9973786038149958 0.05379281677777335 -0.04839683373075733 0.22039373054937184 -0.057065490608465885 0.9959835446720243 -0.06899498912359463 0.2649522456741784 0.044491015201552284 0.07157591498306363 0.9964423906883291 1.2418401525157539
13001298760071 PointCloud29.pcd PointCloud9.pcd 0.17667633278871228 0.9865130533233644 0.06204216865914919 -0.15146869290610124 0.1172369932705496 -0.04997272426422206 0.9953595738446114 0.08223165804898977 -0.19397903435984185 0.15586764401961414 -0.07355330083649297 0.9850356285352482 -0.3465569828451181
13001298760072 PointCloud29.pcd PointCloud9.pcd 0.17667633278871228 0.8828745092131447 0.257070712669283 -0.3929977731099193 1.176129738574374 -0.2180631655941335 0.9655875929352619 0.14173586765724616 -2.2300495243426464 0.4159099142755726 -0.03943664611999641 0.9085503256012248 -1.580159941788262
13001298760073 PointCloud29.pcd PointCloud9.pcd 0.17667633278871228 0.9658394496956164 0.045981935571906385 0.2550290552323989 -1.427486621805621 -0.0752519809088658 0.9914903948041571 0.10622587434513459 -0.35253519154149904 -0.24797438734869498 -0.12178858161649506 0.9610807690339463 -0.4987095625506741
13001298760074 PointCloud29.pcd PointCloud9.pcd 0.17667633278871228 0.9689418737824956 0.24582117721588778 -0.02689970377274123 -1.942460145073174 -0.2450442618761016 0.9690726646940772 0.029180134754952423 -0.8886487056152995 0.03324086269131231 -0.021682236391012168 0.9992121524844568 0.7592344238376377
13001298760075 PointCloud29.pcd PointCloud9.pcd 0.17667633278871228 0.9524339608421668 -0.28505351974103355 0.10776846068191907 -0.17413901608062748 0.2955929724105789 0.9501513062906827 -0.09918311255243141 -1.9633848478050873 -0.0741238483619198 0.12632096436204773 0.9892161892461433 -2.3352562570034494
13001298760076 PointCloud29.pcd PointCloud9.pcd 0.17667633278871228 0.9971829631749307 0.06493949549934466 0.037536647132572994 0.5557006621610033 -0.06117082108798986 0.9936849743995193 -0.0940654150049201 -0.5195487185103048 -0.043408162839330584 0.0915042817408962 0.9948581294948526 3.4127112320914623
13001298760077 PointCloud29.pcd PointCloud9.pcd 0.17667633278871228 0.9142691154173281 0.4018422624553189 -0.05133011493077782 -1.7718497482749627 -0.4043672695570841 0.9128989959319613 -0.055700399795381134 -1.4230895313639473 0.024476435707937512 0.07168137366992458 0.9971272159377798 -0.8066479891280265
13001298760078 PointCloud29.pcd PointCloud9.pcd 0.17667633278871228 0.9919767348639711 -0.09150051284668838 -0.08723424578345128 0.3745123910737441 0.11286707894605992 0.9518384889011287 0.28506931356531456 -0.38241299629159875 0.056948924298870225 -0.2926280013860751 0.9545290319450701 -0.5279598515462666
13001298760079 PointCloud29.pcd PointCloud9.pcd 0.17667633278871228 0.9884436828006458 0.14815136854738098 -0.032097631205972185 -1.0212001277105134 -0.14454463434908166 0.9849380847077959 0.09488845015611318 2.7129187689153778 0.045672033153635536 -0.0891523487614151 0.9949703131741854 -0.2146580447586722
13001298760080 PointCloud29.pcd PointCloud9.pcd 0.17667633278871228 0.8768061486632369 0.3926901243862198 0.27749854752030145 0.4267615269283001 -0.422440824058321 0.9047532583385898 0.054454491960094206 0.696902251690413 -0.22968397383202088 -0.16497274846240667 0.9591815596796527 -0.6569394042454659
13001298760081 PointCloud29.pcd PointCloud9.pcd 0.17667633278871228 0.9440615584287867 -0.12756859647687566 0.3040954243160044 -2.7043048270603003 0.1898145275231999 0.9642789679823097 -0.1847607021206521 1.6125605170048791 -0.26966315847396555 0.232147205668929 0.9345530781405372 -2.444710458675307
13001298760082 PointCloud29.pcd PointCloud9.pcd 0.17667633278871228 0.8471993356281452 0.4366543173973599 -0.3026322732450642 0.31306413007354067 -0.4550857809326993 0.8903831876260858 0.010710330792547948 0.16071355442138438 0.2741354003117888 0.12864985927336375 0.9530472160417023 0.2724406366099169
13001298760083 PointCloud29.pcd PointCloud9.pcd 0.17667633278871228 0.9981705469369935 0.05241918489690267 -0.030129525091640894 0.6465680480912307 -0.05514647573543781 0.9936328305339894 -0.09824797351077125 -2.4148601541589403 0.02478760661024488 0.09972977057908422 0.9947057592166536 -2.7356961455697264
13001298760084 PointCloud29.pcd PointCloud9.pcd 0.17667633278871228 0.9814674227241122 0.0036228409104815326 0.19159481505256432 0.8176641550525641 0.04862496734190694 0.9623899303419307 -0.2672849313512691 -0.26597707695217504 -0.18535725149636706 0.2716477443311309 0.9443782040673754 -1.5439541749576584
13001298760085 PointCloud29.pcd PointCloud9.pcd 0.17667633278871228 0.9577875195263658 -0.265670520848127 -0.10982823767964538 0.19810370110223935 0.2662368619733078 0.9638583633456221 -0.009746216461006416 0.13099565867143337 0.10844814782253114 -0.01990552086693302 0.9939027967929654 0.35083403171909816
13001298760086 PointCloud29.pcd PointCloud9.pcd 0.17667633278871228 0.9158962219915648 0.3581420304449106 -0.18129643286721012 -1.1586788785832112 -0.35928902385997136 0.93281716973954 0.027631959265729016 1.8396184473070412 0.1790125913876647 0.03982981129644874 0.9830402220950891 0.9303254526984059
13001298760087 PointCloud29.pcd PointCloud9.pcd 0.17667633278871228 0.9881446230084896 -0.0637008922560676 0.13968679373939027 -2.758730356700503 0.07112147374639112 0.9962738868873022 -0.048786045941524275 1.5915784755181683 -0.13605859028944658 0.05814239960861595 0.9889931857076674 -0.4536245023601544
13001298760088 PointCloud29.pcd PointCloud9.pcd 0.17667633278871228 0.9959051247697808 0.08291504127565662 0.03602885492967487 1.0042928546142056 -0.08123562359648305 0.9956413688884213 -0.04581525965091814 -0.5990457574614406 -0.03967059258667464 0.04270082538132817 0.9982999967923346 -0.08906864592231283
13001298760089 PointCloud29.pcd PointCloud9.pcd 0.17667633278871228 0.9411810997168348 0.21409787111889977 -0.2614196609250426 -0.738004346114072 -0.2716350903067245 0.9395461316851019 -0.20848847486040722 0.15196599359351015 0.20097889254811535 0.267236165250731 0.9424395560099422 0.30391759735267554
13001298760090 PointCloud29.pcd PointCloud9.pcd 0.17667633278871228 0.9022820806215468 -0.31896550420534825 0.29008284009275737 -0.3241639806128898 0.33590079733716166 0.941852775016122 -0.00916539921057307 1.0657970209521477 -0.27029188174547775 0.10570883275042853 0.9569576486663505 -0.535999369433136
13001298760091 PointCloud29.pcd PointCloud9.pcd 0.17667633278871228 0.9958245906314674 0.09107369718199913 0.006242305285046722 0.02819548545042199 -0.09103416639833341 0.9958275296083053 -0.00634915918687343 -1.1478302017931747 -0.006794500852214565 0.005754385790094114 0.9999603601155138 -0.6093687615506721
13001298760093 PointCloud19.pcd PointCloud6.pcd 0.16532383060048897 0.8683894139561819 -0.4945964127114263 0.03569613791192622 -0.606337415209118 0.49581803527757595 0.8671873665270695 -0.04637399302766775 1.3280619145232788 -0.008018829236441219 0.057969473594593125 0.9982861506145633 1.2144718925475835
13001298760094 PointCloud19.pcd PointCloud6.pcd 0.16532383060048897 0.9910631387607722 -0.11728125321260592 -0.06355283341068949 0.6540610589953755 0.12052440313636016 0.9914581532291308 0.04984574850581888 0.27803608043975 0.057164002993757984 -0.05705995128250481 0.9967328823317547 -1.5391618564099014
13001298760095 PointCloud19.pcd PointCloud6.pcd 0.16532383060048897 0.9854547523952245 -0.0560271925505333 -0.16043654408074268 -0.5641057444868329 -0.021913856381312616 0.8943101526569558 -0.4469106552244995 -0.2529967170861998 0.16851917956175147 0.44392601247234625 0.8800744182000954 -1.612758909628894
13001298760096 PointCloud19.pcd PointCloud6.pcd 0.16532383060048897 0.8550196681186798 0.3055081472746792 -0.419053861787498 -0.7596551113407821 -0.40038847022070595 0.9024427276361625 -0.1590163395721509 -1.90789938534755 0.3295913227688881 0.30374643254760325 0.8939282212068588 2.2474544087177564
13001298760097 PointCloud19.pcd PointCloud6.pcd 0.16532383060048897 0.9990687597588452 0.04234780507565293 -0.008262970361635714 -0.8582217785784899 -0.042299485303695095 0.9990873333811475 0.005937492769710487 2.0458830841227305 0.008506868810863879 -0.005582444144134889 0.9999482334103164 2.2085885229718243
13001298760098 PointCloud19.pcd PointCloud6.pcd 0.16532383060048897 0.8799967200954966 0.32386078968268567 -0.3474477824469105 -2.7707483348669992 -0.2574288417912874 0.9399440537761938 0.2241329230273232 -1.7427483664557697 0.3991693425542156 -0.10779315691120148 0.9105187923859411 1.2560425148962724
13001298760099 PointCloud19.pcd PointCloud6.pcd 0.16532383060048897 0.9997338054363251 0.020011742192963148 -0.01148252769240076 -0.11684382353662696 -0.017574705760820316 0.982964034964529 0.1829558298706905 0.4253168423258175 0.014948176652186075 -0.18270532597780184 0.983054075762936 0.19891978199015142
13001298760100 PointCloud19.pcd PointCloud6.pcd 0.16532383060048897 0.9287129384518328 -0.18346512680166355 -0.3222310121633413 0.21471805184930332 0.26374215418397745 0.9376806466160774 0.2262633003119371 0.06484381921227927 0.2606383587627826 -0.2951195557893517 0.9192236364085393 -0.08193957376520804
13001298760101 PointCloud19.pcd PointCloud6.pcd 0.16532383060048897 0.9550996122578803 0.29532565403951605 -0.023822021975026846 0.05321309173721606 -0.29514916548726466 0.9553913521032773 0.010692728297437457 0.7332418308307627 0.025917190762462444 -0.0031815707447129253 0.9996590302851159 0.6499298059143532
13001298760102 PointCloud19.pcd PointCloud6.pcd 0.16532383060048897 0.9957144852423785 -0.017609795739453628 0.09078853987436962 0.5962669766717555 0.03565414314999088 0.9789094719999339 -0.2011592098439705 0.7050767588399485 -0.0853313890356019 0.2035341266786121 0.9753422031894393 -0.5271871049822396
13001298760103 PointCloud19.pcd PointCloud6.pcd 0.16532383060048897 0.9305073869963882 -0.22917108146772966 0.2857212245599982 -0.16779404293209577 0.19633405684602953 0.970618671337827 0.13911266287714957 -0.07478052273672543 -0.30920695475285437 -0.07334855328704608 0.9481619317728188 -2.1541985612376453
13001298760104 PointCloud19.pcd PointCloud6.pcd 0.16532383060048897 0.9738669332363206 -0.2179198887781146 0.06398529849753018 -0.3019755881346595 0.22195005512259428 0.9729174944074065 -0.06457338543929278 -0.24906241128667186 -0.04818059132017004 0.07708742537501342 0.9958595078971182 0.3064988905556844
13001298760105 PointCloud19.pcd PointCloud6.pcd 0.16532383060048897 0.9994973437569814 0.010070236648686264 -0.03006077438420094 0.009906639565813127 -0.011484155590383988 0.99881757646859 -0.047239423237248085 -0.03367348730678916 0.02954951764605012 0.04756090065643688 0.998431162742647 0.2178807706767764
13001298760106 PointCloud19.pcd PointCloud6.pcd 0.16532383060048897 0.9177958961986586 -0.008457662296662873 0.39696241745205135 -1.9352779841756562 0.11321035338940821 0.9638465511753509 -0.24121202638514327 -0.6733590356920355 -0.38057076714633037 0.26632366349210757 0.885571904171421 -0.2206001542335794
13001298760107 PointCloud19.pcd PointCloud6.pcd 0.16532383060048897 0.9817430686905747 0.19020997887634122 -0.0008432163869958233 -0.7579199538404207 -0.18949529630469109 0.9784195361000018 0.082381697337786 0.035587167008350004 0.016494840296613786 -0.08071787480923343 0.9966004941449056 1.0500274448514835
13001298760108 PointCloud19.pcd PointCloud6.pcd 0.16532383060048897 0.9998594760201086 -0.016424988558319076 0.0033537983918151553 -0.7899406144128216 0.016388801457440667 0.9998100720996826 0.01054641715541414 -0.7762930910709216 -0.003526386193037447 -0.010489970394930123 0.9999387606856387 1.7299909462388796
13001298760109 PointCloud19.pcd PointCloud6.pcd 0.16532383060048897 0.9747806668645085 0.21065420709294505 -0.07367127351435317 0.27381293506111587 -0.21676718247148866 0.9722338990443873 -0.08816594667058425 2.6314425515265483 0.053053181907934274 0.10191197467908555 0.9933777274060723 0.26053911130433366
13001298760110 PointCloud19.pcd PointCloud6.pcd 0.16532383060048897 0.9860558437448086 -0.15191526222151017 -0.06793839945777062 -1.459714420133685 0.15825390299678085 0.9822754651017858 0.10045204251460468 2.7390837267570105 0.051474024546360096 -0.10980284041517446 0.992619645702099 0.5387209453954939
13001298760111 PointCloud19.pcd PointCloud6.pcd 0.16532383060048897 0.9049822577645951 -0.26177525317228756 0.335381618395941 0.12388721680888762 0.2222896382974993 0.9630765584048316 0.15189094560464017 0.9790920582376554 -0.3627594655372383 -0.06290675224242293 0.9297571245682646 0.28372061178492153
13001298760112 PointCloud19.pcd PointCloud6.pcd 0.16532383060048897 0.8815418826340056 0.292554879715785 0.3705341435233404 0.5959937856693837 -0.3301654662555671 0.9430353613424468 0.040927645301978094 -0.28245904483135953 -0.33745321757887686 -0.15841701175127348 0.9279166860949639 -0.829562785974593
13001298760113 PointCloud19.pcd PointCloud6.pcd 0.16532383060048897 0.9321705390564399 -0.09466232899627065 0.3494239968637362 -0.8164056909511502 0.11448480014443034 0.992755413231747 -0.036468068703362215 0.29224630309360283 -0.3434404120820908 0.07399819570817334 0.9362547465197806 1.140067770873221
13001298760114 PointCloud19.pcd PointCloud6.pcd 0.16532383060048897 0.8867713871320171 0.4612538045180553 -0.02968896733768528 0.5560756854589286 -0.4437029439939689 0.8315166478302723 -0.33422711121659765 0.6447474089641174 -0.12947665602356032 0.30955612124254095 0.9420248422128952 0.3479455216785249
13001298760115 PointCloud19.pcd PointCloud6.pcd 0.16532383060048897 0.9899871442042925 0.10132355667024724 0.09828016673734587 2.7463337085467687 -0.1045706760754135 0.9941102175373238 0.028457847652726086 2.0364471084735842 -0.0948178675955131 -0.03845012680845175 0.9947518081074563 1.0985468283615294
13001298760116 PointCloud19.pcd PointCloud6.pcd 0.16532383060048897 0.9286648450778104 -0.2101407308030482 0.30565090998419586 0.9182954316928228 0.27425558231554015 0.9438144928577112 -0.18438567905481482 -0.10646184052677903 -0.24973081725203672 0.2550589663769969 0.9341196082865019 2.353989546629805
13001298760117 PointCloud19.pcd PointCloud6.pcd 0.16532383060048897 0.9991793682504582 -0.004588236544321098 -0.04024348578377139 -0.49966505281087686 -0.011245872233327892 0.9230740292755325 -0.3844578869456898 -0.2992418611895263 0.03891170030115515 0.3845949616966485 0.9222649266979779 0.1763978614711953
13001298760118 PointCloud19.pcd PointCloud6.pcd 0.16532383060048897 0.9996345042464083 -0.0015118328263127815 -0.02699207812568414 -0.4682869513668428 0.002044679927620647 0.9998033683456435 0.019724196528610946 -0.09987410778575526 0.026956950940923166 -0.01977217757888508 0.9994410356743203 -0.20495245558527045
13001298760119 PointCloud19.pcd PointCloud6.pcd 0.16532383060048897 0.945464773079232 0.20931106072053995 -0.24957011585179562 -0.008988682920031221 -0.06067840512971262 0.8659685805686892 0.496403614631042 -0.029579852785906552 0.3200226461004763 -0.4541886142649241 0.8314434488616512 3.567124131466373
13001298760120 PointCloud19.pcd PointCloud6.pcd 0.16532383060048897 0.9958298611768471 -0.019342543091709446 -0.08915578284804072 -1.6041016921222557 0.02152241713415207 0.9994908689953217 0.023553945649941274 3.2460691107819506 0.08865479766603264 -0.02537457037512543 0.9957391515999925 -0.35934958492862085
13001298760121 PointCloud19.pcd PointCloud6.pcd 0.16532383060048897 0.8338944824025477 -0.3430475085047175 0.4323637347503755 -1.227299046536078 0.3512786739800808 0.9341059409878413 0.06363477208269011 2.642831192734311 -0.4257032833152492 0.09881547409148828 0.8994510640689082 -1.784197317297694
13001298760122 PointCloud19.pcd PointCloud6.pcd 0.16532383060048897 0.9786174965515683 0.16964512090968084 -0.11631134250227274 -0.1863475798531867 -0.17914116901476076 0.9808314812381671 -0.07666842228823983 0.31813155695778694 0.10107540258226103 0.0958652093498091 0.9902492739856723 0.6675538384592695
13001298760124 PointCloud40.pcd PointCloud24.pcd 0.13984976278334213 0.9950702838387105 -0.09314836870730243 -0.03403691566985308 0.09535420381630319 0.09866925849153142 0.9644104392720791 0.24530976754252326 0.38411380149295793 0.00997535211807611 -0.2474588572474299 0.9688470500135286 0.08057396254804758
13001298760125 PointCloud40.pcd PointCloud24.pcd 0.13984976278334213 0.9823791640833753 0.17358663700221436 0.0692737860168641 2.8331717875509947 -0.15710206173317373 0.9677246319915629 -0.19704816374678646 -2.1956126280650534 -0.1012428771520984 0.1826929557784201 0.9779433336011394 -0.044508042354067336
13001298760126 PointCloud40.pcd PointCloud24.pcd 0.13984976278334213 0.8896297579975225 0.4302388702658796 0.1531450560664921 0.15751560937495984 -0.3646059962006972 0.8710634343214144 -0.32910630641584493 0.1553984095274057 -0.2749933839563537 0.23694515800185167 0.9317916241734043 -2.3878676061960022
13001298760127 PointCloud40.pcd PointCloud24.pcd 0.13984976278334213 0.9987550559873389 -0.01705371484941805 -0.04687759539014303 -0.06293480541559639 0.014875412042960123 0.9988107673344586 -0.04643030447134634 0.028966219898401258 0.04761365619524905 0.04567517779477717 0.9978209848851326 -1.2150109938512685
13001298760128 PointCloud40.pcd PointCloud24.pcd 0.13984976278334213 0.975298441173289 -0.21577223160509623 -0.04727890346771462 -0.24045351558848366 0.21517735705615126 0.9764201304831541 -0.017390623841314415 0.12346774733743186 0.04991648680829156 0.006787698830769245 0.9987303297133319 3.30113276144219
13001298760129 PointCloud40.pcd PointCloud24.pcd 0.13984976278334213 0.8626433378250172 0.5054522092040891 -0.01909282369946893 2.232531762938673 -0.5057809669121468 0.861551796720816 -0.043750600870702594 -0.1974937528872472 -0.00566438130135173 0.047397951198753535 0.9988600247315104 0.8511088452572322
13001298760130 PointCloud40.pcd PointCloud24.pcd 0.13984976278334213 0.9873437639647491 0.15831194564967602 0.00946676420620045 -0.14693650006724754 -0.15850102516509865 0.9870525614595166 0.02458995603534303 -0.015474888599364018 -0.005451310075068272 -0.025779231579342317 0.999652796943841 -0.26056440473183423
13001298760131 PointCloud40.pcd PointCloud24.pcd 0.13984976278334213 0.8813598697260254 0.2903487489396967 0.37269610143611154 1.6311441068143984 -0.33371018754037424 0.9410064666889696 0.05607441824316365 0.7917683616931543 -0.3344283043767253 -0.17379422786356852 0.926257672353117 -3.3905213223049975
13001298760132 PointCloud40.pcd PointCloud24.pcd 0.13984976278334213 0.9855748161978773 -0.1690432073191152 0.008165521158312537 0.2487255976992835 0.1665125638523769 0.9599328622188074 -0.22539402412600953 -2.317886849297075 0.0302629766518155 0.22350233576335324 0.9742334720961382 -0.2171944156152548
13001298760133 PointCloud40.pcd PointCloud24.pcd 0.13984976278334213 0.9800340000867953 0.16438799125608458 0.11184787438599299 -0.0012875434705148798 -0.1401682744499583 0.9701817433195138 -0.19773780560942383 0.009573720053565193 -0.141018486417904 0.17811224904620848 0.9738530757912638 -0.49433822437764263
