id source target overlap t1 t2 t3 t4 t5 t6 t7 t8 t9 t10 t11 t12
13001298760000 PointCloud4.pcd PointCloud30.pcd 0.4062 0.985981981228856 -0.1362105363461205 -0.09636504802220629 0.7993571355357183 0.13860122498968072 0.9901748214328281 0.018534385121363052 0.09142429673132746 0.0928936656795276 -0.03163088346488737 0.9951734793933422 0.007892836066542674
13001298760001 PointCloud4.pcd PointCloud30.pcd 0.4062 0.9659532636433936 -0.24038705872513172 0.09564703055587603 -0.10666866646686524 0.25861265637596825 0.9076366300333606 -0.33062855560863175 -0.050121199630591584 -0.007333922473135551 0.34410726499038763 0.9389017007983282 -0.31332143361890497
13001298760002 PointCloud4.pcd PointCloud30.pcd 0.4062 0.9635528088632485 0.16043145556141272 0.21407412874560663 0.0016083472883541283 -0.10425863485356394 0.9621510294035114 -0.2517846970652394 0.46346630160526736 -0.246365828779511 0.22028877566551053 0.9438096914768225 1.3585762768234528
13001298760003 PointCloud4.pcd PointCloud30.pcd 0.4062 0.9686755275373279 -0.2472337460736159 -0.023306590327337985 0.024184126205304413 0.24789393507412674 0.968265507654353 0.0317884199091828 -0.5850188275823575 0.014707797379083572 -0.03657022681451014 0.9992228476205851 0.30897354557128065
13001298760004 PointCloud4.pcd PointCloud30.pcd 0.4062 0.9599437296895077 -0.178022055188396 0.21637047787601957 -0.12469568178773649 0.1587529127780394 0.981874934345089 0.1035332120110027 -0.594429950276673 -0.2308799439411869 -0.06503661408258203 0.970806206363756 -0.2322257015989132
13001298760005 PointCloud4.pcd PointCloud30.pcd 0.4062 0.9838821846662944 -0.17881771934051097 0.0002644733220917538 -0.229152746682185 0.17881732034023604 0.9838740230628229 -0.004033942056259638 -0.23435892333630187 0.000461131887052916 0.004016216133887904 0.9999918286492889 -0.28111119330161544
13001298760006 PointCloud4.pcd PointCloud30.pcd 0.4062 0.9998827055491791 -0.006061767395128457 0.014065209550557898 0.6946409909087952 0.006580466053933512 0.9992887858421486 -0.03712977183659645 -0.0032499493565545587 -0.013830134134084753 0.03721797235438867 0.9992114640673722 -0.17189480055246004
13001298760007 PointCloud4.pcd PointCloud30.pcd 0.4062 0.9472194163747161 -0.10145824588530447 -0.3041078782021591 0.3637230302006187 0.025802476237105347 0.9696499525706116 -0.24313206637513735 0.16079776174607008 0.31954594264796377 0.22245267771300858 0.9210891361402199 -0.9229318816344849
13001298760008 PointCloud4.pcd PointCloud30.pcd 0.4062 0.9970941163826537 -0.021389287343902816 -0.07311512471448728 0.1713155587531765 0.021086378733144687 0.9997655891020952 -0.004912380203393694 0.35691072295137677 0.07320305804416544 0.0033563721873876894 0.9973114092693025 0.07523083063368963
13001298760009 PointCloud4.pcd PointCloud30.pcd 0.4062 0.9922136952500828 0.024272426453082384 -0.12215904498748957 0.2340238207291505 0.008548757109050389 0.9652402591587471 0.2612243496518756 -0.1501950526225601 0.1242533770569889 -0.2602346852616587 0.9575171052658533 0.06207737855169726
13001298760010 PointCloud4.pcd PointCloud30.pcd 0.4062 0.9990656513553204 0.03932499205036384 0.01792677556639719 0.04122638184422822 -0.04083591386324882 0.9947693628228397 0.0936287505416733 -0.16467515073069872 -0.01415105723691618 -0.09427332490837684 0.995445773404959 -0.0797574061232631
13001298760011 PointCloud4.pcd PointCloud30.pcd 0.4062 0.9979758278252235 -0.03587870431345518 0.05250681530379912 0.05363214010684825 0.05259848118527664 0.929754963714425 -0.3644023973924844 -0.23421680549859158 -0.03574418629038463 0.3664265629361165 0.9297601449412974 0.9004422462893749
13001298760012 PointCloud4.pcd PointCloud30.pcd 0.4062 0.9983214839686124 0.04275514762089834 0.0390667633497144 -0.41552437880484616 -0.04404580507167806 0.9984910498086792 0.03279619654089934 0.5996353952437118 -0.037605607325173415 -0.034461874642519805 0.9986982514722993 -0.17390820594143647
13001298760013 PointCloud4.pcd PointCloud30.pcd 0.4062 0.9671805489197566 -0.11051388908356063 -0.22879787173596028 0.26679928170044187 0.1437409126335179 0.9804976537398779 0.13402574769751543 -0.5210496804630014 0.20952406980240207 -0.16251471111939728 0.9642036262342188 -0.9307916492383821
13001298760014 PointCloud4.pcd PointCloud30.pcd 0.4062 0.8711739268635876 0.46308238997990825 0.16312783099021624 0.3043083005144145 -0.46430168704286257 0.8850650164925449 -0.03292202895027512 1.1322580502230308 -0.15962434827502994 -0.04705971389147246 0.9860555008549086 1.1085505441063388
13001298760015 PointCloud4.pcd PointCloud30.pcd 0.4062 0.9782083598511935 -0.08508410302873815 0.1893913940205134 -0.14602958726568227 0.08767006799183666 0.9961354524579134 -0.005302785567545909 -0.611336261850491 -0.18820829922069063 0.0217911855635188 0.9818873562360356 0.4608244750167565
13001298760016 PointCloud4.pcd PointCloud30.pcd 0.4062 0.9999113200071554 -0.0029629137048248597 0.012983576700028096 -0.37040906644889304 0.002890695476862258 0.9999802674018965 0.005577516157877829 -0.7298376658109141 -0.012999846199390189 -0.005539489977344593 0.9999001540401836 -0.47037680541602317
13001298760017 PointCloud4.pcd PointCloud30.pcd 0.4062 0.994175416982244 -0.10600534071499708 0.01944499956488977 -0.2255345403091873 0.10455006681708358 0.9924082094476072 0.06477059015894038 -0.3613968172617524 -0.026163405679011674 -0.062360352475683195 0.9977107108988977 -0.28382367520503454
13001298760018 PointCloud4.pcd PointCloud30.pcd 0.4062 0.9707209180248338 -0.08429242384578614 0.2249348496592422 -0.11883931822138383 0.06770339260451819 0.9944538476845372 0.08048475293655044 -0.26579376448061864 -0.23047158162962744 -0.06289938082065225 0.9710440350228801 -0.21820318158285415
13001298760019 PointCloud4.pcd PointCloud30.pcd 0.4062 0.9761147502036485 0.17926782120356885 0.12273158809285457 -0.13050097932385452 -0.1771026884857068 0.9837819876028895 -0.02841898307897118 0.7935255084730244 -0.12583573485303584 0.006004094355806759 0.9920329221779703 0.4550229642198499
13001298760020 PointCloud4.pcd PointCloud30.pcd 0.4062 0.9999671912910343 0.008100094000568176 -6.941687158825596e-05 0.5277925392993454 -0.008099869771363611 0.9999633319172391 0.002779735717780614 -0.18647361691931189 9.193044681542336e-05 -0.002779082250620647 0.9999961341178462 -0.7591905698684821
13001298760021 PointCloud4.pcd PointCloud30.pcd 0.4062 0.9332819011722143 -0.17320880350173898 0.31461659735918757 -0.18485425089897722 0.25737821206789285 0.933533631957378 -0.24954240913560474 -0.2190207978352804 -0.2504822326974748 0.31386887133636354 0.9158302150010805 1.5088806822433332
13001298760022 PointCloud4.pcd PointCloud30.pcd 0.4062 0.939910836858439 0.05123134752603613 0.337554392338087 0.0005835297521143978 0.02455356453224697 0.9759750223564622 -0.2164945223442471 -0.10928390757659323 -0.34053596172038786 0.21177371122726596 0.9160715878184417 1.5715498813839992
13001298760023 PointCloud4.pcd PointCloud30.pcd 0.4062 0.9853820790912035 0.16955334778714923 -0.016547521266564832 -0.04215468078023488 -0.16989725260212366 0.9852109648312715 -0.022232371319438796 0.7564334134788461 0.012533226406140473 0.024718758674440816 0.9996158768274178 0.21303408904809096
13001298760024 PointCloud4.pcd PointCloud30.pcd 0.4062 0.9967777086990849 0.07578091217231847 -0.026295489935229635 0.054907538162850766 -0.07655631813499861 0.9966182556982506 -0.029852680995003635 0.23771144985829665 0.02394430191538885 0.031769572853721534 0.9992083689834053 -0.12716702590814943
13001298760025 PointCloud4.pcd PointCloud30.pcd 0.4062 0.9780584290131598 0.1794897785407289 -0.10575976945752928 0.4228545430084085 -0.12969289301134446 0.92186843253684 0.3651552362960408 -0.28764271305365463 0.163038225391034 -0.34342686629247504 0.9249197395287186 -0.7362658037550583
13001298760026 PointCloud4.pcd PointCloud30.pcd 0.4062 0.9354089185057993 -0.35251653275192657 -0.027244252905349025 0.203864803134997 0.3528229005182529 0.935662085343024 0.007243129256789623 -1.369631204873238 0.022938091675154097 -0.016387684037209378 0.9996025649037715 -0.12118797351683686
13001298760027 PointCloud4.pcd PointCloud30.pcd 0.4062 0.9146472078800755 -0.2608107399564945 -0.30886606003335476 0.3976963875977795 0.22314450062179825 0.9628262015923569 -0.1522242995368433 -0.5853620506905451 0.337086067584275 0.07030976781770869 0.9388447792846215 -0.7037454503748239
13001298760028 PointCloud4.pcd PointCloud30.pcd 0.4062 0.937045309085929 0.3449678511076501 -0.05425191630003523 0.7935066716779553 -0.33634243324531926 0.9333458949748124 0.12545599998519213 0.4837125498262459 0.09391409009660809 -0.0993107347462334 0.990614719073712 0.012486560330848273
13001298760029 PointCloud4.pcd PointCloud30.pcd 0.4062 0.9780453537843175 -0.1333235134015741 -0.16016281314702738 -0.18595804636252877 0.11277696178488698 0.9849212438050384 -0.13119260799338578 -0.09601603709386011 0.1752388165660778 0.11024964524113598 0.978333467122905 -0.7527500715952091
13001298760031 PointCloud14.pcd PointCloud30.pcd 0.4448 0.9261405975380543 -0.3386050631372736 -0.166163187287854 0.048499119494455734 0.3742237021152898 0.8799474418785799 0.2926587096029606 -1.9769772679844013 0.04711915074555501 -0.3332253152885388 0.9416690899057223 -1.1740070832667708
13001298760032 PointCloud14.pcd PointCloud30.pcd 0.4448 0.9714860465689326 0.2249887982795331 0.07479907733787408 0.8067566963469961 -0.22142029602094604 0.9737316043706853 -0.053101931788662286 0.5932794415123306 -0.08478156540110796 0.035025751932294936 0.9957837530657522 0.7865390011091538
13001298760033 PointCloud14.pcd PointCloud30.pcd 0.4448 0.9694588072875209 0.21409263829582817 0.11964097625892649 0.6907851258876851 -0.22267708816916823 0.972818901202309 0.06354761890136099 0.5743428168076504 -0.1027839256749702 -0.08824810304512967 0.990781376960517 -0.17920036929535832
13001298760034 PointCloud14.pcd PointCloud30.pcd 0.4448 0.9837957823040584 0.13879937200439527 0.11349270043457019 0.41441849350653603 -0.17023954958071688 0.9217520056840647 0.34841316820114393 -0.12450047578148687 -0.056252595311685256 -0.3620883515781604 0.9304448780944039 -1.051790921656842
13001298760035 PointCloud14.pcd PointCloud30.pcd 0.4448 0.9878504725275097 -0.10156630110825998 0.11762538164172753 -0.24063176982883228 0.11107017968058344 0.9908044480195661 -0.07726552252049902 -0.323755132234789 -0.1086961780050186 0.08939145520590379 0.9900476294720735 0.6128920656550196
13001298760036 PointCloud14.pcd PointCloud30.pcd 0.4448 0.9226560274120054 0.3850417318532354 -0.02118300761832456 1.602111845154933 -0.38166361957483985 0.9039490736811963 -0.19289622516767693 0.32145974574293 -0.05512473649214776 0.18606164817707163 0.9809904823719254 0.47085154614198
13001298760037 PointCloud14.pcd PointCloud30.pcd 0.4448 0.9918345975574179 -0.1204413610038344 0.04192862563522635 -0.05797367954320709 0.11458518637233367 0.985942499055686 0.12160437335822338 -0.6103231389354526 -0.055985410172048215 -0.11580702532822726 0.9916926775632131 0.08151068186882698
13001298760038 PointCloud14.pcd PointCloud30.pcd 0.4448 0.9998787447031773 0.015367319433258421 0.0025182105223086914 -0.4547673374063175 -0.014708393470083054 0.9850921287523421 -0.171397669271517 0.40373038422608853 -0.0051145920978789994 0.17133984756505216 0.9851987096946774 0.3730802223372083
13001298760039 PointCloud14.pcd PointCloud30.pcd 0.4448 0.999932930867214 0.0005487524327721375 0.011568605709894908 -0.021680913043924832 -0.0006194213410680365 0.9999811664726524 0.006105982082806742 0.04305147942679983 -0.011565037159720496 -0.006112738401146751 0.9999144385119826 -0.35278111655462585
13001298760040 PointCloud14.pcd PointCloud30.pcd 0.4448 0.9999815053332183 0.005753819400492897 0.0019704197058925212 -0.19309405236058552 -0.0057403874374848144 0.9999607019160522 -0.006755928923826359 -0.17568047629459912 -0.0020092146670837702 0.006744493002645834 0.9999752371286795 0.5321420321803995
13001298760041 PointCloud14.pcd PointCloud30.pcd 0.4448 0.9819108029847519 0.14939858951867233 -0.11632384291997439 0.3769856753181853 -0.14309829598599685 0.9878394078534709 0.06079623325180564 0.21263528408003068 0.12399214760517563 -0.043050734506337646 0.9913488697682169 -0.37717562013895123
13001298760042 PointCloud14.pcd PointCloud30.pcd 0.4448 0.9983959326416777 -0.05622063779470537 0.0066933975312497545 -0.1867601920092148 0.056514473763500765 0.9967222260512855 -0.05788711731123762 0.0583270859248019 -0.003417007431858724 0.05817253631505978 0.9983006962227783 0.07926465327148613
13001298760043 PointCloud14.pcd PointCloud30.pcd 0.4448 0.9402070361176779 0.3383635241953585 -0.03899813750563488 1.11689752286363 -0.3339660234856256 0.8933285516916188 -0.30071713268411066 1.4568417795436228 -0.06691355910433949 0.2957604169368367 0.952915710533381 1.3737585307181825
13001298760044 PointCloud14.pcd PointCloud30.pcd 0.4448 0.9862115069232563 0.09314801167480499 -0.13678564081507402 0.5839325244974107 -0.09025968334595963 0.9955472504727867 0.027182009461439054 0.11933049206996071 0.1387085187522639 -0.014460981885925268 0.9902276641401451 -0.09327403681710467
13001298760045 PointCloud14.pcd PointCloud30.pcd 0.4448 0.8708007114051316 -0.4884343941908099 -0.056017529290153203 -0.6144544164201848 0.49112237201931985 0.8694333177153017 0.05370774384276417 -1.8829331005496148 0.02247079701375627 -0.0742802034058854 0.9969842098366186 0.07497204966618143
13001298760046 PointCloud14.pcd PointCloud30.pcd 0.4448 0.9030239928334131 -0.12157880628306979 0.41202701638361483 -0.2298821690321491 0.10380740701540046 0.9924491064657718 0.06533600327560497 -0.4765177009553853 -0.4168593175352313 -0.016228522362638786 0.9088261354329475 1.3546193866329526
13001298760047 PointCloud14.pcd PointCloud30.pcd 0.4448 0.9983450474412963 0.030201840814680286 -0.048938891087157065 0.19837708537219712 -0.041867981491466325 0.9651029688489756 -0.25850209214767195 0.31613459394211824 0.039423830043086146 0.2601232560350919 0.9647702593335037 1.149463444303345
13001298760048 PointCloud14.pcd PointCloud30.pcd 0.4448 0.9952416699279011 -0.08831612615876767 -0.041161636257944764 -0.3718743175193677 0.06050476903099814 0.8912826693403287 -0.4493933424719193 0.16347587771432004 0.07637533216705698 0.44476450532150924 0.8923851990270147 1.5971225180546904
13001298760049 PointCloud14.pcd PointCloud30.pcd 0.4448 0.9898470768627575 -0.11252202024597467 0.08684215212682624 -0.10562645706284801 0.12257235598347295 0.9850902581832475 -0.12071951284330017 -0.20708273595705845 -0.07196375459156608 0.13013830409309704 0.9888808016302357 0.5124930017598629
13001298760050 PointCloud14.pcd PointCloud30.pcd 0.4448 0.9980187029499871 0.06189205712061386 -0.011315556875560627 0.39025840936152756 -0.06183859914307669 0.9980735631561373 0.0050149959954008845 0.28525211354222935 0.011604146588493723 -0.004305321612920892 0.9999234010601822 -0.11564814538073331
13001298760051 PointCloud14.pcd PointCloud30.pcd 0.4448 0.9029158280965466 0.4132760670955236 -0.11809275904467581 2.1504948699052435 -0.4047971218896272 0.9100030711946793 0.08963091278195162 0.7972131673369909 0.14450708454121508 -0.033125560860275176 0.9889491391042768 -0.4446005471672868
13001298760052 PointCloud14.pcd PointCloud30.pcd 0.4448 0.9997574647267854 0.021757233783863884 -0.0034109384551348322 0.27041573992081647 -0.02182198347778748 0.9995565730092284 -0.020259772731749837 0.2495565134624102 0.0029686293412273333 0.020329292464846778 0.9997889312788539 0.0853776061771131
13001298760053 PointCloud14.pcd PointCloud30.pcd 0.4448 0.9532268647123341 -0.30052939347337165 0.03225876701334281 -0.8949476051238183 0.30202257618120415 0.9428597445148854 -0.1407048885085159 -0.7527136989465404 0.011870461977637053 0.14386655564047016 0.9895258997623989 0.10968927584009602
13001298760054 PointCloud14.pcd PointCloud30.pcd 0.4448 0.9837552743517717 0.17951440860213408 0.0003705257031268787 0.4926529233203145 -0.17951360502116864 0.9837541823502248 -0.0016044689915170453 0.4363740741100526 -0.0006525315122519695 0.0015118904282174518 0.9999986441940603 0.14375599226027602
13001298760055 PointCloud14.pcd PointCloud30.pcd 0.4448 0.9748252298807962 -0.1667453134391293 -0.1480262531915851 0.4934749760910693 0.18513082689047383 0.9752916165562768 0.12055222772679738 -0.6985194624544828 0.12426724476989966 -0.14492157576127415 0.9816085720673832 -0.8107902546770067
13001298760056 PointCloud14.pcd PointCloud30.pcd 0.4448 0.9826029810353288 0.18568306042717003 -0.00363080306336472 -0.08916831324582608 -0.18567619060700463 0.9826086383672954 0.002148498927362316 0.8654973105400642 0.003966598310429739 -0.001436967769127614 0.999991100571137 0.2032692824217881
13001298760057 PointCloud14.pcd PointCloud30.pcd 0.4448 0.9968531724946823 -0.061669767518824345 -0.04980554448513976 -0.5557132378166219 0.06007033272410549 0.9976485975835018 -0.03299743726545064 -0.8146583319690472 0.05172337589235972 0.02990176439353114 0.9982136929898585 0.4919099176040088
13001298760058 PointCloud14.pcd PointCloud30.pcd 0.4448 0.9294426389561398 0.32931097683105554 -0.1664051123878799 0.9264415448797436 -0.3369361515950949 0.9413346392646048 -0.019055882788885155 0.8055552508568717 0.15036758506584505 0.07377924816066181 0.9858733244703974 0.411656398228643
13001298760059 PointCloud14.pcd PointCloud30.pcd 0.4448 0.997708774079772 -0.0313069760722976 0.05997562316013919 -0.46271477391666993 0.04538131558025854 0.9671623404985229 -0.2500750753626283 -0.0917376481749391 -0.050177069667761816 0.25222386954970744 0.9663671048359048 1.3222086724912985
13001298760060 PointCloud14.pcd PointCloud30.pcd 0.4448 0.9244677692942957 -0.3778436150654798 0.050926870022401 0.014338892037966122 0.38117179814070923 0.9130945059973103 -0.1447980780939663 -0.677068018527923 0.008209984056464423 0.15327304287374702 0.9881497712847053 0.21249932354296397
13001298760062 PointCloud30.pcd PointCloud5.pcd 0.4440 0.9807729620933597 -0.1945840170404605 -0.01488143605351648 -0.21219263449893644 0.19092449344356147 0.9725184284942936 -0.13325068120767294 -0.6617128945509191 0.040400923627270977 0.127847434668777 0.9909706346903909 0.06041989781435775
13001298760063 PointCloud30.pcd PointCloud5.pcd 0.4440 0.9886148286822091 -0.14731877716141856 -0.03062512702521543 -0.5268456037231792 0.14610039677247177 0.9885079404097146 -0.03881656617824959 -0.6486567992831502 0.0359915903034666 0.033900289712750525 0.9987769399544719 -0.585805650182412
13001298760064 PointCloud30.pcd PointCloud5.pcd 0.4440 0.9303056268723621 -0.36588733010186025 0.02564960585571905 -0.580086872966068 0.36620855915243433 0.9304889243219003 -0.00903620040563645 -1.6187393894686704 -0.020560442921285067 0.017799533286160622 0.9996301540078087 -0.22118506260790455
13001298760065 PointCloud30.pcd PointCloud5.pcd 0.4440 0.9894368884464755 -0.0628576899371241 0.130627541495372 -0.23397400188397643 0.11733256298397254 0.8764425753559175 -0.46699195043073166 -0.7559976634930825 -0.08513350365730807 0.4773859266036811 0.8745598685257493 2.5394654325561508
13001298760066 PointCloud30.pcd PointCloud5.pcd 0.4440 0.9996874501803842 -0.023921596710705036 0.007263550278791019 -0.2614929334909517 0.02378246310757785 0.9995427608561477 0.018672537819132404 -0.6411755460107005 -0.007706906018554888 -0.018493956604269876 0.9997992684377903 -0.19866751862649434
13001298760067 PointCloud30.pcd PointCloud5.pcd 0.4440 0.9959898736945353 0.08105471616682773 0.037872212571471955 0.11597493791735847 -0.0828894670156919 0.99531933155228 0.04968666316203067 0.2042601720014411 -0.033667606921168144 -0.05262662088180814 0.9980465575406612 0.3193455057880617
13001298760068 PointCloud30.pcd PointCloud5.pcd 0.4440 0.9768357975175428 -0.04036074653177142 -0.21014955347957331 0.28173521492442166 0.013212479246716157 0.9915540033532513 -0.12901972262524597 -0.7446592788568587 0.21358196337804614 0.1232544870320688 0.9691187111732187 -0.7366976992037945
13001298760069 PointCloud30.pcd PointCloud5.pcd 0.4440 0.9697852310545012 -0.20705840551492316 0.12900938855054442 -0.5127251972199245 0.23358944147529054 0.94064921999868 -0.24620117332607597 -0.896514052842672 -0.07037455832777573 0.2688974927765083 0.9605943784546515 1.0296378172776266
13001298760070 PointCloud30.pcd PointCloud5.pcd 0.4440 0.9888932231033977 -0.13098455707158757 -0.0702370209286652 -0.2234471948115786 0.13387194394704416 0.9902662786060625 0.03809199495352657 -0.5350056945420028 0.0645638902484446 -0.047071682192800876 0.9968027692635724 0.5827483050599489
13001298760071 PointCloud30.pcd PointCloud5.pcd 0.4440 0.9686556606414691 0.21173109097883558 0.12990826078487386 0.6285265882703719 -0.17210745572882014 0.949141418001997 -0.2636467187653022 0.6485141264871779 -0.17912351824869607 0.23302470629971878 0.9558317066639601 1.402474070369173
13001298760072 PointCloud30.pcd PointCloud5.pcd 0.4440 0.9999015783418538 0.013404787388880736 -0.004140688895423942 -0.09844635316239803 -0.013398470032713236 0.9999090356259441 0.00154966911850218 -0.1585017046832473 0.004161085225307046 -0.0014940377014178328 0.9999902265627872 -0.1130762602296228
13001298760073 PointCloud30.pcd PointCloud5.pcd 0.4440 0.9769466489323455 0.15121334308021186 -0.15069761117670885 0.36885652650380774 -0.0977281758324895 0.9443656315367918 0.314042604785673 -0.5251721633483161 0.1898010768892379 -0.29207546772473464 0.9373726432775084 -0.7603955204822507
13001298760074 PointCloud30.pcd PointCloud5.pcd 0.4440 0.8859593802176475 0.023906830603897172 0.46314624046281366 0.19136118565639704 -0.027476700759243397 0.999621981492905 0.0009617856233853942 0.09686709021453577 -0.4629481693664517 -0.013577833651762086 0.886281352005996 1.7769818158833464
13001298760075 PointCloud30.pcd PointCloud5.pcd 0.4440 0.975422448913324 -0.14280635237072412 -0.16780164444516837 -0.22240695752972428 0.16734241657830537 0.9755425281758161 0.14252470429392283 -0.7370312010608532 0.1433442073111677 -0.16710212878029357 0.9754636419607997 -1.589982744272519
13001298760076 PointCloud30.pcd PointCloud5.pcd 0.4440 0.9994986640284207 0.030348347972331415 0.00902210511758442 0.3147994286232154 -0.030599816168085395 0.9991056779515424 0.029180396424111528 -0.07369414269359739 -0.00812845962540475 -0.029441841999766398 0.9995334442047344 0.15728758670250864
13001298760077 PointCloud30.pcd PointCloud5.pcd 0.4440 0.9876101594317861 -0.15661440716891695 0.009904567342939112 -0.03261605767223541 0.15690959606109184 0.9864776293979669 -0.04734200419619607 -1.0296096186189807 -0.002356194191299467 0.04830956597296595 0.9988296322118385 -0.5693748215585631
13001298760078 PointCloud30.pcd PointCloud5.pcd 0.4440 0.9648938022178123 -0.18764254157637725 0.18376677347227635 -0.3807511467880609 0.2153999567279041 0.9657148255053406 -0.14490595032919373 -1.1518790616743741 -0.1502757767681486 0.17940220843107607 0.9722304451758248 1.5456247108138366
13001298760079 PointCloud30.pcd PointCloud5.pcd 0.4440 0.9867833617527293 -0.14699781371933818 0.0681926662458438 -0.4152798033833034 0.148083815292686 0.9889122289009902 -0.011125968651649549 -0.5689544544159384 -0.06580106850457632 0.021077150941495537 0.9976101308085467 0.32230288857592315
13001298760080 PointCloud30.pcd PointCloud5.pcd 0.4440 0.8830435675744532 0.19545299511012357 -0.42665229926471043 1.2447927700976358 -0.24567595430584063 0.9671419181516403 -0.06542045268782744 0.8942774259027415 0.3998466996753837 0.1625873207124337 0.9020465508510388 -0.8162185774305977
13001298760081 PointCloud30.pcd PointCloud5.pcd 0.4440 0.8848944979630319 -0.29238955853527343 0.3625880217744398 -0.6140637682789332 0.344894535899181 0.9344939013788235 -0.08814140566540912 -1.2304965499424445 -0.3130646683700386 0.20305047240854568 0.9277720728029186 1.7294746094893552
13001298760082 PointCloud30.pcd PointCloud5.pcd 0.4440 0.9217276887483659 0.3878087629492625 -0.0047361560741145045 1.0310202933369323 -0.3818410435144638 0.9095476419217269 0.1640746920229065 1.2684516888604263 0.0679373629336687 -0.14942372788278632 0.9864365485236393 -0.5037198911372629
13001298760083 PointCloud30.pcd PointCloud5.pcd 0.4440 0.9728805811680614 0.17205846097974573 -0.15459385754736873 0.5257846210819355 -0.21364942695917008 0.9245527437644935 -0.31552519132006707 0.9969507451333893 0.08864139634568646 0.33999722058103354 0.9362396022659257 0.7342485749441635
13001298760084 PointCloud30.pcd PointCloud5.pcd 0.4440 0.9262279649978321 -0.37656841400787205 -0.017262283382292597 -0.7365927224934858 0.3768841607632946 0.926002313256568 0.021864244995703476 -1.5553369389241358 0.007751530282581744 -0.02675715633397798 0.9996119088742378 -0.08783608574587587
13001298760085 PointCloud30.pcd PointCloud5.pcd 0.4440 0.9794919221311701 -0.20134105166420507 0.007573334439846939 -0.446892220621927 0.19851436873240264 0.957947062498588 -0.20719428287745334 -0.6071081512907914 0.034461861333386495 0.20444854209575175 0.9782705013176878 0.4152238482685492
13001298760086 PointCloud30.pcd PointCloud5.pcd 0.4440 0.9963273501717945 -0.08556597986262242 -0.0032053689022411777 0.0718629416467853 0.08558313632083699 0.9963149315770651 0.005664264654564001 -0.19893049781194155 0.0027088885431466843 -0.005917787317672585 0.999978820633779 -0.42009949070595476
13001298760087 PointCloud30.pcd PointCloud5.pcd 0.4440 0.9238576958761394 0.05637527410229651 0.378561469566465 0.16876544152652606 -0.025217838307639084 0.9959093329923786 -0.08676785746902622 0.11178107595444597 -0.3819044624006382 0.0706146509484145 0.9215001642267424 2.0340569890749673
13001298760088 PointCloud30.pcd PointCloud5.pcd 0.4440 0.9463053393520188 0.04956296263865519 0.3194522146555565 0.11993584550566938 -0.018866512113506144 0.9949601604506947 -0.09848011899159498 0.1252134836765768 -0.32272319320825305 0.08716531334428307 0.9424711925120373 1.4200305669010311
13001298760089 PointCloud30.pcd PointCloud5.pcd 0.4440 0.9386805224859998 0.25193097210652515 -0.2353925699738032 1.5500151871648926 -0.20166434992902074 0.9549239741858043 0.21783409625881517 0.006350037734538239 0.2796611640416239 -0.15700633368960165 0.9471740307399867 -1.6665153829515131
13001298760090 PointCloud30.pcd PointCloud5.pcd 0.4440 0.9953746111805166 -0.08699280774573753 0.04076315514957636 0.03960550766054327 0.09152080148518651 0.9876704024789773 -0.12700834209816345 -0.2876941621586271 -0.029211749566644685 0.13015155576299572 0.991063694330353 0.028086648721289076
13001298760091 PointCloud30.pcd PointCloud5.pcd 0.4440 0.9896639369632955 -0.11715024140880674 0.08271101989558963 -0.07294233616726142 0.11946632508667089 0.9925573807090133 -0.023614469512326257 -0.1705872304958812 -0.07932899245922762 0.03325157045796513 0.9962937538785851 1.1270506795605517
13001298760093 PointCloud28.pcd PointCloud38.pcd 0.4467 0.9175251093589568 0.25710546553370484 -0.30338828798839795 0.9641669544971783 -0.23693781148540885 0.9661357350251037 0.10218715670771496 0.35860424581699923 0.3193871431105814 -0.021875125147051047 0.9473718022589978 -0.17006676554593514
13001298760094 PointCloud28.pcd PointCloud38.pcd 0.4467 0.9994332064099116 0.015269479916692379 -0.03000181508303796 0.08793484061149526 -0.018780183521608155 0.992540771369224 -0.12045796726111781 0.3633117452958149 0.027938694173096086 0.12095313205063994 0.9922649692572255 1.204796270454482
13001298760095 PointCloud28.pcd PointCloud38.pcd 0.4467 0.9737055246830715 -0.14300683393403166 -0.1773318827786725 -0.2233097971794442 0.18304747240160305 0.9545233623301879 0.23532695046096466 -0.793549322237582 0.13561406287346794 -0.26159930468951414 0.9556017108277454 -1.2988265392928877
13001298760096 PointCloud28.pcd PointCloud38.pcd 0.4467 0.9979690131670887 -0.009198693895765903 -0.06303358461105536 -0.6260675395863342 0.011520256711370719 0.9992648110200053 0.03656666709528237 0.3975705023303309 0.06265087743688187 -0.037218563752045665 0.9973412886613207 -0.36012002404221605
13001298760097 PointCloud28.pcd PointCloud38.pcd 0.4467 0.9991925019862055 0.023345084131296243 0.032700933036371414 -0.061927601217801165 -0.02313804993918073 0.9997098592592722 -0.0066953674147079995 0.1097880813185689 -0.032847749079024054 0.005933325097165633 0.999442755256014 0.38161523882833126
13001298760098 PointCloud28.pcd PointCloud38.pcd 0.4467 0.9885800378394155 -0.08995206319541878 0.12090548007558376 -0.35467200044477565 0.09770357022131436 0.9934185117264345 -0.05978020512882813 -0.2693623091359101 -0.11473238928667305 0.07091041451101145 0.99086234763586 0.64893068470341
13001298760099 PointCloud28.pcd PointCloud38.pcd 0.4467 0.9344887399266597 -0.2716969365966396 -0.23002514991688497 -0.48833576935161593 0.2988749300410892 0.9498175326817592 0.0923061796591608 -0.34848932747564876 0.19340261410647444 -0.1550078361062331 0.968797192193725 -0.7076699096392203
13001298760100 PointCloud28.pcd PointCloud38.pcd 0.4467 0.9426412463514091 -0.2765785315036727 0.18690049916555632 -0.4942010019942753 0.2310034206491072 0.9446743194263161 0.23286873956123472 -0.9955162450859252 -0.24096659587061817 -0.17633702426801484 0.954379564715647 -0.3282159295981929
13001298760101 PointCloud28.pcd PointCloud38.pcd 0.4467 0.9260559353594588 -0.37259358646359586 -0.059953514590161815 -1.0574213370005086 0.3705160468282618 0.9278259888554284 -0.04309052618852311 -1.2356177400649586 0.07168168265516056 0.017690498315236752 0.9972706666903843 -0.010003092127730318
13001298760102 PointCloud28.pcd PointCloud38.pcd 0.4467 0.9597127409277578 -0.26835877696895233 0.0832767778234618 -0.6874800878778689 0.28054674033216703 0.9316801612621479 -0.23079342191564597 -0.857394344342811 -0.0156518813541928 0.24485841609849937 0.9694325013510782 0.3988433471993812
13001298760103 PointCloud28.pcd PointCloud38.pcd 0.4467 0.996864871466493 -0.07783592794837935 0.01421254222534841 -0.32149705435327114 0.07854555912291206 0.9951548985865211 -0.05913816839673442 -0.6188224473945052 -0.009540606802595898 0.060069094713222464 0.9981486265492592 0.062279667297812424
13001298760104 PointCloud28.pcd PointCloud38.pcd 0.4467 0.9434946970999211 0.33138286261570454 0.0017762063363580105 1.0506822876284834 -0.33137687561125123 0.9434073798531494 0.013110375614028603 0.7714618342403782 0.002668867635081851 -0.012958163575007332 0.999912477741082 -0.036157771495001656
13001298760105 PointCloud28.pcd PointCloud38.pcd 0.4467 0.9524054341209018 -0.28713654545275924 0.10235474254978157 -0.7730671169259373 0.27471976073079174 0.9540040553452002 0.12002214566041057 -0.9739550318536602 -0.13210958375906368 -0.08619087335888766 0.9874807295479944 0.8856588607290403
13001298760106 PointCloud28.pcd PointCloud38.pcd 0.4467 0.9611342964206375 0.2681720935115658 0.06560939342525653 1.1898081576591197 -0.27498332770244727 0.9510599249164948 0.14095810974725723 1.1662345994402534 -0.02459743339648622 -0.1535211629693292 0.9878391664592219 -0.9257878669797684
13001298760107 PointCloud28.pcd PointCloud38.pcd 0.4467 0.9998375844800512 0.011393126180481343 0.013964287913533224 0.04631619831548184 -0.01153219142957434 0.9998843053055063 0.009918899362162049 0.022959433901193878 -0.013849665047504636 -0.01007832722036138 0.9998532962882661 0.031848026458462186
13001298760108 PointCloud28.pcd PointCloud38.pcd 0.4467 0.9839241810721396 0.13896195986517998 0.11217298967196838 0.36496431127620355 -0.13497752869713978 0.9899409313547889 -0.042403056201480833 0.36932690818970665 -0.11693704566275066 0.026580559415505862 0.992783562118565 1.3023741025941555
13001298760109 PointCloud28.pcd PointCloud38.pcd 0.4467 0.9876085775018976 0.10745720492278983 0.1143776497173292 0.10773235837653239 -0.12052046011551713 0.9861209644178376 0.11419396756912445 0.2492044055782286 -0.10051923367307644 -0.12656378884110478 0.9868523146935219 0.6122907743391905
13001298760110 PointCloud28.pcd PointCloud38.pcd 0.4467 0.9993151831188346 -0.027468132314705504 0.0247924685199315 0.25772933742089066 0.029625380964120887 0.9953816836389509 -0.09131068217256007 -0.1896087281538016 -0.0221698351572732 0.09198263740092151 0.9955137833429881 -0.37344904732380074
13001298760111 PointCloud28.pcd PointCloud38.pcd 0.4467 0.9573051485481603 0.2890503447970063 0.0040927662914585754 0.9363496283465502 -0.2870328906086205 0.9487513506076954 0.13222327491381206 0.6010762312207358 0.03433616565728376 -0.127752780372114 0.9912115086272707 -0.43664030938349374
13001298760112 PointCloud28.pcd PointCloud38.pcd 0.4467 0.9565276024790724 -0.2002090054562248 0.21206437661678812 -0.5207865726372134 0.26532781395304206 0.8992391286975462 -0.3478076200461657 -1.2335459588040703 -0.12106236755712946 0.38895416639175806 0.9132680655798466 1.4278667416394284
13001298760113 PointCloud28.pcd PointCloud38.pcd 0.4467 0.97565059256211 -0.21762977853684623 -0.02726170807574558 -0.5241119235450458 0.21743357075860698 0.9760238753146225 -0.010001855977173804 -0.7029483097626682 0.028784779665054903 0.0038307061789623893 0.9995782921561497 0.08179996134332934
13001298760114 PointCloud28.pcd PointCloud38.pcd 0.4467 0.9454556735412644 0.32221862437785453 -0.04784064665822462 1.1295514746020938 -0.3221003068881716 0.9466487096935198 0.010373655967865911 0.20605892434062323 0.04863087158564681 0.005601655080158711 0.9988011112274471 -0.16038882824756873
13001298760115 PointCloud28.pcd PointCloud38.pcd 0.4467 0.9999660489598109 -0.00036406562528342487 -0.008232155484766674 0.07078437469649312 0.0004908754020216388 0.9998811779918264 0.015407431291977136 0.07018488161158584 0.008225568007413054 -0.015410949156291223 0.9998474096966283 0.19039050223334164
13001298760116 PointCloud28.pcd PointCloud38.pcd 0.4467 0.9537111715304182 -0.2969888697966716 0.04725052925600728 -1.5681342002966758 0.27471762182427306 0.9243294256540661 0.26484965759698476 -1.5787285293824982 -0.12233245504481982 -0.2396095241991019 0.9631313754393982 -0.674618496870782
13001298760117 PointCloud28.pcd PointCloud38.pcd 0.4467 0.9880801827137865 0.05494389062440876 0.14380097847839318 0.1639960051826006 -0.05507256652010866 0.9984775778665598 -0.00308851333431957 0.2745120750906257 -0.1437517476247802 -0.004867790133219576 0.9896018086452958 -0.42175412678801805
13001298760118 PointCloud28.pcd PointCloud38.pcd 0.4467 0.9133799825114516 -0.3951960942058633 -0.09776018960605015 -0.8210473729782184 0.3965132666929335 0.9180067027571284 -0.006397111026380688 -1.3463332990654404 0.09227262261298871 -0.032920218975816117 0.9951894404075564 -0.35339904871859984
13001298760119 PointCloud28.pcd PointCloud38.pcd 0.4467 0.9347890904064075 0.25107020968266125 0.25126302208455964 0.660085874495473 -0.2225031621010829 0.9652922775967957 -0.13675950302267767 0.47603614490864143 -0.27687849196385883 0.07193447450211243 0.958208605714812 1.8138670994806787
13001298760120 PointCloud28.pcd PointCloud38.pcd 0.4467 0.9720898704712535 -0.2326791483235739 -0.030028281046339513 -0.9509739918084428 0.2309366994154224 0.9715614344011638 -0.05231271401355528 -0.591402731831087 0.04134639754915163 0.04391802727547635 0.9981791834585302 -0.5529873551120232
13001298760121 PointCloud28.pcd PointCloud38.pcd 0.4467 0.9997141861889196 0.01114573509027609 -0.021149905955426717 0.03166212204299379 -0.012186966067308824 0.9986869338340539 -0.04975827616799136 -0.05456525460589477 0.020567542164786474 0.050001807751652555 0.9985373280107591 -0.09617408620199774
13001298760122 PointCloud28.pcd PointCloud38.pcd 0.4467 0.990271835003885 -0.12808292045189193 0.05437332329876909 -0.6544345570516947 0.13107132348002212 0.989818532498133 -0.05549397160446933 0.36027597361769664 -0.04671189312405937 0.062080900539188126 0.9969774123965948 0.1291998422363822
13001298760124 PointCloud37.pcd PointCloud39.pcd 0.4283 0.8849253396853956 0.45188291904382544 -0.11273407053379553 2.0616131914791787 -0.4625978293588228 0.8808682999826553 -0.10037074453331743 2.621157473017528 0.05394804403491165 0.14097115152434023 0.9885427370542503 0.7008095870091892
13001298760125 PointCloud37.pcd PointCloud39.pcd 0.4283 0.9453438805781637 0.0894522051253693 0.313565384651475 0.3833983249226378 0.03909972933513143 0.923600065832273 -0.3813582692961309 -0.36556361333301846 -0.3237223480381577 0.3727750278557158 0.8696221133272959 3.118381546360667
13001298760126 PointCloud37.pcd PointCloud39.pcd 0.4283 0.9525770580911679 -0.23900224491401795 0.1883477510469272 -0.6509520453908082 0.2520849158723916 0.9664882935408007 -0.048513643835524436 -1.2595816189886415 -0.1704410267159428 0.0936926110995454 0.9809034361431122 1.027157285169463
13001298760127 PointCloud37.pcd PointCloud39.pcd 0.4283 0.9226401502645667 0.3494836888227192 0.1630837342184763 1.7592891985515084 -0.34103864161418873 0.9367979203300324 -0.07811722851762741 2.197907956771813 -0.1800772002384721 0.016456236270516702 0.9835148164832507 1.0263610491406785
13001298760128 PointCloud37.pcd PointCloud39.pcd 0.4283 0.9982109854197813 -0.05802521942425043 -0.014418824433250913 -0.15516168810080977 0.05838171397742435 0.997964155660616 0.02567332252848966 -0.23839283056805866 0.012899769778082744 -0.026469188264116282 0.9995663949995074 -0.16864636255170184
13001298760129 PointCloud37.pcd PointCloud39.pcd 0.4283 0.9994422301935976 0.02198758983435991 0.02513512281497415 -0.023959093691819255 -0.02131266090504738 0.9994132789244194 -0.02681172121828403 0.02958991887107576 -0.02570990063758213 0.026261070100368527 0.9993244504195767 0.2057265089349768
13001298760130 PointCloud37.pcd PointCloud39.pcd 0.4283 0.9725785695783269 0.22034083087327216 0.07443684737448085 0.9063259260345555 -0.22027571842548516 0.9753943957980498 -0.009185886886624597 1.1017264452663624 -0.07462930971885016 -0.007462633304240299 0.997183421059062 -0.11171554139321449
13001298760131 PointCloud37.pcd PointCloud39.pcd 0.4283 0.9893547606786947 0.14354000694540123 0.02394627170390025 0.0862791919277619 -0.14537491527142807 0.9823102315933837 0.1180370404439984 1.0492295135109044 -0.0065796300981102035 -0.12026169511971455 0.9927204204380531 -0.4795270831794731
13001298760132 PointCloud37.pcd PointCloud39.pcd 0.4283 0.969438581465166 -0.03618286532310457 -0.242651266272848 -0.05826567403558869 0.028941692298374892 0.9990248815294355 -0.03334163361329832 -0.21183030097640138 0.24362104837988174 0.02529992770952742 0.9695404573529564 -0.22095719536262415
13001298760133 PointCloud37.pcd PointCloud39.pcd 0.4283 0.9819225600331637 -0.1651301599551174 -0.0925208969428807 -0.2989003477512924 0.15822343183373386 0.9843470931443569 -0.07762825411543356 -0.7966854167910519 0.10389144197995127 0.0615859601812937 0.9926800782688622 -0.7480842852903551
13001298760134 PointCloud37.pcd PointCloud39.pcd 0.4283 0.9955071650063395 0.01810557785699227 0.09293907935580824 -0.26371866396879007 -0.017921147686468453 0.9998354301589188 -0.002818699084618779 -0.07463053725625585 -0.0929748185620204 0.0011404601677549543 0.9956678072851233 -0.0543867042252818
13001298760135 PointCloud37.pcd PointCloud39.pcd 0.4283 0.8838336108516825 -0.44948122625519227 0.12963323483198727 -1.0355455897366905 0.44782040417833957 0.8930717841079016 0.04335520766734174 -2.643421385079995 -0.1352591362179467 0.01973361787555495 0.9906137241100168 0.1929427381896623
13001298760136 PointCloud37.pcd PointCloud39.pcd 0.4283 0.9905974775495701 -0.13301379626953122 0.0319994917834087 -0.06329647564253005 0.13367603489560545 0.9908327732193862 -0.01952263324884811 -0.5800679513205675 -0.029109365623758748 0.023616636431714893 0.9992972026962921 0.4843369654427112
13001298760137 PointCloud37.pcd PointCloud39.pcd 0.4283 0.9582104004845801 -0.03074864497736753 -0.2844070133369361 0.37380453419979 0.0845208737825399 0.9802512715660676 0.17878385410361655 -0.5083229273700226 0.27329297520832163 -0.1953508777179235 0.9418858658439568 -1.9287492456395863
13001298760138 PointCloud37.pcd PointCloud39.pcd 0.4283 0.9997325506467961 -0.006956398461011637 0.022055287295863184 0.35866705079311156 0.006040902150274822 0.9991282213585583 0.04130744226038203 0.4046912154708098 -0.02232341099523624 -0.041163160779216466 0.9989030280844093 0.6035703325205108
