id source target overlap t1 t2 t3 t4 t5 t6 t7 t8 t9 t10 t11 t12
13001298760000 PointCloud34.pcd PointCloud41.pcd 0.1409943851435537 0.8472198302379667 -0.5230207373597752 0.09310138314325912 0.11274417892945661 0.48131135672614056 0.8298869916169003 0.2821824924255448 0.07938108121723729 -0.22485092203055934 -0.1942598502951341 0.954832536848907 0.00539903473156748
13001298760001 PointCloud34.pcd PointCloud41.pcd 0.1409943851435537 0.9727495215862945 -0.197755858644288 -0.12104126827448364 -0.01328206181999439 0.21381885733379627 0.9670099121552889 0.13846777979692576 -0.08332337835282705 0.08966529151296393 -0.16057537222525947 0.9829423611446474 -0.14515572605475882
13001298760002 PointCloud34.pcd PointCloud41.pcd 0.1409943851435537 0.9877101645653501 -0.1368774925590656 -0.07545318313386079 0.11436432940589446 0.1351419140711391 0.9904397878412278 -0.027671099042367333 0.03183507426362938 0.0785193853483192 0.017134138197370603 0.9967653321784198 0.05094087192569499
13001298760003 PointCloud34.pcd PointCloud41.pcd 0.1409943851435537 0.9949592561379615 0.0822827707669225 -0.05732036514461898 0.007638070773276467 -0.09859649183508068 0.9069873470363792 -0.4094541294378719 0.03923539902423581 0.018297825641568285 0.4130417629620869 0.9105282486699476 0.12693015921789305
13001298760004 PointCloud34.pcd PointCloud41.pcd 0.1409943851435537 0.9519611630544499 -0.13543963309776305 -0.27463803418747845 -0.014699303800443098 0.13289903092497993 0.9907360147645107 -0.027928419714277886 0.0995484627756013 0.2758764064127639 -0.009912357685180579 0.9611420048826816 0.07545935234689666
13001298760005 PointCloud34.pcd PointCloud41.pcd 0.1409943851435537 0.9862874586220871 -0.16483799399652405 -0.008092261734932459 -0.09282205905462665 0.1587614544523553 0.9610376928720128 -0.22627716071095516 -0.07236550509142872 0.0450760418066789 0.22188958653898255 0.9740293434186682 0.07757525161002565
13001298760006 PointCloud34.pcd PointCloud41.pcd 0.1409943851435537 0.939279764865141 0.33743075146124707 0.062402013454563705 0.10956319966377566 -0.30909092317507475 0.9109278665305038 -0.27326401736958444 -0.06654043462832505 -0.14905141571171168 0.23738346603435254 0.9599128947606923 0.029121922135505348
13001298760007 PointCloud34.pcd PointCloud41.pcd 0.1409943851435537 0.9896189684205453 0.0744985534057839 -0.12289940147413699 0.08617528819805363 -0.055109329687217046 0.9864961968348048 0.15423428740682604 -0.12327556126357929 0.1327300234448904 -0.14586027276442126 0.9803609140033109 -0.1031772784575757
13001298760008 PointCloud34.pcd PointCloud41.pcd 0.1409943851435537 0.9970900867261135 0.021340415758736256 0.0731843262437759 0.08375493658180419 -0.03374633732575905 0.9843917084520253 0.17272564675808474 -0.07604208087602786 -0.06835600682900682 -0.17469273306622365 0.9822473748217634 0.0649040895937524
13001298760009 PointCloud34.pcd PointCloud41.pcd 0.1409943851435537 0.9856457501044219 0.1313937827172552 0.10601004275228963 0.018095051576057793 -0.14144767977870573 0.9855059849864335 0.09365098740077678 -0.016318277719789664 -0.09216837411125504 -0.10730157230521116 0.9899451315070534 -0.16650978200715758
13001298760010 PointCloud34.pcd PointCloud41.pcd 0.1409943851435537 0.719704837852711 -0.6938046796932427 0.02569071441512788 -0.8626706273686431 0.5511263120503789 0.5484131891028192 -0.6288901034233433 -0.09913423512315733 0.42223777014515296 0.46677407860102094 0.7770696397421641 0.33917933652445453
13001298760011 PointCloud34.pcd PointCloud41.pcd 0.1409943851435537 0.8679504600068713 0.4832489927893389 -0.11459672744869176 -0.022032413714205175 -0.47630807832492456 0.8752990945177367 0.08355901901558907 -0.6362977131454596 0.14068622354828442 -0.017941741958891935 0.989891650838213 0.21730328336343815
13001298760012 PointCloud34.pcd PointCloud41.pcd 0.1409943851435537 0.9659625965778744 0.2171888246160737 -0.14051788667076798 0.09831998053920617 -0.16655103173215036 0.9378101814302139 0.30458630539599996 -1.007773894808865 0.19793184645601286 -0.2708155794405438 0.9420625807719971 0.7384075610316737
13001298760013 PointCloud34.pcd PointCloud41.pcd 0.1409943851435537 0.8008104539371361 -0.5988530256835662 -0.008813086555527483 0.501135753884731 0.47846630717461713 0.6485367797627748 -0.5920050998037217 0.7598298013910432 0.3602396560120529 0.4698671077278847 0.8058860287359185 0.746734328178326
13001298760014 PointCloud34.pcd PointCloud41.pcd 0.1409943851435537 0.8859010608719438 0.45725449683905484 -0.07808735791680882 -0.19922590108513263 -0.34475040250107436 0.7616338850249668 0.5486902451813074 0.08127882174274033 0.3103650597623905 -0.4591646222241417 0.8323709385703284 0.16623143300646873
13001298760015 PointCloud34.pcd PointCloud41.pcd 0.1409943851435537 0.7983609965442031 -0.4729823632747824 -0.3727028350146393 0.1255913356757364 0.34048901331918435 0.8650516909865584 -0.36844647335837644 0.03694397669871182 0.4966759013742019 0.16725207308819323 0.8516688282670832 0.9680313902239984
13001298760016 PointCloud34.pcd PointCloud41.pcd 0.1409943851435537 0.885772763643969 0.04676292077221599 0.4617573393324434 -0.475051819022131 -0.12539190811398712 0.9820245822624719 0.14108362488875612 1.3631605157510154 -0.4468595758916432 -0.18286866618715544 0.8757143200615551 -0.5823270823771333
13001298760017 PointCloud34.pcd PointCloud41.pcd 0.1409943851435537 0.773955929711465 0.5985865201050775 -0.2066068653577504 0.9707517204880804 -0.5301352128370247 0.7909287943265138 0.30559499082192093 -0.7029949774017641 0.3463363610346226 -0.12698748069672489 0.9294758225858242 0.01199960324174004
13001298760018 PointCloud34.pcd PointCloud41.pcd 0.1409943851435537 0.827525069092644 -0.5613871947572817 0.006832099660028457 0.009265243843445074 0.5474412788741156 0.8095477333944749 0.21199177705878314 -0.3840679984313187 -0.12454037982874253 -0.1716883365823605 0.9772475678525347 0.06616376247827864
13001298760019 PointCloud34.pcd PointCloud41.pcd 0.1409943851435537 0.9710648548808738 -0.1798343449991939 -0.1571389702584902 1.5963532864643217 0.1792513029162666 0.9836387671843503 -0.017992945697488112 -0.28127754667859456 0.15780373258579336 -0.010695047955144091 0.9874125773612714 -0.42016144278680156
13001298760020 PointCloud34.pcd PointCloud41.pcd 0.1409943851435537 -0.6154758135600773 -0.7864315808606578 0.05210462117286774 1.219628228712537 -0.4409588207785603 0.39838862995468527 0.8042647685311167 0.3899540379734077 -0.6532571019898237 0.4720295204198949 -0.5919825086537791 -0.6342380929073509
13001298760021 PointCloud34.pcd PointCloud41.pcd 0.1409943851435537 0.9576895185260558 -0.021095607237347297 0.2870291996655029 -0.9303156436505593 -0.2864755140981672 0.025817920405522 0.9577396383193737 0.6860970506694264 -0.027614596276649195 -0.9994440506307603 0.018682176833976327 0.0018435605377686596
13001298760022 PointCloud34.pcd PointCloud41.pcd 0.1409943851435537 0.4508737288149668 -0.6922398164391546 0.5634863948675013 0.07361633283441339 0.26790086927551215 0.7071398945224026 0.6543563966343346 -1.4921259505892719 -0.851435261723352 -0.1440736135145197 0.5042824496083084 -1.7993453678373994
13001298760023 PointCloud34.pcd PointCloud41.pcd 0.1409943851435537 0.9287810732722225 -0.35467569641360436 0.1075679706270565 1.1432674209281477 0.34102053373877034 0.9314692928286963 0.12676731473740613 0.49470293671601434 -0.14515754716797438 -0.0810561958812105 0.9860827448086921 0.5437831341446818
13001298760024 PointCloud34.pcd PointCloud41.pcd 0.1409943851435537 0.9929714879744879 -0.07758737537986413 0.08937462308393593 0.08350849986452182 0.11782582609364436 0.7192923850560099 -0.6846426363481807 -0.15525936662676518 -0.011166860574120092 0.6903612561421021 0.7233786264763546 -0.9950308931944549
13001298760025 PointCloud34.pcd PointCloud41.pcd 0.1409943851435537 0.9967038697212108 0.03241682887751046 -0.07436763602730678 0.6515503919263435 -0.014322689644498546 0.9726098365678528 0.23200208269065664 0.5143850318548855 0.07985146613626545 -0.23017222903074364 0.9698682840153646 0.6677010576589999
13001298760026 PointCloud34.pcd PointCloud41.pcd 0.1409943851435537 0.8662792829606 -0.3382995476612433 0.3675780460874492 0.0766542927279796 0.426184981433048 0.11659599061668047 -0.8970907069929035 -0.733510465721505 0.26062725397429426 0.9337873371514058 0.2451828775863144 -1.6867837993229329
13001298760027 PointCloud34.pcd PointCloud41.pcd 0.1409943851435537 0.4600985513505762 0.059288323516532626 0.8858861200739631 -0.14875425940395168 0.4337044917683981 0.8556204364377107 -0.2825138626157255 -1.672760412796463 -0.7747320419764608 0.5141970083973073 0.36795611109240034 -1.3779128467835329
13001298760028 PointCloud34.pcd PointCloud41.pcd 0.1409943851435537 0.7945782718246718 -0.6071512731867782 -0.003563904010023683 -0.5343341115696637 0.5238594604682355 0.6885181713796955 -0.5015117080965208 -0.27379783422025855 0.30694728476083266 0.39662332148732105 0.8651435171289893 1.279632299015362
13001298760029 PointCloud34.pcd PointCloud41.pcd 0.1409943851435537 0.5562032809997598 -0.036862719021794915 0.8302283120632676 0.2954170774146509 -0.05628034454137762 0.9950514042716455 0.08188544238953706 0.03206720458055865 -0.8291383678394133 -0.0922704871741044 0.551376209292029 0.7902817458905896
13001298760031 PointCloud37.pcd PointCloud43.pcd 0.10471695632739988 0.9366141897564333 -0.22234504416560474 0.2707702732611086 -0.0986777340360458 0.19374000966358723 0.9726012005420347 0.12849791188866097 -0.06762075012769657 -0.29192236673892125 -0.06789393227077242 0.954029216407107 0.016557924577992572
13001298760032 PointCloud37.pcd PointCloud43.pcd 0.10471695632739988 0.8667116514716331 -0.37443981566526413 0.3295538463557628 0.11021829632585765 0.30333612955760175 0.9201282936448136 0.24769157381569856 0.0609344841916094 -0.39597740555280236 -0.11471158476303438 0.9110670373868351 0.09420651148664727
13001298760033 PointCloud37.pcd PointCloud43.pcd 0.10471695632739988 0.9895060595346393 -0.13087674366715246 0.06122937294561389 0.13702719062097027 0.1350469194287523 0.9883772074564787 -0.06980562537028606 -0.12913658063487193 -0.05138178370818492 0.07734192748836236 0.9956797369412266 0.08802255082573503
13001298760034 PointCloud37.pcd PointCloud43.pcd 0.10471695632739988 0.9804660774482664 0.012237478878440589 0.1963071957007932 0.11648678180680401 0.017924039199384886 0.9883506593014215 -0.15113471830530545 -0.17114704825148264 -0.1958698542195524 0.15170108229391388 0.968824949017554 -0.05178833197563609
13001298760035 PointCloud37.pcd PointCloud43.pcd 0.10471695632739988 0.979178848343577 0.19720104059559077 -0.04817190617530598 -0.0688358420834467 -0.20081914285408362 0.9063070646106279 -0.3718590815083293 0.04629381631855752 -0.029672458945923005 0.37379038808519843 0.9270384517134224 -0.1232924797269349
13001298760036 PointCloud37.pcd PointCloud43.pcd 0.10471695632739988 0.9286473552740753 -0.31571182307068574 0.19478227413152727 -0.13553177321281368 0.31721413004522897 0.9480431999710074 0.024275227874956055 -0.12927151072925563 -0.1923259869131418 0.03924456347211027 0.9805460616390081 0.0005017627387521849
13001298760037 PointCloud37.pcd PointCloud43.pcd 0.10471695632739988 0.9107247292244789 0.40409610692847914 -0.08536277844731988 0.06102743561006899 -0.4071917699423628 0.9130807056078523 -0.021874357999079646 -0.10886996487129492 0.06910376306833771 0.054680539608833095 0.9961097873818334 0.006778734938473927
13001298760038 PointCloud37.pcd PointCloud43.pcd 0.10471695632739988 0.9841541879226069 -0.053291760310734244 -0.16911689057387963 -0.16989056873290553 0.058227790010594284 0.998006078909592 0.024359616786468256 0.06284817084360227 0.16748151797997435 -0.03382092166817308 0.9852949235597629 0.053501106555097426
13001298760039 PointCloud37.pcd PointCloud43.pcd 0.10471695632739988 0.9778432688838156 0.12761125616204805 0.16594549948509732 0.15843524244499552 -0.15563823489163842 0.9733135993911037 0.1686338550829862 0.18735848639049948 -0.13999743332800593 -0.1907249447268987 0.9716093423390351 -0.07915343566345712
13001298760040 PointCloud37.pcd PointCloud43.pcd 0.10471695632739988 0.9860471300362538 -0.16129653682127834 -0.04116411734422278 0.14044293317284384 0.15035920352944934 0.9690949821189089 -0.1955684676678246 0.11395373519612136 0.07143645610790451 0.18665032237157625 0.9798257446593909 -0.05780926786782015
13001298760041 PointCloud37.pcd PointCloud43.pcd 0.10471695632739988 0.9458796918859782 -0.3241825163122499 0.014741254870093798 0.20332403268323565 0.3170504493632378 0.9134729118299652 -0.25504166701042025 -0.5279899749321242 0.06921431236569674 0.24591245489064378 0.9668176888604186 -0.07873079290504041
13001298760042 PointCloud37.pcd PointCloud43.pcd 0.10471695632739988 0.8822293312262411 0.41746689815123705 -0.21769886557371826 0.08598772657413986 -0.26186199252915754 0.8193447101958479 0.5100024928789479 0.7075447226700184 0.3912795726750358 -0.392932099505839 0.832168649484691 0.21132194797341017
13001298760043 PointCloud37.pcd PointCloud43.pcd 0.10471695632739988 0.7994579660360114 0.5082024651655075 0.3203080001206109 0.4172265424524424 -0.4607610051134454 0.8608752537312929 -0.21585433440153567 -0.43705218309210037 -0.385442935735514 0.024981031059258488 0.9223934580095444 0.1885305686874129
13001298760044 PointCloud37.pcd PointCloud43.pcd 0.10471695632739988 0.9564727420221922 0.19800169965615594 0.21437168820024352 0.496766220630391 -0.2056079219080041 0.9785405771985991 0.0135543802700324 0.31035201122815914 -0.20708760517525213 -0.05704091259005205 0.9766581070536777 0.06226865863982735
13001298760045 PointCloud37.pcd PointCloud43.pcd 0.10471695632739988 0.9385671910929041 -0.3450551837480457 0.0053430302805008364 -0.165345955891198 0.34137498130951643 0.9306019436716647 0.13207249740368698 1.292972375759266 -0.05054453422382314 -0.1221349360466612 0.9912256592002522 -0.5621428273270574
13001298760046 PointCloud37.pcd PointCloud43.pcd 0.10471695632739988 0.8327048448699554 0.4871146255306126 0.26329068142316475 -0.7251834972815441 -0.5505986762303382 0.7788129693492694 0.3004853682074604 -0.3205686765225956 -0.05868337978936215 -0.395183122574263 0.916726000814285 0.06479937226320284
13001298760047 PointCloud37.pcd PointCloud43.pcd 0.10471695632739988 0.8848219479327664 0.26009992834781703 -0.3865723059531364 -0.07639808510958085 0.024493485507835228 0.8025668623664959 0.5960591418633518 -0.12594653702562522 0.4652850627563089 -0.5368747141602577 0.7037580206798351 -0.4396073384560869
13001298760048 PointCloud37.pcd PointCloud43.pcd 0.10471695632739988 0.9011509977490547 -0.40366975354467655 0.15804306162898463 -0.12450766227287095 0.431213973756491 0.7972603506017255 -0.4224102770950888 -0.47506633436233275 0.04451278572521865 0.4488058192933705 0.8925199989218096 -0.10378404753803912
13001298760049 PointCloud37.pcd PointCloud43.pcd 0.10471695632739988 0.9570388439552471 0.028779516303908126 0.2885279719578624 -0.690394686825371 0.002741950477876993 0.9941194400770306 -0.10825442516824828 -0.26067672608777426 -0.2899467759234112 0.10439481932665089 0.9513320076762765 0.13843811263511965
13001298760050 PointCloud37.pcd PointCloud43.pcd 0.10471695632739988 0.9173284914896167 0.39502405383517497 -0.04964308202568372 -0.25525956906319813 -0.38098495335300125 0.9071699297797171 0.1785866283406303 0.6122609395188437 0.11558072512315978 -0.14490933508607293 0.9826710439332771 0.38076974501789296
13001298760051 PointCloud37.pcd PointCloud43.pcd 0.10471695632739988 0.3125449791574897 0.10918509960313993 0.943607042167499 -1.6107235045197015 -0.6291407532684293 0.7680481980643331 0.11951517906510445 0.4501515902339727 -0.7116864116872524 -0.6310155144485617 0.3087424038659725 0.655873978688355
13001298760052 PointCloud37.pcd PointCloud43.pcd 0.10471695632739988 0.9459022214960684 -0.22202133250936096 -0.23659145225381775 1.1109504218839912 0.29282292108412766 0.8982148678491226 0.32781822411596007 -1.3200271779461963 0.13972732108131716 -0.3793633865906815 0.9146363740076642 0.12033098069854256
13001298760053 PointCloud37.pcd PointCloud43.pcd 0.10471695632739988 0.6306404293689762 -0.7337375920542288 -0.2528275990705433 1.2861417327405424 0.28542279796541714 0.522227109161818 -0.8036247089643792 -0.7764539565696332 0.7216830850497371 0.4346354707832215 0.538762964846454 0.24021233091155172
13001298760054 PointCloud37.pcd PointCloud43.pcd 0.10471695632739988 0.4020894108467776 -0.24504797092858388 0.8821992958672518 1.407289822418558 0.011090664681351281 0.9647528270582268 0.2629239050373403 -1.4402744592518488 -0.9155332341547284 -0.09593474150141039 0.3906346407210201 -0.3863942125898686
13001298760055 PointCloud37.pcd PointCloud43.pcd 0.10471695632739988 0.36724097031481095 0.3605002608430812 -0.8574226680315293 -1.0324995344180354 -0.16286431738284923 0.9325164417662284 0.3223170798438558 0.752998513291091 0.9157561268403582 0.021275520386642405 0.40117087180729216 0.709091762289354
13001298760056 PointCloud37.pcd PointCloud43.pcd 0.10471695632739988 -0.05967507634321764 -0.8012381609414566 0.5953623222161311 1.2418002455920487 0.4272135492229735 -0.5595429194093549 -0.7102114506956128 -1.1715168007830918 0.9021792885140634 0.21196492820749682 0.3756905649417478 1.4550264307644676
13001298760057 PointCloud37.pcd PointCloud43.pcd 0.10471695632739988 0.1277076007472382 -0.9788021908235118 -0.1601157080066717 -1.4225871481789516 0.8858857124746802 0.18516426983822298 -0.42534773727916597 -0.7419756355792542 0.4459790052733566 -0.08752407905468929 0.8907537608346181 -2.1564955307001576
13001298760058 PointCloud37.pcd PointCloud43.pcd 0.10471695632739988 0.9719582343098322 -0.21260780007856142 0.10047444502492867 -0.6986466518597851 0.19759600291782678 0.9700604809489719 0.1412036930534999 1.8669795173802264 -0.12748729500703643 -0.11739074344599447 0.9848687237215857 2.9562701783360765
13001298760059 PointCloud37.pcd PointCloud43.pcd 0.10471695632739988 0.8881148582600856 -0.19429893193017947 -0.4165332202699556 2.3185040180757617 0.2307622676276976 0.9722481728230763 0.03850021144763195 1.720645242127159 0.3974931123642153 -0.13031276028455918 0.9083049103302415 1.0594595228867938
13001298760060 PointCloud37.pcd PointCloud43.pcd 0.10471695632739988 0.45170539740240995 0.891975508574148 0.01849124283061468 0.17409674600209168 -0.8780256260793221 0.4407743963560942 0.18651791191447303 1.0364348905966925 0.15821894294156208 -0.10048693258732999 0.982277528234075 -0.23033380232344233
13001298760062 PointCloud6.pcd PointCloud1.pcd 0.1749056402368095 0.9256488018862296 -0.15796965840225563 -0.34383118327292844 -0.09939692352422354 0.03086924983493787 0.9371816041357298 -0.3474733519051614 0.04477956029295768 0.3771225065959543 0.31102448118091053 0.8723774338696122 -0.0076902285782009284
13001298760063 PointCloud6.pcd PointCloud1.pcd 0.1749056402368095 0.927466603859412 0.37260762670523245 0.031132864413388216 0.28722363733837103 -0.3726378223003168 0.9279631555906522 -0.005043337933975666 0.02030909245353107 -0.030769337281874795 -0.006923755291236261 0.9995025310102527 -0.002199687770581376
13001298760064 PointCloud6.pcd PointCloud1.pcd 0.1749056402368095 0.9731891932334263 0.05691766066086179 0.2228523593740215 -0.03899201566532764 -0.08730874504641556 0.9877953681376767 0.12898640906766906 -0.10118604461177871 -0.2127909237070347 -0.1449851392062202 0.9662811869208984 -0.10025138798159179
13001298760065 PointCloud6.pcd PointCloud1.pcd 0.1749056402368095 0.9938138995528488 -0.08859013123284253 -0.06697553063401826 -0.07248396740314893 0.0779392451981797 0.9859627851372752 -0.14765791676129603 -0.038295307342464335 0.07911641494341487 0.1415244677520306 0.9867681682715582 -0.08921905542073665
13001298760066 PointCloud6.pcd PointCloud1.pcd 0.1749056402368095 0.8849347270868778 0.2294413193286807 -0.4052742402132006 0.20258495998709858 -0.14551892388078871 0.9628737804345283 0.2273726583041515 0.2192011802412453 0.44239662248738953 -0.14223489001097306 0.8854684999904379 -0.15601533734794443
13001298760067 PointCloud6.pcd PointCloud1.pcd 0.1749056402368095 0.9365571906569994 -0.13029188682300785 0.3253992207378037 -0.10490050803884515 0.09009120247103816 0.9866374963394268 0.13575723205188933 -0.2032554498869882 -0.3387391383734566 -0.0978288047824803 0.935780594524614 -0.011980393949487265
13001298760068 PointCloud6.pcd PointCloud1.pcd 0.1749056402368095 0.9868168995227867 0.15208392944728558 -0.05534333943761889 -0.10505687500708193 -0.15210463800401822 0.9883568484474552 0.003862541220595669 0.036905458386361896 0.05528639899560306 0.004606357659505346 0.9984599118418385 -0.17228370455913927
13001298760069 PointCloud6.pcd PointCloud1.pcd 0.1749056402368095 0.9632183971261821 -0.10947042609545568 -0.2454109721429515 0.09481216777158252 0.04454467162189508 0.9656705413779526 -0.2559222103392161 0.005410329359363232 0.26500205974249835 0.23557723006541145 0.9350279552007748 0.016835933901375777
13001298760070 PointCloud6.pcd PointCloud1.pcd 0.1749056402368095 0.9986618049658442 -0.008244921942263155 -0.051055073837262925 -0.076546165024467 0.0011828430871788846 0.9905931951984492 -0.13683465390301658 -0.07345895942338486 0.05170299976397399 0.1365911523075093 0.9892773407526898 0.03604945697673496
13001298760071 PointCloud6.pcd PointCloud1.pcd 0.1749056402368095 0.9334491180753043 0.354115127640892 0.057229540801160106 -0.0016568779574767185 -0.355448654516655 0.891650550683128 0.28038464556529163 -0.012892894756450108 0.048259692982202534 -0.28206696340115656 0.9581801658304738 -0.0024627065900227926
13001298760072 PointCloud6.pcd PointCloud1.pcd 0.1749056402368095 0.9788776647219087 -0.18929392981919524 -0.07724199403296406 -0.6704984391388465 0.20441280694792846 0.9130706402842232 0.3528702455671601 0.4660275573666056 0.0037312014488364506 -0.3612060547451614 0.9324785596201041 -0.43200704238461185
13001298760073 PointCloud6.pcd PointCloud1.pcd 0.1749056402368095 0.9426728201978851 -0.028010387024486782 -0.3325407828806929 -0.22274938529507765 0.04197493057324142 0.9985095334133661 0.03488290248808851 -0.13528338708437415 0.3310680583558874 -0.046841540339322654 0.9424435319079347 -0.0864579347109157
13001298760074 PointCloud6.pcd PointCloud1.pcd 0.1749056402368095 0.9115091029340675 0.38628674370233385 0.14118678021748138 -0.5279467004294873 -0.24591594185779167 0.7870579472647689 -0.5657429957034941 0.437350822061836 -0.3296611970015991 0.48095981046987285 0.8124045518731767 0.596320604975627
13001298760075 PointCloud6.pcd PointCloud1.pcd 0.1749056402368095 0.8944282170691078 -0.4448379633634968 -0.04601468093112471 -1.215955112584706 0.43770782025636823 0.891873710586219 -0.11389972981349919 0.39265864380843823 0.09170620806137267 0.08173414657158631 0.9924260681215598 0.33398208874279667
13001298760076 PointCloud6.pcd PointCloud1.pcd 0.1749056402368095 0.9120435532152249 -0.2987281185603353 0.28095919315792034 0.03616284840546236 0.2807747855156997 0.9542177641666945 0.10312118292246122 0.050794763287740456 -0.2989014500753722 -0.015164752886779605 0.9541634835879661 -0.03724534014163505
13001298760077 PointCloud6.pcd PointCloud1.pcd 0.1749056402368095 0.8677769162273866 0.31307161859064725 -0.3859396135354852 0.2885021243778753 -0.17611917880935415 0.9199475160732387 0.3502550535341313 0.09829837335832363 0.46469910535571957 -0.23597188244303752 0.8534471349637793 0.44029109006252226
13001298760078 PointCloud6.pcd PointCloud1.pcd 0.1749056402368095 0.9067589938948496 0.2551237905933473 0.3357081745565364 0.28712254695768086 -0.322770589340798 0.9322795484926482 0.16332173804774994 -0.0755847927326697 -0.2713066045038232 -0.25645018022147265 0.9276993216646113 0.513033550080603
13001298760079 PointCloud6.pcd PointCloud1.pcd 0.1749056402368095 0.9320822040948389 -0.29558130240006736 -0.20941456129215827 0.6665857753636654 0.35170056765811336 0.876883501243479 0.3276919833562282 -0.4715613680453635 0.08677255049073976 -0.3790870861932092 0.9212836184166494 0.599176532472247
13001298760080 PointCloud6.pcd PointCloud1.pcd 0.1749056402368095 0.9969175741155158 0.06070260560063154 0.049704568129386374 0.7685759250433729 -0.0572466274364328 0.9960260358766837 -0.06822726363363231 -0.3996958888115343 -0.053648616634437964 0.06517153925658871 0.9964308788893175 -0.030176670292830818
13001298760081 PointCloud6.pcd PointCloud1.pcd 0.1749056402368095 0.8269355435340052 -0.351424848312625 0.4389512305809925 -0.5038180303542015 0.31490922096085083 0.9361726050910679 0.15624671526413997 -0.7566056271114252 -0.4658430952519841 0.009023827649712601 0.8848213272410419 -0.5672236858913875
13001298760082 PointCloud6.pcd PointCloud1.pcd 0.1749056402368095 0.884557933303004 0.46081725515400396 0.07214374528015274 0.3713906211529681 -0.45334322276545513 0.8130106797282525 0.36536770111825095 0.46506422805929093 0.10971410576288204 -0.35589477658450436 0.9280634261711409 0.7517700801140615
13001298760083 PointCloud6.pcd PointCloud1.pcd 0.1749056402368095 0.35753105082030195 -0.2232960446521293 -0.9068133347839814 -0.5598527370457218 0.33941359103642543 0.9356659698780077 -0.09657953733584541 -1.8323564214361234 0.8700402070703911 -0.27325458688732396 0.41031934980689017 -1.039095676238176
13001298760084 PointCloud6.pcd PointCloud1.pcd 0.1749056402368095 0.846970438267687 -0.5217913399743291 0.10185712654711832 2.568251917752065 0.29931128619579594 0.3096659120922627 -0.9025074940652209 -0.45527987417740123 0.43937891466985524 0.7948841553433184 0.41845591037489116 -1.4444234168372505
13001298760085 PointCloud6.pcd PointCloud1.pcd 0.1749056402368095 0.9830901249005425 -0.18308170050055056 0.003859697509230632 -1.5538188506514627 0.15102212660074743 0.798659791430193 -0.5825245529843947 -0.14806381695624382 0.10356700053600024 0.5732570352769407 0.8128039418614238 1.6304254333442487
13001298760086 PointCloud6.pcd PointCloud1.pcd 0.1749056402368095 0.9961899083963097 0.07324288013654746 0.04734075325398731 0.7606497182645955 -0.06935138782174234 0.9944443918690045 -0.07918798196370329 -0.1786627646911177 -0.05287770245150462 0.07560312155981953 0.9957349630267388 -1.0121583129141114
13001298760087 PointCloud6.pcd PointCloud1.pcd 0.1749056402368095 -0.32644543595388364 -0.37072449429542653 0.869480722428208 -1.8434000803245416 -0.24170115082317578 0.9220325129771457 0.3023848519747664 -0.683698972353015 -0.9137909668166078 -0.11144233640071097 -0.3905978425720239 0.0625394791836841
13001298760088 PointCloud6.pcd PointCloud1.pcd 0.1749056402368095 0.24035555811420045 0.13383845722752818 0.961413788672997 1.3543501889231038 -0.22502672046936384 0.971149824899636 -0.07893663707182569 0.6166589502110364 -0.9442415902502992 -0.19737093242005382 0.26353848727884993 1.1269384525744466
13001298760089 PointCloud6.pcd PointCloud1.pcd 0.1749056402368095 0.3714079186630443 -0.7613168788673147 0.5314628565630113 -1.3536603996861465 0.09687272977496741 0.6010579171297643 0.7933127091390729 -0.8620068440430085 -0.9234023132851312 -0.24315836446102324 0.29698851427674533 -1.0716565011371926
13001298760090 PointCloud6.pcd PointCloud1.pcd 0.1749056402368095 0.4358067622814596 0.6439802975854674 0.6287780548583777 0.6079217362677423 -0.1478590111629911 0.7403454795163424 -0.6557638933165048 -0.7458539973367795 -0.8878120176972457 0.1928158377350017 0.41786585640716767 0.17718562049963882
13001298760091 PointCloud6.pcd PointCloud1.pcd 0.1749056402368095 0.7678344469102827 0.5219819626734326 0.3714365259119946 -1.4028027923350999 -0.6171663271157881 0.4471463917640609 0.6474301730741232 -0.9290442023547041 0.17186037010430447 -0.7263573053091519 0.665484093131939 -0.8076286757306382
13001298760093 PointCloud7.pcd PointCloud30.pcd 0.10435724406755736 0.9817549971289264 0.03894093213821373 -0.18612020152736938 -0.2494571724379028 -0.08690231778435473 0.9624910716020308 -0.2570193071543095 0.05334975310384768 0.169130460816757 0.26850426605657735 0.9483144764967631 -0.16448469907818158
13001298760094 PointCloud7.pcd PointCloud30.pcd 0.10435724406755736 0.9663521726258505 -0.09793812029571117 -0.23784785694691626 0.1444775507754916 0.10512497730580345 0.9943016520434678 0.017690785456973834 -0.07397144763569945 0.23475991482310657 -0.042099279525583025 0.9711413043711373 -0.11074050875614304
13001298760095 PointCloud7.pcd PointCloud30.pcd 0.10435724406755736 0.9726351759889981 0.08008585317833093 -0.2180987632921137 -0.12261415199901607 -0.06173624211884917 0.9940538615037886 0.08969702803576804 0.04727818662120311 0.22398538085753156 -0.07377788659283585 0.9717959521483926 -0.16628097576295253
13001298760096 PointCloud7.pcd PointCloud30.pcd 0.10435724406755736 0.9917883368638953 -0.12229575704777718 0.03741179852478438 0.06258403623355391 0.12773861052342766 0.93304250574667 -0.3363250360165279 0.07984134443701459 0.006224326653707816 0.33834217927726035 0.9410025650760053 0.2066612915693717
13001298760097 PointCloud7.pcd PointCloud30.pcd 0.10435724406755736 0.9975783866262268 -0.015317682848135651 0.06784343098914028 0.1511279337996549 0.02360770235881298 0.9921094289827993 -0.12313227567442049 0.08009979820267062 -0.06542200643171994 0.12443572443469648 0.9900685388188336 -0.049315994285484395
13001298760098 PointCloud7.pcd PointCloud30.pcd 0.10435724406755736 0.9493798504999088 -0.31248975581720095 -0.032063249586971695 -0.018499451428623942 0.30458686953280556 0.940697469871506 -0.14938242562481077 0.07203501583052745 0.0768422954692012 0.1320546200882519 0.9882594997976851 0.038859944894265315
13001298760099 PointCloud7.pcd PointCloud30.pcd 0.10435724406755736 0.9722855436156839 -0.23325207953123978 -0.015946443813780707 0.061896184611876716 0.2322751050248288 0.955940321759793 0.17951706553831553 -0.014333290850853653 -0.026628880217887972 -0.17824580956683195 0.9836256066767507 0.09503663172545834
13001298760100 PointCloud7.pcd PointCloud30.pcd 0.10435724406755736 0.9472656777904317 0.2872658129838271 0.14200735322854027 -0.04734714248446007 -0.28099990464309504 0.9576505842739008 -0.06280455421725695 0.08612340821475284 -0.15403502611680894 0.01958854590309768 0.987871195854296 -0.11040922406031309
13001298760101 PointCloud7.pcd PointCloud30.pcd 0.10435724406755736 0.9740944336236802 -0.027369786967196025 0.22447923989699448 -0.08990910033774205 0.031667648880424684 0.9993772154304115 -0.01556731489190021 0.015820569817808935 -0.22391336359795105 0.022272764532669655 0.9743545194447062 0.10750915897198098
13001298760102 PointCloud7.pcd PointCloud30.pcd 0.10435724406755736 0.9857659301735667 0.15687845089386268 -0.06045397054110635 0.10984993365632145 -0.14546093999215334 0.9761428363097141 0.16120259941398668 -0.07917505492134488 0.08430092434630956 -0.15011433897655813 0.985068037948643 0.016508055477856897
13001298760103 PointCloud7.pcd PointCloud30.pcd 0.10435724406755736 0.9388986803084037 0.34375247603083087 0.01742134718703132 0.30140560126102234 -0.3410056101846554 0.9358829849248311 -0.08853367918921709 0.2632973498075453 -0.0467380138402233 0.07718337742585116 0.9959208223103933 -0.263949194211889
13001298760104 PointCloud7.pcd PointCloud30.pcd 0.10435724406755736 0.9981591069742668 0.05759651056078211 0.019001029855137037 0.571772609523147 -0.05641489327487358 0.9967354158361035 -0.05775699641441274 0.14954227083671356 -0.022265600847916008 0.056578730891135916 0.9981498335568812 -0.3077230969159959
13001298760105 PointCloud7.pcd PointCloud30.pcd 0.10435724406755736 0.881277062489444 0.11732949499665464 0.45780402874352993 -0.12754651376289886 -0.06930496174140545 0.9903045261391616 -0.12039006514789005 0.33851322483919727 -0.4674907072958768 0.07436891226931372 0.8808641799278026 -0.09124820211324632
13001298760106 PointCloud7.pcd PointCloud30.pcd 0.10435724406755736 0.9517291969404351 -0.2069343604842801 0.22669297770790547 0.55570712451355 0.2813396903450348 0.8834131414520116 -0.37473884259100826 -0.7834538325488382 -0.12271721284186199 0.4204276298732644 0.898988928581145 0.5147591588496633
13001298760107 PointCloud7.pcd PointCloud30.pcd 0.10435724406755736 0.8101596511621199 -0.18922966687484935 0.5548274261455587 0.05066606360079514 0.07514501882696215 0.9721818866390223 0.22184590470974763 0.042857093042802816 -0.5813730005550372 -0.13803808338797108 0.8018422050255323 0.8167621930704435
13001298760108 PointCloud7.pcd PointCloud30.pcd 0.10435724406755736 0.9749593108595077 0.1918756504603123 -0.11241920177970582 -0.3007696779303832 -0.22222168000656317 0.8213271402169284 -0.5253943791840022 -0.21049498991275098 -0.008477446750926779 0.5372201257431767 0.8433994720137493 0.0761521455387447
13001298760109 PointCloud7.pcd PointCloud30.pcd 0.10435724406755736 0.9489827974415669 0.3105677185532776 -0.05458335233924512 0.21580814702081533 -0.23499253883007742 0.8119609422899497 0.5343200678337013 -0.5448296436721761 0.210262114643063 -0.49423387215793785 0.8435180630891068 0.1408355123921988
13001298760110 PointCloud7.pcd PointCloud30.pcd 0.10435724406755736 0.7587689633542942 0.6340988466451797 0.14895741986723088 -0.19234928300678283 -0.3875748638653812 0.6233189123871483 -0.6791607014250999 0.6172787871951854 -0.5235029944040253 0.45759390964451796 0.7187158191568235 0.6012212887035553
13001298760111 PointCloud7.pcd PointCloud30.pcd 0.10435724406755736 0.9484839360683492 0.30544746986772453 0.08414312908192281 0.1864645729819671 -0.3167184611645987 0.9072199350664104 0.27684184253039995 0.7218977405518798 0.008224316252443097 -0.2892297228320487 0.9572243875145869 0.0012889115812704064
13001298760112 PointCloud7.pcd PointCloud30.pcd 0.10435724406755736 0.9644449220507292 0.07712923023700828 -0.2527787059338854 -0.15780953678410378 -0.1949390570335699 0.8534422631539187 -0.4833581151750536 0.5015992135365446 0.17845099151707094 0.5154487222855095 0.8381335563744063 -1.128966622158867
13001298760113 PointCloud7.pcd PointCloud30.pcd 0.10435724406755736 0.32727659290240924 0.7704492055662777 -0.5470813955715202 0.21586995892790184 -0.07047339026564792 0.5972549514593319 0.7989493251901378 0.5205050773856129 0.9422969452368274 -0.22292273235272025 0.24976373315143463 -0.7319175099669556
13001298760114 PointCloud7.pcd PointCloud30.pcd 0.10435724406755736 0.32486942747041786 0.8800005364617595 -0.3464951816722113 2.4932554571639165 -0.9185564248766315 0.38082383007605364 0.10595897679794028 -1.3931450445404874 0.22519757861243608 0.2838525431861072 0.9320481663057307 0.18271213048668794
13001298760115 PointCloud7.pcd PointCloud30.pcd 0.10435724406755736 0.9189115560483069 0.09273400524884001 -0.3834083416298971 -0.11285282341281178 -0.3922628744174167 0.31734924236288553 -0.8633766824077942 0.22784610360615162 0.04160996893372779 0.9437636688505291 0.3279919935655802 -0.23269556139136702
13001298760116 PointCloud7.pcd PointCloud30.pcd 0.10435724406755736 0.04754277246666261 0.3651207512616934 -0.9297454069713278 0.34929968592348165 -0.0045717293377361135 0.930867740967627 0.36532772700233085 -0.32682576068657465 0.9988587408022447 -0.013118148646958622 0.045925266455739466 0.22918661785737895
13001298760117 PointCloud7.pcd PointCloud30.pcd 0.10435724406755736 0.20377739696919323 -0.9776013826981318 0.05263372522594925 1.14362492525284 0.965395761046288 0.1917145870824432 -0.17679519691910967 -0.25897528815460585 0.16274457606420645 0.08683924024603858 0.9828393303664504 -1.5044767130186376
13001298760118 PointCloud7.pcd PointCloud30.pcd 0.10435724406755736 0.09699996700054114 0.3344720060565097 0.937400385943183 0.6113294379370495 -0.08357998290337476 0.9412523623779755 -0.32719776401398615 -0.8093430685397744 -0.9917688202700092 -0.04660973591874057 0.1192566126377056 1.1474945015037574
13001298760119 PointCloud7.pcd PointCloud30.pcd 0.10435724406755736 0.3543067854020763 -0.6429914966511194 0.6789908961483948 0.009428191961796123 -0.011026536706371382 -0.7289152617506369 -0.684515125234836 0.6767324227995406 0.9350642316473825 0.23504143554138218 -0.2653495925610895 0.37784017695805544
13001298760120 PointCloud7.pcd PointCloud30.pcd 0.10435724406755736 0.3713872526682275 0.48037361189166594 -0.7945518872633186 1.2317214383283597 -0.09573803777550438 0.8710087029040925 0.48184859405027464 -0.40530920841676693 0.9235289582240733 -0.10288358694896566 0.3694715562233071 1.4071822090774588
13001298760121 PointCloud7.pcd PointCloud30.pcd 0.10435724406755736 0.8166801115902991 -0.36745577960284637 0.4449829719992896 -1.6712418698316631 0.5660686880864823 0.6600613606239003 -0.4938473859193483 -0.8499370449706244 -0.11224898975449618 0.6552062654216527 0.7470641967403505 0.6732769966899566
13001298760122 PointCloud7.pcd PointCloud30.pcd 0.10435724406755736 0.8578360723186897 0.17866108149338117 0.48186874871531044 0.39866114152521503 -0.5123848508138542 0.3698249463805555 0.7750427560406481 1.3554718078316856 -0.03973710715827211 -0.911761880643315 0.4087924110357938 -0.18841422518936124
13001298760124 PointCloud29.pcd PointCloud43.pcd 0.16455220246918922 0.9980779837056574 -0.026291511504937817 -0.05611679663732708 0.008567784904747057 0.03867800410198889 0.971799609099555 0.2326145561925104 0.05799322445438725 0.048418492755722284 -0.23433795291573614 0.9709486976058654 0.007570305127675734
13001298760125 PointCloud29.pcd PointCloud43.pcd 0.16455220246918922 0.9213002406216128 -0.18508054207998176 -0.3419810807251451 -0.20619133394506048 0.11803504192299696 0.9710750851794734 -0.20755940793400454 -0.008676292416277025 0.37050451482916436 0.15085878127261357 0.9164976991810437 0.0052381730459962784
13001298760126 PointCloud29.pcd PointCloud43.pcd 0.16455220246918922 0.9948686670516997 0.01153500592758087 -0.10051506830831189 -0.16308587420096088 0.009344206939620087 0.9787576800165522 0.2048074451900758 -0.07251510170887328 0.10074235015842883 -0.2046957435973377 0.9736275630022444 -0.07596981078788018
13001298760127 PointCloud29.pcd PointCloud43.pcd 0.16455220246918922 0.9534698733168173 -0.27607338097246137 0.1211556395536184 -0.06867591909799063 0.2509939078446852 0.9494948436222428 0.18831250664686622 -0.0002910289503434844 -0.1670247254213152 -0.14914097442757507 0.9746074650056439 0.013298943538529055
13001298760128 PointCloud29.pcd PointCloud43.pcd 0.16455220246918922 0.9902881704826916 0.11678016106778766 -0.07544357748029612 0.03972130442829247 -0.08847867701313858 0.9479336942340255 0.3059301146501239 0.04273980136037786 0.10724207717145623 -0.2962838256078364 0.9490600779545713 0.05053694124771932
13001298760129 PointCloud29.pcd PointCloud43.pcd 0.16455220246918922 0.964913358478989 0.2568622040311743 0.05444280272952509 -0.11199813274602484 -0.26199092489811704 0.9281217352196705 0.2644821352830046 -0.2665364266080173 0.01740591565611474 -0.2694658656547722 0.9628526270136551 0.025342044359507123
13001298760130 PointCloud29.pcd PointCloud43.pcd 0.16455220246918922 0.9731997083007234 -0.18704938481251873 0.13377165396542484 -0.09073265662555219 0.19846437476331993 0.9770234713092573 -0.0776983169741381 -0.04115519199045055 -0.1161646233290995 0.10216488707999156 0.9879615964878095 0.027532598075068457
13001298760131 PointCloud29.pcd PointCloud43.pcd 0.16455220246918922 0.9916601450831172 0.11408657732597549 0.05995339463095537 -0.057355279909961566 -0.09226763071462868 0.9532397720714557 -0.2877857210903071 0.01420410656285167 -0.08998244815540288 0.279853872253366 0.9558163888575864 -0.04438116402450477
13001298760132 PointCloud29.pcd PointCloud43.pcd 0.16455220246918922 0.9721605954604443 0.010499463762256675 -0.23408019543459704 -0.039190117485136435 -0.04850147576638757 0.9863768416394846 -0.15718884542421407 0.06239339742388677 0.22924088527676864 0.16416603649360606 0.959425937203859 -0.0867958500697052
13001298760133 PointCloud29.pcd PointCloud43.pcd 0.16455220246918922 0.9239671152037479 -0.36342178787951035 0.11920307930806492 -0.032344975956587 0.3146117965403393 0.8994068950631711 0.30345783000358817 0.11559658205275114 -0.21749525856837607 -0.2428823608401538 0.9453591758125528 -0.04199945000719464
