id source target overlap t1 t2 t3 t4 t5 t6 t7 t8 t9 t10 t11 t12
13001298760030 PointCloud24.pcd PointCloud4.pcd 0.14459731125404368 0.5229286484817992 0.5829404786737686 0.6218729990284159 1.4364551082665356 0.18097692006916805 0.6370089058345153 -0.7493110223997717 -5.07594815469157 -0.8329423647523738 0.5043808602743673 0.22761143378488763 11.753888481081807
13001298760061 PointCloud7.pcd PointCloud2.pcd 0.11699574916259046 0.3074124935561838 -0.7841778187380994 -0.5390386882262959 -3.028317155793295 0.9182352389131432 0.39309233687949147 -0.048191915346285336 1.653913534620973 0.2496830086803914 -0.48014952180104997 0.8409012022173181 -2.7884452861573292
13001298760092 PointCloud29.pcd PointCloud9.pcd 0.17667633278871228 -0.42687879960258146 0.18350139608955165 -0.8854951880631791 10.523105908572361 0.5073891140614045 0.8591425179817817 -0.06656140569359567 -5.229363364653209 0.7485524546628929 -0.4777042719393556 -0.4598563375545107 3.7247066332362535
13001298760123 PointCloud19.pcd PointCloud6.pcd 0.16532383060048897 -0.21913162601609665 -0.16473517343936883 -0.9616879187716993 -1.4941593590577034 -0.9679016182497081 -0.087628884070523 0.23555813733800668 1.7844482073633068 -0.12307634975549897 0.982437530486522 -0.14024518110226164 11.119177647115816
13001298760154 PointCloud40.pcd PointCloud24.pcd 0.13984976278334213 0.7113725555705679 -0.5313293390155994 -0.4600415423439991 2.3923350278123996 0.369469296306702 -0.274102907191008 0.8878964102619562 2.082009517424563 -0.597864136963934 -0.8015963633716685 0.0013205914154090226 -4.672787957556938
13001298760185 PointCloud16.pcd PointCloud44.pcd 0.12087492675794374 -0.3134602979336055 0.8706582061455539 0.3790737786906155 1.9856081918411363 -0.3649120174088259 0.25809894273463085 -0.8945524888512059 -10.43761075297249 -0.8766880067447005 -0.41873526700132657 0.23680987099217743 8.663082469706415
13001298760216 PointCloud39.pcd PointCloud18.pcd 0.1442630206528057 -0.3368305366221358 -0.9060012826654043 0.25633350426248613 -1.638162841259285 0.9242010094823843 -0.2660879841674504 0.27395196431755037 1.953823637189247 -0.17999356563662428 0.32917907055331547 0.9269538585275264 -9.620031528557176
13001298760247 PointCloud43.pcd PointCloud29.pcd 0.11673057411287241 -0.09893141798094307 -0.34066252638935934 0.9349661050809807 -1.3943182820013775 0.7842538697995399 0.5516364110365054 0.28397735424362647 6.927546249825419 -0.6125017895816521 0.7613450683709607 0.21259173226278305 -9.547358019746698
13001298760278 PointCloud12.pcd PointCloud1.pcd 0.1078613647842527 0.9941094624556756 0.10837946368946054 0.0005181761023353992 -3.9121325110745055 0.0666550624269099 -0.6151488400373789 0.7855883191936678 -2.683088166625052 0.08546039614320117 -0.7809262426446254 -0.618749322617807 12.249926827698532
13001298760309 PointCloud9.pcd PointCloud14.pcd 0.16372017116782744 0.1475836234797379 0.2414544861657144 0.9591239780086002 -13.545018812065505 0.04103286878332303 0.9674134053646197 -0.2498551716499792 1.1093689813990424 -0.9881980458187526 0.07623013991382152 0.1328668055186007 2.9439630851320424
13001298760340 PointCloud19.pcd PointCloud5.pcd 0.2000911097872937 -0.82509342213429 -0.5498280664977611 -0.1300382330011436 -3.1110023662097825 0.5615864561027493 -0.823344691276247 -0.08200104675658737 -2.4632799264559013 -0.06197981181546834 -0.14068623471596242 0.9881122842515238 -13.783425976948218
13001298760371 PointCloud41.pcd PointCloud31.pcd 0.19172968113796204 0.878245770420329 -0.42789952858496205 0.21350962548693225 1.6165187483500718 -0.02495865681776746 0.4048536280392832 0.9140408116234651 -13.468961053082314 -0.47755777890078993 -0.8080813902696913 0.3448811889783891 2.163410853474966
13001298760402 PointCloud3.pcd PointCloud5.pcd 0.22889848011581093 -0.06661046746764038 -0.498697267773376 0.8642129834358612 5.841976497759315 0.8942372499116383 -0.4140508097822539 -0.17000490519137912 -13.560485706538529 0.4426090673429685 0.7614873354390271 0.47353379126706263 1.4399179762731587
13001298760433 PointCloud7.pcd PointCloud41.pcd 0.2597489671496588 0.5888169347417835 -0.06619255756803849 -0.8055514649504969 -0.20086343077765498 0.1523457488581257 -0.9696884761938485 0.19103672930017565 0.03958689553928473 -0.7937791822453815 -0.23520800254126903 -0.5608848414553556 9.644817321374383
13001298760464 PointCloud37.pcd PointCloud40.pcd 0.21488970104908894 0.03604389742466838 -0.49591091770516427 -0.8676250337324658 3.212025620252699 -0.7306530962983232 -0.6053905854276289 0.3156711769314183 10.915562093764827 -0.6817968101480925 0.6225548978013227 -0.3841594836724345 6.817053217259049
13001298760495 PointCloud7.pcd PointCloud14.pcd 0.20138002920754183 -0.24173440389693868 -0.9509952624725317 -0.1928016823769761 -4.395155847928795 0.9379663979581903 -0.27990735242208786 0.20462382647530328 7.572852255179099 -0.24856289802367848 -0.13137688082329327 0.959664837800788 -10.627500065476799
13001298760526 PointCloud8.pcd PointCloud30.pcd 0.182959385603789 -0.2507007966794909 0.43084994022517836 -0.8669010552261593 -2.6629327407640373 0.9375818860973575 -0.11488646272372934 -0.32823971049364303 -7.931539450864105 -0.24101725541211777 -0.8950806833413338 -0.375154971848729 0.3784286689593616
13001298760557 PointCloud28.pcd PointCloud20.pcd 0.1978187085197916 0.09596133297699388 -0.6895837951767315 0.7178200415166284 -14.540644375706533 0.9373730480315953 0.3052002170625074 0.1678826862096116 -1.4728854042887192 -0.3348480123835814 0.6567549139021756 0.6756846836121942 1.881996788758838
13001298760588 PointCloud12.pcd PointCloud41.pcd 0.24127387143890686 0.6746054278952597 -0.1918276196364188 0.7128181261716617 6.692688598324907 0.7186245975466108 0.39145020636842043 -0.5747568387893203 3.6314741812368965 -0.1687785663383395 0.8999827222112358 0.40192647992640185 0.00779556890508417
13001298760619 PointCloud27.pcd PointCloud30.pcd 0.2132292355009504 -0.5664147718859055 -0.1454785058744787 -0.8111783469237617 -0.8028419990590866 0.6310370678184651 0.5565246373432392 -0.5404373664626175 -3.930214494657945 0.5300627559341544 -0.8179953131641434 -0.22342144573201483 -0.23811571899802325
13001298760650 PointCloud19.pcd PointCloud28.pcd 0.3273833430822603 0.36361848150540266 0.9164620696622645 0.16696968221226277 1.6650091542665881 0.641366179794439 -0.37628670647301443 0.6686237641211829 3.9849653556561253 0.6755967904923712 -0.13603525058620058 -0.7246125773641781 -1.6855907571111426
13001298760681 PointCloud11.pcd PointCloud39.pcd 0.28428137963859396 0.7462242791564191 0.6225484234688873 -0.23576001703827057 0.27297156635430214 0.3623585812554898 -0.08277522885443894 0.9283558154493371 -0.1840416729594083 0.558431359961089 -0.778191314475109 -0.2873546489749393 -14.533742970773364
13001298760712 PointCloud36.pcd PointCloud39.pcd 0.32146557283462485 0.5671577185952579 -0.2899096168955576 0.7708985252737826 3.2408276317576643 -0.5167155516154507 -0.8541256485557662 0.05894417017765011 4.834740984210487 0.6413557210757244 -0.4317658978088268 -0.6342247618413956 -12.40714034258539
13001298760743 PointCloud28.pcd PointCloud23.pcd 0.31493341548306203 0.6855416208304922 -0.7005776931971738 0.19804944307830846 -2.0795643512252933 0.2602221821706163 0.48985620632828947 0.8320608830055759 3.5778332334835126 -0.6799390428674206 -0.5188755081097803 0.5181226737639968 -6.976783817984343
13001298760774 PointCloud35.pcd PointCloud28.pcd 0.2876931723927184 0.38647339382673157 -0.4028783597506237 0.8296549542482675 -0.9639387268866516 0.5028291504960997 0.8461418808822725 0.17665435977745034 8.864734351277637 -0.7731760221808607 0.3489024858920571 0.529590307750174 6.32071623094838
13001298760805 PointCloud29.pcd PointCloud10.pcd 0.2968112617535355 -0.8667515210318496 -0.4682155595119118 -0.17180218456097313 -2.7065954722287526 0.34618469983145744 -0.8127784801071384 0.46855874325140245 -4.811077948624119 -0.35902361258220744 0.3466487157132958 0.8665660468208662 -1.586080473838351
13001298760836 PointCloud29.pcd PointCloud22.pcd 0.2726116924009132 0.14146524223021434 -0.9896337337476453 -0.024751934660573516 7.639526966422926 0.7733918644323243 0.09487737374387822 0.62678808857648 1.6053467728220052 -0.6179422378108166 -0.10781167367293282 0.7787965291070582 1.2208987072752497
13001298760867 PointCloud15.pcd PointCloud19.pcd 0.28712104865681304 0.4016332162342554 0.7000732095022877 -0.5904136354747355 -7.9480564984809146 -0.5597150190989824 0.6979197344691367 0.4467965327009102 4.942012248866743 0.7248516103399051 0.151015050825061 0.6721492374554559 9.210907811202635
13001298760898 PointCloud33.pcd PointCloud29.pcd 0.27995113321323395 0.45284917352593557 0.8621407162017541 -0.22724658744193216 -5.765080650714141 0.12581373609283464 -0.3141202993434448 -0.9410097456194315 -1.214960296632849 -0.8826655821132031 0.3975447434031938 -0.2507182624884933 -3.2912615026587835
13001298760929 PointCloud20.pcd PointCloud15.pcd 0.32430708159069965 -0.08333387047944812 0.1356949308952325 -0.9872397640696269 -4.483329227543242 -0.6704887986270227 -0.7405421209884278 -0.04519002055379334 0.22653388840208571 -0.7372246855244378 0.6581673440480762 0.15269417239074673 -2.658886690444248
13001298760960 PointCloud15.pcd PointCloud26.pcd 0.3848284604595965 0.36848791790085844 -0.41481432819010217 0.831952959901751 5.020463637020674 -0.1577782699857711 0.8540369469600881 0.4957084937212484 -6.891554585179317 -0.916145551690007 -0.31392668945995345 0.24925360932858454 -7.861987153606572
13001298760991 PointCloud12.pcd PointCloud14.pcd 0.4116876202956714 -0.5973507794502075 -0.8019704199638946 -0.003935961529797496 5.566690560472684 0.8009698371742184 -0.5968373826420967 0.04724890070718625 7.0655020129064345 -0.040241349720598826 0.025071581199957282 0.9988753924232985 11.414299196264967
13001298761022 PointCloud17.pcd PointCloud13.pcd 0.36575556454659697 -0.6943862177277553 -0.4997440194537624 -0.5177679940378126 2.819277400072288 0.23397086157921615 -0.8372176702824179 0.4942916229299869 -13.483789926171465 -0.6805037961404934 0.2220866668376979 0.6982779502829083 0.37088270199774054
13001298761053 PointCloud15.pcd PointCloud31.pcd 0.3965152659402309 0.6236103549043013 0.3591831282610459 0.6943324892504602 -12.55716045945523 -0.7808334958155213 0.3288502140230042 0.5311841380816418 2.1291977862108635 -0.037539007294327686 -0.8734099937083577 0.48553661635526835 -7.847314682329301
13001298761084 PointCloud7.pcd PointCloud13.pcd 0.37974418970787027 -0.6849613320182752 0.6449173790753122 -0.33898310843813423 0.02653354196011785 -0.6260066841725311 -0.7589856050396695 -0.17904324258088994 -0.08095720609924435 -0.37275139840255817 0.08956799377677642 0.9235983810508442 -6.362838579265061
13001298761115 PointCloud41.pcd PointCloud43.pcd 0.37447781714346146 0.28698750615396096 -0.9544158602239325 -0.08202766036247167 -9.3039438941428 0.9182171876350453 0.29847949124057016 -0.26035973121886247 -7.77256291784577 0.27297503117156735 -0.0005992176408944894 0.9620209318383361 -3.6266407515970234
13001298761146 PointCloud30.pcd PointCloud33.pcd 0.3461570524628694 0.8580738409464126 0.3160778879111619 0.40472713308732994 2.661061909717056 0.3357948501232057 -0.9416429002195426 0.023462035224213577 2.177729315693343 0.38852426193766093 0.11577312831459374 -0.9141364671896905 10.560428049742782
13001298761177 PointCloud29.pcd PointCloud34.pcd 0.35692335991516894 0.03389582441352268 -0.6998567022751352 -0.7134785696626779 -2.121604989783772 0.8602441307242394 0.38383330693905704 -0.3356367501313371 -5.611396272624477 0.508754467933035 -0.6023890676006667 0.6150579668562745 4.0795244777972
13001298761208 PointCloud30.pcd PointCloud32.pcd 0.4130983722499953 -0.20534917278828776 -0.8390632631709175 0.5037901920761637 0.4094263053089502 -0.2914046036400556 0.5438325694852638 0.7869749000727013 7.7783864598368035 -0.934299242326862 0.01479786349537271 -0.3561824659123808 0.8684117902185773
13001298761239 PointCloud31.pcd PointCloud28.pcd 0.4097219420212666 0.45130987261340233 -0.8564124953015684 0.2507529397096188 4.4478977763155605 0.1583873901230448 0.3534119463618321 0.9219617295846677 -1.0006114086392908 -0.8781986298848825 -0.3763743270470007 0.2951432404921928 -5.724904846712975
13001298761270 PointCloud19.pcd PointCloud15.pcd 0.4712505492195018 0.18130243947434588 0.9251547488890891 -0.3334938021142486 -4.634085067838395 -0.8320241738089081 -0.036484260549909886 -0.5535383211031825 2.6854663440374593 -0.5242758812288191 0.37783275313304 0.7631364301497159 -9.126393461794397
13001298761301 PointCloud11.pcd PointCloud26.pcd 0.4881253076170026 0.4687423449898749 0.7044586231348073 -0.5329340130864274 2.7866542610021545 -0.6922952161702021 -0.08174933148206381 -0.716968883892522 -3.798340491781079 -0.5486419120712945 0.7050213437146756 0.4493739614458172 -0.7718463073018781
13001298761332 PointCloud5.pcd PointCloud8.pcd 0.4613480287794919 0.20709618404555677 0.9324650477727718 -0.296006934438859 11.394524462675344 0.08201724547629619 -0.3180493374813153 -0.9445198729366032 2.4950473801106994 -0.9748765778283166 0.17132878803580687 -0.14234501885184364 2.353729243993505
13001298761363 PointCloud28.pcd PointCloud17.pcd 0.4475052424497914 -0.7967107849274402 0.3876624862883363 0.46364827391574315 -1.2880176844573898 -0.6042758443473684 -0.5238318242523983 -0.6003756522700432 4.086135086713011 0.01013060307077282 -0.7584972093720255 0.6515975400937856 7.809690834367365
13001298761394 PointCloud28.pcd PointCloud19.pcd 0.4472458222539291 0.1327370404018573 0.9790589803734642 -0.15435151782677245 -0.872451008836313 -0.9534731789826305 0.16866305323691178 0.24988331563663735 -5.095772873711972 0.27068390248796176 0.11400126061967647 0.9558943129399882 5.730197683698475
13001298761425 PointCloud40.pcd PointCloud26.pcd 0.4777648919346336 -0.609064593452251 -0.5892101971750442 -0.5309158733243807 3.3021211535119415 0.47979923485663833 -0.8067442387273118 0.34490060526371147 -1.0985108123848244 -0.631532275686547 -0.04466628286790414 0.7740619535547111 -14.439838578159092
13001298761456 PointCloud3.pcd PointCloud11.pcd 0.4319382484939476 0.43763217882494354 -0.8537478007547827 -0.28212190408279986 6.198675717364788 0.8179282432921879 0.5083148313624859 -0.26946135352195333 -3.6749538911969033 0.37345878605528654 -0.11283051414976078 0.9207593660641267 -1.565628565486982
13001298761487 PointCloud40.pcd PointCloud12.pcd 0.46633895624670535 -0.2904881807274079 0.9545933193473704 0.06609244673221079 -8.495871551391824 -0.7918251040943112 -0.20102726019940753 -0.5767157403632686 0.8689875553325872 -0.5372426094267971 -0.21986276472856656 0.8142669975519066 7.161298254235208
13001298761518 PointCloud36.pcd PointCloud30.pcd 0.4705812392299479 0.9213123086907511 0.17433601106585817 -0.34754939951115343 1.8635840297945172 -0.3146615742143224 -0.19078736301979177 -0.9298323912538855 -0.47767093531651295 -0.2284113035028758 0.966026468248981 -0.1209179022085562 -11.675022887156144
13001298761549 PointCloud42.pcd PointCloud44.pcd 0.47334424047326734 -0.995396913033472 -0.06229987714844132 -0.07282658052334919 -2.430501186149976 0.09488300102712541 -0.5335839826693513 -0.8404078471520836 9.493758832637553 0.013498208752322004 -0.8434493812588889 0.5370390485006431 -3.666948151429743
13001298761580 PointCloud17.pcd PointCloud15.pcd 0.5091570184158559 0.8565164570599841 0.0750278245046929 0.51063723359691 9.900343927039833 0.3036616234797767 0.7267566943233851 -0.6161284977030133 9.942492351731296 -0.4173358086853303 0.6827851293095353 0.5996959979712408 3.891789705437151
13001298761611 PointCloud16.pcd PointCloud11.pcd 0.5270390857241153 0.6705897119459446 -0.5671244626930864 -0.478204226295976 0.17971653792233186 0.2781955476650735 0.7898390978404038 -0.5465907397514036 2.406695310645562 0.6876893742756134 0.23350384009205277 0.687429473597605 -4.474373894953919
13001298761642 PointCloud43.pcd PointCloud40.pcd 0.5165777233136999 -0.36009989969976575 -0.13486703644418147 0.9231137225266357 3.5517453873439933 -0.9166762637568215 0.23496198967793042 -0.32326071656083144 -8.42505803618247 -0.1732994221024775 -0.9626025897987975 -0.20823919998788756 -2.042556977994307
13001298761673 PointCloud28.pcd PointCloud30.pcd 0.5023320794690533 0.2257971685046014 0.9468237747831229 0.22921688027006829 5.554865558403332 -0.9460804808975222 0.2692283232493934 -0.18013282217584128 -6.402467702018802 -0.2322657149904345 -0.17618413511368816 0.9565624852429787 -4.2669396950423
13001298761704 PointCloud10.pcd PointCloud12.pcd 0.5549099392361111 0.1341739365445074 0.8190827568450226 -0.5577641008448897 4.371788444747854 -0.3009964877979857 -0.5025751468124628 -0.8104439130129293 3.6111024412379713 -0.9441390094077395 0.27662548553159233 0.17910854716898142 2.845334234472993
13001298761735 PointCloud5.pcd PointCloud27.pcd 0.5618742698677847 0.7895614782337356 -0.26050843379320426 0.5556329975910081 1.760577667302994 -0.14414201904603413 -0.9588208712674867 -0.24471537582912434 4.460008210109999 0.5965029341375365 0.11312777176479949 -0.794598236104788 -9.46260159572996
13001298761766 PointCloud4.pcd PointCloud6.pcd 0.5431566915314917 -0.04183319315787554 0.9989322374220708 -0.019605330631011213 -7.591855798160838 -0.9976929230421849 -0.04071511233435682 0.05432412851708929 3.708443184019351 0.0534678900065863 0.021832651385850717 0.9983308670334237 12.177282884166052
13001298761797 PointCloud30.pcd PointCloud37.pcd 0.5305287162207587 0.8981478296339327 0.23810393776331623 0.3696444114895545 3.251626478243159 -0.4346448949565536 0.6078148628468788 0.6645636973162441 5.177971710683933 -0.06644013404609253 -0.7575404988012409 0.6493982609030491 1.321193501026332
13001298761828 PointCloud11.pcd PointCloud7.pcd 0.5476826636522454 0.3200002034003807 0.8668730720963983 0.38227077667259285 6.695680782914872 0.8836422586711546 -0.12755165687953365 -0.4504519214276099 8.335216630312265 -0.3417253700184623 0.48193531900187403 -0.8068222355539705 3.580410658600455
13001298761859 PointCloud12.pcd PointCloud40.pcd 0.5769496430375254 -0.5772119027701422 -0.8120140303553102 0.08636917162157856 7.314323649944155 0.8151260899713494 -0.5792820331966794 0.001335463792567465 -6.963957343012431 0.048947694005864656 0.07117261075475025 0.9962623061874124 1.322760640091343
13001298761890 PointCloud5.pcd PointCloud12.pcd 0.6046531940213772 0.01310084370531256 0.12366277436237094 -0.9922378173256703 1.7199562400050818 0.8673845820259318 0.4922837653077369 0.07280577777990294 3.0075162717994885 0.4974659332636844 -0.8616056015668877 -0.10081385118451275 4.405466355305116
13001298761921 PointCloud19.pcd PointCloud22.pcd 0.6292640323897989 0.47021280392466275 -0.8783153590168405 0.08638315310536783 -0.16056388769930213 0.8615341479385555 0.4780444102139267 0.17097500928207737 1.1482524486126064 -0.1914649601391703 -0.005972602308691968 0.9814812769791222 -5.807406354871179
13001298761952 PointCloud29.pcd PointCloud30.pcd 0.595924539326329 -0.9488759225802422 0.0093230767506578 0.31551159057536277 -3.6756723125028348 0.309197008415545 -0.173617699005235 0.9350155638164559 -12.244468551573757 0.06349561822969668 0.9847689956695573 0.16185898687931927 5.232362309136345
13001298761983 PointCloud18.pcd PointCloud20.pcd 0.62316556470112 0.11883533912104796 0.7349596756343272 0.6676169840316154 3.528112575790867 0.9807053770565185 -0.19199689995945232 0.036798829035609826 -0.47885842178864235 0.1552260467460842 0.6503625647263569 -0.7435949225311709 -9.015147550199703
13001298762014 PointCloud23.pcd PointCloud27.pcd 0.6242478246341338 0.8153226688865203 -0.5636327570787079 -0.13254078899575006 2.3881162623068053 -0.3699556976800574 -0.33102755255955124 -0.8680746172999735 -2.097585313742406 0.44540063690325327 0.756795133833647 -0.4784134175082138 4.263672495058349
13001298762045 PointCloud41.pcd PointCloud5.pcd 0.5929697001745016 0.3157070124793617 0.6691406486250573 -0.6727405700780901 -6.8560472062937015 -0.30529438793424746 -0.5996659045477167 -0.7397270710328383 8.722388580321825 -0.8984010345982517 0.4389209442264133 0.014966153553418488 -2.899948365865034
13001298762076 PointCloud12.pcd PointCloud28.pcd 0.5867098024762138 0.6403540115520945 -0.03393206615990066 0.7673300168605816 -10.317482190739376 -0.24645827826897007 0.9371191907290084 0.24711523514365408 1.4649246110636125 -0.7274648149304784 -0.34735606695943666 0.5917251944818949 7.183384494662499
13001298762107 PointCloud36.pcd PointCloud38.pcd 0.599557568901904 -0.854167744500922 -0.3052275418484267 -0.42099122550401763 -8.778957865907355 -0.15063179245307906 0.9201281754742555 -0.36148887092245346 3.202227850016555 0.49770224769090626 -0.2453574706333284 -0.8319207800312692 -0.35293899284287145
13001298762138 PointCloud20.pcd PointCloud27.pcd 0.6517386349384648 0.7265568320447985 -0.2915399494720199 -0.6221893824800282 -4.102717601050505 0.6508994482662898 0.0019663657817737823 0.759161406851173 2.7669246948214505 -0.22010242628300675 -0.9565566325458543 0.1911918687519666 5.17274038379923
13001298762169 PointCloud24.pcd PointCloud26.pcd 0.6345267059339897 -0.8040568237129168 -0.5716382649883905 -0.16346962482907348 -1.0811024130596056 0.594314695786803 -0.7805340189791145 -0.19379547876086095 1.019432855792054 -0.016812692007391716 -0.25297497745305547 0.9673267256568954 12.660408772751964
13001298762200 PointCloud13.pcd PointCloud29.pcd 0.7091542780099181 0.5682799705974171 0.7318718218183303 0.37606051567017373 -6.381876317133988 -0.82152369295665 0.5304460876208115 0.20910707792574174 -5.553747785323344 -0.04644025116928832 -0.4277739877038956 0.9026919289077756 -4.1843584276972905
13001298762231 PointCloud2.pcd PointCloud3.pcd 0.6651755789564728 -0.05702222366205928 -0.847734679375715 0.5273465458238894 -1.1170654026663105 0.6490124464610341 -0.4328455124894362 -0.6256417558446851 -0.8294238824612925 0.7586377991817289 0.3065789877038392 0.5748721718357845 -5.972996395396027
13001298762262 PointCloud11.pcd PointCloud10.pcd 0.6734256770278383 -0.007511713269080594 -0.11959532486666219 -0.9927943051981113 -2.997698198919158 -0.9999126988015203 -0.009894494820060967 0.008757496658052755 -9.652832937276326 -0.010870553768007274 0.9927734168692739 -0.11951055944343816 -5.7046134408876386
13001298762293 PointCloud12.pcd PointCloud10.pcd 0.6795391566676222 0.4632845804399529 -0.7332544434551759 -0.497700028812353 4.945680173567353 0.2971959970195842 0.6576337048027928 -0.6922372784406285 -1.7498705460472264 0.8348903741702332 0.17278840082769847 0.5225918404044351 -8.469919425692407
13001298762324 PointCloud8.pcd PointCloud9.pcd 0.6822933511673418 0.9586440302746893 -0.25648686175301466 -0.12335360945992062 12.578510069775017 -0.21975660853825763 -0.9424851435835051 0.25185072389838925 5.245400456751758 -0.18085534612629972 -0.21432742211968497 -0.9598724393923741 -3.090325584913771
13001298762355 PointCloud4.pcd PointCloud29.pcd 0.6748468076961441 -0.41725724287960586 0.13687680762872417 0.8984214672401138 -6.55093148001743 0.3399288446419673 0.940337642704366 0.01461158080337277 1.9426913842195384 -0.8428195381247916 0.31149615928060087 -0.4388910672462446 -6.101029863481185
13001298762386 PointCloud25.pcd PointCloud20.pcd 0.7015386200129031 -0.47267939208816195 -0.8734885420750003 -0.1165845579777012 -6.082332155365984 0.8420909291953929 -0.40872155318826636 -0.35189424395151864 0.36015932868972517 0.259724968499383 -0.26450795606760374 0.9287510333318252 7.623343904207851
13001298762417 PointCloud11.pcd PointCloud12.pcd 0.6938838979063113 -0.5291514604552454 0.46770332826690364 0.7079917574563578 1.197423079912199 0.3989873770676482 0.8735268988636247 -0.2788544959335918 -2.182570504848023 -0.7488710201621903 0.13492351051525533 -0.6488357584716493 4.74217592457389
13001298762448 PointCloud10.pcd PointCloud6.pcd 0.718994140625 0.4918024371807045 -0.5391574249162322 -0.6836955710993134 0.16481025899036642 0.8704639834113949 0.32299167117079003 0.3714415619419385 -0.056284101237191936 0.02056249903795626 -0.77780823569309 0.6281652108492768 -6.141506964572649
13001298762479 PointCloud11.pcd PointCloud4.pcd 0.7132874319186107 -0.17539090026484 -0.11465632081485483 0.9777995501131559 4.958221823694166 -0.6667745554725057 0.7445594297446582 -0.03229470162041698 -4.564317823458583 -0.7243270837672241 -0.657636057158905 -0.2070388660270293 -1.403805229981064
13001298762510 PointCloud3.pcd PointCloud1.pcd 0.7975376748108538 -0.9175671215975595 -0.16526065454580383 0.36160682159254365 4.442018883518988 0.10538103282271269 -0.9780794352462178 -0.17959804082911915 -2.353018617279385 0.3833606856269791 -0.1266867570329752 0.914868870553633 -11.918361475013242
13001298762541 PointCloud24.pcd PointCloud20.pcd 0.7740792318487973 0.7455102249797565 0.49706321936432135 -0.4440075003936415 1.9079564109554579 0.5988772343733011 -0.20721498532756177 0.773568360266295 -4.058791306849132 0.292507371872948 -0.8426091061760934 -0.45216073645232185 1.9098185298939798
13001298762572 PointCloud27.pcd PointCloud17.pcd 0.7776227731684302 0.7974543676426606 -0.5854329551579759 0.1460643233053294 -0.6449796322406703 0.45406230714065365 0.4228397750336938 -0.7842409998741217 0.19976020489532695 0.3973587205054786 0.6917187142650217 0.6030184637088605 -9.383031376456193
13001298762603 PointCloud31.pcd PointCloud34.pcd 0.7627912857054474 -0.1351546107481268 -0.010579618746565378 0.9907680368586278 -0.6993433784607932 -0.8313301363684349 0.5452670836501572 -0.10758258155153011 1.284973402280996 -0.5390950153351091 -0.8381956091240454 -0.08249051633981158 -11.817386289701325
13001298762634 PointCloud14.pcd PointCloud12.pcd 0.763211688255799 0.29251667289739963 -0.12587527440262972 -0.9479395610328213 -9.648815879827772 0.03404019592436105 -0.9892996105284582 0.14187158161404942 9.622553555797895 -0.9556543627998914 -0.07376785141444367 -0.28510181156777964 4.775223235994424
13001298762665 PointCloud33.pcd PointCloud31.pcd 0.7567475000269684 0.5341285223171198 0.8355501440819153 -0.12869606976135917 0.7630594198637367 -0.8256266765567606 0.48281949019830195 -0.29193480580857406 0.011461078010240457 -0.18178919826317552 0.262185614802457 0.9477401494003983 -4.20493964573087
13001298762696 PointCloud26.pcd PointCloud22.pcd 0.7788272193216866 -0.9488759142194382 0.06696978881906658 0.3084632016947173 -7.053019570108264 0.3156246771433072 0.21351602567773506 0.9245496038379815 0.10904489049109428 -0.003944945171904329 0.9746414490284696 -0.22373753203983507 -0.25375349551637605
13001298762727 PointCloud32.pcd PointCloud36.pcd 0.7696865371228759 -0.17579370174732928 -0.6975479450019606 0.6946390709206564 -0.23722068057248916 -0.8440940617342225 0.46990379373625885 0.25825498945285463 1.2837061790521855 -0.5065587718823884 -0.5409411142220687 -0.6714022055170754 -6.221971429173564
13001298762758 PointCloud25.pcd PointCloud18.pcd 0.7718933483689435 -0.4760687146958966 0.7638881962625672 -0.43569875200477504 10.126931509009118 -0.8659451575630221 -0.49356191318204634 0.08084319358629341 8.975003785886793 -0.1532891482817675 0.41577813971732525 0.896454670104546 -2.1635257863599437
13001298762789 PointCloud35.pcd PointCloud31.pcd 0.7489250010913695 0.8284025889840858 -0.07685970446622797 0.5548348730873256 -5.25046120940724 -0.05922286162309195 -0.9970073385415279 -0.049689229773788146 2.1495450770308215 0.5569935396623884 0.008303777676714752 -0.8304753121259294 9.989268651313594
13001298762820 PointCloud37.pcd PointCloud32.pcd 0.8757868167118029 0.8198998833328044 -0.462286671797969 0.3377206158776963 5.793789646383614 0.551029074966289 0.4771530644707483 -0.6846107738036042 -1.4239976735766482 0.15534200929770914 0.7474061721340886 0.6459511390215359 -1.7742299343539834
13001298762851 PointCloud20.pcd PointCloud23.pcd 0.8492783179109117 -0.32032272341311274 0.45836145599787215 0.8290344555690778 -0.8755801518332733 -0.08507491578361873 -0.8855302013839985 0.45672587089109096 2.043845395862428 0.9434805835678957 0.0757696383278024 0.32265050803936035 5.183436860619918
13001298762882 PointCloud29.pcd PointCloud15.pcd 0.82326686071046 -0.2942485727711258 -0.42090950330113897 -0.8580518442687154 1.19925347392237 0.9520972868989299 -0.20728908218423409 -0.22481546362942717 -2.506458881346916 -0.08323781413427389 -0.883100462256705 0.4617413127067381 4.027771607385525
13001298762913 PointCloud41.pcd PointCloud40.pcd 0.8265057374015123 -0.024027546291812474 -0.3929880777176115 -0.9192295947101633 1.6480487632943246 -0.513028514841773 0.7940340634564986 -0.3260546718420173 7.1706129161689764 0.8580352090552225 0.46375670005141434 -0.22069278007896648 1.7566840092853047
13001298762944 PointCloud2.pcd PointCloud1.pcd 0.851617402209873 0.11018246247612634 0.5583413687167798 -0.8222619661289036 -0.9859536118140488 -0.6870626168236256 0.6405894152872957 0.3429142189897535 0.9422421411262913 0.718195506478681 0.5271623250966951 0.45419720108393163 -11.440192037454201
13001298762975 PointCloud13.pcd PointCloud5.pcd 0.8311258007025166 -0.6178754404441763 0.24464421843611533 0.7472477142699722 -1.5270882446974594 0.4726880992389317 0.8750270611439285 0.10437242501593058 0.9787529570020789 -0.6283278610198672 0.41770425979585424 -0.6562981414072392 13.665651311520548
13001298763006 PointCloud3.pcd PointCloud2.pcd 0.8408512855496856 0.4349410302024932 0.7482218932777469 0.5009893199123688 1.5583910011276476 0.4678917410393926 -0.6631563778369451 0.5842096688700975 6.388156741019838 0.7693527272412309 -0.01968799009667821 -0.6385207624912703 11.16465258466644
13001298763037 PointCloud1.pcd PointCloud0.pcd 0.8421699405011087 0.41731828315309344 0.908488739651386 -0.022218471432357882 -8.619636026635552 -0.9086558495982412 0.41751638461126744 0.004961408271302656 1.155321713720917 0.013783959411318505 0.01811845765434182 0.9997408283926263 -7.824079981789569
13001298763068 PointCloud27.pcd PointCloud26.pcd 0.8295248428878719 -0.7740244144810805 0.6268103123900669 0.0894149767582995 -0.47402181605040516 -0.554756744573362 -0.6033189760398362 -0.5729320793083671 -5.087970973933273 -0.30517398338912505 -0.4930669786466239 0.8147108655410848 -1.6967980155139333
13001298763099 PointCloud13.pcd PointCloud12.pcd 0.8413551420999626 -0.06784885734002488 0.997513506933424 0.01906137568579855 3.3821597139412103 -0.9976866444374315 -0.0679168641909309 0.0029426297166460207 -3.4301284840883755 0.004229901752002769 -0.01881762588247636 0.9998139851428944 -0.9187645107413364
