id source target overlap t1 t2 t3 t4 t5 t6 t7 t8 t9 t10 t11 t12
13001298760030 PointCloud34.pcd PointCloud41.pcd 0.1409943851435537 -0.34337052500407644 -0.3553029103867474 0.869400094564713 11.35920135801727 -0.8364176801912429 -0.30537089486754615 -0.4551418249637074 11.79335915138827 0.42720269992349647 -0.8834638976429661 -0.1923262715792462 14.432485456018732
13001298760061 PointCloud37.pcd PointCloud43.pcd 0.10471695632739988 -0.662557759501445 0.6370844267280813 -0.39387897702844926 23.0699080044293 -0.0988578632663325 -0.5956450722330605 -0.7971411862367216 -6.3366607401796315 -0.742458307378159 -0.4892140443047649 0.45763006966340736 15.466584825681196
13001298760092 PointCloud6.pcd PointCloud1.pcd 0.1749056402368095 0.29220503256610425 0.8435155756214858 -0.45066361360442164 -1.2358985299476675 -0.13933396907365042 0.5037510995719249 0.8525379022320707 -16.585120778525347 0.9461512902307035 -0.18632311548498243 0.2647289795824117 -2.7558929731599364
13001298760123 PointCloud7.pcd PointCloud30.pcd 0.10435724406755736 -0.10605016436034459 -0.9760521594964586 0.18993563273236286 -9.243699805889806 0.14994999555392324 -0.20452636473413016 -0.9673075854980251 -6.134876036553618 0.9829895022188799 -0.07410228114532419 0.1680490715729695 19.279056319187603
13001298760154 PointCloud29.pcd PointCloud43.pcd 0.16455220246918922 0.04173390338535188 -0.1783540764816533 -0.9830809248025305 5.176830289267436 -0.7524355476406059 0.6417378114584757 -0.14836889158872602 0.8398607289555458 0.6573423978072641 0.7458970470157811 -0.10741772338927219 4.951395822098027
13001298760185 PointCloud42.pcd PointCloud31.pcd 0.12285912023398202 0.7129179313214853 -0.6906725125318016 -0.12132396149690444 -10.080744799312242 -0.12827678551033667 -0.2985373080520948 0.945738093765998 -15.013199992889469 -0.6894150342859005 -0.6586705975933775 -0.3014298498267116 9.756963718152164
13001298760216 PointCloud24.pcd PointCloud4.pcd 0.14459731125404368 -0.6009929719095674 0.39597776663061546 0.6942687203450373 -6.680011923999021 -0.7988274068922387 -0.3259803804596345 -0.5055804244165447 7.325279729097797 0.026119374286676822 -0.8584511633690186 0.512229810141162 2.263462635013926
13001298760247 PointCloud10.pcd PointCloud25.pcd 0.10599229600694444 0.48034425972240913 0.03343327995788703 0.8764425867921919 7.66148594528313 0.564425906212651 0.7530828289352431 -0.33806752159726866 9.767685350343957 -0.6713365687550166 0.6570756946913723 0.3428684046366653 1.3353822964724114
13001298760278 PointCloud8.pcd PointCloud0.pcd 0.11064668380631829 0.2385807048469326 -0.5010397192053889 0.8318884823420297 -10.177695359601337 0.38925469607498686 0.834139059432731 0.39075927514551473 -5.529995484859105 -0.8896965937095128 0.23058887507263554 0.3940415483606089 -5.3583040911512665
13001298760309 PointCloud40.pcd PointCloud32.pcd 0.1262967843964154 0.49174700679541244 0.435061630294355 0.7542587481450719 -0.6776854124528676 -0.5528458501008312 0.8252309722732112 -0.1155651696113503 6.5094041698582314 -0.6727156511736904 -0.3601599925680652 0.6463268773765558 -0.9742259547749544
13001298760340 PointCloud8.pcd PointCloud40.pcd 0.2410167577553269 -0.6218323139795822 0.36115569995578395 -0.6949036866215682 -4.220140584526387 0.38238771878282957 -0.634339659330237 -0.6718577447085531 -1.2248516308054165 -0.683450221899783 -0.6835054915582225 0.2563513939788328 -7.843437034364651
13001298760371 PointCloud36.pcd PointCloud15.pcd 0.18293495152815806 0.03736945482828519 0.8721745957975539 0.4877653106681636 1.1481030542382302 -0.8447137726414865 -0.2332180075662395 0.48173437001798025 -3.033365701609694 0.5339121333661782 -0.4300242265177706 0.7280226634193261 8.131927533703921
13001298760402 PointCloud17.pcd PointCloud5.pcd 0.18590288067607869 -0.05106642398025971 0.09181461873579187 -0.9944658345706351 -9.284939090719476 0.3211041416404625 -0.9413819894436753 -0.10340251530987885 -8.144037747612899 -0.9456660883013678 -0.32460749488800955 0.018590957461108303 -0.7723173351636614
13001298760433 PointCloud11.pcd PointCloud3.pcd 0.2074812455040592 0.3035913762698809 0.8361186837154557 0.45687834594834187 -0.13421399128401407 0.5784164250619981 0.21931175405041464 -0.7857078297648737 -0.9327126213253234 -0.7571437878455167 0.5028000609360183 -0.4170436227179105 5.060741938943702
13001298760464 PointCloud15.pcd PointCloud18.pcd 0.20003236595101953 0.4262389031798076 0.8788366550919867 0.21439806688215046 -7.785540541085552 0.273621549838556 0.10065095457092196 -0.9565566542593851 11.59529260585229 -0.8622364205251488 0.46638559048355116 -0.19756729514089155 12.721170543661742
13001298760495 PointCloud40.pcd PointCloud37.pcd 0.21005798629414865 0.07358453658166925 0.9959256674296598 -0.05212850401504965 -3.7221693828953084 0.17270970889348602 -0.06420631471804189 -0.9828778691191773 -20.923365991701477 -0.9822202769389297 0.06332151376202111 -0.17673062401547124 -1.655459333369592
13001298760526 PointCloud40.pcd PointCloud10.pcd 0.2208935160780179 0.10787989449094781 -0.945289005109608 -0.3078808619961777 6.328842417463804 0.9934172212198632 0.1144999599710883 -0.0034617553964227388 1.8523475447107796 0.03852470568904379 -0.30548069658409943 0.9514186203065746 5.782801940408718
13001298760557 PointCloud11.pcd PointCloud25.pcd 0.19327001606369226 0.6512340539246376 0.7079085180297651 0.27342226886225657 5.173231796846798 -0.7520660211197603 0.5538794862054287 0.3572313181090131 -14.918678891745323 0.1014441072018218 -0.438272797309749 0.8930991256586881 0.5023835432235525
13001298760588 PointCloud43.pcd PointCloud16.pcd 0.1895982395804509 -0.38502267295940035 -0.2996622724085011 -0.8729032385105303 1.4145478577205797 -0.6256374899613936 -0.6105768790646862 0.4855652437174994 -5.859764638646175 -0.6784801194301905 0.7330746191531943 0.04760599007891201 11.218994910274336
13001298760619 PointCloud40.pcd PointCloud31.pcd 0.19939377965208224 0.45490111610055695 -0.81505279461404 -0.35882295991520846 -8.88667760283958 0.25093442698589774 0.5039150523944266 -0.8264995664388346 -4.69839257846783 0.8544570720192601 0.28593454139394575 0.433756325733824 15.96129469699157
13001298760650 PointCloud9.pcd PointCloud29.pcd 0.2910180555858787 0.5051900860284916 -0.6560650727518723 0.5606795852299294 -3.9814357912217857 0.6373750825288805 -0.15437368351792158 -0.7549316326717349 3.4400797358817012 0.5818384493567162 0.7387471733632481 0.34017147543258663 -24.69388239882525
13001298760681 PointCloud39.pcd PointCloud17.pcd 0.26467373046302173 -0.25357291130305065 -0.750568517784204 0.6102029816090039 4.666646949783464 0.7547118795398727 0.24107747673470065 0.6101570528090472 16.82996732680321 -0.6050708698447543 0.615246739383845 0.5053322591551616 -7.978971054965166
13001298760712 PointCloud5.pcd PointCloud18.pcd 0.2657708558514297 -0.2950701067771098 -0.9534048644282196 0.06287126983887475 18.02107597025078 0.07120579942150446 -0.08756017029673052 -0.9936110661150828 -16.17285493015914 0.9528186428776932 -0.28870812434397325 0.09372434434284066 -7.428150970256073
13001298760743 PointCloud44.pcd PointCloud38.pcd 0.26058173519110506 0.42514139439479826 0.6036505803870487 -0.6744336672871734 -0.5193612085129047 0.22601978920180724 0.6507186815804356 0.7249001671481322 23.97807618455676 0.8764529934122063 -0.460620423169228 0.14021047071522175 -9.675530877714353
13001298760774 PointCloud31.pcd PointCloud40.pcd 0.2908728013191413 -0.7660270166983731 0.3253543217819065 0.5543890105206145 -16.001450936870384 -0.23182192635279977 -0.9442375493076514 0.23382481677434874 -1.876611812267929 0.5995508353344755 0.05059659845598667 0.7987357385734135 7.612744959107061
13001298760805 PointCloud10.pcd PointCloud13.pcd 0.3184326171875 0.011618655305554282 0.9098076347881019 -0.41486753853509795 -21.31155248106179 -0.19629991036413408 0.40889751052379864 0.8912178022674779 -9.516956806938312 0.9804750644661617 0.07108370818070914 0.1833459963875844 2.389636315274755
13001298760836 PointCloud13.pcd PointCloud16.pcd 0.319833404749493 0.21860376289931194 0.7422903888989074 0.6334172190543687 19.71483935852088 -0.5442736442553258 0.6315170730584942 -0.5522249420341854 4.797693548796284 -0.8099250551842981 -0.22403384785326783 0.542061103567458 5.533974734922595
13001298760867 PointCloud10.pcd PointCloud40.pcd 0.29232584635416664 -0.17726310499061326 0.9179349435465116 -0.35492707846168836 -7.642073428468087 -0.6455022761546099 0.16378940582016704 0.7459891701762797 -10.727499019013646 0.7429028221028001 0.36134259361074395 0.5634952767808761 -5.676852482980182
13001298760898 PointCloud28.pcd PointCloud23.pcd 0.31493341548306203 0.41491218465152424 0.799250267200942 0.43479522698268225 2.9903695427765746 0.4746621151413346 -0.5978283470393038 0.6459854053504679 6.833351011282226 0.7762369196819061 -0.06164639369400643 -0.6274200878735632 3.8779346867845215
13001298760929 PointCloud11.pcd PointCloud17.pcd 0.3243108026978349 0.22593249931494777 0.3181068810283175 0.9207402011402224 1.6857893070095766 -0.8274633244065216 -0.4361078298866793 0.35371515018958277 3.59519577851734 0.514061234207958 -0.8417944956781123 0.164690845315166 -0.5029967413357516
13001298760960 PointCloud15.pcd PointCloud34.pcd 0.35120832883806236 0.2968520110453121 0.19226257798654545 0.9353683684219396 1.2850188732825605 -0.11821752076549664 0.979385877616101 -0.16379230906913433 -0.29931382663667916 -0.9475777019972627 -0.061954853176381525 0.3134614726652698 6.308480844798142
13001298760991 PointCloud4.pcd PointCloud8.pcd 0.38204664378779263 0.1956102306693302 0.21543978637729283 -0.9567247964295675 -7.90047649402719 0.9599257170827289 0.15758817029997357 0.2317511300182052 -15.208957132327843 0.2006969240937686 -0.9637176282642197 -0.17598033308323718 7.5453327392677085
13001298761022 PointCloud30.pcd PointCloud32.pcd 0.4130983722499953 -0.6303279438354729 -0.5566154765268065 0.5411708551936081 -11.70925437541255 -0.7763045420775665 0.44638991109504006 -0.4450700003620801 8.868809887467352 0.0061596404022236095 -0.700653451117882 -0.7134751574278652 -1.6558905570120388
13001298761053 PointCloud29.pcd PointCloud6.pcd 0.34542951124768717 -0.4940443438363393 -0.6523903647430016 -0.5747234102712487 19.789200939611383 -0.16208917809849605 0.7185522875130284 -0.676320714197893 6.220065994666807 0.8541939385565053 -0.24097597826399098 -0.46074211141704596 9.43901767440098
13001298761084 PointCloud40.pcd PointCloud17.pcd 0.36810226673695307 0.8925842735893841 -0.4505282394682832 -0.017821896153902617 -2.3917987932709264 0.27608277359373073 0.5773695848547391 -0.7683896567559059 -1.4001596312215074 0.3564710600675797 0.6809322050881976 0.6397340974248757 -12.774895851223285
13001298761115 PointCloud12.pcd PointCloud14.pcd 0.4116876202956714 -0.8144725200612715 -0.11726283365057269 -0.5682287760306406 -0.15730830623715247 0.5676994910891451 0.04115372870433584 -0.8222065789270089 -4.452429687915315 0.11979900618188608 -0.99224785132444 0.033051469859362886 12.308140316269583
13001298761146 PointCloud7.pcd PointCloud13.pcd 0.37974418970787027 -0.07090951013969125 0.4646648668878428 0.8826428512438381 -8.282496455909378 -0.2096739241108879 -0.8720437872423923 0.4422402951788613 -7.632813187522144 0.9751967426728262 -0.15370814751355275 0.15926430381055656 -1.2607916896809055
13001298761177 PointCloud37.pcd PointCloud29.pcd 0.3777140903951831 0.1515531096348922 0.4194068564558092 -0.8950584024061505 1.5770290746986537 -0.2611113891681166 0.8903392804693141 0.37298365661256594 21.844955617383164 0.9533375569055751 0.17718310983623786 0.24444559350102613 -7.185241285929412
13001298761208 PointCloud13.pcd PointCloud41.pcd 0.3475465137542065 0.22069717558980267 -0.956698656655649 -0.18979050829786054 -4.108181440471016 -0.9194898544485866 -0.2689853408649269 0.2866797759973595 11.763483951770217 -0.325317021154444 0.11124102998918847 -0.9390390135634108 -0.4661871403210063
13001298761239 PointCloud26.pcd PointCloud28.pcd 0.3895069882919675 0.13428462088692614 0.9555595496575207 -0.2624377786287082 -6.342939433747979 -0.17069535501008337 -0.2385724340560761 -0.9560053815154708 2.6611390506343686 -0.9761304914668101 0.1731737300137512 0.13107296770077453 9.217916489400748
13001298761270 PointCloud3.pcd PointCloud11.pcd 0.4319382484939476 0.8877723907940029 -0.21506055292791057 -0.4069510298773564 5.135202538874185 0.35450923739255724 0.8833809683155812 0.3065310186933337 -2.2522307923367975 0.2935700644603381 -0.4163976745758396 0.8604821868351404 -3.288179765636249
13001298761301 PointCloud4.pcd PointCloud39.pcd 0.4358775971251338 -0.33320702685611064 -0.9267353582290048 0.1735933554657832 0.9873433209270394 -0.570337768796404 0.05150311206787954 -0.819794034457231 7.980274143015843 0.7507915201559294 -0.37216797989010564 -0.5457133753230419 -4.103909733398313
13001298761332 PointCloud32.pcd PointCloud29.pcd 0.4219769368163741 -0.0971757500235868 -0.9478748475846928 -0.30346358418045627 -15.112110078933238 -0.6195747243833021 -0.1810075274878168 0.7637823223262652 -3.899811396357519 -0.7788992454179866 0.26223948655578694 -0.569689755198607 -4.623700202347435
13001298761363 PointCloud28.pcd PointCloud5.pcd 0.4531503340035022 -0.36170580096840277 0.7686736419471046 -0.5275507044081928 -19.361006698115396 -0.4818288225158499 0.3303027220258603 0.8116286697839702 6.001269262912189 0.7981289991842144 0.547759932815537 0.250896705165936 4.298998567024395
13001298761394 PointCloud22.pcd PointCloud16.pcd 0.4680093095763484 0.25661569433705267 -0.7268648983327131 -0.6370367375526206 -4.899062931876529 0.0848676544858607 -0.6396162358833751 0.7639951256496671 15.097501895785115 -0.9627802795248667 -0.25011695337612894 -0.10244824543086337 -11.691275911605942
13001298761425 PointCloud16.pcd PointCloud5.pcd 0.49840883312637413 -0.948170537794025 -0.050295304943285365 0.31375629644686204 -13.076530954204067 0.041099161896421904 -0.9985113382146225 -0.035860372951985915 0.21324632788773282 0.31509282783142006 -0.02110662828368747 0.9488261274288842 -1.1804867604095228
13001298761456 PointCloud12.pcd PointCloud39.pcd 0.46945684371459384 -0.036965820358190044 0.04606068396868694 -0.9982544472816451 9.19755936827298 0.23769442922260803 -0.9698626083700003 -0.05355258352571064 -9.719314357505311 -0.9706363306830136 -0.2392591362478691 0.024903398967591108 -2.5030132587113982
13001298761487 PointCloud40.pcd PointCloud4.pcd 0.488929889298893 0.9285893040528401 0.3697634929556021 0.03157314802065441 -3.292071840450668 -0.34637964362178325 0.8941061933917415 -0.2838930387011558 -3.9885825976412486 -0.13320302880606064 0.25268374347354017 0.9583359947852786 11.27042095907319
13001298761518 PointCloud4.pcd PointCloud13.pcd 0.4587304111996851 -0.7726928163840855 0.43318564196563736 -0.4640000119647075 -12.702709314762902 -0.16339191260336725 -0.8420586891329555 -0.5140430399796329 14.218526662952772 -0.6133913061042223 -0.32138351490160066 0.7214317306199175 -2.84779042426115
13001298761549 PointCloud27.pcd PointCloud4.pcd 0.47574449801621294 0.08796987352884705 -0.9008456738544848 0.4251333593697138 -17.162666909726095 0.21876260404835784 -0.39889716747304604 -0.8905189345836293 18.940744781335795 0.9718046225560468 0.17134211881391032 0.1619804120844856 -20.757693897944876
13001298761580 PointCloud8.pcd PointCloud12.pcd 0.5383367228913021 -0.30314463176799333 0.014134177671469064 -0.9528397332457325 -2.067059267011274 -0.04424102755240017 -0.9990206093757853 -0.0007439916275865689 -1.1358806128099372 -0.951917046654463 0.04192907182356288 0.30347304530165287 0.9955167781856311
13001298761611 PointCloud15.pcd PointCloud16.pcd 0.5179091595641385 -0.1468859667797671 0.9701761250444885 -0.19282841895538733 11.485487635800165 0.07235407438702585 -0.18388245160472985 -0.9802816594792698 15.722177198627207 -0.9865036242623593 -0.1579415410381177 -0.04318644384219092 4.5893671153607905
13001298761642 PointCloud30.pcd PointCloud35.pcd 0.5078698337828716 -0.08350212472158136 -0.7646090688571713 0.639062099477313 -4.667306172233874 -0.6917493195855237 -0.4171380057569086 -0.5894732928692481 5.78090155545693 0.7172937153077158 -0.4912930449075367 -0.49408589334804387 -8.895019607324727
13001298761673 PointCloud16.pcd PointCloud11.pcd 0.5270390857241153 -0.010972568537734508 0.15252168101975158 -0.9882392117086801 -15.31666170156068 0.3192412872693935 -0.936043732021267 -0.14801058153482982 2.2943769823490614 -0.9476099425619514 -0.31711081432617066 -0.03842041378131724 -10.079702707103046
13001298761704 PointCloud5.pcd PointCloud26.pcd 0.5560632362735144 0.2326074746749519 0.8382209189031712 0.49323367062525764 3.299735509393467 0.27971781734632584 -0.5433747820177747 0.7915186598723642 -1.5613210182112462 0.931478236667046 -0.046146910841999234 -0.3608583617368336 4.287354163375231
13001298761735 PointCloud20.pcd PointCloud16.pcd 0.5269833306977987 0.8153237081347269 -0.5768296568691567 -0.05014776076406645 -19.511606319857727 0.5536443555407582 0.7513297937055573 0.3591399012477221 9.721366340558205 -0.16948503925508468 -0.32057930071446605 0.9319354770702352 3.5933303195158945
13001298761766 PointCloud5.pcd PointCloud27.pcd 0.5618742698677847 0.4845341135283433 0.7540655409250201 0.44340935129602294 -20.56690900684817 -0.725563303306898 0.06328166200312169 0.6852396107556139 13.39291941767926 0.4886558970499438 -0.6537435209954895 0.5777844087847432 6.901688415056614
13001298761797 PointCloud23.pcd PointCloud16.pcd 0.527599911980201 -0.0380515866940908 0.0405273347353117 -0.9984536102840802 5.435446773132639 0.020313623676320725 -0.9989393944778683 -0.04132121553543812 3.226567241323889 -0.9990692836050954 -0.021854548712826535 0.03718797194469982 10.74315557057735
13001298761828 PointCloud12.pcd PointCloud17.pcd 0.5031573774519841 0.011126663557547434 0.9954687770886256 -0.09443575170322638 -3.374830342896976 0.003985394345768278 0.0943966991481065 0.9955266846357513 -21.93785435091856 0.9999301545557999 -0.011453254193379003 -0.002917015323233796 -7.153201892562092
13001298761859 PointCloud41.pcd PointCloud6.pcd 0.5295172122045371 0.44627821021198577 -0.49898049591811044 0.7428689142663755 -3.013236714982612 -0.17630225449510228 0.7648268227723203 0.6196429990147087 11.57956697539669 -0.8773558423752196 -0.4075026329501622 0.25335415920950366 -1.514663282829655
13001298761890 PointCloud13.pcd PointCloud9.pcd 0.5846690884477765 -0.23163156832482135 0.8652718154259671 0.4445801412398388 14.932655315683743 0.25397914367945257 -0.38736926713948394 0.8862503288866365 6.877415102712118 0.9390641144944448 0.3181976371773846 -0.13003404386349704 -9.269666007247306
13001298761921 PointCloud35.pcd PointCloud37.pcd 0.6377581088750164 0.3596156285058056 -0.3363692286809211 -0.8703633389171309 -0.10141898043123024 -0.2331562019272518 0.8707837986670999 -0.4328669096636449 -10.95606946243521 0.9035014030078939 0.3585963161766971 0.23472089124589918 -7.687854101250987
13001298761952 PointCloud41.pcd PointCloud42.pcd 0.586140341600127 0.9512962345027374 0.15779175638898513 0.2648343554688328 4.638482537744237 -0.30495304100945875 0.35583008823225565 0.8833960556215478 11.944985222874596 0.04515658313021828 -0.9211333833513496 0.3866188990151663 -20.635716954393494
13001298761983 PointCloud16.pcd PointCloud39.pcd 0.5948330081117257 -0.3855520710611762 0.8706612879420309 0.30544806789299184 -0.7439941782855346 -0.5066673450020968 -0.47644375632838903 0.7185329140437625 16.460006033356503 0.7711276172002686 0.1222712915398324 0.6248295201542716 5.441538768290295
13001298762014 PointCloud29.pcd PointCloud27.pcd 0.6543189171057899 0.1216590833943601 -0.12831640075405626 -0.9842428403220256 4.6262301214657935 0.9823446859629799 -0.12641604926894207 0.1379054039823197 2.804985120894512 -0.14211961647829802 -0.9836431689310696 0.11067127372224755 -6.304911888665794
13001298762045 PointCloud13.pcd PointCloud7.pcd 0.6440964309205588 0.051674766152846385 0.9895337627569436 -0.13473177393300095 17.974551220887648 -0.9167575391319358 0.10051138146832173 0.38659161480829657 -11.697211149794795 0.39608753197722024 0.10353933822182826 0.9123564393660957 13.28336326232426
13001298762076 PointCloud40.pcd PointCloud28.pcd 0.6488270954138112 0.18199998960041697 0.44359531472560887 -0.8775529616717934 3.2212320041986207 -0.0450221378910802 0.8952817018089814 0.44321967635217935 14.178744230772995 0.9822672807770625 -0.04115666603968354 0.18291286984609167 8.255719906391596
13001298762107 PointCloud9.pcd PointCloud10.pcd 0.6383642992817065 0.7413871428492409 -0.18299556052600105 -0.6456452038431125 -1.5083455920930917 -0.16590245979314303 0.8822588089459762 -0.4405630123737266 -9.96033956529567 0.65024724394066 0.4337418804600294 0.6237359239955429 -7.624518301229469
13001298762138 PointCloud41.pcd PointCloud5.pcd 0.5929697001745016 -0.08126754653758433 0.21626250196498253 0.9729471291512235 -8.334751464448356 0.7731329435145844 0.6297462528030489 -0.07539966003234538 -6.202595812866032 -0.629015927884371 0.7460899324641532 -0.2183775976225567 -19.01823702401787
13001298762169 PointCloud16.pcd PointCloud17.pcd 0.6376251834411134 0.6557710122416003 0.4637430020100183 -0.5957405539245784 5.918179034755284 -0.2691262012313018 0.8808558742476927 0.3894406458167175 6.277155383339834 0.705361940647804 -0.09505449431809804 0.7024451407729253 -11.805019988201304
13001298762200 PointCloud40.pcd PointCloud41.pcd 0.69305745914602 -0.9775983788295941 -0.16229315413769319 -0.13402366145493846 2.0530064579999037 -0.20305157763545412 0.5595298319671691 0.803552377856319 10.087224398324091 -0.055420813143638996 0.8127652177959082 -0.5799493376249922 -9.723376666636232
13001298762231 PointCloud12.pcd PointCloud10.pcd 0.6795391566676222 0.15903136624749553 -0.06387455659755198 -0.9852050880750265 -2.6542618517450887 -0.8877223616401055 -0.4459432795506524 -0.11438356554908635 6.849437611944939 -0.43203938847467177 0.8927791621913421 -0.1276218412473225 13.981739926518546
13001298762262 PointCloud26.pcd PointCloud18.pcd 0.7376527358565704 0.4349098062371961 -0.4414950284535705 0.7848156473271325 -6.475848835984661 0.42539272620283824 0.8689064727633353 0.25306633534252804 -10.337848728542404 -0.7936589248111824 0.22379383691415797 0.5657047194666116 -7.337454713504725
13001298762293 PointCloud24.pcd PointCloud21.pcd 0.6715497949031954 -0.33335532335080054 0.1674663176526609 -0.9278088493033149 12.437750741495764 -0.0038931361020495686 -0.9843341273686742 -0.17627015966589946 -8.457266004564719 -0.9427932285952069 -0.05514850994549935 0.32878499048134335 9.397276726877944
13001298762324 PointCloud14.pcd PointCloud27.pcd 0.7329071093514653 -0.9562187991195106 0.05076950307189951 0.2882153114743792 -2.3530386797963794 0.197293876650438 -0.6155564169848629 0.7629976564479078 -3.036855485856811 0.21614979631422926 0.786455818890413 0.5785901057629028 -6.153961626139893
13001298762355 PointCloud6.pcd PointCloud10.pcd 0.7311588391627915 0.08635562748889541 0.9306205071651712 0.35565176401170695 -11.869712297520994 0.741137966928282 -0.29857187076349695 0.6013063711338826 8.37339785764511 0.6657756525875755 0.21166083632175653 -0.7155015519124768 11.718265052794479
13001298762386 PointCloud9.pcd PointCloud8.pcd 0.7329159662030872 0.941488947705164 0.01642997044523313 0.3366431603644898 9.33420206550047 -0.19546757491523659 0.8403023795167847 0.5056523886378723 -0.9797789225543945 -0.2745741949014495 -0.541868957451521 0.7943469295242618 9.269226268204019
13001298762417 PointCloud12.pcd PointCloud9.pcd 0.6924116466685778 -0.09692222248534105 0.9756392578867465 -0.196809860674461 5.962074255322602 -0.6211648986191445 0.09520813680494439 0.7778750409992592 -8.81020831720926 0.7776633278687957 0.1976447549426235 0.5968050764962547 -3.8166874650072176
13001298762448 PointCloud11.pcd PointCloud9.pcd 0.6600041105744527 -0.9023117535084604 0.3535742037542715 0.2466146425499109 -9.339991839526835 -0.32510888804936944 -0.933814440788834 0.1493144369628725 -1.8845052327447178 0.2830860476812483 0.0545515592240037 0.9575418617451876 -5.375754749462414
13001298762479 PointCloud31.pcd PointCloud35.pcd 0.7249197728623805 0.7678698876001986 0.5211188919382921 -0.3725733970399184 -7.732492034635069 -0.26516429898675764 0.787989886914819 0.55566161705019 -25.571335242057547 0.5831498351707899 -0.32788265978086917 0.7432558315649485 0.8816063536733296
13001298762510 PointCloud14.pcd PointCloud40.pcd 0.7504733829668202 -0.11317625534577515 -0.16617329878745246 0.979580302984908 -6.343312510705504 -0.1263442918653757 -0.9755042988064537 -0.1800791018501765 -0.5618711159620212 0.9855091349850313 -0.14414505811933181 0.08940887585038636 11.345240319427896
13001298762541 PointCloud4.pcd PointCloud5.pcd 0.7426450171052383 -0.6301631309544525 -0.16228809086809853 0.7593135083403095 0.6222400665767829 -0.4697257045910838 -0.6989937341837497 -0.5392267816218587 12.378449488535313 0.6182654695453171 -0.696469909712003 0.36424919222101654 -3.2136317936424454
13001298762572 PointCloud15.pcd PointCloud29.pcd 0.7764187075196893 0.9171937707416074 0.07934023746380502 -0.39046217951547996 -14.903838714557242 -0.3225518910155829 -0.4274648744902166 -0.8445318577054004 8.156802325111682 -0.23391422469585593 0.9005436734530148 -0.36647677646569404 3.537496503209623
13001298762603 PointCloud32.pcd PointCloud36.pcd 0.7696865371228759 0.5578865722294861 0.3127385265592757 0.768737397640812 -24.943813355602042 -0.5733526565366598 -0.5244577481861621 0.629452779491723 8.910327815662017 0.6000244193100724 -0.7919208826473979 -0.11327847041065142 3.9652495522779043
13001298762634 PointCloud16.pcd PointCloud28.pcd 0.7657383068049262 0.37680486240198413 -0.4085413233814229 0.8313315119493409 3.296145101741973 0.6187653471045086 0.7788852508496417 0.1023093897524924 -5.0719439619521545 -0.6893094667077034 0.4758484560221311 0.5462789635419757 -6.668181801737047
13001298762665 PointCloud27.pcd PointCloud19.pcd 0.7454280438690238 -0.8207083379696041 0.5643774548181361 0.08897141383710075 11.619307205217861 0.5128732118278397 0.796352597791117 -0.32059882810256035 9.390960881135742 -0.25179136716052386 -0.2174870765915574 -0.9430272949067233 -15.701053286411351
13001298762696 PointCloud35.pcd PointCloud31.pcd 0.7489250010913695 0.05472382851349877 -0.1018564325029453 0.9932927915527217 5.444337911821768 0.9015191433739843 -0.4226265361869313 -0.09300561832961679 2.102228191787943 0.42926511239915954 0.9005620900684248 0.06869778168563767 -11.19201529083899
13001298762727 PointCloud18.pcd PointCloud22.pcd 0.7409742274996627 -0.4938966713326822 -0.10947576884794497 0.8626013761185681 4.7041644885019505 -0.7507482120604846 -0.446807817182894 -0.48655924263366224 16.698452047971553 0.4386834851398921 -0.8879064311848455 0.13848815590551142 1.9041341004546806
13001298762758 PointCloud33.pcd PointCloud34.pcd 0.741208293330169 0.582782961057213 -0.03282871711399893 -0.8119644669774883 -2.4872943149566655 0.6430640377257405 0.6295094381155392 0.4361037843304346 -6.242118407858768 0.4968225676086534 -0.7762990033847189 0.3879783417391204 -0.5644676181408416
13001298762789 PointCloud34.pcd PointCloud35.pcd 0.761433325602343 -0.11678742246513521 0.7745180776299093 0.6216771230939897 16.243145029051757 0.9655991146271093 0.2349839701402425 -0.11135925470508468 0.9642119626594609 -0.23233391441047152 0.5872855193188397 -0.7753171422154346 -2.51759045642485
13001298762820 PointCloud35.pcd PointCloud34.pcd 0.8301938272143886 0.42242784637464653 -0.7985871217354941 0.42873456077799105 13.205696848329131 0.42852752135359395 -0.24084547393383304 -0.8708373103675177 -0.18401820482975592 0.7986982396686642 0.5515904882100545 0.24047672499926204 0.9280018857905298
13001298762851 PointCloud1.pcd PointCloud0.pcd 0.8421699405011087 -0.7765177420425484 -0.6277638303117445 0.05415505189240363 -2.0800635522686464 0.6217037204623606 -0.7493605693542584 0.22791055495593016 2.350387091030418 -0.10249234242810912 0.21064498676538262 0.9721748861672013 -6.47229725942069
13001298762882 PointCloud2.pcd PointCloud1.pcd 0.851617402209873 0.3995584588135248 0.8449706704289139 0.3554962786098786 -7.909734470074428 0.25181136573021473 -0.47404542348396805 0.8437250574464346 24.350025588826174 0.8814443113887824 -0.24759948018688754 -0.40218207733753886 13.808029240161995
13001298762913 PointCloud18.pcd PointCloud26.pcd 0.8256753474564836 -0.41225119961338164 0.20297275817824223 0.888172847960826 -10.514737451099274 -0.872674636616258 0.1920547917732266 -0.4489475866553073 0.45834674810577325 -0.26170198131464323 -0.9601650985088238 0.09795435968618627 2.4926534170895978
13001298762944 PointCloud22.pcd PointCloud21.pcd 0.834546432609865 -0.6630609925560405 0.3684930154451178 -0.6515850042156915 8.820184906747306 0.11798366853198519 -0.80812005082125 -0.5770804427637408 -4.967812732436341 -0.7392090192295636 -0.4595159203214016 0.4923567252113474 17.191057634350223
13001298762975 PointCloud31.pcd PointCloud38.pcd 0.8860761196157705 -0.423869677785369 0.413057940836294 0.8060506397033675 -10.083229170163271 -0.09445308216854686 -0.9052590219496532 0.4142278581259581 1.0530826030664175 0.9007847198542998 0.09944466144966144 0.422726445572279 6.255498604227814
13001298763006 PointCloud44.pcd PointCloud43.pcd 0.8645727643358431 -0.284668221607129 0.9380797635171962 -0.19740912057591448 0.05296449682517002 0.2576827560390676 -0.12346999394540761 -0.9583082791227631 -8.910090445720092 -0.923343706778329 -0.32366883982651545 -0.2065789952493057 5.524776963380277
13001298763037 PointCloud36.pcd PointCloud35.pcd 0.8691550993223457 0.029563702356362888 -0.018324873671844287 -0.9993949101871069 15.49792916468553 0.05492655188294306 -0.9982914858164331 0.019929456707822917 1.4651771571913281 -0.9980526345845868 -0.05548250491217544 -0.028506670227083385 5.1999931345061
13001298763068 PointCloud39.pcd PointCloud30.pcd 0.8474529272805806 -0.21249794332573405 0.8188556378298492 0.533216718114318 -10.919608503823806 0.5063431618586763 -0.37443179773371615 0.776799479457122 7.949956523253051 0.8357399275619727 0.4350589307670496 -0.33505596583039704 -2.897079156500621
13001298763099 PointCloud32.pcd PointCloud37.pcd 0.8856769751291032 0.3162258769157821 -0.9463003467907802 0.06720750279912246 -8.542701835548906 0.9091521376449168 0.32252454231078986 0.2634773429023724 -6.85537226579897 -0.2710047700401664 -0.022216508971144022 0.9623215893580545 -2.2220896739010305
