id source target overlap t1 t2 t3 t4 t5 t6 t7 t8 t9 t10 t11 t12
7680147070030 box_met_100.pcd box_met_103.pcd 0.10080935067069288 0.9480977483048826 -0.1924799880019982 -0.25310494637197917 5.458289596146734 0.264520776588857 0.03568895074814271 0.9637193873464023 2.7283346350900173 -0.17646364614854765 -0.9806516981136817 0.08475156974778042 10.124539164382972
7680147070061 box_met_050.pcd box_met_057.pcd 0.17565801115379565 0.3331451329454175 0.9407696697433212 -0.06298213148046518 -12.434356741391948 -0.9422299220612043 0.3297018911094274 -0.05915603917948341 -2.982636580872014 -0.034886879586993616 0.07905119537306053 0.9962599129458001 -12.320794320164447
7680147070092 box_met_053.pcd box_met_050.pcd 0.12188168570621241 -0.9722666272248194 -0.1283351874705669 -0.19551901503886623 2.9747505198968467 -0.2217967588935932 0.7711490698807696 0.5967707346764928 -16.257763451160287 0.07418762247957025 0.6235857532680795 -0.778226833893506 -8.318990125875752
7680147070123 box_met_090.pcd box_met_042.pcd 0.14267717647889894 0.29810340364189086 0.418982654074476 0.8576642095376417 -2.709883937095839 -0.9118523488321885 0.39067564781387815 0.12608660569000707 -1.516465875458509 -0.28224041997265487 -0.819649970286045 0.498512057571073 -10.334133620697422
7680147070154 box_met_042.pcd box_met_068.pcd 0.17874362203302244 0.5908061829295549 -0.7448267076658486 -0.31013098806772255 -0.6865234077986019 0.6879155937583903 0.6658865601448156 -0.28873383051271695 -0.2047092253636866 0.42156872521126476 -0.042758210511636224 0.9057878037143091 -15.830514903232647
7680147070185 box_met_039.pcd box_met_096.pcd 0.10118588205844928 0.2183317152057429 0.44094569869575206 0.8705734621139295 0.36491799145796106 -0.9485793604118882 0.30540794947454075 0.08320565724955015 14.231197554805672 -0.22919087925982484 -0.8439744517457097 0.48495223029143497 -1.423500249983748
7680147070216 box_met_104.pcd box_met_007.pcd 0.14704311211664153 0.1921228507647688 -0.9810720080973914 0.024218281148142617 1.778595012707855 0.18988348851937714 0.061373806339866166 0.9798864815288904 -5.4777389016063625 -0.9628255662381063 -0.18365993254683693 0.1980806860225433 8.822241539361675
7680147070247 box_met_054.pcd box_met_039.pcd 0.14347633478650465 0.9576955120811776 0.27795729000313407 -0.07455904421117954 -18.04320012352134 -0.12839661968248878 0.644558601744947 0.7536965682359906 -7.7159242930810255 0.2575531288757357 -0.7122386916271206 0.6529796566169624 -1.326331777020626
7680147070278 box_met_068.pcd box_met_052.pcd 0.17550386286052483 -0.6958238100537962 0.7181165502953244 0.011740764632750575 -0.4816220024738115 -0.7178973589339279 -0.6959097637167418 0.018247816291270334 -4.829882917081937 0.0212745716269412 0.004268601135236951 0.9997645581067769 -14.984894430597082
7680147070309 box_met_080.pcd box_met_074.pcd 0.10716040941045749 0.371948741365078 -0.362566036145805 -0.8545174095537511 1.1670333021882184 0.4763065059224983 0.8646816142100697 -0.15955506404677128 -0.6225810221634674 0.7967347401819727 -0.34766589634387063 0.49430979992973795 -15.570378386080986
7680147070340 box_met_069.pcd box_met_071.pcd 0.2726100188139234 -0.5974870895000496 -0.8017886261716044 -0.012007365348443289 5.405701132164509 0.8018253848202977 -0.5975529018561957 0.002565490405584986 10.010069643259888 -0.009232017035360236 -0.008094962945620173 0.9999246178769516 -9.087879522777207
7680147070371 box_met_067.pcd box_met_059.pcd 0.21787360105332457 0.9297080792707293 0.18592282343279237 0.31792387621176 0.14720565826710869 0.33726763473646776 -0.7765937795025806 -0.5321208924644534 -12.204150190094117 0.14796428588683277 0.6019425266291429 -0.7847112620176442 -8.906692553971503
7680147070402 box_met_080.pcd box_met_086.pcd 0.24356289664309067 -0.6449822570012361 -0.10966623905055982 -0.7562877786703265 8.695495815651626 0.2027064241776711 0.9296474880233409 -0.30767784062066356 6.984266933176273 0.7368229052836871 -0.351751139336318 -0.5773760838698713 -7.749644100818553
7680147070433 box_met_014.pcd box_met_016.pcd 0.25475857447521394 0.6860455052955027 -0.4686972687566921 0.5564750083551421 -8.274275567042762 0.7087945201438375 0.6031415539324092 -0.36582864039610896 12.22099154664123 -0.16417031667724047 0.6454015309712363 0.7459926078334013 2.496733364701776
7680147070464 box_met_109.pcd box_met_001.pcd 0.268346361486164 -0.7091258607736761 0.33517493318261254 -0.6203211085784712 -1.8844234239402917 0.6472143988299028 0.6584835520335504 -0.384074125200495 5.4561823220734675 0.2797392277268952 -0.6738376480038121 -0.6838777585237368 16.682842993722247
7680147070495 box_met_014.pcd box_met_049.pcd 0.2643741125039223 0.15789785252337518 -0.7177600765151251 -0.6781509719299296 -5.442006343127473 0.8343990133109056 0.4642430207555033 -0.2970802993562387 5.878280805788003 0.5280592341341012 -0.5189401605588134 0.6722012756644391 -16.2123376425437
7680147070526 box_met_002.pcd box_met_000.pcd 0.21931543160078368 0.43430311153872 0.5779365104464498 -0.6909198196612734 -15.166440951863052 -0.5611590816355376 0.7735981537432052 0.29435757442787847 7.146109643324614 0.7046142862628786 0.2598755210058935 0.6602904066970603 3.4226708894523563
7680147070557 box_met_038.pcd box_met_048.pcd 0.23721035518788328 -0.11775518249695699 -0.9930248630849693 -0.005944601768512414 -2.3410541294384717 -0.5174820465999942 0.06647122833661595 -0.8531083795451213 6.862992218348406 0.8475529767759592 -0.0973817082336273 -0.5216998700974641 -7.380631659617987
7680147070588 box_met_037.pcd box_met_045.pcd 0.2233906524403508 0.920432859321456 0.13474881147941467 0.3669415611323062 -9.225642187951479 0.22161939088877133 0.5933818413539347 -0.7738105943533624 -0.35725878782760084 -0.3220065171132703 0.7935620632038172 0.5163051953837788 -11.306855214446415
7680147070619 box_met_009.pcd box_met_031.pcd 0.21360797358093234 0.8537931070750853 -0.5179183186303534 0.05289560981952887 1.7782427872967494 0.21063603419312574 0.2507355687434641 -0.9448619664619187 1.5284610884064658 0.47609851019559435 0.8178583555812091 0.3231685609639901 -14.014721608477428
7680147070650 box_met_042.pcd box_met_045.pcd 0.31584043668691897 -0.22917627918899697 0.09402194581950954 0.9688333740955668 -0.0758959219507533 -0.36480821124121376 -0.9310738232162895 0.004062601677223332 0.45986547141960693 0.9024373673934791 -0.35250731825838033 0.2476800123268167 -12.484654572346843
7680147070681 box_met_042.pcd box_met_052.pcd 0.36096408270159897 0.9147944467893062 0.35188047360413277 -0.19832108415289215 -12.824458389174033 0.39694941897351876 -0.6923633375950066 0.602548062423977 -1.2507564674135196 0.07471464983544499 -0.6299310605537991 -0.7730488859377088 -2.1979165795824898
7680147070712 box_met_111.pcd box_met_000.pcd 0.2799855377747037 0.05536903931669335 -0.9090000123846593 0.41310198131918463 0.8623058197405699 -0.9102926801057873 0.12403811769269202 0.3949452897618564 -0.23386416663924461 -0.41024566546274355 -0.39791145100881853 -0.8205881860745301 -15.976840297638732
7680147070743 box_met_082.pcd box_met_060.pcd 0.29853125295906235 0.029783286686599353 -0.9212455637366376 -0.38783961521447063 14.131531688020683 0.8396166400226689 -0.1874787168764327 0.5097995964253115 -1.8800575665054966 -0.5423622900158047 -0.34082010212710634 0.7679093724879785 3.672599709608395
7680147070774 box_met_108.pcd box_met_002.pcd 0.32183720942444116 0.9577435648055466 0.2322009357803211 -0.1697350567687973 -8.252283961516065 0.13743170879835645 0.1489578734129789 0.9792466887179382 -10.906563027963161 0.2526653705799974 -0.9611941933714675 0.11075167329953278 -14.380956538576461
7680147070805 box_met_052.pcd box_met_050.pcd 0.35482771080045394 -0.11418602683946205 0.24945629998989072 -0.9616304413182704 -16.645307328910764 -0.4179196123254557 0.8660860285624533 0.2742958052224974 -1.9613514429535894 0.9012795065396519 0.4332049694131763 0.00535775768120228 -1.9968404933599408
7680147070836 box_met_038.pcd box_met_040.pcd 0.3287391447503807 -0.9016523914015323 -0.42862005092988115 0.05751362465332738 -16.384239626695454 0.26554254440222375 -0.6536881795458861 -0.7086458361088268 -2.379490146315509 0.34133579096293254 -0.623679898556023 0.7032163692241938 -6.541898535153414
7680147070867 box_met_091.pcd box_met_084.pcd 0.27966760395949064 0.23262170686824724 -0.6126632016035112 0.7553349872041137 -4.314131104071396 0.7513891119332143 -0.37988615797864606 -0.5395376812090504 0.9446485528291831 0.617496189431092 0.6930586615699703 0.3719786924824089 -16.14528438502677
7680147070898 box_met_024.pcd box_met_025.pcd 0.3261602039280022 0.7866038723108255 -0.11111721324259963 -0.6073774057263019 -1.8282908514979546 -0.46294593289899466 0.5447720835638035 -0.6992170193736933 0.04670601854921047 0.4085773014716967 0.8311897147407148 0.37707856851239263 12.950134766729763
7680147070929 box_met_051.pcd box_met_056.pcd 0.29989532159532106 -0.31510176356457614 0.04531753368652319 -0.9479753159967113 -1.9714091035751247 -0.262150803761444 0.9558414450102084 0.13283105091816977 1.1034933993907594 0.9121336715009059 0.2903677894349981 -0.2893072971304212 18.099528188069378
7680147070960 box_met_032.pcd box_met_019.pcd 0.3708009871881045 -0.5196170081276172 -0.6250501384390404 -0.5825036388743337 5.963477099062929 0.591522735031759 -0.755131824923595 0.2826248059320137 -8.487144527761272 -0.6165217099219225 -0.19770748955185652 0.7621107070301869 -11.914585321564227
7680147070991 box_met_019.pcd box_met_035.pcd 0.44110230547550433 -0.7155555363887522 -0.698380238903419 0.015662574903525336 -7.52779213376975 0.6798809994618737 -0.6911014392005503 0.24523586056213695 14.689544482039468 -0.160443450829658 0.1861285648258524 0.969336915856267 -7.842373706631452
7680147071022 box_met_047.pcd box_met_045.pcd 0.45335419062239163 -0.0868775250609731 0.9195642641045778 -0.3832151612620339 -1.4241557433298722 0.6616901430735782 0.3408252361146662 0.6678355433687625 -17.714177006239442 0.7447270978006294 -0.19554979572781128 -0.6380766624726715 -8.736462510861605
7680147071053 box_met_057.pcd box_met_054.pcd 0.4342853129593306 0.606907168226104 -0.7859025697605746 -0.11840962798478999 -17.927264086766524 0.7936567063909474 0.6071836206449124 0.03790888050586935 -1.5352847731108017 0.04210370003271266 -0.11698376666982471 0.9922409368592364 -3.4781018704017597
7680147071084 box_met_070.pcd box_met_074.pcd 0.43141350681931734 -0.16195219882332637 -0.09308700972183173 0.982398235909113 -11.03107941171413 -0.5359197207869961 -0.8276337102478646 -0.16677078441064416 9.734097015419092 0.8285900905561674 -0.5534954835248441 0.08414993493592901 -11.896559313279315
7680147071115 box_met_015.pcd box_met_018.pcd 0.4235960324984454 -0.46942197043170936 0.590296738644401 0.6566527042674806 -13.430171001758525 -0.7087553716208331 0.19162517792644757 -0.6789297565899377 0.08966426253805915 -0.526601212374816 -0.7841106755620926 0.3284229157579183 5.991852678508165
7680147071146 box_met_016.pcd box_met_014.pcd 0.44455481353566534 0.24493942851442185 -0.32637353534458174 -0.9129539921516898 12.576516623623089 -0.9359334502483283 0.1661704066538674 -0.3105092150947351 -8.036864322305558 0.25304792641965773 0.9305201294862824 -0.26476222456299175 -1.4581484734518666
7680147071177 box_met_105.pcd box_met_002.pcd 0.4410115397092673 -0.33380405241563416 -0.8779894362188476 0.3430880418770236 -0.7567495097508117 -0.24475235580577598 -0.2707555998731781 -0.9310143336516565 5.2562219594071085 0.9103137585022117 -0.3947479639281566 -0.12451066643525538 -13.111001957361804
7680147071208 box_met_111.pcd box_met_109.pcd 0.41128787164251057 -0.7196348189902438 -0.49207863982084926 0.4898819648945465 7.23320583797925 -0.10868714350563952 0.7766560490350737 0.6204776275852446 -12.433005530941099 -0.6857935783699518 0.39327343379548524 -0.6123913570073017 -11.026239889516255
7680147071239 box_met_003.pcd box_met_109.pcd 0.42650065329336717 0.5194935798124387 -0.8533931735649914 0.04297105824074768 12.730581132998935 -0.8372642927343595 -0.5184286799295261 -0.1738396040566179 13.721874031237821 0.17063096039608433 0.0543304255385628 -0.9838360027032498 0.5342763961506108
7680147071270 box_met_020.pcd box_met_012.pcd 0.4994431028021818 -0.36348861769864915 -0.2219297414160072 0.9047779919287104 0.12823328633844092 -0.7867293526602773 -0.44701995515765847 -0.425711269939599 -1.047138000336609 0.49893180943518356 -0.8665566049404212 -0.012111976216308627 -12.28643302806084
7680147071301 box_met_108.pcd box_met_003.pcd 0.5164434129205371 0.3366234873065374 0.9291464691505181 0.15287729281587595 4.165632748739701 -0.8129461852177992 0.36869095717203765 -0.45076099880024534 5.999624701756479 -0.47518746588416405 0.027455727356825693 0.8794561133461376 -7.469588367393713
7680147071332 box_met_043.pcd box_met_083.pcd 0.5203038876769599 0.8364545434873183 -0.5153272830348719 0.18649822529804205 -10.769557171059711 0.20525535278136936 0.6101125289823055 0.7652665823968867 -9.157532576229547 -0.5081476525912697 -0.6018309507982391 0.6161050801829748 -12.123553712832857
7680147071363 box_met_011.pcd box_met_023.pcd 0.5372810102931493 0.07960385155061761 0.42930957089743244 -0.8996424396137442 7.022431172086457 0.9105839315447561 0.33589206276624245 0.24085976372805284 2.8702502493243056 0.4055861566064626 -0.8383733145243238 -0.3641840950161016 -7.226791992829612
7680147071394 box_met_002.pcd box_met_110.pcd 0.4784330570892747 -0.9486010206825289 0.2868877547099524 0.13360957958749137 -10.530912848820906 0.17263795167297458 0.8229218010548579 -0.5412909079143932 -12.284180704219182 -0.2652399690887927 -0.49040302358989446 -0.8301521747557284 -9.960511564919516
7680147071425 box_met_104.pcd box_met_102.pcd 0.5430230853024971 -0.2352456129290305 0.23227847593064696 -0.9437723301819038 4.747135702027862 -0.20731635044251237 0.9366843219005796 0.2822098721605047 15.20399980594308 0.9495680241229915 0.2620480694929594 -0.17219575151022454 5.016105372803834
7680147071456 box_met_034.pcd box_met_020.pcd 0.5136906179152994 -0.6511381608615977 -0.002976321855569397 0.7589533826118628 11.892143905064398 -0.6114529888528389 0.5944489751639431 -0.5222601443241367 -9.237336097431731 -0.44960464620898494 -0.8041278240645265 -0.38888829330868735 11.85072708653603
7680147071487 box_met_039.pcd box_met_042.pcd 0.4989622228248399 -0.06979811980833026 0.11334676325665916 -0.9911007687064223 4.053764414408058 -0.9903097838288646 -0.1274486360030804 0.055166812793401465 -10.584407029374203 -0.12006146144391983 0.9853473278190759 0.12114408378355487 -4.308341777258045
7680147071518 box_met_033.pcd box_met_107.pcd 0.4890798572557364 0.2959310237228285 -0.8605014136151078 -0.4146831879456413 -0.28565473823026344 0.0019694400350884766 0.43467681280042575 -0.9005843601349137 -0.3120540222404575 0.9552072814338818 0.26569415797127527 0.1303290601348301 15.296206183160955
7680147071549 box_met_049.pcd box_met_016.pcd 0.47178850539510314 -0.19210230410715884 -0.21800863278654306 0.9568536673845498 -13.162502552401344 -0.3226456885909509 0.9348428823070434 0.1482178971431271 3.5906124883765855 -0.9268206214745072 -0.28025171084295214 -0.2499250171135466 10.962992614677615
7680147071580 box_met_043.pcd box_met_046.pcd 0.5777510084880019 0.9235418068983103 0.38192614408436887 -0.0346835894314578 -0.32108077130997364 -0.2318730000849294 0.6281460759017607 0.7427431717362561 10.885807531925169 0.30545939622578056 -0.6779121829514979 0.668677522774107 4.154666658709446
7680147071611 box_met_003.pcd box_met_001.pcd 0.5858273768349858 -0.7028738627070655 -0.587677839484802 0.40075315357676716 7.378983839787756 0.4822166504794355 -0.8078452106563533 -0.3389000112422329 14.530581947833078 0.522910542180632 -0.04495411658643669 0.8512013230007869 3.9460400533833027
7680147071642 box_met_010.pcd box_met_007.pcd 0.6072483513464004 -0.3581699342904831 0.9172599945626678 0.17420792331362447 3.7532626482506575 -0.933648964170839 -0.3526224625654039 -0.06290477404005093 -14.546632830669033 0.003729594223312316 -0.18517964593660116 0.9826976080451832 -5.737238144412622
7680147071673 box_met_014.pcd box_met_003.pcd 0.5933765536167294 -0.08303795827193633 -0.8626854574945679 0.4988772383196254 -14.362228208807199 0.9948367805422638 -0.04245003454819779 0.0921833751126557 -2.81686906564169 -0.05834790113047714 0.5039561449116827 0.8617561873519813 -3.8713434876426946
7680147071704 box_met_042.pcd box_met_038.pcd 0.6076289766655462 0.1547942203206139 -0.3851790556898413 -0.9097669176295734 10.966992759885924 0.8518276747652715 -0.41441393747693317 0.32039148073701146 13.512812779164914 -0.5004281785224763 -0.8245593874808208 0.2639572970348231 -6.573975829838465
7680147071735 box_met_067.pcd box_met_070.pcd 0.6305354399824445 -0.4769745696696686 -0.8438789976269566 0.24568983953871157 -11.777794019853884 0.8464766313491353 -0.36581159556993864 0.38685809947110594 -2.0443315326757494 -0.23658523298856807 0.3924921832478947 0.8888066795546974 5.539913971350801
7680147071766 box_met_016.pcd box_met_018.pcd 0.5547269383783894 -0.5281593127094428 -0.8408101350062822 0.11868469686108149 -4.67127783530905 0.7577083481554694 -0.5297531720422355 -0.3811031826772113 -3.0215761461955406 0.3833090131131789 -0.11135480942423451 0.9168829297594615 8.491931327885936
7680147071797 box_met_012.pcd box_met_002.pcd 0.6165508626746818 -0.9820715044525626 -0.1883126228063102 -0.008597455093697104 0.49298027112214443 0.18843788859664554 -0.9819313216548261 -0.017379346778404334 0.0312458205138757 -0.005169360068520298 -0.018687847522231103 0.9998120033643662 -17.32148001934293
7680147071828 box_met_090.pcd box_met_087.pcd 0.5958686783656025 0.6630109166784061 0.7237942356587895 0.19115027803371898 10.479093087701662 0.6989218411089636 -0.5070101054600621 -0.5044293934558465 -3.044437950512219 -0.26818796465560524 0.46804129880651035 -0.8420288345569876 4.557232887351223
7680147071859 box_met_038.pcd box_met_043.pcd 0.6115672716796312 -0.030312637556636324 -0.9112497159401957 -0.41073726298361696 2.2264393659439428 0.9182100164278363 -0.1877490683253994 0.34877020095549616 -13.185964694673682 -0.3949322850007994 -0.36657092429959226 0.8424097861030522 -13.485284059833539
7680147071890 box_met_014.pcd box_met_005.pcd 0.7029234852070692 0.6966843229513191 -0.35863532793666897 0.6212983628737646 -9.340558275298887 0.06978027553660324 0.8958401800416558 0.4388634012639576 1.8361722419298374 -0.7139759570881207 -0.26239488062592164 0.6491434813054896 5.974122276608632
7680147071921 box_met_097.pcd box_met_057.pcd 0.6583026642131371 0.5683660735562067 -0.7819712659289735 -0.25589244946215123 -0.06039679259023797 0.1327975621508219 -0.2197475586605323 0.9664759789821653 2.397166215507601 -0.8119881858235989 -0.5832940508218603 -0.021053179302089275 16.83779755788127
7680147071952 box_met_073.pcd box_met_064.pcd 0.7020789106486484 0.21094179527106435 -0.9435087573122173 -0.2555284404581527 3.6472626592397006 -0.6482681802414344 0.060622575949298624 -0.7589949076059275 0.5355600818619337 0.73160913437045 0.32575470550772834 -0.5988588701399469 16.332054481742507
7680147071983 box_met_072.pcd box_met_070.pcd 0.7190964416908822 -0.15853529487318013 0.807462084992141 -0.568217864537554 4.767465083429164 -0.9832560180323522 -0.07673854320612644 0.16528399495947632 -0.45429637728612327 0.08985634803750125 0.5849069817387597 0.8061077219767949 -11.124103882046871
7680147072014 box_met_011.pcd box_met_020.pcd 0.6672256895397066 0.6966714619328613 -0.4626374609687138 0.5482840995658651 2.581489909450451 0.6739483402326256 0.6839882291632855 -0.2792019646488214 -5.222070153447918 -0.2458505823178353 0.564027199764776 0.7883088285053559 13.611208617806291
7680147072045 box_met_027.pcd box_met_025.pcd 0.6767805750095769 0.6503107501865327 -0.4614461956675555 -0.6034594739464854 18.528341253623893 -0.5414498961095577 0.27564320732493475 -0.7942624454540023 -5.425734774706311 0.5328488887055858 0.8432604762228352 -0.0705962537650483 -5.114184116217647
7680147072076 box_met_089.pcd box_met_079.pcd 0.6729709438844784 0.3549426430299277 -0.9314638549025305 0.07994252415983856 -12.517444147289428 0.8792932920263237 0.30356461945882757 -0.36700385339983427 -1.777291330846498 0.31758310212673335 0.20055824296930375 0.9267779477418666 -0.24185158189515676
7680147072107 box_met_069.pcd box_met_083.pcd 0.6665245407110917 0.47961510898499393 -0.3589720796600696 0.8006924461101385 4.185937762484948 -0.8572102821099336 -0.38666751503809565 0.3401158112456289 -16.389961667906483 0.1875096783590665 -0.8494864794914565 -0.4931661400409509 1.8876196991730965
7680147072138 box_met_018.pcd box_met_011.pcd 0.6354228297989392 0.07361007034728995 -0.9587306854050067 0.27462161314491124 14.647526915999805 0.9223519789607405 0.17017120098875826 0.3468552857623043 10.170378504986843 -0.37927349558158313 0.22776574636430716 0.8968134590495602 0.49786527184510687
7680147072169 box_met_102.pcd box_met_002.pcd 0.6538978318947264 0.6048827973652727 0.7929870201452454 -0.07272129903079713 -10.911492249145098 -0.6880382661247204 0.5664275682931437 0.4536112368819851 1.8286976779096695 0.4008991716125774 -0.2243465973860096 0.8882277064141092 11.025214151361773
7680147072200 box_met_071.pcd box_met_080.pcd 0.7936243358683196 -0.8082310395041696 -0.4160560712782485 -0.41672524801662547 2.6682342576528604 -0.5454412121120593 0.7956520686236226 0.2634988990957594 8.667434939210318 0.22193798888819505 0.4402671135202567 -0.8700048263319029 10.614862938585455
7680147072231 box_met_008.pcd box_met_001.pcd 0.7570347229220554 0.39837786082427956 0.9149409515350465 0.0646384963409172 2.3569022544819966 -0.7926253686300345 0.3788688469577743 -0.4777064180110924 6.670867340419254 -0.4615626772272351 0.13907354891937745 0.8761383697691801 16.497223488442042
7680147072262 box_met_088.pcd box_met_086.pcd 0.7406175011998081 0.0006055748002530142 0.2237681717190771 0.9746422105596815 -9.157361825089612 -0.6110284002825348 -0.7714524864146189 0.1774974795676492 -4.978811298872325 0.7916084431885042 -0.5956415587668504 0.13626153581429 13.53982247443986
7680147072293 box_met_049.pcd box_met_048.pcd 0.7704961963565964 0.08490328239374774 0.9785190670726608 -0.18786129993699288 -3.2293983125827506 0.9546669982087727 -0.025901056399246603 0.29654688972986076 -5.7123062177651525 0.2853109797568588 -0.2045227876121688 -0.9363589451580673 -8.994646309041661
7680147072324 box_met_068.pcd box_met_060.pcd 0.7817563068728268 0.06928573980361108 -0.9952366089791078 -0.06858263925828627 -4.388660358868229 0.9596166541422535 0.08527914853250906 -0.2680733927833878 16.368412159138405 0.2726451234713223 -0.047239379476620796 0.960954253684311 -2.5259123523345313
7680147072355 box_met_056.pcd box_met_058.pcd 0.7975904095505225 -0.20727946276382053 -0.5792679030044021 -0.7883425149420931 4.621045504978992 -0.058004494618321745 -0.7971489867583009 0.600989992857025 9.536063667817793 -0.9765606498934998 0.17030029201118937 0.13163247175559917 7.686739487752787
7680147072386 box_met_043.pcd box_met_052.pcd 0.8008736011499547 -0.41842238948932475 0.12095787359942411 -0.9001621502753545 9.326132101491286 0.8444657556015122 -0.3130517656838435 -0.434598872086198 3.350966183778539 -0.3343655059817196 -0.9420020089238315 0.028843085706196106 11.4194565576985
7680147072417 box_met_050.pcd box_met_049.pcd 0.7469789425014414 -0.12827181273546856 -0.9850427253165571 -0.11505290677982316 -10.843818234311312 0.8153524379445859 -0.03870302949964044 -0.5776698689090249 5.880165688952519 0.5645766059582854 -0.1679074292831611 0.808121495318707 3.8758636437077474
7680147072448 box_met_017.pcd box_met_107.pcd 0.7634365387290742 0.7279475369747486 0.6851033923322718 -0.02693928780072985 3.128633904209873 0.23241204630445558 -0.28353002740355143 -0.9303737766581328 3.037012686019002 -0.6450403275338472 0.6710022841804302 -0.3656212664488658 11.319534715292045
7680147072479 box_met_080.pcd box_met_088.pcd 0.7963524861642343 0.4082313980697471 -0.8474077383664986 -0.33948085452142296 1.9059027694402133 0.13411936828230336 0.42351964797849617 -0.8959035120076976 0.9462832365988539 0.9029723809073984 0.3202049854901491 0.28654780855151885 12.348253717781114
7680147072510 box_met_007.pcd box_met_001.pcd 0.8964136826702741 0.6647904150395736 0.6963639369269772 -0.2704273865921724 1.7630527035157901 -0.7361947972138587 0.6721459151184596 -0.07897524513930873 -1.3771861232618945 0.12677115060910704 0.2515892210273113 0.959495669211755 12.187802415036272
7680147072541 box_met_043.pcd box_met_039.pcd 0.8423772479033066 0.0839081995667739 0.9159925171310564 -0.39232272761767656 -13.306726718359734 -0.05315371593986029 -0.38903630852846327 -0.9196876823837159 -2.9743068176877427 -0.9950548208652863 0.09802274841309772 0.016045069843894477 3.8007269613733943
7680147072572 box_met_068.pcd box_met_082.pcd 0.8524345004703072 -0.38808195722794553 -0.2844840829547628 0.8766191881424424 3.8430121869188176 0.3781911466652812 0.8182379546134608 0.43296432441250876 9.331579132106116 -0.8404545502632056 0.4995552583802597 -0.20995402536390012 -3.467323360074736
7680147072603 box_met_046.pcd box_met_047.pcd 0.8792178788730751 -0.8343325101261474 -0.5250176785017358 0.16806457035095257 -4.03497563418065 0.5501263664205605 -0.8125312973492418 0.19275339633030977 -4.124421454593595 0.03535878272103815 0.25327717640680963 0.9667473446541657 -13.997118188349894
7680147072634 box_met_074.pcd box_met_073.pcd 0.8282735781750806 -0.6324786225798623 0.7745483817333669 0.0067525057350675205 1.5621241967400352 -0.7745697809193759 -0.6324877346502474 -0.0009591681331762494 4.299191902190925 0.0035279549302237824 -0.005836940227561893 0.9999767415609174 13.729689696399982
7680147072665 box_met_015.pcd box_met_046.pcd 0.8816528538079655 -0.49635612872184576 0.5605426482426938 0.662889533015366 3.1325850029500515 -0.058953257454616326 0.7400655531398267 -0.6699458862410695 -1.0942155942794 -0.8661149501744859 -0.3716112438515685 -0.33429025790073175 18.413550679123695
7680147072696 box_met_012.pcd box_met_019.pcd 0.8468576781950191 -0.34418957986164384 -0.9265353742795127 0.15187407060913466 9.573044022757625 0.6269505541065822 -0.10639590812555744 0.7717596215400152 2.557011916929761 -0.6989038101342091 0.36084915261485817 0.6175122292206237 -8.681953399472093
7680147072727 box_met_107.pcd box_met_017.pcd 0.8332170272156315 -0.8209552868177947 -0.21718531205660632 0.5280747648513296 -9.357271081717212 0.417776356918241 0.40195418049200965 0.8147979825607815 1.446322908957218 -0.38922401344988355 0.8895298629117921 -0.23925152108626918 -3.9709509928958444
7680147072758 box_met_022.pcd box_met_024.pcd 0.8431745739384916 0.7236175210591863 -0.6365962033542287 -0.26668887695428833 -3.356999452629636 0.6331573443584488 0.45844215644247593 0.6236526007973742 12.094513395763894 -0.27475345402945284 -0.6201419700934245 0.7348023383383666 0.7569650241151369
7680147072789 box_met_076.pcd box_met_077.pcd 0.8906781148757561 0.6905681455376421 -0.6773960151968861 0.25347637949931756 -0.1086132889909397 0.328983683534611 -0.017918650861407426 -0.944165588188484 -14.32926806089102 0.644115961870765 0.735400272332481 0.21047818679524033 -13.802029921426751
7680147072820 box_met_069.pcd box_met_068.pcd 0.9514995176600383 -0.8129986647644001 -0.5639300713321768 -0.14496911994831416 -7.057476574736487 0.5815043384287338 -0.799094851220961 -0.15264377858501413 -7.858123889402694 -0.02976366039087175 -0.20839936036234938 0.9775908301128343 7.979707242733043
7680147072851 box_met_056.pcd box_met_057.pcd 0.9392811155585279 -0.7853141319724927 0.03759424040952766 -0.6179550041971672 -5.219498362646379 -0.5103072018453292 -0.6044511259588689 0.6117396472943746 -10.35984073618958 -0.3505257107104709 0.7957546791663157 0.4938686229310716 -7.13178328024278
7680147072882 box_met_089.pcd box_met_077.pcd 0.9664339834619214 0.13538556929437323 0.4235117904307352 0.8957167582405676 7.588441264114231 0.06822295895608005 0.8979098042144609 -0.4348604504514355 -10.498141558238764 -0.9884413869816031 0.1199822772816945 0.09267080252260201 7.655326761943806
7680147072913 box_met_054.pcd box_met_085.pcd 0.9333689075038007 -0.07025618388955007 -0.9974417930674938 -0.013188558207038972 -1.4150059045371424 0.9877576234933211 -0.07140791997797041 0.13869313679936118 -1.704426495012982 -0.13928009856438311 -0.003283048388693699 0.9902475830504072 10.632240303041
7680147072944 box_met_079.pcd box_met_078.pcd 0.9598945514724603 -0.9195507200114853 -0.25986834632808975 0.294779436024738 5.844661312802074 -0.3343618364502615 0.12327924764775945 -0.9343470390732828 3.7960934922500567 0.20646703284536053 -0.9577424860974405 -0.20025157845052408 15.923661866472951
7680147072975 box_met_088.pcd box_met_087.pcd 0.9571268597024476 -0.35931172850353277 0.7810765768451997 -0.5106999734321395 -7.418950273564802 -0.7866750913596525 -0.5479060810201228 -0.28450171706942784 -5.604076015634637 -0.5020332482954547 0.2995301445346614 0.8113225684775193 3.705966788750949
7680147073006 box_met_109.pcd box_met_103.pcd 0.9277070097472503 -0.941086260754203 -0.3352247500322038 0.04450861473376752 3.301907486791927 0.3356420940915054 -0.9098826414187053 0.2438400367429205 -6.292295847866876 -0.04124359942514101 0.24441347305491626 0.968793589829997 -15.075926197247485
7680147073037 box_met_106.pcd box_met_107.pcd 0.937111374687431 -0.3086678919770132 0.8390660467679903 -0.4479869435860864 8.704547315394143 -0.8637816789932519 -0.050071735435109066 0.5013721495517228 16.91481564825439 0.3982528637663081 0.541720398795959 0.7402254156878709 3.259226838856886
7680147073068 box_met_082.pcd box_met_085.pcd 0.9056308983976349 0.2218904482033781 0.8457747583296755 -0.48521097181379036 -5.039227944564532 0.9030157554147362 -0.3659813943351612 -0.22498925412837917 -0.9999037322562421 -0.3678684200483334 -0.3882301858084584 -0.8449557079269141 -13.85124430170107
7680147073099 box_met_022.pcd box_met_025.pcd 0.909226258998327 -0.7716167459399409 0.5741162292340539 -0.2738579060665002 1.190966191323852 -0.5326387956805637 -0.34782868437683867 0.7715640735937855 7.373739690994341 0.34771182137082357 0.7412191050254634 0.5741870145033199 17.74397295719104
