id source target overlap t1 t2 t3 t4 t5 t6 t7 t8 t9 t10 t11 t12
7680147070030 box_met_042.pcd box_met_039.pcd 0.6300 -0.9163664037248059 0.3934760103188362 0.073818990971413 -139.7661091316367 0.19301070859138475 0.2726738581110015 0.9425475231901643 14.40107797648688 0.35074132989073015 0.8779667399203872 -0.3258142463122959 16.789999781467923
7680147070061 box_met_076.pcd box_met_071.pcd 0.6009 0.44981164498809983 -0.8528850828473883 0.26505946406326136 -44.39815195553175 0.8576087748353788 0.49532326148264305 0.13842707812981508 106.40459995777985 -0.24935250822572527 0.1650512105093473 0.9542439020244975 -44.34728512987448
7680147070092 box_met_087.pcd box_met_090.pcd 0.6287 -0.11996877175635684 -0.6808218725627484 -0.7225573137429474 -92.70967434587648 0.6148161409107622 0.5205028079047292 -0.5925183033787988 63.498451581028355 0.7794925315093589 -0.5153235923218007 0.35613619377660244 56.30718517908826
7680147070123 box_met_033.pcd box_met_021.pcd 0.6186 -0.8329559791459675 0.45673776457613285 -0.31236989486021155 -46.611228062367545 -0.3562288244261373 -0.010649099391409247 0.9343380658680905 37.69613828204987 0.42342102150572875 0.8895376389406741 0.17157338795657173 -38.14196867352033
7680147070154 box_met_037.pcd box_met_044.pcd 0.6176 0.7841795992355904 0.20524286449758494 -0.5856088478801654 -11.46902602262756 0.06640573336456222 0.9105423427203945 0.4080476941358331 -2.0061829146895116 0.6169705298626696 -0.3588704622647031 0.7003994264667089 35.79395300165521
7680147070185 box_met_083.pcd box_met_070.pcd 0.6297 -0.9837341031168825 -0.17082386687806397 0.05555556560461338 -153.95261619591298 0.17954534554865761 -0.9255217560463547 0.3334260757299661 29.93794727637769 -0.005539246937640761 0.3379773447876313 0.9411379448060028 -11.823650382087404
7680147070216 box_met_042.pcd box_met_055.pcd 0.6033 0.6411708457176146 0.4920848361182196 -0.5888569101779006 -23.35390041960526 -0.6347974628740053 -0.09106635249543255 -0.7672933601771252 -39.44337739700855 -0.43119847834899067 0.8657710052350349 0.25398511524070155 -45.20876306086597
7680147070247 box_met_091.pcd box_met_095.pcd 0.6370 -0.6282985371953597 -0.516297796336491 -0.5819600790915592 -147.9517771278364 0.21660736802397768 0.6023734561522841 -0.7682626292101398 25.136383554911 0.7472096066539132 -0.6087551271416405 -0.26663645456476626 61.490290451436536
7680147070278 box_met_068.pcd box_met_083.pcd 0.6294 0.2606155974607123 0.7983785087442669 0.5428363170749326 -71.88556838490672 -0.6551376355816997 -0.26674814543846054 0.706852251428516 -12.341550067844317 0.7091362272544086 -0.5398492230988414 0.45352908122298086 72.95144364802661
7680147070309 box_met_042.pcd box_met_038.pcd 0.6076 -0.6851057966771694 0.7284103708142281 0.00695550498669386 -112.6488470423914 -0.7258706211387501 -0.6818529619531448 -0.09048966594793327 -48.68609767185315 -0.06117097945093262 -0.06704379140533488 0.9958731050224279 -0.6440647666779888
7680147070340 box_met_025.pcd box_met_027.pcd 0.6455 -0.9520267579568832 -0.07584066900146044 -0.296467949464217 6.794799176282423 0.24058149364909978 -0.7842161003822988 -0.571948994941637 56.9582900794375 -0.18911794480607802 -0.6158354494721714 0.7648405730122678 18.316400429644773
7680147070371 box_met_036.pcd box_met_108.pcd 0.6756 -0.5951400212633673 0.31908005452317445 0.7375610306246707 -68.53373973519578 -0.649268618956324 -0.7317548707873671 -0.20732840981763936 -46.195820547595744 0.4735595163537379 -0.6022646659770531 0.6426652756967364 21.349016003032283
7680147070402 box_met_013.pcd box_met_003.pcd 0.6564 -0.6971900715726073 -0.4315135105969341 -0.5724701688934474 -32.51942094044936 0.5140567889726232 -0.8575153660140106 0.020322764600644444 42.61105279933297 -0.4996715139086262 -0.28011334709750435 0.8196736490616826 -20.017906430281734
7680147070433 box_met_102.pcd box_met_002.pcd 0.6539 -0.9974299434485163 0.03455588221036471 -0.06276463109867494 -16.547194543036976 0.057713301118549803 -0.13161623400094538 -0.9896192913547148 -7.655777236446534 -0.042458012038824336 -0.9906982678656866 0.12928363880104574 -2.0634400962989523
7680147070464 box_met_056.pcd box_met_082.pcd 0.6578 0.05957696799638515 -0.6038039133097748 0.7949034024057007 -31.8592936307894 -0.8422637262948436 0.39699062887530756 0.36467829103623955 -32.942617330932435 -0.5357633808429634 -0.6912447286287176 -0.4849106359843306 -44.87542791858252
7680147070495 box_met_042.pcd box_met_081.pcd 0.6495 -0.05003727592056384 0.9987361871955908 -0.00472222452488579 -80.34067967150781 -0.9981963237325123 -0.04985207243331358 0.033449516603403 -74.04013057081434 0.03317182999695734 0.006387429852274458 0.9994292523408225 -2.332483107019005
7680147070526 box_met_003.pcd box_met_013.pcd 0.6417 0.343440749729512 -0.1447927866765991 -0.9279458499027062 -29.660742142722082 0.055715824542592614 -0.9831629898075314 0.17402954452694325 12.893315594193336 -0.9375202388859507 -0.11147010540562503 -0.32959098482830074 -25.121595494180692
7680147070557 box_met_065.pcd box_met_071.pcd 0.6426 0.10770239140718768 0.7023112629743653 -0.7036754115247492 -128.05980682846095 0.9858206229245587 0.016166643913071363 0.16702197173193495 162.99495098988703 0.12867748172002857 -0.7116863982990964 -0.690611740541856 16.18649185385562
7680147070588 box_met_075.pcd box_met_078.pcd 0.6726 0.2547082694602665 -0.3960502818263867 0.8821949170868059 -78.34245249953626 -0.6921818888279203 0.562392255438876 0.4523264128933739 -66.21297626880784 -0.6752835924611001 -0.7258506218827769 -0.13089287400472616 -60.79174062753876
7680147070619 box_met_029.pcd box_met_101.pcd 0.6606 -0.526278228821733 -0.5889763723673656 -0.613300952764006 21.033617047284892 -0.1124682432301021 -0.6667130375746518 0.7367798991508353 2.7276421420432704 -0.842841693399771 0.4567281010852725 0.2846354186429494 -9.536822286306801
7680147070650 box_met_000.pcd box_met_100.pcd 0.6917 -0.5282481364526596 -0.8411583651120725 0.1157864894375735 0.9420952697925475 0.8484363105084395 -0.5282607256135284 0.03311242644529439 2.204129912979852 0.03331266043291812 0.1157290394682918 0.9927220437154739 -4.4861915847184
7680147070681 box_met_060.pcd box_met_070.pcd 0.6875 -0.8131561739077812 0.5814508338474763 -0.02630522103561564 -164.12810602492394 -0.5820303162821009 -0.8126311348980543 0.029518630097916825 18.316635728619417 -0.0042128095394475575 0.03931369242865106 0.9992180371787779 5.70325689988974
7680147070712 box_met_107.pcd box_met_019.pcd 0.7094 0.23892845162046958 -0.8621050149609586 -0.4468647873634817 3.321792408951822 -0.969308118404621 -0.23919783430741684 -0.056799363178949486 10.157871877579236 -0.057922073522428036 0.4467206501179527 -0.8927965581010355 -33.05452050011446
7680147070743 box_met_090.pcd box_met_091.pcd 0.7127 0.373312758983812 0.8420630642407313 0.38931655477439453 -58.13316819035893 -0.9269610788355359 0.35538681216401014 0.12018058106017757 -88.49659633206718 -0.03715834097418255 -0.4057462379140593 0.9132301178315538 2.9515052044938725
7680147070774 box_met_085.pcd box_met_055.pcd 0.6931 -0.8755490848099344 -0.043039862395335804 -0.48120824009307783 -161.76200089045304 0.01416982811476282 0.9933078372893621 -0.11462441428739546 1.939549420222551 0.48292133527075065 -0.10717793907573027 -0.8690799004210111 39.18828149040178
7680147070805 box_met_080.pcd box_met_087.pcd 0.7036 -0.20313306558042893 0.9222105653029534 0.32903591127945847 -124.04093257034816 0.9292107090119844 0.2875120562936672 -0.23217294360719923 98.76456295688263 -0.3087141330184638 0.25858169063062764 -0.9153311386297661 -53.105628568848985
7680147070836 box_met_058.pcd box_met_055.pcd 0.7089 0.1852073196786556 0.8379079415563883 0.513428213301708 -74.20706125870373 -0.9629766733672337 0.2588989794055146 -0.07514815375881609 -18.02857398241762 -0.19589327524962163 -0.48050140472169145 0.8548357881911923 7.858546358640593
7680147070867 box_met_043.pcd box_met_041.pcd 0.6784 0.30348219383957703 -0.9503265395660121 0.06912326828793919 -32.311509305695864 -0.46914121416237786 -0.08588734268403347 0.8789367926881463 -21.263195480071413 -0.8293401468616888 -0.2991702401027957 -0.4719026258035319 -66.8216312484311
7680147070898 box_met_086.pcd box_met_081.pcd 0.7037 0.737853216398818 -0.6746635961686691 -0.02004153324170299 -16.943745132144656 0.3311642298580919 0.33598884095388215 0.8817265741810009 36.15637443168381 -0.5881350898496163 -0.6572218276649263 0.47133489721042077 -52.56971901982679
7680147070929 box_met_060.pcd box_met_057.pcd 0.6902 -0.2735631370250342 0.866288603422637 0.41797998234494316 -138.19536780690348 -0.8810247268772299 -0.4000476431865927 0.2525021065491431 -17.85992967232582 0.3859516040799993 -0.2991754314125899 0.8726599684568817 32.809322509557155
7680147070960 box_met_045.pcd box_met_054.pcd 0.7271 0.33053713651440847 0.8927986373637009 0.30603234225547776 -40.6671493969308 0.037557018502703154 0.31155846447892815 -0.9494844883265444 9.132849377747347 -0.9430454240099162 0.3253335462768189 0.06945078776303432 -52.867024375353715
7680147070991 box_met_088.pcd box_met_086.pcd 0.7406 0.23005155864178045 -0.9721855607962765 -0.043949013023236005 -59.49280389896546 0.8819939327051921 0.18919747215970045 0.43161443349314443 91.33229159541902 -0.41129427790538986 -0.13805633599226264 0.9009869394473347 -19.725674484200816
7680147071022 box_met_037.pcd box_met_047.pcd 0.7287 -0.21953173003810128 0.4878853578001988 -0.8448512870030148 -59.87602055649363 0.005440505820317937 0.866575223567569 0.49901681614474414 5.509578267719223 0.9755901908090802 0.10495360662211775 -0.19289510116670266 58.942728007083645
7680147071053 box_met_040.pcd box_met_039.pcd 0.7255 0.2304435974809893 0.9081329325351042 0.34955732752327157 -65.19859840224544 -0.9672960725482374 0.25290981558920156 -0.01936319217978813 -68.43901087457752 -0.10599083173923653 -0.33366330637909225 0.9367148667355487 -10.146817563473203
7680147071084 box_met_069.pcd box_met_055.pcd 0.7444 0.733515837431242 0.6013273125300154 -0.3167964321815717 -44.551898686680936 -0.4249318209578872 0.7695086139494484 0.4767488233808377 -22.05909725894279 0.5304596721476177 -0.21508592762667741 0.8199698652767758 32.96308320412652
7680147071115 box_met_084.pcd box_met_089.pcd 0.7258 0.457190048869192 0.8686149129258947 0.19101149771080872 -50.52591237307363 -0.8420239779487118 0.3536106752372856 0.40737588406489955 -58.31857460912616 0.2863090633815378 -0.34708446148015815 0.8930618661798382 17.631255883996136
7680147071146 box_met_035.pcd box_met_018.pcd 0.7515 0.39211485128738294 -0.9119223817186346 0.1210103843497994 12.333986168913775 0.9197144490860489 0.38586683941681915 -0.07233335593500465 56.761749160275 0.01926851167627959 0.13965798208153848 0.9900123092662503 6.807705240320802
7680147071177 box_met_000.pcd box_met_111.pcd 0.7557 0.02905734723766898 0.9664582841047389 0.255174559188085 1.2325025998489374 0.8860325481425866 -0.14307522135307793 0.4409941095601195 -0.0017356003261032038 0.46271156696527965 0.2132788459273252 -0.8604708825267964 12.661392379039102
7680147071208 box_met_005.pcd box_met_015.pcd 0.7229 0.7908860078401245 -0.12812576955059846 0.5984004593746379 0.8275054391087338 0.4135648058168358 0.8326524069310302 -0.36831253117650675 12.20825627700093 -0.4510692563148076 0.5387705972016562 0.711521447040479 -29.337700074070934
7680147071239 box_met_070.pcd box_met_066.pcd 0.7336 0.6078137146543012 0.1789733554492588 -0.7736478697168196 -59.091319405433374 -0.49021641496656293 -0.6818849021402067 -0.5428819823226513 0.087172100671566 -0.624700211922063 0.7092259994335192 -0.3267233186536517 -83.53203500288149
7680147071270 box_met_017.pcd box_met_107.pcd 0.7634 0.562885106864389 -0.19687361897995853 -0.8027459963276051 -19.22663124747553 0.5556685683049123 0.8091204668886824 0.19119757388578323 24.240618154536925 0.6118764570305302 -0.5536829853007716 0.5648383424664007 39.83694086721396
7680147071301 box_met_087.pcd box_met_079.pcd 0.7848 0.4490538386516136 -0.8934972814899775 0.0036411484823342033 -42.72524054024626 0.8934027937736222 0.44906044016027175 0.013272873108331574 87.52421601786035 -0.01349437178002159 -0.0027072223925701045 0.9999052819528357 11.240512417261016
7680147071332 box_met_030.pcd box_met_025.pcd 0.7736 -0.847460009998585 -0.42190169788089216 -0.3221963512804242 32.362939327991725 -0.4608895478545858 0.2835736489119728 0.84093210803319 35.30174832503069 -0.263424289183047 0.8611532633439705 -0.43476741011768216 -39.59517677231323
7680147071363 box_met_091.pcd box_met_090.pcd 0.7696 0.8113791536201516 0.18582085478755966 0.5541971481311205 -9.892431898422444 -0.5132637293087314 -0.2271699578711171 0.8276195710692975 -30.77909916024455 0.27968591892825023 -0.955962562115722 -0.08894586323379344 28.53776613846464
7680147071394 box_met_094.pcd box_met_077.pcd 0.7813 -0.845075743025955 0.5106275279132761 0.1584503590602002 -194.45291340574155 -0.5191981131167553 -0.7130614004140152 -0.4711440953419711 -64.74282267286932 -0.12759430976783773 -0.4804195738901359 0.8677077417760483 -8.97840798316118
7680147071425 box_met_051.pcd box_met_045.pcd 0.7810 -0.8425908040239543 -0.33934454294069066 0.41819375670930364 -90.33350074248399 0.5310904416125017 -0.65239165394739 0.5406737210995436 77.06301974013718 0.08935143984348798 0.6776654123062227 0.7299218514072126 -6.374690774804989
7680147071456 box_met_059.pcd box_met_068.pcd 0.7769 0.1314748152471385 -0.9889766189979249 0.06811475633931802 -17.73302051840092 0.5944901087733286 0.13364318159646155 0.7929192963873761 81.61585466078684 -0.7932817176302547 -0.06375536909319135 0.6055075304117895 -73.37253110607081
7680147071487 box_met_032.pcd box_met_022.pcd 0.7824 0.24177953674248898 0.5857290624028444 0.7736046283918372 -22.62409166381933 -0.789595984619319 0.5821542552871113 -0.1939964023484907 8.546082631227954 -0.5639865571852187 -0.5639307479715874 0.6032423019041108 7.239009003972431
7680147071518 box_met_073.pcd box_met_065.pcd 0.7589 -0.1119661635557026 0.9936829310736742 -0.007603335547601883 -157.35784892866243 -0.9841668582840285 -0.10982944672645184 0.13911537545184025 -32.070428612416606 0.1374015038999306 0.02305916573931633 0.990246990200649 24.10566975752825
7680147071549 box_met_087.pcd box_met_081.pcd 0.7722 0.6020892503376796 0.6415151819662226 -0.47533862238898217 -44.09691042720869 -0.7201182744401777 0.17918284613133634 -0.6703157304357215 -50.85139598334007 -0.3448451905494868 0.7458899241571226 0.5698508713652809 -38.430452364858084
7680147071580 box_met_019.pcd box_met_011.pcd 0.8279 0.3562097044120556 -0.783967335635159 -0.5084386522873587 -5.539520468550098 0.8434880466870381 0.5039045837202318 -0.18603248534012712 26.37905799357915 0.4020479593018235 -0.36259534906400775 0.8407627794202057 21.02535495355979
7680147071611 box_met_073.pcd box_met_062.pcd 0.8241 0.96103271147709 -0.21794169364903349 0.1700515969945096 14.99082393187119 0.08759825363517819 -0.3433588532410836 -0.935110284330696 62.7714776983944 0.26218824045151085 0.9135677950050336 -0.3108877779819943 -34.30252346922186
7680147071642 box_met_066.pcd box_met_062.pcd 0.8119 0.5025002970309043 0.21079236213898 -0.8384867509673137 -60.14080833293815 0.30997465756020803 0.8614235917271742 0.4023246292315276 37.416298054827436 0.8070992275763151 -0.4620778891915556 0.3675253204419958 99.70540180886286
7680147071673 box_met_012.pcd box_met_010.pcd 0.8025 -0.09409142306985381 -0.2662624737291146 -0.9592971902326946 -18.548057050363916 -0.046457015867178125 -0.9613480577674551 0.27138838866734644 31.81010201860568 -0.9944790343599037 0.07010140448232487 0.0780848468539123 -8.84420091113975
7680147071704 box_met_106.pcd box_met_050.pcd 0.8243 0.3923610203812848 0.7991492984203427 0.45542642492463137 -65.10120340115716 -0.6870419913301128 0.5838331538344035 -0.4325646201816867 -25.660821905834187 -0.6115767587429317 -0.14317558212924336 0.7781224973276649 -30.940904350032966
7680147071735 box_met_070.pcd box_met_060.pcd 0.8129 0.13611181332205669 -0.12302231294496416 -0.9830254751489673 -80.94917999820888 0.17486547311907277 0.9796640210743263 -0.09838939029857247 10.605069749468537 0.9751387801667126 -0.1585052564748352 0.15485620131212785 82.44786322438684
7680147071766 box_met_010.pcd box_met_024.pcd 0.8108 -0.2664097051147435 -0.27319086902368783 -0.924333607580487 -3.8663937196496496 0.5726697656401424 0.7265111678950626 -0.37977738537914085 8.440977688003644 0.7752904027152275 -0.6305142916745301 -0.03710147506266942 4.481635340888181
7680147071797 box_met_050.pcd box_met_051.pcd 0.8195 0.13424239035476337 0.9431164031869729 -0.3041552739498474 -93.34645398745808 -0.8648414335715494 0.2613435467766174 0.4286593581576464 -17.458895932884502 0.48376469012294265 0.20550182626411234 0.85072952458015 31.81804358559527
7680147071828 box_met_046.pcd box_met_052.pcd 0.8318 0.48851322451231927 -0.6539169157652343 0.5777088338883695 -14.405130721251108 -0.3877169984782147 0.4304574714710645 0.8150962485165671 -14.74475748427375 -0.7816843087638513 -0.6221728317202713 -0.04325053643087895 -40.899358873919006
7680147071859 box_met_051.pcd box_met_046.pcd 0.8322 0.45530950981018165 -0.2705698281440451 0.8482247452028936 -17.947902360687294 0.8160096673968975 -0.25425109456381795 -0.5191190649821145 75.48292044853676 0.3561200261024594 0.9285194392209579 0.10502465423690394 -1.3043817868326073
7680147071890 box_met_107.pcd box_met_017.pcd 0.8332 0.09474788689592312 0.521786689505804 0.8477980234603826 -42.36173912279215 -0.30473477425368023 0.8259492552907581 -0.4742831907681327 -7.219542268500319 -0.9477128021132333 -0.21341620917637932 0.2372634956571869 -14.878882730306504
7680147071921 box_met_053.pcd box_met_068.pcd 0.8553 0.8651202320091818 -0.05866699529340505 0.4981216395938081 -9.733995244220345 -0.501553520904713 -0.09460712411755773 0.8599381127350335 -6.401376869686558 -0.0033241294297530755 -0.9937845217799727 -0.11127117521661051 14.065603090726135
7680147071952 box_met_105.pcd box_met_036.pcd 0.8502 0.269911288247339 0.019486592382339518 0.9626879916120207 -15.915003183591589 0.8885354324750055 0.380197178389925 -0.2568168428682083 26.798498620457483 -0.37101574321464625 0.924700155867654 0.08530498241732193 -16.35115212683124
7680147071983 box_met_055.pcd box_met_068.pcd 0.8391 -0.8740948612013633 -0.23203409150970053 -0.42675327063613416 -134.6013081205291 -0.34485615260437974 -0.3222970958050649 0.8815888021331293 13.156518660709722 -0.34209999653942463 0.9177607326601465 0.20169985115224282 -63.77367705932397
7680147072014 box_met_022.pcd box_met_010.pcd 0.8652 0.5152771645066995 0.5973443486694503 0.6145479418650802 -21.512439273958137 -0.1768905748058207 0.7757604219771058 -0.6057272424439643 0.05141431577241784 -0.8385697158154485 0.2034096772687399 0.5053962157660314 4.34328269599681
7680147072045 box_met_044.pcd box_met_045.pcd 0.8708 -0.2749424510466293 0.9589147659055574 0.06992224496368754 -72.87803453580025 -0.8971612716701557 -0.22972705503943158 -0.3772626840784801 -41.232412652503974 -0.34569972697076434 -0.16645705725862153 0.9234629103873848 -14.79457363254521
7680147072076 box_met_057.pcd box_met_051.pcd 0.8557 -0.0051314021951380795 0.9976803994124697 0.06787848952125042 -97.6335028576609 -0.9968417221062564 -0.010482842985335583 0.07871906421685658 -35.86539582335273 0.07924802697698233 -0.06726017120941317 0.9945832391454905 2.9226642431635614
7680147072107 box_met_064.pcd box_met_065.pcd 0.8399 -0.10340063755590687 0.9443154630152979 -0.3123725571544902 -168.69253033335667 0.7910345978628792 0.2684603616580782 0.5497211103844625 111.99091178946361 0.6029697945477406 -0.19025598684040698 -0.7747451750959395 55.00364314278268
7680147072138 box_met_022.pcd box_met_024.pcd 0.8432 0.7529189388164449 -0.5726164741513731 0.3243816349640781 14.805886207501612 -0.25349120403463105 -0.707198245055695 -0.6600097360397181 34.57385819990606 0.607334570931535 0.41470593885378015 -0.6776161916828826 -29.76290891958877
7680147072169 box_met_101.pcd box_met_029.pcd 0.8660 0.8257218304229389 0.4516630030549467 0.3379112167927816 6.644325398289406 0.0027750237212978424 0.5957911162340341 -0.803134636944485 2.4223154861056826 -0.5640707030207626 0.6641035141361553 0.49070435549898256 19.64991412313848
7680147072200 box_met_046.pcd box_met_047.pcd 0.8792 -0.327385109277708 -0.035504454334865765 -0.9442237149879296 -65.5721866401734 0.17933123036463183 -0.9834659877974526 -0.025198425774009145 34.70888720513041 -0.9277172522051806 -0.17757838992389907 0.32833917736527435 -56.10817878715015
7680147072231 box_met_022.pcd box_met_025.pcd 0.9092 -0.822965632380981 0.4588777276569465 -0.33490117793189345 -7.908061586376661 -0.5488095642721488 -0.7944769001254187 0.26002791644460027 46.709581116688376 -0.14675023026621342 0.3977910082285711 0.9056636702933991 -6.975793690172964
7680147072262 box_met_007.pcd box_met_002.pcd 0.8951 -0.43891093730708153 0.8693554339644745 -0.227108605184083 -17.11239131296419 -0.4529570468363309 0.004215308167120541 0.8915223748725358 9.806362645331554 0.7760071538546081 0.49416936430084046 0.39193052516099613 19.073250894582735
7680147072293 box_met_079.pcd box_met_075.pcd 0.8952 -0.5067506846401012 -0.45446229223205925 0.7325761179263017 -136.3766920675531 -0.22177375711546984 0.8898876894537914 0.3986430744581936 -10.017280402820294 -0.8330787143311711 0.03954649286314302 -0.5517390058991191 -89.85666387007372
7680147072324 box_met_038.pcd box_met_037.pcd 0.8902 0.39941300844221805 -0.5434744873446729 -0.7383120819088508 -44.81491705396971 0.8254530561243458 0.5635798827074319 0.031701229352420646 61.65016193757264 0.3988690271531673 -0.6221038477721563 0.67371381295396 30.071901833787212
7680147072355 box_met_081.pcd box_met_080.pcd 0.9095 0.2564372234520743 -0.8410872162569629 0.4762480919408535 -30.53148614248224 0.06603745983766274 -0.4763270821455683 -0.8767847881395285 28.683732126832375 0.9643023407243082 0.25629047087982354 -0.06660473113689686 68.39356278172504
7680147072386 box_met_062.pcd box_met_061.pcd 0.8982 0.29616132774927134 -0.869869699776418 0.3944808909905181 -14.806659994332112 0.8959896928319132 0.3961004419092697 0.20076580948521877 124.38489701994435 -0.3308941496683835 0.2939917436428541 0.8967039179043838 -58.10268193264643
7680147072417 box_met_042.pcd box_met_086.pcd 0.9006 0.5203556825856288 -0.03800968557910206 -0.853103292340981 -36.15267221972218 -0.7284792179965913 -0.5410367538475347 -0.420234767639704 -47.744052287114485 -0.44558724459741683 0.840139568636247 -0.30922081537920754 -34.36048322264034
7680147072448 box_met_004.pcd box_met_105.pcd 0.8909 -0.6830259435663107 0.33081152444335765 -0.651182997098982 -52.97932888885333 0.7303204026636991 0.296660333715878 -0.6153249189271602 25.66537861595222 -0.01037640922878974 -0.8958551119991701 -0.44422511009224935 0.9758486042554755
7680147072479 box_met_017.pcd box_met_015.pcd 0.8876 0.7827174328249848 -0.5711951684835949 -0.2471629014493537 7.303739129101338 0.610125526170442 0.6257992102176717 0.48592405868219746 34.05883182768518 -0.12288312604709622 -0.5311416270562269 0.8383247040025467 18.659030566900057
7680147072510 box_met_103.pcd box_met_002.pcd 0.9109 -0.8349249674815785 -0.3837936022147391 -0.39446516902626433 -25.353211834154084 -0.15301594808879404 -0.5266009136384869 0.8362281969567863 -17.261154903885128 -0.5286647503913725 0.7585472619778842 0.38094570878208156 -4.577089713683256
7680147072541 box_met_079.pcd box_met_088.pcd 0.9309 0.6528495286472316 -0.08338667366369734 0.7528838925095898 -21.15227219130857 -0.28275679583074953 0.8952524668579457 0.34434229335980604 -24.28449417609414 -0.702734720471826 -0.4376867409918501 0.5608870023483498 -66.48663302967731
7680147072572 box_met_060.pcd box_met_067.pcd 0.9260 0.3230104671757628 0.6667128102011686 -0.6716831595391957 -83.34692238260692 0.6840927009405731 -0.6549172472752448 -0.32109278369537964 108.8424909926244 -0.6539735580394115 -0.3557772167172554 -0.6676384930860383 -47.98874650169132
7680147072603 box_met_025.pcd box_met_009.pcd 0.9254 0.6202692814923478 0.7811918264930627 0.07074848872873002 -19.23024183894512 -0.782913098994002 0.622109140947696 -0.005224573947029694 24.595865433455785 -0.048094676010706175 -0.05214927583152448 0.9974805036539175 -6.75587145883561
7680147072634 box_met_035.pcd box_met_106.pcd 0.9198 0.8163467530974083 0.07215868460409222 -0.5730367378654935 -15.248580716091269 0.2729702060477802 0.8261549834043179 0.49290486912430037 18.38616401832944 0.508984523652293 -0.5588032459036172 0.6547317672528423 52.18850038030011
7680147072665 box_met_033.pcd box_met_020.pcd 0.9260 0.5844581280739827 0.7104826819775738 0.3919477709315484 -17.17721787164622 -0.5761337287590549 0.7034997367043887 -0.4161226346199439 3.9696575640710527 -0.5713830791285682 0.017391925333593322 0.8204991760012601 -17.015546820517763
7680147072696 box_met_020.pcd box_met_032.pcd 0.9469 -0.041138175774243224 -0.3952200956793284 0.9176648225061208 14.491434150903178 0.9942129886585689 -0.10741356183297107 -0.0016911288984297057 50.11467556978178 0.09923801527924714 0.9122847158127648 0.397351750490493 -17.864197632474024
7680147072727 box_met_094.pcd box_met_095.pcd 0.9265 0.5927514704663538 0.7860539606528161 0.17539915963879749 -48.070011897476505 -0.7993433403928893 0.547557127928333 0.24744982486235967 -80.71926278679676 0.09846785480304038 -0.28688039772158747 0.9528922913811356 4.717100750146789
7680147072758 box_met_000.pcd box_met_029.pcd 0.9434 0.1285691007395076 -0.99169958995294 -0.0013818908078218086 -3.2665378887164276 0.9916992767937153 0.12857104579867024 -0.0014249873888510934 5.038180109621504 0.0015908305555529594 -0.0011872107675750464 0.9999980298924278 3.6098815615088724
7680147072789 box_met_007.pcd box_met_010.pcd 0.9161 -0.37441033321483286 0.2790906599989822 0.8842654046627006 -5.725364905324934 -0.8557262878602332 0.2632984608145696 -0.4454283789764897 1.4594440110134794 -0.357140620270087 -0.9234621400111704 0.14024355000885597 -6.589581567683602
7680147072820 box_met_089.pcd box_met_077.pcd 0.9664 -0.16797221312643112 -0.9044351757769213 -0.3921509255819469 -110.24264682972142 0.645667422550392 0.19966289442533022 -0.7370538026812105 65.46369000199292 0.7449153744382928 -0.37700363580086116 0.5504265105519439 88.94504514667527
7680147072851 box_met_103.pcd box_met_109.pcd 0.9492 0.992866145331087 0.01949955965606815 0.11762901269928225 -0.5687892992116943 0.11612223996258195 0.06578792892449342 -0.991053769375758 -3.7300730781771674 -0.027063681225232526 0.9976430802551808 0.06305427485503073 5.595464261294346
7680147072882 box_met_073.pcd box_met_066.pcd 0.9525 0.06539837886926925 0.7151555634854893 -0.6958991105447859 -124.78563255427093 -0.7034730787238009 0.5276505972325347 0.47614123403776576 -43.07752255831849 0.7077066338195005 0.458407424957212 0.5376001796800013 53.17523127176018
7680147072913 box_met_021.pcd box_met_011.pcd 0.9701 -0.4776805662414735 -0.8406953711893268 -0.25505405210673476 15.088813049631407 0.8182848738495101 -0.531418309238136 0.21909916895226214 53.01938586414618 -0.31973605030449154 -0.10404745776481303 0.9417765046274847 -8.729561354918733
7680147072944 box_met_102.pcd box_met_111.pcd 0.9625 -0.9448764570283017 -0.3271628740555448 -0.013150467419847794 -35.348972208969116 -0.03793559915952607 0.0694921981609825 0.9968609354925907 -1.9218912718139776 -0.3252220338016053 0.9424092997389569 -0.07807266163950734 4.136557990373813
7680147072975 box_met_105.pcd box_met_108.pcd 0.9613 0.6782436817834997 -0.6606017238000357 0.3218553566948733 -30.99578157928648 0.4114196425914362 -0.02153958586789656 -0.9111914858747169 9.806301889097837 0.6088672973733256 0.7504274840069897 0.2571754370779633 24.997677000573905
7680147073006 box_met_025.pcd box_met_031.pcd 0.9582 -0.42180023364426095 -0.6854227599792024 -0.5935319730226334 26.15354511727845 0.8488311988759232 -0.5286146222715935 0.0072233604038600685 43.15651833410072 -0.31870073534981114 -0.500761641125949 0.8047779942719211 4.3598482989608405
7680147073037 box_met_026.pcd box_met_027.pcd 0.9604 0.7752094390658744 -0.46362662103760033 0.4290695536255508 15.444112810312394 0.5174340781277009 0.07640065671123375 -0.8523056461424083 3.3216672040046173 0.36237039114048547 0.8827305907916352 0.2991227234854317 -36.50465858110076
7680147073068 box_met_092.pcd box_met_091.pcd 0.9542 -0.5609259955572499 -0.46509670088942745 -0.6848701236949077 -162.9801997375002 0.7984853626689549 -0.08550883141858437 -0.595910534688602 65.88574408640292 0.21859357975827062 -0.8811204790329177 0.41933703427823554 33.583028486181135
7680147073099 box_met_052.pcd box_met_045.pcd 0.9689 -0.2761718744525718 -0.6869575722723176 -0.6721743744439208 -65.2024991974483 0.7869916970620174 0.23982355455792376 -0.5684441322017919 48.29972914412179 0.5517002487916773 -0.6859839331769557 0.47439738501205436 36.93806699357603
