id source target overlap t1 t2 t3 t4 t5 t6 t7 t8 t9 t10 t11 t12
11922623420000 box_met_032.pcd box_met_026.pcd 0.10106363874251528 0.9823099737331238 0.01987079131401643 0.18620490637194367 -2.0883625475974466 0.02690784991381002 0.9690577726381753 -0.2453629982343596 -0.78040494950891 -0.18531886875719208 0.24603289402454562 0.9513804349157392 1.9144991461860934
11922623420001 box_met_032.pcd box_met_026.pcd 0.10106363874251528 0.9988107581626855 0.0359030859199139 0.03298541798899406 1.1733517922085264 -0.03415001775857338 0.9980496851302477 -0.052255165280596746 -0.13185785655174784 -0.0347972077266337 0.05106656864173116 0.998088853710725 1.270530215431476
11922623420002 box_met_032.pcd box_met_026.pcd 0.10106363874251528 0.9801913036339874 0.16530947265503368 0.10907697525517875 -2.7634624158564525 -0.1921677882206909 0.9270899839033595 0.3218317928925546 -0.2790148835830928 -0.04792232726685859 -0.33641780570680724 0.940492695640293 2.310433949406712
11922623420003 box_met_032.pcd box_met_026.pcd 0.10106363874251528 0.9847205889660583 0.10251161407888286 0.14077191000082892 -0.47416105704778666 -0.10389353725869178 0.9945853240740988 0.0024831536997642735 -2.542165358434022 -0.1397551236349355 -0.017070504250373448 0.9900389402959976 -1.777791380109476
11922623420004 box_met_032.pcd box_met_026.pcd 0.10106363874251528 0.9206824132232904 0.3901991075620028 -0.009410124290092163 3.2886127529661078 -0.39023143391288273 0.9207150207094527 -0.0018106977350358295 0.19966005108624732 0.00795751014035521 0.005339203855331846 0.9999540844131581 -0.2887697114947199
11922623420005 box_met_032.pcd box_met_026.pcd 0.10106363874251528 0.8675556377498919 0.47134747630341345 0.1586782026328174 -1.3893769758400947 -0.4961193580369748 0.8425371399126176 0.209754023677369 -0.2806846763375205 -0.03482524930791443 -0.26069661380668013 0.9647924531008585 -0.013151953420667835
11922623420006 box_met_032.pcd box_met_026.pcd 0.10106363874251528 0.9472245817860323 0.22840082276891369 -0.22494144975695202 -3.253725037822457 -0.23250425028663843 0.9725587219033068 0.008444290879314167 0.131869655161645 0.22069745186323353 0.044301203237491704 0.9743356906799556 0.5525479477556889
11922623420007 box_met_032.pcd box_met_026.pcd 0.10106363874251528 0.8455767891723035 0.47321873892633093 0.24711114653538127 -3.142063381619991 -0.44685966221963613 0.8806538897850051 -0.15736952909471547 1.0159424280901064 -0.29208960250924776 0.022644017653959417 0.9561228543291268 2.0920964036442036
11922623420008 box_met_032.pcd box_met_026.pcd 0.10106363874251528 0.9403608151794762 -0.3390355054553246 0.02786509134461065 -0.1782100842285429 0.3395921983296893 0.9403928365135594 -0.018397061384656434 -1.7254015049092843 -0.019966875283828216 0.026762643266956317 0.9994423869422218 -1.4352580910612438
11922623420009 box_met_032.pcd box_met_026.pcd 0.10106363874251528 0.8808451382211757 0.30950126640133435 0.35821893943242067 -0.5725754254371485 -0.2914304537488177 0.9508233310358795 -0.10489653848241431 -0.003469954242283665 -0.3730685367326977 -0.011998302121745505 0.9277262029533925 -1.3992835901729892
11922623420010 box_met_032.pcd box_met_026.pcd 0.10106363874251528 0.8911935711127836 0.03405955298947684 -0.45234275240949884 1.202875856894539 -0.12340624347306393 0.9777716682151305 -0.16950948028847193 2.8307785062177686 0.43651451050235546 0.20688767891287776 0.875586986218349 1.7168464591573853
11922623420011 box_met_032.pcd box_met_026.pcd 0.10106363874251528 0.9932680438302458 -0.11222075631137987 0.02872446620111095 -0.39814011915830394 0.11151423247259604 0.9934452180930539 0.025123188573355215 -0.038086961587109246 -0.03135552681242457 -0.021750873567433007 0.9992715999353573 3.3347353625296887
11922623420012 box_met_032.pcd box_met_026.pcd 0.10106363874251528 0.9800394168286515 -0.13033094058829356 0.150121908419548 -0.42735378591671996 0.13036431382541705 0.9914190836644566 0.009661585105820792 -0.2679164497937722 -0.15009292835768326 0.010101805348527485 0.9886202842273244 1.748973051149548
11922623420013 box_met_032.pcd box_met_026.pcd 0.10106363874251528 0.9940797923863313 -0.05342009601029932 0.09461321108280236 -0.04399954571483772 0.03389216147596151 0.9797952949151932 0.19711037885544466 -0.8739861438516753 -0.1032312344188321 -0.19273679826203396 0.9758052258704419 -1.1927475846378925
11922623420014 box_met_032.pcd box_met_026.pcd 0.10106363874251528 0.9719821050962114 0.22794900434456242 0.05735885974337596 0.46235345495306046 -0.22736250547724937 0.9736680373778236 -0.016638632513673115 1.5916221085575994 -0.05964124810770958 0.003131198993990166 0.9982149653842176 0.6455012319119204
11922623420015 box_met_032.pcd box_met_026.pcd 0.10106363874251528 0.9675395690587136 -0.23926096415654402 0.08137182151432706 0.5781514164953607 0.24450907890807644 0.9676596832531938 -0.062048752911339655 -0.2668573518040609 -0.06389438658601088 0.07993077278000868 0.9947505108948614 2.00508320596891
11922623420016 box_met_032.pcd box_met_026.pcd 0.10106363874251528 0.9985217316101921 -0.054252952497692776 0.0033118948453238336 0.4418261417296469 0.05424955538778078 0.9985267948070748 0.0011071551552848332 -1.4646361159223302 -0.0033670821806865243 -0.0009258496599662618 0.9999939027614096 0.826775300518503
11922623420017 box_met_032.pcd box_met_026.pcd 0.10106363874251528 0.9902111556323625 -0.059073250460785154 -0.1264603429586475 -1.4415606589505996 0.032842965184667436 0.9791956298198276 -0.20024299782921273 0.46310592817266666 0.13565841993440775 0.19412951764672143 0.9715505769022791 3.1041767662427615
11922623420018 box_met_032.pcd box_met_026.pcd 0.10106363874251528 0.8959922481632537 0.44125746161824475 -0.04989733256980525 0.38816351708613756 -0.3959602797921272 0.8447303590022953 0.3600639907110871 0.6687749678669506 0.20103071421625804 -0.3028571827546389 0.931592281416943 1.0997473856435913
11922623420019 box_met_032.pcd box_met_026.pcd 0.10106363874251528 0.8763093875559419 0.4761267377212767 0.07338383274417126 0.6379208541480942 -0.4654630357112683 0.8760768479903911 -0.12583131089546715 0.14720481530491633 -0.12420152844381813 0.0761096974249382 0.9893337628374479 -2.556948707446384
11922623420020 box_met_032.pcd box_met_026.pcd 0.10106363874251528 0.8443877786295078 0.529949106761346 -0.0785062006721556 1.4996578596223944 -0.5301886797291366 0.847655796641728 0.01948369335501597 -1.9250918333322733 0.07687160196197411 0.025171306333380404 0.9967232124061678 2.497548506323544
11922623420021 box_met_032.pcd box_met_026.pcd 0.10106363874251528 0.9984169930376264 -0.05621833311361391 -0.0017340806299429709 -1.7029600696682132 0.05541226652625455 0.9778802613788535 0.2016920303929942 -1.1765036495123544 -0.00964306653133385 -0.2014688398426712 0.9794474553748764 1.143925548140939
11922623420022 box_met_032.pcd box_met_026.pcd 0.10106363874251528 0.8754737837947132 0.43632850594652145 0.20775728335402385 -0.1509749191398848 -0.42796782037467357 0.8996853687618255 -0.08608009037895682 -1.2466690011609816 -0.2244753853141118 -0.013552569290528824 0.9743855136719277 -0.3385754315369942
11922623420023 box_met_032.pcd box_met_026.pcd 0.10106363874251528 0.96272951928763 0.23229491540976072 -0.13853138621619676 1.0696920856648764 -0.26209602660065867 0.9277061450187697 -0.265832619019112 0.04311349055944337 0.06676485252253447 0.29223343540598773 0.9540136653625348 -1.246881577271865
11922623420024 box_met_032.pcd box_met_026.pcd 0.10106363874251528 0.998586409353244 -0.013572184546063954 0.0513904549662977 2.2031504439214533 0.014677657663808118 0.999667607528095 -0.0211953019454501 1.9098709976239094 -0.05108570661642593 0.02191963197004751 0.9984536946267455 -1.0505301104741003
11922623420025 box_met_032.pcd box_met_026.pcd 0.10106363874251528 0.9984514847787661 -0.04407942751744306 0.03393577187588161 -0.07047559825108235 0.046092217410743895 0.9970722744594723 -0.06101136777990982 0.5220234713823697 -0.031147071086028474 0.06248106572353888 0.9975600114222766 -2.2942801735853444
11922623420026 box_met_032.pcd box_met_026.pcd 0.10106363874251528 0.9605411813759691 -0.2018175796964107 0.19139044753158607 0.5231018898999525 0.2601173291211001 0.8954709881331951 -0.3612072597590815 7.561273538512043e-05 -0.09848661823701327 0.39673842004177284 0.9126330106296806 -0.5858698408566749
11922623420027 box_met_032.pcd box_met_026.pcd 0.10106363874251528 0.874171779979591 -0.4733457216956086 -0.1084782321010858 0.14703200925666787 0.452705188770155 0.8751703926053014 -0.17068917941000522 -2.689305935120193 0.1757319297904964 0.10010300524732525 0.9793353241829695 2.0177830843250737
11922623420028 box_met_032.pcd box_met_026.pcd 0.10106363874251528 0.8920875540865996 -0.3053375713084749 -0.33308972273432635 1.6794817888968516 0.21076242744011303 0.9332198076315344 -0.2909982642967361 0.6109109819075274 0.39969863024951624 0.18939313132108032 0.8968674633328253 -0.38060263077079987
11922623420029 box_met_032.pcd box_met_026.pcd 0.10106363874251528 0.9993472261307272 0.008711830038583255 -0.03506031434827863 1.5853810362646337 -0.007166828711392666 0.9990078550783398 0.0439538628336187 -2.755141909409598 0.03540844801799186 -0.04367389963300561 0.9984181650489956 1.8590397725163355
11922623420031 box_met_042.pcd box_met_087.pcd 0.11720909697520056 0.9774411277529408 0.08830287444530377 0.191863086970257 0.6212257612306877 0.010740223209469678 0.8864521510664971 -0.4626956142811288 1.1653194346308142 -0.21093479888930194 0.45431837540900466 0.8655063976558768 -0.6024852061368897
11922623420032 box_met_042.pcd box_met_087.pcd 0.11720909697520056 0.9833439444917013 0.09231079782597071 -0.15656756827719648 -2.534982049002984 -0.07204040107714524 0.988822156007827 0.13054089168025715 2.6671183481498786 0.16686781428467823 -0.11708740492796543 0.9790023861886593 -0.7381431055164396
11922623420033 box_met_042.pcd box_met_087.pcd 0.11720909697520056 0.9382636222367174 0.34515900926756377 0.022948496871652128 -0.6832820925454244 -0.3455569531266835 0.9382542707922695 0.016410834405045937 -0.9311047654475452 -0.01586717785359094 -0.02332770159061068 0.9996019462793487 -0.8986623226646184
11922623420034 box_met_042.pcd box_met_087.pcd 0.11720909697520056 0.8826143212359162 0.46030524608897877 -0.09545176987477781 -0.36117060949276597 -0.45925841201702705 0.8876526877369998 0.03397671180204061 -0.2065326212506839 0.10036767876593274 0.013848695831918752 0.99485403084216 0.7320708401278551
11922623420035 box_met_042.pcd box_met_087.pcd 0.11720909697520056 0.8611011653217143 -0.030940290616011272 0.5074913610084236 -1.1417713336748156 -0.11186961767610229 0.9621558454644694 0.24847800240575524 -0.7680993399489793 -0.4959737611230942 -0.27073756195834475 0.8250522412685534 -2.8102054177544313
11922623420036 box_met_042.pcd box_met_087.pcd 0.11720909697520056 0.9094545208227149 -0.39969499543971293 0.11461407058286453 -0.770735806745074 0.4012744318764601 0.9159037469186071 0.009957745863412979 -0.13954681645346342 -0.10895551788390599 0.03693557906550284 0.9933601854925261 0.1915996800749519
11922623420037 box_met_042.pcd box_met_087.pcd 0.11720909697520056 0.9612946489508241 -0.27539224451416755 -0.008468149736550358 -1.3579852418919536 0.27536664794596843 0.9613306375993811 -0.0040760779885018255 -1.1668683604485455 0.009263212051593297 0.0015864659517946364 0.9999558370389519 -0.3734645307567714
11922623420038 box_met_042.pcd box_met_087.pcd 0.11720909697520056 0.938584203516937 -0.23919036133873497 0.24869190568074862 2.400417705317732 0.25165570769490486 0.9676281177087305 -0.01911100740505576 -1.1201980978786426 -0.23607011181649734 0.08052202718576387 0.968394085816741 1.826906340664554
11922623420039 box_met_042.pcd box_met_087.pcd 0.11720909697520056 0.9305249243246787 0.33612028989072534 0.14541841676460923 1.311225020303391 -0.3521779211007214 0.9301897273858458 0.10352672580073174 -1.0605927090021163 -0.10046928435957359 -0.14754735439722605 0.9839388706167952 2.1101786090784085
11922623420040 box_met_042.pcd box_met_087.pcd 0.11720909697520056 0.985887744004355 0.16376502189250752 -0.0347328925739006 -0.4898915237371056 -0.1646633858640043 0.9860382387887734 -0.024790340903992923 0.5411436107840195 0.030188169500743482 0.03015972895900567 0.9990891177324043 1.4356800682447541
11922623420041 box_met_042.pcd box_met_087.pcd 0.11720909697520056 0.9990062293834898 0.043644287142243283 0.009040456450169817 0.6535650267687568 -0.04382775517881588 0.9988141104525025 0.021201430068795164 1.7933024822066133 -0.008104414165612268 -0.02157658362256759 0.9997343494700032 -1.1451534558642835
11922623420042 box_met_042.pcd box_met_087.pcd 0.11720909697520056 0.9717368071369389 -0.19509635586633445 -0.13290970462304136 0.1749172558533922 0.16858945353132193 0.9676348472983994 -0.187777523819581 0.3733319008161726 0.16524277234819607 0.16006315697711218 0.9731775850096438 -3.1762483871819107
11922623420043 box_met_042.pcd box_met_087.pcd 0.11720909697520056 0.9312925850921482 -0.3642268900386279 0.00573528771492156 2.601689352855735 0.36404988221874784 0.9311590396258482 0.020261445643974176 2.3622988874013267 -0.012720228335195706 -0.016781403274372934 0.9997782655645416 0.9584755514446686
11922623420044 box_met_042.pcd box_met_087.pcd 0.11720909697520056 0.9656385040563036 -0.04219947428368201 -0.25644001999314564 -2.070932339698593 -0.06113308550863204 0.9221591301799449 -0.38194932187655695 -1.1885097731173393 0.2525965663664064 0.38450194147227434 0.8878925788990205 -2.1790813630628345
11922623420045 box_met_042.pcd box_met_087.pcd 0.11720909697520056 0.9996219274150124 -0.01760185709221473 -0.02112289890145214 0.3922729069973332 0.017800304599636375 0.9997988291867251 0.009243933849489707 -0.05970008709108595 0.020955939188112806 -0.00961643300599695 0.9997341510766676 0.40494799093089257
11922623420046 box_met_042.pcd box_met_087.pcd 0.11720909697520056 0.9986968820308669 -3.0153033773533335e-05 0.051034663833706854 0.9315383910136993 0.0015995467846015984 0.9995270272844459 -0.030710961854081578 0.1991215969992633 -0.05100959980149602 0.03075257418027859 0.9982245738857454 3.1730275550377716
11922623420047 box_met_042.pcd box_met_087.pcd 0.11720909697520056 0.9920512096531933 -0.10870079402858009 0.06339191433607244 -1.108303368076767 0.11941725016929976 0.9720921091076444 -0.2019317998054145 -0.992970182146713 -0.039672632728854955 0.20789677435738954 0.9773459026486753 -3.375258333333638
11922623420048 box_met_042.pcd box_met_087.pcd 0.11720909697520056 0.9985118683012412 0.032101182180362786 0.04408585900476704 -0.1974048035339321 -0.029411547975967813 0.9977433529480122 -0.06035861573724134 -0.6645105476043885 -0.045923955700945276 0.05897216081068908 0.9972027248970472 0.10794808336968378
11922623420049 box_met_042.pcd box_met_087.pcd 0.11720909697520056 0.9783233085304237 -0.09948972619717922 0.1816185518257863 0.2005207447143294 0.06922483436560842 0.9836977656370838 0.16597176924905999 -0.0068477667973196495 -0.19517024950831924 -0.14980153624652665 0.9692616124891366 -1.574553387791687
11922623420050 box_met_042.pcd box_met_087.pcd 0.11720909697520056 0.9695679526329453 0.005432538932187594 -0.24476207375308184 -1.8722584144555416 0.004226805873240944 0.9992333248367437 0.03892167324019513 -0.859110542452384 0.2447858642554115 -0.03877176880743065 0.9688016466771071 2.3483978538660937
11922623420051 box_met_042.pcd box_met_087.pcd 0.11720909697520056 0.8534644785916731 -0.41864726851286654 -0.31037533463366485 0.8199488906301684 0.386118599088983 0.9079455989499992 -0.16293316662020774 -0.06017184648399921 0.350015444258971 0.019215980694280807 0.9365468140280827 -0.3313108641952844
11922623420052 box_met_042.pcd box_met_087.pcd 0.11720909697520056 0.9365238800252258 -0.3500099006054758 0.020398323966476995 2.5846073294654235 0.35019017086226173 0.9366597571167237 -0.005945050840833891 -1.6094776789691358 -0.017025462518133815 0.012710974635529332 0.9997742568949546 -0.8686304172756009
11922623420053 box_met_042.pcd box_met_087.pcd 0.11720909697520056 0.9883158880793246 0.14619319432115244 -0.0431190828306161 0.8138682768307618 -0.15220317645596285 0.9315309725481029 -0.3302790339399407 1.9775390470024543 -0.008117785824398219 0.3329828781150214 0.9428979289591986 2.242163803497567
11922623420054 box_met_042.pcd box_met_087.pcd 0.11720909697520056 0.9573938785898212 -0.07691631419806354 0.2783538069596383 0.2590977729644447 0.1914090305891164 0.8907556241414686 -0.4122098992858826 -0.06787445661282669 -0.21623955292146138 0.44792666662136504 0.8675264590096368 1.1557342329007132
11922623420055 box_met_042.pcd box_met_087.pcd 0.11720909697520056 0.8677341817693498 0.46620039457088575 0.17232115915066148 -0.07257976136642343 -0.4961750281752863 0.8328250842905047 0.24538280378169905 -0.8936076024243165 -0.029115823950748812 -0.298428502456559 0.9539877869853496 1.5508632851126178
11922623420056 box_met_042.pcd box_met_087.pcd 0.11720909697520056 0.9729405463988963 -0.1766275835158406 -0.14896103488621376 0.23693554982954346 0.17931042088577645 0.9837814683104145 0.0046685726694943985 -0.6938935827649144 0.14572050691231736 -0.03125250950498865 0.9888320456553062 -0.22212429819015586
11922623420057 box_met_042.pcd box_met_087.pcd 0.11720909697520056 0.8687297273846482 -0.2678995231819558 0.41657953170682255 -3.256556608078324 0.2127880050468049 0.9613871941307132 0.17451626820922816 -0.38726896630281876 -0.44724705216065513 -0.06296434261036193 0.892191440159145 -0.7688421880122517
11922623420058 box_met_042.pcd box_met_087.pcd 0.11720909697520056 0.9984420286572134 -0.04272249478335658 -0.035892949869780214 -0.8076414843636331 0.041446140676954284 0.9985069581423529 -0.035581905012123605 -1.3152456537637143 0.03735950794449254 0.03403884517417918 0.9987219954448554 -0.4491402231234061
11922623420059 box_met_042.pcd box_met_087.pcd 0.11720909697520056 0.8515997281484545 -0.5201946529240797 0.0646175369901598 -0.18984573769322913 0.5236655311008482 0.8497815322267386 -0.060380121093312034 2.250583181582034 -0.023501373456566606 0.08525767153501604 0.9960817310291773 0.38512150299654097
11922623420060 box_met_042.pcd box_met_087.pcd 0.11720909697520056 0.9706382340270072 -0.19275063999767755 -0.1439048624106176 1.348993511511818 0.2244394565786108 0.940928827278942 0.2535347556572333 -1.0532668625976838 0.08653524701317337 -0.2783884566140645 0.9565623441513932 -2.138853285757101
11922623420062 box_met_036.pcd box_met_038.pcd 0.14905690332426855 0.8760104406643876 0.05573315078946763 0.4790610856144173 -0.0029261474430018536 0.03826644893632374 0.9821371895961988 -0.184234143681035 -0.017231420366170706 -0.48077165758059126 0.17972299996149346 0.8582297224823037 -0.9825330389299811
11922623420063 box_met_036.pcd box_met_038.pcd 0.14905690332426855 0.9970740785609766 -0.07553503194198095 0.011736303136133344 0.723260935229597 0.07643662930797678 0.9868997134878233 -0.1420788415552685 0.00023942917008279582 -0.000850624367299384 0.142560213478993 0.9897857656942787 -0.9015260151349537
11922623420064 box_met_036.pcd box_met_038.pcd 0.14905690332426855 0.9997737582008457 -0.01986127427287908 0.007613290826871095 0.34955737081369187 0.02028846552873531 0.9979384915528707 -0.06088633051572626 -0.10042494379391051 -0.006388315853679042 0.06102701747126769 0.9981156709315385 0.8991453112319279
11922623420065 box_met_036.pcd box_met_038.pcd 0.14905690332426855 0.9997557145376477 -0.0005952428937766846 0.022094273810534696 -2.6005410356782486 0.00026245034839665995 0.9998865236817392 0.015062233548223456 -0.44345944327923625 -0.022100732321172014 -0.015052755413677925 0.9996424221617067 -2.2853795352301627
11922623420066 box_met_036.pcd box_met_038.pcd 0.14905690332426855 0.9709772795765955 0.2352520501372928 0.043123026937296985 0.08267209585576786 -0.23396857131796603 0.9716909687119633 -0.03279281871136491 0.14006756622618885 -0.04961683365012336 0.02175164889858404 0.9985314394593336 1.3741301591667794
11922623420067 box_met_036.pcd box_met_038.pcd 0.14905690332426855 0.9394268580424201 -0.21089551853116334 0.2701856003787364 -0.00394693414831413 0.24001443384548632 0.9675238085793793 -0.07931425709091112 -0.00174689773959946 -0.24468397972563957 0.1393583872449886 0.9595358200557697 -1.9091203673446744
11922623420068 box_met_036.pcd box_met_038.pcd 0.14905690332426855 0.9405739323961461 0.24202451568383798 -0.23821169472730258 0.13178569798748724 -0.29949598674490097 0.9218530118717093 -0.24594547856538468 -2.5861431723875876 0.16007133291301112 0.30267335249582455 0.9395562836085926 -1.284066137074287
11922623420069 box_met_036.pcd box_met_038.pcd 0.14905690332426855 0.9800729599209215 -0.0710497343207691 0.18549643793019768 -2.6946918901879795 0.06141846892125248 0.9964735349333228 0.057168748918066364 -0.05763524269441335 -0.18890411564392315 -0.0446366377590864 0.9809805327642089 1.03988175944708
11922623420070 box_met_036.pcd box_met_038.pcd 0.14905690332426855 0.9387660232970259 0.3224474132173024 0.12143318826646252 0.1753180891877473 -0.31366987594470996 0.9456235445692267 -0.08606579390885735 -2.516905613317391 -0.14258177452927903 0.04270570999060749 0.9888612945738547 -2.0414502633969014
11922623420071 box_met_036.pcd box_met_038.pcd 0.14905690332426855 0.998098642376666 0.06163366995456696 0.0006251510119024294 -0.5329104011923 -0.061633260263659874 0.9980986487133473 -0.0006547257915048783 -0.26968987281276124 -0.0006643155335659507 0.0006149508286093344 0.9999995902600911 1.206073692331811
11922623420072 box_met_036.pcd box_met_038.pcd 0.14905690332426855 0.9326271498197819 0.3563061660190076 0.057030829170419226 0.2959987730424488 -0.3511516442137205 0.9325564862435805 -0.08385059767841505 -0.41354427710886027 -0.0830609546359224 0.05817487448944092 0.9948449938523625 -0.14078935204905726
11922623420073 box_met_036.pcd box_met_038.pcd 0.14905690332426855 0.8225153721871469 0.35647812401449785 -0.44316115535428374 -0.32177585659472296 -0.35756698851004765 0.9300580267089155 0.0844861863393887 0.5584952220677575 0.44228306687425284 0.08896861274304965 0.8924518332677023 1.9869647652744362
11922623420074 box_met_036.pcd box_met_038.pcd 0.14905690332426855 0.952083078181912 -0.3030890620281943 -0.04092472013984827 -0.2718042520290632 0.3039602315320151 0.9525343709559901 0.016924827753336858 -1.5224498171764418 0.033852472386212695 -0.02855332951418681 0.9990188774427614 -0.7830309388185537
11922623420075 box_met_036.pcd box_met_038.pcd 0.14905690332426855 0.9365364660239031 0.33820472591938194 -0.09228765450077595 -0.22963205282444285 -0.2721216460178702 0.8672894459851639 0.4168438876261382 0.9476911555062314 0.2210186815090159 -0.3652760329511687 0.9042810194709789 -0.47425894191534884
11922623420076 box_met_036.pcd box_met_038.pcd 0.14905690332426855 0.9752995139428103 -0.18247180199637836 0.12447851051130303 5.102341233423782e-05 0.187350381144335 0.9818772389363034 -0.02858185340200762 1.2096222151295752 -0.1170072339130812 0.051196964119134415 0.9918105555382004 -1.177594688714803
11922623420077 box_met_036.pcd box_met_038.pcd 0.14905690332426855 0.9445951989036293 0.278261033195183 0.17409970595426688 -0.8648364230944229 -0.28345292039739023 0.9589721052131435 0.005190697569907015 -0.5508801391586371 -0.1655123926671465 -0.05425217809655876 0.9847143489588113 -1.426462210435851
11922623420078 box_met_036.pcd box_met_038.pcd 0.14905690332426855 0.9663113549230501 -0.12646402455930547 -0.22416336863779088 -2.043573217570747 0.1613874828049419 0.9761844024361265 0.14497618023077768 2.5200607907561294 0.2004905128445317 -0.17626929095190047 0.9637077831618103 1.1706378849116479
11922623420079 box_met_036.pcd box_met_038.pcd 0.14905690332426855 0.984648463246549 0.15663770467488855 -0.0770196942372016 1.0220280395729424 -0.15545542103148888 0.9876164505254018 0.021150856330872884 0.8018430134339217 0.07937893863067307 -0.008853029187181814 0.996805200616489 0.07999406663316744
11922623420080 box_met_036.pcd box_met_038.pcd 0.14905690332426855 0.8784143966874297 0.46781296879104095 -0.09766869469370007 2.1730385967275305 -0.4619080582231231 0.883526938624096 0.07759571169901396 1.6139383958396978 0.12259320307750576 -0.02304723316246703 0.9921893627744415 -1.1369966636044269
11922623420081 box_met_036.pcd box_met_038.pcd 0.14905690332426855 0.9766930441600514 -0.21436238022055318 -0.01093011598982125 -0.3290149668191815 0.21440203058333604 0.9767420880502495 0.0025812231559642343 0.7846678724814707 0.010122587174936526 -0.004864501764584189 0.9999369329370069 -0.4504680789347482
11922623420082 box_met_036.pcd box_met_038.pcd 0.14905690332426855 0.8990382362778421 0.16332157305090128 0.4062712314287168 -0.5687170588951238 -0.24245738109866222 0.9582915954255802 0.151299823157445 0.2632379212247543 -0.3646157814209431 -0.23452778494855397 0.9011393066701284 -0.8851212784291759
11922623420083 box_met_036.pcd box_met_038.pcd 0.14905690332426855 0.8341326030670032 0.31124756785525337 -0.45535453440682305 -1.8844849640599868 -0.3878732846960519 0.9179621057571697 -0.08306556093206202 0.6258235345912919 0.39214425345752624 0.24590755152709753 0.8864267372897702 3.3327290250076556
11922623420084 box_met_036.pcd box_met_038.pcd 0.14905690332426855 0.9805795054082584 -0.18922968444912278 -0.05153600776719625 -0.07446491535841525 0.17557753718658595 0.9640949086035646 -0.19923236594533858 0.004726805721786538 0.08738628043799626 0.1863146095398042 0.9785961906032754 0.5815463737533798
11922623420085 box_met_036.pcd box_met_038.pcd 0.14905690332426855 0.9065596350172742 0.3050470699123088 -0.2917120383104916 -0.47313617673161446 -0.2256602736395377 0.9343569116424085 0.2757799894245222 -0.5650662619505611 0.35668903691910087 -0.18418318816866971 0.9158872660637601 -0.562165053296959
11922623420086 box_met_036.pcd box_met_038.pcd 0.14905690332426855 0.9948170197056154 -0.1016808268996814 -0.0003267185856163584 -0.7584953418843544 0.1016807999731633 0.9948170712776119 -9.803801540098466e-05 0.5210980992239257 0.0003349938129484052 6.4308879147489e-05 0.999999941821755 2.641885905579424
11922623420087 box_met_036.pcd box_met_038.pcd 0.14905690332426855 0.9536882224756025 0.25534807056029973 -0.15898470735406645 -0.17336070679792157 -0.20145043526405942 0.9347048559943061 0.2928217107944433 0.019608250056878898 0.22337523686220673 -0.24723307837301178 0.9428569926107339 2.840587409464859
11922623420088 box_met_036.pcd box_met_038.pcd 0.14905690332426855 0.9577921690703892 0.1944180586524751 -0.21174460875602397 0.020586457919090785 -0.2088029049737812 0.9767978110325667 -0.04761704775074024 -0.0020267163316160775 0.19757405634837033 0.08982012487070434 0.97616434959809 1.7054991739250287
11922623420089 box_met_036.pcd box_met_038.pcd 0.14905690332426855 0.9651145828787809 -0.22076654379226296 0.1407692262418734 -1.5060247117072727 0.25819065841292804 0.8917592562243941 -0.3716221371856288 -0.4788975653770816 -0.043490525669571005 0.39500324312609697 0.9176497218965688 0.5439603282386524
11922623420090 box_met_036.pcd box_met_038.pcd 0.14905690332426855 0.9451546256650406 0.2552855649018768 0.20374497278879422 0.3042113981121236 -0.2879759506375438 0.9456544629990606 0.15102148345305363 0.12540519935860073 -0.1541187381157132 -0.20141230588692358 0.9673057932210126 1.481400389703708
11922623420091 box_met_036.pcd box_met_038.pcd 0.14905690332426855 0.9760860296335699 0.20893569174520016 -0.06001616006650487 -0.7126839728982008 -0.2006854383573587 0.9721984853138559 0.12064601106028765 -0.4562094164081507 0.08355487768819023 -0.10571651653549201 0.9908797104321556 -1.1377069826290294
11922623420093 box_met_031.pcd box_met_027.pcd 0.13093578616416193 0.9980231563997851 0.05895948025268374 -0.02176141029767132 -0.6950653745958202 -0.06139570588472625 0.9886486387675093 -0.137129268801621 -0.16605290177550006 0.013429318252479873 0.13819424283046103 0.9903140939418106 0.09738424573417803
11922623420094 box_met_031.pcd box_met_027.pcd 0.13093578616416193 0.9740722015091374 0.19010680743174863 -0.12264888101915364 -0.7317031577512247 -0.21531848427828582 0.9453931943569276 -0.24468277093352178 -0.9345793155445058 0.06943555699527473 0.2647472565140435 0.9618147397461962 -1.34245977067624
11922623420095 box_met_031.pcd box_met_027.pcd 0.13093578616416193 0.9340571751266077 0.28393499398214683 -0.21660589277962872 0.5789714841097515 -0.3232017792427164 0.930099339379785 -0.17451598430983345 0.37457590552724535 0.1519138028253002 0.23301531725971547 0.9605342567725057 1.7506668424482426
11922623420096 box_met_031.pcd box_met_027.pcd 0.13093578616416193 0.8801586304082784 -0.4742124137209863 -0.021056400232223577 -0.8632659995363874 0.4721553072947009 0.8791848755140148 -0.06405716556992404 2.0814171217257056 0.048889171717979296 0.046438575993694935 0.9977240638314823 0.7491000819876348
11922623420097 box_met_031.pcd box_met_027.pcd 0.13093578616416193 0.9915321860335607 0.1297239383640106 0.0059685739367712175 1.9962220492570315 -0.12961736194700227 0.9914398238966537 -0.015697613629847597 -1.3352134310752701 -0.007953838155767015 0.014791058349643086 0.9998589705810962 -0.3844909557291075
11922623420098 box_met_031.pcd box_met_027.pcd 0.13093578616416193 0.9904906200455097 -0.12670342948032134 0.05361504042511821 2.5998371838515646 0.11655023768146196 0.9798236165267258 0.16236293478772376 -1.8374029702333556 -0.07310522346766028 -0.15457011824545244 0.9852734162897782 2.396288501687592
11922623420099 box_met_031.pcd box_met_027.pcd 0.13093578616416193 0.9697092472637934 -0.24424724833183217 0.002693966112508921 0.5870968431107325 0.24413870153216996 0.9695109283010567 0.02109156985644018 3.393665396888348 -0.007763387486984243 -0.019794988940420727 0.9997739185573783 0.6008392476074432
11922623420100 box_met_031.pcd box_met_027.pcd 0.13093578616416193 0.9992568928936004 -0.03835058254976293 0.003859381131887518 -1.5669835676331205 0.038212246460721695 0.9987847621539584 0.0311259234318542 1.6617767252705282 -0.005048388361884675 -0.030955317913961198 0.999508020011742 -1.7280755074277776
11922623420101 box_met_031.pcd box_met_027.pcd 0.13093578616416193 0.9237480982753152 -0.0914776483874402 -0.37191570386075723 0.6569168068949536 0.09276786842701708 0.9955827000776142 -0.014464089797672714 -2.058509063693466 0.3715959815717149 -0.021140651637812615 0.9281538123221186 0.26770636766008
11922623420102 box_met_031.pcd box_met_027.pcd 0.13093578616416193 0.9966686057333599 0.07395726366348547 0.034380423163919406 -0.09519986754479762 -0.07115392843149425 0.9945168153924815 -0.0766382565717855 -0.02311260568921265 -0.039859864704816415 0.07393664215398696 0.9964660376213065 -1.2326200714906372
11922623420103 box_met_031.pcd box_met_027.pcd 0.13093578616416193 0.9579029981945032 -0.2717285659426633 0.09265760897371267 -1.5627826180552218 0.27587573463279486 0.9605520292692128 -0.03510524330656774 2.8231457715212938 -0.07946335690617098 0.059189403760649975 0.9950789865089411 -0.1990288016241545
11922623420104 box_met_031.pcd box_met_027.pcd 0.13093578616416193 0.9847549021697135 0.16335711483096338 0.0597681828971012 -0.5859665969052286 -0.15785975334806357 0.9835874050230391 -0.08738486684164763 -0.05204868421511591 -0.07306217164584164 0.07661768538756182 0.9943800326636925 0.105314040071043
11922623420105 box_met_031.pcd box_met_027.pcd 0.13093578616416193 0.8602074074179863 -0.4945867072191003 0.12420630123063153 0.5907554609095308 0.5089384224688888 0.8479465408167951 -0.14821722589398978 0.7751620422760026 -0.032014033768104876 0.1907109146299682 0.9811240740512361 2.269748705708204
11922623420106 box_met_031.pcd box_met_027.pcd 0.13093578616416193 0.8225101929172423 0.5684843461976622 0.017393408965966063 -1.1940405950319193 -0.5655998451300498 0.8207858603779544 -0.08004615288997208 0.9215138736404536 -0.05978124903432997 0.05600106723837998 0.9966393945314713 -2.238525286629211
11922623420107 box_met_031.pcd box_met_027.pcd 0.13093578616416193 0.945091451610379 0.27041597980960586 -0.1835138849150041 -0.8141683567216097 -0.30490434748520134 0.9317176231950663 -0.19732108228053055 -0.2514384555274991 0.11762434687431904 0.2424406494203213 0.9630093688698167 1.918023614769124
11922623420108 box_met_031.pcd box_met_027.pcd 0.13093578616416193 0.8663201537840686 0.49947655389275186 -0.003544468785123475 0.0017362721171721106 -0.4969690446086516 0.8626395120006479 0.0942063747102506 -0.010212462864061819 0.05011147421810571 -0.0798513897606359 0.9955463804891178 1.9241758399997306
11922623420109 box_met_031.pcd box_met_027.pcd 0.13093578616416193 0.9997221486541426 0.015280908443944401 0.017947683066963312 -0.15395451713326302 -0.015298138956034421 0.9998826378125135 0.0008231315640361166 0.17307281134246313 -0.017932998489550902 -0.0010974690053205023 0.9998385885366478 -0.44423224764777525
11922623420110 box_met_031.pcd box_met_027.pcd 0.13093578616416193 0.9948506867469807 0.004427745995654131 0.10125465986540558 -0.2386021034801043 -0.0031783850741558795 0.9999168604645896 -0.012496800668935203 -0.3478754423196183 -0.10130157425914657 0.012110624428025378 0.9947820484048665 0.43548937640245483
11922623420111 box_met_031.pcd box_met_027.pcd 0.13093578616416193 0.9832393562026012 0.1751703753059821 -0.05055401101253912 1.3044111205576578 -0.166823986053202 0.976260472285707 0.1381493681846197 -0.21574181663574482 0.0735535593402224 -0.12740027420555233 0.9891203385032251 3.0897433347991767
11922623420112 box_met_031.pcd box_met_027.pcd 0.13093578616416193 0.9429454894443365 -0.298430810815431 -0.14762403291004106 0.37496570631815057 0.3320615514165828 0.8752605989294346 0.35164472132039665 0.856573741182514 0.02426788015860886 -0.38060206925045964 0.9244204318787397 1.0998112098173762
11922623420113 box_met_031.pcd box_met_027.pcd 0.13093578616416193 0.9311762806525314 0.2146781121880288 -0.2946591972050116 -1.1582496973771563 -0.2922683885001852 0.9227098766729888 -0.2513676044633089 -1.304176935420716 0.21792182872218785 0.32018711972454766 0.9219491769771669 -0.8432819044449494
11922623420114 box_met_031.pcd box_met_027.pcd 0.13093578616416193 0.9332311398740231 -0.3582308015827081 0.027392195363682745 -0.6737463573602325 0.3592599214141005 0.9312052508680126 -0.06155558156151336 2.5338062441783586 -0.003456650830793103 0.06728650349997586 0.9977277073489449 -1.647944899209406
11922623420115 box_met_031.pcd box_met_027.pcd 0.13093578616416193 0.9105517826565134 -0.23913773130303628 0.33720705296343173 -0.08706089982239144 0.12916190174670317 0.9394374716355184 0.31744990159746433 -0.14989839814954162 -0.3926991905240203 -0.24550026956054774 0.8862939486465411 -0.7696980377559086
11922623420116 box_met_031.pcd box_met_027.pcd 0.13093578616416193 0.9856884914511359 0.08471012319414234 0.14574770272363613 1.0034436108623688 -0.11574227342399807 0.9686624055486917 0.21976548914528607 0.4237632892404677 -0.12256395866415482 -0.23348948392819666 0.9646039274912351 -2.4001912493316184
11922623420117 box_met_031.pcd box_met_027.pcd 0.13093578616416193 0.9819943900272545 0.1859214679221122 0.03346977323925851 -0.09593627303955324 -0.1783501271438677 0.970840922968638 -0.1601846885228716 0.8541958089838982 -0.06227559797197135 0.1513311271850249 0.9865194574067676 -2.919227709209069
11922623420118 box_met_031.pcd box_met_027.pcd 0.13093578616416193 0.9352804229362529 0.060554025718405645 0.34868860096292004 -0.32314471866053246 -0.08331154627556536 0.9952365531635164 0.05062992696397431 -0.03186653632702077 -0.3439617954502478 -0.07640296601898194 0.935870113880203 1.8640155907589167
11922623420119 box_met_031.pcd box_met_027.pcd 0.13093578616416193 0.978188441099799 -0.20011759899823522 -0.05568051966286219 -0.0414558837492447 0.18873804523831872 0.9682210315388148 -0.164091390284596 -0.16584375000121657 0.0867486252246294 0.1500032688213653 0.9848724259337053 1.5456288923604202
11922623420120 box_met_031.pcd box_met_027.pcd 0.13093578616416193 0.9987506646380659 0.04997085620324592 -0.0001530207043984538 -1.2512349844269481 -0.04995981793211284 0.9985857222255011 0.018181637978038956 1.5633626492654755 0.0010613563075572445 -0.01815127812824352 0.9998346886486283 0.9106113097821799
11922623420121 box_met_031.pcd box_met_027.pcd 0.13093578616416193 0.8838699643271676 0.45652017498259184 -0.10179988209303205 -0.8627893530374622 -0.44890990643812473 0.8890866455259767 0.08946973035099906 0.034905669429703405 0.1313536526405172 -0.03338063182790369 0.9907734107033578 1.18645927591307
11922623420122 box_met_031.pcd box_met_027.pcd 0.13093578616416193 0.9479064177369527 0.07657556110563826 -0.3092080313550315 1.0780534874674024 -0.16110689091889635 0.9526258708323608 -0.25796999809926113 1.6047804795350593 0.27480537278507544 0.29434696136064087 0.9153370272343476 2.0232140262913343
11922623420124 box_met_018.pcd box_met_005.pcd 0.12502724753215208 0.9962741890884539 -0.04908785636542625 0.07090925548608419 1.8556507691878903 0.04989171752414303 0.9987084065524766 -0.00960912087051644 0.29184295466655824 -0.07034597841123967 0.013111103647685708 0.9974364853375401 1.1535185082698307
11922623420125 box_met_018.pcd box_met_005.pcd 0.12502724753215208 0.9792168582553343 -0.0684356365121961 0.19092120930824608 0.5976915007057575 0.11953173654557224 0.9552231168337418 -0.27066762093909824 0.1747796512701226 -0.163849041702881 0.28786344109942485 0.9435508098727092 1.4940005610093519
11922623420126 box_met_018.pcd box_met_005.pcd 0.12502724753215208 0.8632648369948654 0.5046853533049839 0.008155695411918136 -0.4767678457434059 -0.5037572772636422 0.8624659190197114 -0.048796968485825785 1.0905455746357184 -0.03166112461916597 0.03801621613086053 0.9987754204519359 -3.032666348421668
11922623420127 box_met_018.pcd box_met_005.pcd 0.12502724753215208 0.8804874051121931 -0.46857632760094703 0.07195939584798221 -0.10009395138039445 0.47384263137314075 0.8745641724153499 -0.10300810172424317 0.22521355113788064 -0.014665951458208471 0.12479476567334104 0.9920741788436797 -2.8785386548944056
11922623420128 box_met_018.pcd box_met_005.pcd 0.12502724753215208 0.9899227113071315 -0.14160522742506298 -0.0009925745483077896 0.03056407130992881 0.1415654635802281 0.9897693191453797 -0.01777398097801313 1.173458579436736 0.003499308453519926 0.017454353164407008 0.9998415376428204 0.294419110351019
11922623420129 box_met_018.pcd box_met_005.pcd 0.12502724753215208 0.9960627740187179 -0.018864283921993606 -0.08662037292835299 2.1229326826338886 0.0171214221259795 0.9996366305993608 -0.020819790304925898 0.3039501866416636 0.08698164817086736 0.019254754115996402 0.9960238186536565 -0.5817141891371155
11922623420130 box_met_018.pcd box_met_005.pcd 0.12502724753215208 0.8945735828510359 -0.4408164110014402 -0.07361383468390989 0.6418275478886384 0.40974004401923614 0.874724394805552 -0.2587862621144622 0.43691188587890284 0.17846904827497426 0.20134081782855176 0.9631254715165386 -1.001756228721166
11922623420131 box_met_018.pcd box_met_005.pcd 0.12502724753215208 0.9387320596431734 -0.21660362372044983 -0.26807646369880217 -0.13945705537665518 0.11705413880324217 0.9319661526885867 -0.34312886621773026 -1.1301744236608393 0.32416114632558407 0.2907266077159149 0.9002208566673401 2.8635552753763123
11922623420132 box_met_018.pcd box_met_005.pcd 0.12502724753215208 0.9860988820698262 -0.13373444126251954 -0.09861082091150279 1.4880002391374045 0.12724810101091166 0.9894404085806194 -0.0693945146026224 -0.724162028127664 0.10684996757021308 0.05588181357130836 0.992703534466472 0.499581517637625
11922623420133 box_met_018.pcd box_met_005.pcd 0.12502724753215208 0.8415837681980665 -0.5396580801003813 0.022492614074706364 0.5129815489353357 0.5398361178646408 0.8390358892300938 -0.06779190536265728 0.750594709943563 0.017712339043077802 0.06919489263114889 0.997445908247353 2.501170463562888
