id source target overlap t1 t2 t3 t4 t5 t6 t7 t8 t9 t10 t11 t12
7680147070000 box_met_100.pcd box_met_103.pcd 0.10080935067069288 0.9699957484904372 0.12124970233599992 0.21072910950769974 -0.9065803743293656 -0.10865484717784844 0.9915838413418204 -0.0703960920403828 0.5835868130735165 -0.21749108509370008 0.04538717080002961 0.9750064782510597 -1.9684620933177923
7680147070001 box_met_100.pcd box_met_103.pcd 0.10080935067069288 0.9913673963069534 -0.13043507108873784 -0.01331832458112374 -0.9734700656842428 0.130537879323582 0.9914174505727614 0.007162454991719309 -0.47588572078789665 0.012269784076103444 -0.008839170203269537 0.9998856541969405 -1.3569378111944803
7680147070002 box_met_100.pcd box_met_103.pcd 0.10080935067069288 0.9853400431800852 -0.10484565158807087 -0.1345822746461826 -0.9076708357945567 0.04481932055854208 0.9202446069675283 -0.3887686868201319 0.0433921065265329 0.16460931872326767 0.3770374685495488 0.91145297163332 -0.43244069134703167
7680147070003 box_met_100.pcd box_met_103.pcd 0.10080935067069288 0.9930602131407743 0.1135268973912061 0.030709227367790692 0.3226969705583883 -0.11587218147484211 0.9891519333159933 0.09028892721421686 2.1475525060141964 -0.0201258698460801 -0.09322068647011486 0.9954420389841788 -3.7021176209854985
7680147070004 box_met_100.pcd box_met_103.pcd 0.10080935067069288 0.9989987031614868 -0.0436776754716721 -0.00968771113622146 -0.5213067448685097 0.043960572843270956 0.9985454596132232 0.031215911345153207 1.6754407678926195 0.008310181523832307 -0.03161053228290043 0.9994657148355979 2.1881596970897106
7680147070005 box_met_100.pcd box_met_103.pcd 0.10080935067069288 0.9836758024431097 -0.03349985413324645 -0.17680405951491915 2.7839139474184207 0.01660341545279105 0.9952241186327316 -0.09619397219682942 0.4195229886147151 0.17918214833851578 0.09168813153704018 0.9795340955025712 -1.7945695340308676
7680147070006 box_met_100.pcd box_met_103.pcd 0.10080935067069288 0.9280944929524729 0.2612009394382957 0.2653576480673659 3.355689066781677 -0.34632297248588495 0.8673029738191287 0.3575555206300649 0.3292090587794224 -0.13675163940455431 -0.4237447590720711 0.8953989994852123 1.728437856993269
7680147070007 box_met_100.pcd box_met_103.pcd 0.10080935067069288 0.9852272470087063 0.1655194647346033 0.0439383493729106 -0.6707231680714397 -0.16294793988331377 0.9849983940238012 -0.056799055082954346 -1.1876507766783637 -0.052680552763135484 0.0488003131598859 0.997418311841159 3.023456624086803
7680147070008 box_met_100.pcd box_met_103.pcd 0.10080935067069288 0.980534183378242 0.08065213381268642 0.17901940827246796 -0.10958161758646044 -0.14865581683289703 0.9005726751885228 0.4084976191185594 -0.06319893288305695 -0.12827378277928894 -0.42715815574005844 0.895031701469978 -1.7932337601596955
7680147070009 box_met_100.pcd box_met_103.pcd 0.10080935067069288 0.9255522519984644 -0.3591146209123631 0.11995715013095677 0.3303536065388488 0.35933094145090316 0.9329833077225201 0.02057722107459959 -0.5801652041669132 -0.1193075996597817 0.024059022384858117 0.9925657963607785 -2.2788255472165457
7680147070010 box_met_100.pcd box_met_103.pcd 0.10080935067069288 0.8505997651101549 0.4212891576371783 0.31463547996356994 -0.20035941250823563 -0.435300098629742 0.8998478893601815 -0.02806421470420363 -0.4771695616435292 -0.29494722193552886 -0.11308944102516165 0.9487976151957437 4.661373647042919
7680147070011 box_met_100.pcd box_met_103.pcd 0.10080935067069288 0.9334680781343234 0.08890414102689312 -0.34746712191584805 -0.4707772703037682 -0.07909711410836626 0.9959674471706781 0.04233781661883847 0.302777987883658 0.3498299496097219 -0.012037353720507125 0.9367358797822717 1.1285659505922814
7680147070012 box_met_100.pcd box_met_103.pcd 0.10080935067069288 0.9817724085485569 0.1762082529620415 0.07122913309054635 -1.0324748488816646 -0.1805126449647882 0.9817833216369282 0.05930172310630064 -1.307371581579857 -0.05948212185675547 -0.07107855473787583 0.9956955941630921 0.09686622275282872
7680147070013 box_met_100.pcd box_met_103.pcd 0.10080935067069288 0.9636696753607249 0.2319052776346139 0.13251678759828048 1.1375803272686444 -0.26367807307051877 0.9051181198888305 0.3335192090880629 -0.787999825588483 -0.04259848086461906 -0.35634411915186903 0.9333832214979576 -0.8239584579054955
7680147070014 box_met_100.pcd box_met_103.pcd 0.10080935067069288 0.8617995160425013 -0.3998755761799108 0.31209152139027263 2.9449025541439666 0.3571844718711485 0.9152511489095343 0.1863721746235369 -1.727337656013201 -0.3601678042288613 -0.049141204651104844 0.9315923436795726 0.8837833928862924
7680147070015 box_met_100.pcd box_met_103.pcd 0.10080935067069288 0.9983950266838584 0.03103814376928683 -0.04737092277225493 -0.2915597345593151 -0.03079310550392147 0.9995084021389905 0.005893955122553079 0.07622500117881893 0.04753057275440956 -0.004425797659110682 0.9988599786600315 -3.5587069532713995
7680147070016 box_met_100.pcd box_met_103.pcd 0.10080935067069288 0.981476546540633 -0.10719721317074982 0.1587845901814703 1.2312431742590988 0.10093450216342406 0.9937814260464705 0.04701811904006148 2.742394171567726 -0.16283738779437107 -0.030120337539085912 0.9861930593970113 3.8959240492611245
7680147070017 box_met_100.pcd box_met_103.pcd 0.10080935067069288 0.9280559396157063 -0.37107166468528247 0.03190599648501258 1.3654516398161682 0.34448894703420835 0.8878104648556403 0.30515560598500235 0.3159118363901245 -0.14156107627194242 -0.2722102095082125 0.9517678622039222 -1.6329073217929815
7680147070018 box_met_100.pcd box_met_103.pcd 0.10080935067069288 0.9879427931524627 0.15139689415554453 0.03237310454937791 1.0707193637190833 -0.15034565620088053 0.9880902177737897 -0.0327704928444986 -0.3723342539953896 -0.03694889876081207 0.02750821658704081 0.9989384750326536 1.5633872154244446
7680147070019 box_met_100.pcd box_met_103.pcd 0.10080935067069288 0.8403440333703709 -0.4530837888631424 0.2975516524038075 0.059427966171654016 0.4260491336213936 0.891463532170536 0.15419113642000135 0.2514013875886314 -0.3351179513533657 -0.0028019777748887753 0.9421720159298259 4.844986548221009
7680147070020 box_met_100.pcd box_met_103.pcd 0.10080935067069288 0.9604851681293821 0.01647603593043647 0.2778430888891991 -0.37591968066955866 -0.021308060527445646 0.9996695312271818 0.014380364827956564 2.10153182064181 -0.2775143390169797 -0.01973242448472523 0.9605188301454185 -1.6931620569851191
7680147070021 box_met_100.pcd box_met_103.pcd 0.10080935067069288 0.8297679776897287 -0.5341531884538145 0.1617574556715142 0.5423481030007777 0.5304440986319109 0.844905918660641 0.06901483057139249 0.003052805120197537 -0.17353432348465772 0.028536991376844026 0.9844142820458672 -3.5783019176257476
7680147070022 box_met_100.pcd box_met_103.pcd 0.10080935067069288 0.8642255333600544 0.4666135820126011 -0.1881116492137026 -1.5356789288285158 -0.45527448109708707 0.884457011678096 0.10227874341832004 0.26161187632529714 0.2141013179555597 -0.002749468098008079 0.9768075890751824 4.167417705449134
7680147070023 box_met_100.pcd box_met_103.pcd 0.10080935067069288 0.9992315891355005 0.03651825727025105 0.014235454319617116 -2.059227873092099 -0.037834377464732165 0.9935409756382109 0.10698079084456229 -0.03902067304821802 -0.010236755130328932 -0.10743717519469494 0.994159173488122 3.0389878130278603
7680147070024 box_met_100.pcd box_met_103.pcd 0.10080935067069288 0.9545535647246227 -0.016592314406561292 0.2975771953193814 0.9726290641424845 0.04163909254649881 0.996081204336485 -0.07802833036456615 2.356502362863966 -0.2951163805067749 0.08687306527463841 0.9515037532697225 0.949074720763529
7680147070025 box_met_100.pcd box_met_103.pcd 0.10080935067069288 0.9309960219523864 0.32567850361321593 0.1648633355027369 0.057374815038855095 -0.29598150570813053 0.9378438496413564 -0.18122875590984094 -0.012890527089813449 -0.21363837526900303 0.11992675253727719 0.9695237071048253 -1.5365940711728836
7680147070026 box_met_100.pcd box_met_103.pcd 0.10080935067069288 0.9968189469292174 -0.0790156502832968 0.010417007882963568 0.42457959500591447 0.07873726287512464 0.9560904185054433 -0.282296927147675 2.718744228345813 0.012346273845152864 0.28221913232875256 0.9592705201713156 -0.10805166380210877
7680147070027 box_met_100.pcd box_met_103.pcd 0.10080935067069288 0.8838679284081546 0.01722849388743484 0.4674191525064497 0.2757437116491928 -0.10044649747781512 0.9829977010912856 0.1537075820956359 1.5134754483699449 -0.45682380222129004 -0.18280781889081765 0.8705706835613439 3.9812879223890856
7680147070028 box_met_100.pcd box_met_103.pcd 0.10080935067069288 0.8907413680190713 0.446812542940699 0.08329685930681606 0.6808829172507748 -0.44872288002462174 0.8936581593509985 0.004782380975468754 0.18968299583039794 -0.0723020901628879 -0.04163707117763764 0.996513302501189 1.9682200539892765
7680147070029 box_met_100.pcd box_met_103.pcd 0.10080935067069288 0.9701137960403532 0.21150040892122388 0.11894032015397953 -0.17069552491917 -0.21059159673839442 0.9773632607422817 -0.02030359412488499 -1.118085777485692 -0.1205421175994081 -0.005351035168047595 0.9926937918146164 3.220928551984604
7680147070031 box_met_050.pcd box_met_057.pcd 0.17565801115379565 0.8767541882980849 0.17556623711216973 -0.4477483553158399 -0.15990484282881573 -0.06269200551008419 0.9647654050470778 0.2555336096670485 4.5336794426310485 0.47683519768038285 -0.19596992016792106 0.8568687091045447 -0.39022138013856245
7680147070032 box_met_050.pcd box_met_057.pcd 0.17565801115379565 0.9902050256111232 -0.13947869556716416 0.0063008521135476244 -0.8707260024176252 0.13936719795288163 0.9901179621843356 0.015595034296230789 -0.5282181537837438 -0.008413761895654098 -0.014564149230924932 0.999858537078092 3.790972353157581
7680147070033 box_met_050.pcd box_met_057.pcd 0.17565801115379565 0.9362648418228413 -0.351288232401739 -0.0021734172428761462 -1.0774196275212529 0.35128723775272364 0.9362673642716133 -0.0008361769832379915 -0.9048325854760351 0.0023286387678668192 1.938937121311675e-05 0.9999972885290944 -1.309142095759284
7680147070034 box_met_050.pcd box_met_057.pcd 0.17565801115379565 0.940370687239669 -0.2935447795241677 0.17185584946256632 1.0452388611428258 0.33304149917139114 0.8973203817311063 -0.2896540908732583 -0.3296154916603553 -0.06918331019880973 0.32961734624265343 0.9415763774893069 -1.8841309191374136
7680147070035 box_met_050.pcd box_met_057.pcd 0.17565801115379565 0.9976770717827543 -0.05461590516612831 0.040713183882782514 0.4208987564857282 0.053311585153671015 0.9980501192943892 0.032462813569657335 2.353319662896978 -0.042406783978411605 -0.030216920414561164 0.9986433809890638 3.5322545167242816
7680147070036 box_met_050.pcd box_met_057.pcd 0.17565801115379565 0.9331763763055243 -0.3547159562812019 0.05795205833102881 -4.029807071510754 0.34896820805734863 0.932786646161506 0.09016796830367446 1.6351072249661545 -0.08604092323152732 -0.06391919197144025 0.9942390539639773 0.2524607521456749
7680147070037 box_met_050.pcd box_met_057.pcd 0.17565801115379565 0.8555866774030865 -0.5137943927043125 0.0631407909037686 -0.6366801602532969 0.5139247408167602 0.828446007363215 -0.22261755020746568 -2.670042932996816 0.06207091288818391 0.22291822471380487 0.9728590169514147 0.12380844445686794
7680147070038 box_met_050.pcd box_met_057.pcd 0.17565801115379565 0.8838197824550669 0.40068044563723815 0.24149072989459117 0.5091303758900088 -0.45943945424924726 0.8407043428512762 0.2865861053682778 -0.5244816473023429 -0.08819285696830528 -0.36424083845025956 0.9271195346797628 -2.972542485568475
7680147070039 box_met_050.pcd box_met_057.pcd 0.17565801115379565 0.9871781797620376 0.14387750688519277 0.06912672720599106 -1.0031281322838308 -0.13681034012390328 0.9857438478597663 -0.09793874229233157 -3.0348034772540076 -0.08223242813447806 0.08722573828362326 0.9927887480949735 -0.14398893268563434
7680147070040 box_met_050.pcd box_met_057.pcd 0.17565801115379565 0.9954851700332396 0.025233643862485274 -0.09150158174213846 0.4323424007884723 -0.03843540593722196 0.9886078151284091 -0.14552425034156394 1.4202359023774627 0.08678707170041486 0.1483841335333885 0.9851142842844238 -0.2994731265843433
7680147070041 box_met_050.pcd box_met_057.pcd 0.17565801115379565 0.9875754482273054 -0.1328846603708775 -0.08388325873947264 -1.6294310328461958 0.1313974304445716 0.9910621559390118 -0.02303298369907104 -2.0711861296161613 0.08619425346971071 0.011724764544938444 0.9962093557908221 -2.4105547364777964
7680147070042 box_met_050.pcd box_met_057.pcd 0.17565801115379565 0.9790846978688306 -0.1390195945075422 0.14854866792421678 0.07744544537371176 0.1294620480075384 0.9889503975041813 0.07222665298915212 1.6480931835188246 -0.15694818420355972 -0.051484595941700045 0.9862639625657653 3.3390746793097246
7680147070043 box_met_050.pcd box_met_057.pcd 0.17565801115379565 0.9745021827796132 0.22432036858190496 -0.005086059088136481 0.2342705565321936 -0.2243360327133338 0.9736309943761231 -0.04142500714066327 -0.37325918522397156 -0.004340528102863591 0.041509746198215555 0.9991286707858744 3.8901035740427794
7680147070044 box_met_050.pcd box_met_057.pcd 0.17565801115379565 0.9041168988490318 0.3637701434091746 -0.22415154690449518 1.5968104539130397 -0.39448668269977927 0.9121998356894946 -0.11077778180024495 -0.8318864384342336 0.16417335468380118 0.18858086470299046 0.9682377637128905 -0.1451508173437132
7680147070045 box_met_050.pcd box_met_057.pcd 0.17565801115379565 0.9972154445610074 0.03955103026867553 0.06322241005908001 0.24519402923515465 -0.017702551771341012 0.9490885897097668 -0.31451147601241625 -1.8879285142634499 -0.07244292090863773 0.31251650338408055 0.947145954076146 -3.444060883117782
7680147070046 box_met_050.pcd box_met_057.pcd 0.17565801115379565 0.9095270126555398 -0.14418688229389692 0.38983426763723 0.21540614429854574 0.13998670227358923 0.9893719002885161 0.03933149000554158 3.659804956589816 -0.3913621550897008 0.01879856095174417 0.9200447150381814 -1.472772542170844
7680147070047 box_met_050.pcd box_met_057.pcd 0.17565801115379565 0.9982225924113117 0.05405446336474124 -0.0250952383927695 0.45457404229356996 -0.053799444412004606 0.998494121938719 0.010728850580835315 -1.0546944246689895 0.025637390284498757 -0.00935967115747723 0.9996274910061367 1.7805327180576223
7680147070048 box_met_050.pcd box_met_057.pcd 0.17565801115379565 0.9807189673890414 -0.08118148568206035 0.1777635322157669 0.5481794357150663 0.08996135120985765 0.9950640243649437 -0.04188726182432385 0.9390459964090099 -0.17348562560589625 0.05707147971707275 0.9831813586063533 2.426570826834557
7680147070049 box_met_050.pcd box_met_057.pcd 0.17565801115379565 0.9740700518073387 0.22314620860115975 -0.03732698432737494 -2.4435097181137193 -0.2095514393638913 0.9520290919845813 0.22299955667116242 1.9208799481757282 0.08529788058662283 -0.20939526642677794 0.974103636152483 1.5619283324579458
7680147070050 box_met_050.pcd box_met_057.pcd 0.17565801115379565 0.9798482694588629 -0.17016589526837328 -0.10459893367517885 -2.2024805712422033 0.18414898375269662 0.9724324702348968 0.14305328593117211 1.0081069504047144 0.07737260898612981 -0.15943230199796282 0.9841721498083096 1.1417826907143132
7680147070051 box_met_050.pcd box_met_057.pcd 0.17565801115379565 0.9837354508193097 0.0018026030932166235 -0.1796143463741634 0.31812823753323505 -0.001249759642581374 0.999994127610344 0.003191057138745037 -0.8755737325639079 0.17961904381820265 -0.0029146812716464637 0.9837319267620216 -3.6996393495812057
7680147070052 box_met_050.pcd box_met_057.pcd 0.17565801115379565 0.9623551755996143 -0.23658114645192452 0.13379789662071873 -0.4055277923919028 0.23919962945764195 0.9709636912025962 -0.0036121508213172795 0.6105472687135594 -0.12905833279553192 0.03548057933182888 0.9910020561160886 1.4297119043887818
7680147070053 box_met_050.pcd box_met_057.pcd 0.17565801115379565 0.9895559098696315 -0.1215059756520827 0.07755900413827599 -0.5303416851887043 0.10953773206654112 0.9835908191827589 0.14335475462330396 -0.48701119504425094 -0.09370478374023533 -0.1333619072307551 0.9866275970212728 -2.1331166858437522
7680147070054 box_met_050.pcd box_met_057.pcd 0.17565801115379565 0.9982797300579904 -0.05081496868255629 -0.029247555677979292 0.1162289581297998 0.048707793700211124 0.9964452110232941 -0.06873494207170394 0.02101758514696182 0.03263635071823058 0.06719211550869378 0.997206141289384 4.976373824235817
7680147070055 box_met_050.pcd box_met_057.pcd 0.17565801115379565 0.998498161688721 0.0535427716209402 -0.011601409888139125 0.5072469976529315 -0.05365301496551544 0.9985153085592036 -0.009409174141681168 -1.9744902612458957 0.011080392111967343 0.010017493701827104 0.9998884311414843 3.1308011462329315
7680147070056 box_met_050.pcd box_met_057.pcd 0.17565801115379565 0.9496934248142267 0.28322991629247074 0.13365333284877326 0.4991393732614609 -0.3089151687334517 0.9173681950653503 0.2510119782180219 0.0063183451992214305 -0.05151521514084977 -0.27967196713203424 0.9587125603691079 1.0682941128167458
7680147070057 box_met_050.pcd box_met_057.pcd 0.17565801115379565 0.9941726488240564 -0.06154855847472488 -0.08850152134196887 -1.0940309962811832 0.049252103989360925 0.9896250714816446 -0.1349683227560123 -0.7060005983400286 0.09589043008966419 0.12982292880933363 0.9868895746599952 -2.3425268594442983
7680147070058 box_met_050.pcd box_met_057.pcd 0.17565801115379565 0.9702687185250027 -0.209856879725905 -0.12057654781737728 -0.2935525682098526 0.22110426372775466 0.9711894486359253 0.0889042148587746 3.353126173563327 0.09844550986843803 -0.11292096745049034 0.9887149926529832 -3.0647050520448467
7680147070059 box_met_050.pcd box_met_057.pcd 0.17565801115379565 0.9774074628662035 -0.16879703164546905 0.12720933000817813 3.781612754550557 0.1938747530591695 0.9556949153088408 -0.22149448972620922 -2.233849096797619 -0.08418569747704824 0.2411530446842965 0.9668288252735314 1.389238673688065
7680147070060 box_met_050.pcd box_met_057.pcd 0.17565801115379565 0.9380183763087928 -0.10252027270174624 0.3310757003952047 -0.36049923432289255 0.1434812694384291 0.9844151613652686 -0.10168537453601177 0.995055731018561 -0.3154911267014536 0.14288591168954223 0.9381092501480282 1.2442029268623314
7680147070062 box_met_053.pcd box_met_050.pcd 0.12188168570621241 0.9915332220742513 0.12735474350531725 0.02535032208371997 -1.0918898924220866 -0.12889530813501446 0.988950540928453 0.07323132620743568 0.20777365774779233 -0.015743857971703183 -0.0758788304075322 0.9969927452254363 -2.762131676494525
7680147070063 box_met_053.pcd box_met_050.pcd 0.12188168570621241 0.9564978352563591 -0.2901310216047652 -0.030592179596661002 -0.06591547089357908 0.28822614884316766 0.955994118827658 -0.054780762042583336 -2.60646746112307 0.045139542232229636 0.04358021419756054 0.9980296521935406 -3.3082305986938314
7680147070064 box_met_053.pcd box_met_050.pcd 0.12188168570621241 0.9274778935292489 0.3518787091855367 -0.12635715664918812 -2.487365313713119 -0.35957754651351553 0.9320933557820744 -0.0436573493266776 1.447060009744851 0.10241457444068965 0.08592642276291652 0.9910236651126454 -2.0067860494105143
7680147070065 box_met_053.pcd box_met_050.pcd 0.12188168570621241 0.9901846001998055 0.02365677970220788 0.13774909909423144 -0.08147502841810764 0.03137624989097376 0.9227910984780648 -0.3840209883748873 -0.38458888919783346 -0.13619834239053852 0.38457371899775905 0.9129912738828899 -1.5269284233962384
7680147070066 box_met_053.pcd box_met_050.pcd 0.12188168570621241 0.9923834837842205 0.12279149240724338 0.0098625810361924 0.08559948520162865 -0.12224831623090443 0.9915251488112586 -0.04396849387368147 -0.0904924859720431 -0.015177954111221853 0.04242792320174381 0.9989842346312501 -3.7324715865302402
7680147070067 box_met_053.pcd box_met_050.pcd 0.12188168570621241 0.9143163896020242 -0.3901288123319123 -0.10874304342628538 1.2565946131857677 0.3715377564013136 0.9148408301152224 -0.15819592637728985 2.0654344750692464 0.16119936499067733 0.1042389818761786 0.9814015484927768 4.326465661446404
7680147070068 box_met_053.pcd box_met_050.pcd 0.12188168570621241 0.9794193947137395 -0.1770010766138446 0.09699622743237085 -1.0947918789768567 0.19396374492828464 0.9583129099683344 -0.20979616831920098 0.8670936090371718 -0.05581858930470776 0.22429218770515189 0.9729220419039079 -1.4696583287948537
7680147070069 box_met_053.pcd box_met_050.pcd 0.12188168570621241 0.9687010961101263 0.19461934293525457 0.15408276266503446 -0.5244741572867612 -0.1496747559247265 0.9531406652357229 -0.2629074736725391 1.239120730073035 -0.19802942668682627 0.2316164580280362 0.9524380098130448 -0.18236437737643837
7680147070070 box_met_053.pcd box_met_050.pcd 0.12188168570621241 0.8741077153102591 0.4738682862237675 -0.10669840367329128 3.0230647167082947 -0.4856245420619864 0.8479459251479778 -0.2125006168744596 -1.3806275770501892 -0.010222826525232188 0.23756379214074164 0.9713181448328583 0.4076454035417932
7680147070071 box_met_053.pcd box_met_050.pcd 0.12188168570621241 0.8860630635993106 0.3318991751906026 -0.32362815828169467 0.8972561177141242 -0.2523511121164112 0.9309688093000678 0.2638484267984641 0.11567558991290396 0.38885879640123144 -0.152118419720334 0.9086522012536886 -1.3772603136224946
7680147070072 box_met_053.pcd box_met_050.pcd 0.12188168570621241 0.9394583222377039 -0.23665522966583422 0.24781517921654772 0.25703341012576103 0.1555274663499618 0.9389069787297739 0.3070258824647999 -1.593415898132357 -0.30533468192964897 -0.24989595347732 0.9188703632431405 -0.6824566808699338
7680147070073 box_met_053.pcd box_met_050.pcd 0.12188168570621241 0.9664958755909101 0.25639601088308506 0.012116437966710067 0.34591595779322887 -0.25667127563760117 0.9658119792459764 0.03642906816728217 0.14696883420379275 -0.002361933175760218 -0.038318485724397666 0.9992627857192835 -3.3947104096303127
7680147070074 box_met_053.pcd box_met_050.pcd 0.12188168570621241 0.9043195269968659 0.3937265520059577 0.16488054869409186 -0.08373191114625358 -0.3851672281865542 0.9191618121879181 -0.08238791990643607 -1.2453632098397553 -0.18399021556390383 0.0109984208376624 0.9828665399309441 -0.4969358898618579
7680147070075 box_met_053.pcd box_met_050.pcd 0.12188168570621241 0.9776047946977459 -0.12512937419503153 -0.16920846638846943 -0.7912533667811693 0.1176642694526099 0.9916118967468107 -0.05348799794697778 0.1520125433124299 0.1744820480111396 0.03238033266895292 0.984127801140729 -1.2307777628284533
7680147070076 box_met_053.pcd box_met_050.pcd 0.12188168570621241 0.9947072316748647 -0.013948862758786974 -0.10179858781664573 1.2275266122269968 -0.0005251168275194349 0.9900392916953953 -0.1407903588730326 -1.2841629925109994 0.10274846717126375 0.14009864427258523 0.9847919183091113 -3.2207028144258256
7680147070077 box_met_053.pcd box_met_050.pcd 0.12188168570621241 0.9333474255401986 -0.3345165837818579 -0.13023531937381266 0.07716240717649846 0.3519165619730814 0.9242435978187536 0.14808276503392423 0.07463942607429279 0.07083301946500717 -0.18404463335278567 0.9803623086836359 2.7784713508143946
7680147070078 box_met_053.pcd box_met_050.pcd 0.12188168570621241 0.8969222480169459 0.4421221449103186 0.007647875007305148 -0.23533687856606697 -0.4420475102875067 0.896938973869258 -0.009719866407464247 -1.8619800612721975 -0.01115704534564247 0.005337240322637942 0.9999235141774062 -1.8385697590789827
7680147070079 box_met_053.pcd box_met_050.pcd 0.12188168570621241 0.8654376616681595 0.4636030901624648 -0.18997323116208212 -0.13428245420260812 -0.4523269486260959 0.8860406385529618 0.10164801217566884 -1.9041689960382424 0.21544833560033258 -0.002040005998342892 0.9765131095190546 -1.2415418035776964
7680147070080 box_met_053.pcd box_met_050.pcd 0.12188168570621241 0.9568849917238144 0.2898005640721111 0.019665850533392218 -0.1684971142291374 -0.2890873644318622 0.9567457561114749 -0.03265048067826113 1.3101993919372266 -0.028277346755931236 0.025557606033587178 0.999273336196997 -2.1450994306306588
7680147070081 box_met_053.pcd box_met_050.pcd 0.12188168570621241 0.9511583917438936 0.308667292737395 -0.00471340740198027 2.62805981667481 -0.308686620887492 0.9511548097761996 -0.004134963683421776 2.81385702049871 0.0032068520750990277 0.005387971210826245 0.9999803427397959 1.165108674018796
7680147070082 box_met_053.pcd box_met_050.pcd 0.12188168570621241 0.9847367475251829 0.1615006207215618 -0.06489289313996088 -1.3922464874636407 -0.15455451344852816 0.9828403667667176 0.10068622461167565 -3.1233893705940807 0.08004024266712878 -0.08911993581917751 0.9927996759635717 -1.4271071994459528
7680147070083 box_met_053.pcd box_met_050.pcd 0.12188168570621241 0.9804630592623653 -0.1261722652011046 -0.15090642436922858 0.8155117563141474 0.09783305380522998 0.9783525024976715 -0.18235973908647365 -0.3296398309322527 0.17064841928663316 0.16403335133614108 0.9715823056460053 -2.959389649818501
7680147070084 box_met_053.pcd box_met_050.pcd 0.12188168570621241 0.9177780048683818 -0.3969117649840888 0.012024333537790713 -1.6550314738446263 0.38024942235820064 0.8697176229872765 -0.31464524954560547 -0.5471309804761657 0.11442862655851181 0.2933467352512672 0.9491331741865078 -3.1099619231580187
7680147070085 box_met_053.pcd box_met_050.pcd 0.12188168570621241 0.9759475555203858 -0.217403754435668 -0.01618568599284665 -2.578231065572379 0.21624226344530217 0.9559590936191211 0.19844771308070266 1.136367897530271 -0.0276704241715916 -0.19717458985423078 0.9799778205357405 -2.9233252932000746
7680147070086 box_met_053.pcd box_met_050.pcd 0.12188168570621241 0.9947860959336163 -0.019074875569954214 0.10018369357906821 3.234060512647347 0.009356194576944487 0.9952796204491505 0.09659678432346068 2.85617225715972 -0.10155336016199672 -0.09515579982631427 0.9902687962362654 -1.2872347220985574
7680147070087 box_met_053.pcd box_met_050.pcd 0.12188168570621241 0.9103116926859292 0.2659400123449159 -0.31718848023417345 1.1454761699385776 -0.12608253309077544 0.9080335715724964 0.39947243677969785 0.8219402760262949 0.39425349333733517 -0.3236525030511616 0.860123967960448 3.218742850034399
7680147070088 box_met_053.pcd box_met_050.pcd 0.12188168570621241 0.9842228553164255 -0.06934489130236907 -0.16277793807222543 0.06979281184011756 0.03966521515280408 0.9830566687998226 -0.1789588126778837 -1.6338667103539721 0.1724298169681346 0.16967873166209937 0.9702974215372713 2.706319316534051
7680147070089 box_met_053.pcd box_met_050.pcd 0.12188168570621241 0.9864055937088337 0.15581540491306728 -0.0522069371989978 3.4750693307366287 -0.1514347700669884 0.985273884748577 0.07939069496613665 -0.9301246119040744 0.06380842510735994 -0.070405480072397 0.9954755412671342 -1.2144797268412795
7680147070090 box_met_053.pcd box_met_050.pcd 0.12188168570621241 0.9008722758908155 -0.32198801913711855 -0.29112344128128337 3.1742445230546035 0.1996345366026812 0.9028478967256767 -0.3808040535149995 0.02442010980635607 0.38545452951902776 0.28493752106413867 0.8776305684985503 -2.5164756358286073
7680147070091 box_met_053.pcd box_met_050.pcd 0.12188168570621241 0.8756618156844299 -0.10619859259619009 -0.47110321956322465 -0.6063315451620863 0.26072978516003603 0.9250909516592514 0.2760918511810553 -2.474660103042988 0.406492759692776 -0.3645937329257991 0.8377559586350801 -3.4027641179862416
7680147070093 box_met_090.pcd box_met_042.pcd 0.14267717647889894 0.9778268264004795 -0.06071170548187371 0.20042152177111325 0.15720878933930998 0.03536593474861588 0.9911816276261427 0.12770368716582628 0.12292619199213603 -0.20640723880456138 -0.11778399667982407 0.971351111542682 3.4757706774583097
7680147070094 box_met_090.pcd box_met_042.pcd 0.14267717647889894 0.9603609194450975 -0.2564374742917859 -0.1093010804220017 0.021830198544624427 0.2630829301817275 0.9634120325985417 0.05123111643662423 3.330048811439772 0.092164397950421 -0.07795561059472414 0.99268758757589 -2.1988352632911488
7680147070095 box_met_090.pcd box_met_042.pcd 0.14267717647889894 0.9564116180723804 0.26091826616490604 -0.1311429571028136 1.5986770711059508 -0.2827287353052264 0.9397404607735858 -0.1922298848195986 -3.815063641043179 0.07308405468279935 0.22092877758804566 0.9725477860673858 0.08582529545443872
7680147070096 box_met_090.pcd box_met_042.pcd 0.14267717647889894 0.8776352206097016 -0.47872398259822707 0.024078372674518053 0.8061783362616962 0.46207826275476543 0.8316260238267715 -0.30802895250870854 -0.3208742477119624 0.12743664557300044 0.2814631503045588 0.9510722351040088 -4.360450563806748
7680147070097 box_met_090.pcd box_met_042.pcd 0.14267717647889894 0.9875903219459258 0.15704877381471938 0.001019137888410624 -3.0195148134133554 -0.15694607789968795 0.9866645875262579 0.04313838607950365 1.2489317078505762 0.0057692833738309576 -0.04276300229090967 0.9990685867368766 0.03208683242704311
7680147070098 box_met_090.pcd box_met_042.pcd 0.14267717647889894 0.9966405353982399 -0.012174256018037871 -0.08099031233126947 -1.2707721683926665 -0.016137453295671032 0.9403130996260709 -0.3399277236012689 -0.15713288747040366 0.08029461876265026 0.34009272582932126 0.9369576895654054 3.103449288279797
7680147070099 box_met_090.pcd box_met_042.pcd 0.14267717647889894 0.8635773650028863 0.4666413121498464 0.19099743571509364 0.4500735145534275 -0.3901095483448681 0.8583463015947189 -0.33325090671869273 1.0874093101931095 -0.31945058294646256 0.21327801652710818 0.9232896689129733 -2.812982062248623
7680147070100 box_met_090.pcd box_met_042.pcd 0.14267717647889894 0.9112075488084626 -0.2637713530531807 -0.31642609927590903 -3.224319056654266 0.3482079102962054 0.9036085341028708 0.24948520658269607 0.4165922356747434 0.22011827321152364 -0.33751487434623534 0.9152221890849357 3.323374123310323
7680147070101 box_met_090.pcd box_met_042.pcd 0.14267717647889894 0.989760888339261 -0.1387728759047992 0.033398694989299045 -1.3026493681983022 0.14267129707065096 0.9688620577957611 -0.2023640629062919 -2.686229163415736 -0.004276085365739417 0.2050570698046639 0.978740677205699 -0.5846562940837629
7680147070102 box_met_090.pcd box_met_042.pcd 0.14267717647889894 0.9205359874545516 -0.39051136498131955 -0.010694373357076695 0.9651693438905081 0.3847061957564033 0.9109323719876308 -0.14900790788285265 -1.0152403511349686 0.0679311323894267 0.133052949931279 0.9887781721735542 0.702295797640693
7680147070103 box_met_090.pcd box_met_042.pcd 0.14267717647889894 0.9985519343459633 0.016453100381261763 0.05121845274682568 -0.9338830668342559 -0.01782386867950536 0.9994919528074796 0.0264224521645194 -0.24088738796430997 -0.05075770009792051 -0.027297101694771408 0.9983378807396995 0.6996102756564423
7680147070104 box_met_090.pcd box_met_042.pcd 0.14267717647889894 0.9649525136455301 -0.2579720141394762 -0.048136122922345995 0.7366184569519476 0.25922242120169464 0.9655729163127043 0.021741196602553806 -3.7120295047841942 0.040870316312753285 -0.033457184642488876 0.9986041428115018 1.992314920645321
7680147070105 box_met_090.pcd box_met_042.pcd 0.14267717647889894 0.9695840881779184 -0.2182653559723533 -0.11075617515270335 1.4630729288266175 0.22848996771996566 0.9693868256133199 0.08989725790400827 -2.1696956944158043 0.08774412005099515 -0.11246962571998109 0.9897734855444875 -0.14564010353524792
7680147070106 box_met_090.pcd box_met_042.pcd 0.14267717647889894 0.9880588760049084 0.15360032013134256 -0.012107815800803667 -0.7390126827921193 -0.15373888730549706 0.9880447355923279 -0.01148716668089765 0.09830713719391146 0.010198631181917696 0.013211439128124239 0.9998607131986831 -0.950309593411355
7680147070107 box_met_090.pcd box_met_042.pcd 0.14267717647889894 0.8898442753405728 -0.26887098127229625 -0.3686265875832663 0.002895174902320043 0.25412621138860425 0.9630673415180955 -0.08900092351510996 -0.07100129559716602 0.3789419933563518 -0.014480715829700189 0.9253071244404066 2.2987648734866335
7680147070108 box_met_090.pcd box_met_042.pcd 0.14267717647889894 0.984843703887689 0.009303781589847291 -0.17319445303157457 1.2587469955064636 0.0030775839521682558 0.9974656725427266 0.07108277270832661 -1.5500712120320412 0.17341686016588823 -0.07053844162592965 0.9823191542788882 -4.361572096187221
7680147070109 box_met_090.pcd box_met_042.pcd 0.14267717647889894 0.9958061723433068 -0.017973266072870774 0.08970523301149147 -1.0407257271613388 0.02079506967161638 0.9993147093298723 -0.03062150868760909 2.4622872522953174 -0.08909339032905195 0.032358513927967875 0.9954975109843563 -3.4649738019869485
7680147070110 box_met_090.pcd box_met_042.pcd 0.14267717647889894 0.9775460446630475 0.2076900142506226 -0.035617250654803825 -1.8103737102280222 -0.2101792290834789 0.9731225295413367 -0.09411287988869839 -0.7263788878734992 0.01511364368725963 0.09948567977174529 0.994924206809166 -1.541027366113172
7680147070111 box_met_090.pcd box_met_042.pcd 0.14267717647889894 0.9774804852453199 -0.1388587171552145 0.15890298183036655 2.415860599255891 0.15187150764421395 0.9857115557005823 -0.07285447223205338 -2.7496169348747097 -0.14651602687230886 0.09534666028941813 0.9846024925020285 -2.6235457449541046
7680147070112 box_met_090.pcd box_met_042.pcd 0.14267717647889894 0.9998259620581209 -0.018018349176121495 -0.004835771657153791 -0.27878274065479897 0.018456397641391106 0.9931367325180553 0.11549368774726677 -0.24607920752753434 0.00272157686932094 -0.11556283838815863 0.9932964428623594 1.6221178373237615
7680147070113 box_met_090.pcd box_met_042.pcd 0.14267717647889894 0.8687116317843216 -0.49496801507378774 -0.018621623359302154 -1.2719347689207061 0.4861063082808713 0.8591696244897709 -0.15977550939880797 -0.49676846321926105 0.09508289989353289 0.12974675490362247 0.9869777209946614 -0.5192425815898499
7680147070114 box_met_090.pcd box_met_042.pcd 0.14267717647889894 0.9931711948711253 0.09575392888645536 -0.066649551994511 0.5995562049274104 -0.09390044987369851 0.995116901222116 0.030414772983048784 -0.039282212286102944 0.06923642965793664 -0.023948653509143537 0.9973127788228328 -1.414825754976343
7680147070115 box_met_090.pcd box_met_042.pcd 0.14267717647889894 0.991283373643074 0.12874985882213538 0.027941850190815014 1.6070434325323029 -0.12922329877970826 0.9914888498999427 0.01584927684719695 1.8246565744880936 -0.025663440753258125 -0.019321862678557993 0.9994838935327246 -1.6617636844547727
7680147070116 box_met_090.pcd box_met_042.pcd 0.14267717647889894 0.9171387777364011 0.35490260206248164 -0.1813852403627707 0.6205398322628999 -0.3779470709058344 0.9188950714863116 -0.11308341696228694 0.23630969195961674 0.1265404044796778 0.17226720711570756 0.9768887016373325 2.240329178222001
7680147070117 box_met_090.pcd box_met_042.pcd 0.14267717647889894 0.9184386367137879 0.3838659091067813 0.09548525758955123 0.4152907000510075 -0.3940772816270549 0.9088353072984168 0.13682646057405395 0.13692770588982128 -0.03425735974574589 -0.16329527866235644 0.985982294602613 -0.9990428428243985
7680147070118 box_met_090.pcd box_met_042.pcd 0.14267717647889894 0.8746256216621818 -0.4833085945943807 0.03798452741902546 0.4006622260215231 0.483678168095915 0.8645964655843767 -0.13611899722809995 0.6661519333317296 0.03294619309452711 0.137425449208683 0.989964036857082 4.824614085152423
7680147070119 box_met_090.pcd box_met_042.pcd 0.14267717647889894 0.9984652528416711 -0.055381440492499136 0.0001868603586458737 -0.7833961811243939 0.05538130430135015 0.9984378077042279 -0.007406435084208974 0.012928565780823442 0.0002236105970444652 0.007405416649394163 0.9999725545246478 -0.7711726139931061
7680147070120 box_met_090.pcd box_met_042.pcd 0.14267717647889894 0.9868017743405344 0.134235912391772 -0.09057029304756528 -0.4125760867534315 -0.14199679958833253 0.9861678628469139 -0.08549769116544324 -0.9516555050809115 0.07784065175115293 0.09722996509461009 0.9922132668043987 4.513278663408054
7680147070121 box_met_090.pcd box_met_042.pcd 0.14267717647889894 0.9324091015120934 0.1238489391913366 -0.3395212919370323 -2.2002296246017257 -0.2100349891690232 0.9502080458353811 -0.23019551028305224 -3.283864194934274 0.2941063935758269 0.2859477397897859 0.9119952408685771 0.5840536414326355
7680147070122 box_met_090.pcd box_met_042.pcd 0.14267717647889894 0.9916580908662652 -0.10926842160435359 0.06837135993650433 -1.7848004984263826 0.09887413284566397 0.985151272988302 0.14035980615384888 -2.7131516882838342 -0.08269302675251274 -0.13242877847968423 0.9877370510195954 0.2697675966562323
7680147070124 box_met_042.pcd box_met_068.pcd 0.17874362203302244 0.9623995279332513 -0.03752208371821494 -0.2690339046798712 0.2871269625665779 -0.03730856428675456 0.9627689005937604 -0.2677388934771018 -0.3298697109662391 0.26906359780675615 0.26770905341979945 0.9251684403676765 2.3704426787568575
7680147070125 box_met_042.pcd box_met_068.pcd 0.17874362203302244 0.9964910950730422 -0.07418221027450694 0.03876205772295888 0.3410334972927393 0.07483510207445146 0.9970727751225731 -0.015671266919979596 0.19255886389805424 -0.03748606324536612 0.018517040480585813 0.9991255748274112 -1.853551857286585
7680147070126 box_met_042.pcd box_met_068.pcd 0.17874362203302244 0.9663906948174342 -0.24715501646044086 0.07073487689051008 -1.2647086839517823 0.24083010408181038 0.966635928806893 0.08726879228899333 1.785057890956324 -0.0899437932167684 -0.06730066105228304 0.9936703352136989 -3.9656136079930215
7680147070127 box_met_042.pcd box_met_068.pcd 0.17874362203302244 0.9859635969280086 0.16696026083351928 -0.00023840131399332143 -0.4470406041245752 -0.16688120326552858 0.9854507391606971 -0.03221031953093542 -0.8458227789572428 -0.005142910599324379 0.03179798720106086 0.9994810846036699 0.9126675005069236
7680147070128 box_met_042.pcd box_met_068.pcd 0.17874362203302244 0.9368723196968731 0.017701437103272835 0.3492233035040455 -3.0340838618273995 0.12211435376234252 0.9192743254834621 -0.3741962040322308 -2.716568378566447 -0.3276558273417478 0.39321924371958744 0.8590810702009387 1.9585105966681138
7680147070129 box_met_042.pcd box_met_068.pcd 0.17874362203302244 0.9781034674355196 0.10078433037140748 -0.18208823614445988 -1.2663473904958087 -0.094263644321832 0.9945682790447296 0.04413959307891485 -0.3932761758322746 0.18554776298781064 -0.026008788314568362 0.9822909806063717 0.1105067751280094
7680147070130 box_met_042.pcd box_met_068.pcd 0.17874362203302244 0.9238797355558742 -0.38210860390208895 -0.020958269327512755 0.25275271876448174 0.37990076857291727 0.9091945300539105 0.17041335792054524 0.5496166950602761 -0.04606126644931528 -0.16540351067630216 0.985149754295782 4.522209854207771
7680147070131 box_met_042.pcd box_met_068.pcd 0.17874362203302244 0.9669826331072692 0.00038673356174126483 -0.2548419857599699 -3.577821086105103 0.037490089793747315 0.988902982176076 0.14375459996299308 -1.2166629771219961 0.2520695944301677 -0.14856225052285535 0.9562375109162969 -0.45446920997423795
7680147070132 box_met_042.pcd box_met_068.pcd 0.17874362203302244 0.9217007254305656 -0.3877546526133013 0.010681859272035316 -0.018371940574651004 0.38786316854879704 0.9216479477946046 -0.011279308900882747 1.2253606192446764 -0.005471309172122212 0.014539246979543027 0.999879330256012 0.012440111608742647
7680147070133 box_met_042.pcd box_met_068.pcd 0.17874362203302244 0.9025630689361519 0.2295905974071929 -0.36423627520438334 -0.9530121780948709 -0.24247350801291412 0.9700996000752017 0.010647245927709832 0.3255513136685074 0.3557899724619376 0.07870783643413232 0.9312457097777104 -3.3045922788832423
7680147070134 box_met_042.pcd box_met_068.pcd 0.17874362203302244 0.9900250276440321 0.030897862069246294 -0.1374618738341042 -0.5552556719177721 -0.020519219186226005 0.996874632469036 0.07628845773583333 1.7367788275878242 0.13938940520147491 -0.07270687215988765 0.9875648355719764 3.0643744330257237
