id source target overlap t1 t2 t3 t4 t5 t6 t7 t8 t9 t10 t11 t12
7680147070030 box_met_089.pcd box_met_086.pcd 0.10477666139535378 -0.12177851404822448 -0.3696684914381522 -0.9211488478818436 -2.7835691191464926 0.9865822540700437 -0.14676032357032864 -0.07153225412081432 7.367358463019108 -0.10874488250156278 -0.9175001982906456 0.3825806276673559 6.679089742218293
7680147070061 box_met_083.pcd box_met_043.pcd 0.15574079281784078 0.16423231618145367 -0.5492631712544662 0.8193520092275125 -13.915694382583496 0.9115756699597923 0.4018881685118771 0.08669312514568095 -1.5907532657707204 -0.37690521919844866 0.7326635440047878 0.5666979680811582 -11.653975932798758
7680147070092 box_met_098.pcd box_met_068.pcd 0.17747331929173932 0.3864313016683488 -0.9147898976619946 -0.11760226284584469 -4.5592676216834915 0.9031211173185774 0.4011790717891116 -0.15306077162902057 -6.416769535734314 0.18719801426337274 -0.04706161380556798 0.981194225401814 -6.856589278616772
7680147070123 box_met_014.pcd box_met_006.pcd 0.13401656127512246 0.12985269509430863 0.9205756574069272 0.36834594685777217 3.7880696246992103 0.8874728153220243 -0.2735790097797066 0.3708726566792915 -12.499754138286441 0.44218805913451004 0.27873820046373154 -0.8525108421369759 -1.0950502173757704
7680147070154 box_met_048.pcd box_met_038.pcd 0.13762909986603863 -0.0015759176554323087 0.378239937675247 -0.925706252561237 10.439787851262686 -0.01031357889815096 -0.925664314610527 -0.37820524420866375 8.25629464489815 -0.9999455718057133 0.00895132415057645 0.00535977817604371 -5.942917369709711
7680147070185 box_met_069.pcd box_met_061.pcd 0.13267813267813267 0.3392509955977019 0.35146617009614994 0.8725710820694851 7.725683645838826 0.6032300989916488 0.6304738316893816 -0.48848356699630613 11.884998605769603 -0.721818681980796 0.6920796766506392 0.001873902519604398 1.624889420950305
7680147070216 box_met_050.pcd box_met_057.pcd 0.17565801115379565 -0.327987815596893 0.7693732153187893 -0.5481686313261702 4.482146073183254 -0.4623847359515534 0.3752627410233156 0.8033543621333493 -16.610331934468267 0.8237865917693679 0.5169552502390281 0.23266482431023616 2.4802547312811356
7680147070247 box_met_031.pcd box_met_024.pcd 0.1004873780283066 -0.06976178082629797 0.9456016015381836 -0.3177591935796128 4.590034311551195 0.09668100857433742 0.323444660613049 0.9412950303183155 -13.567713519430846 0.9928676027129663 0.034945138278904775 -0.11398579206934412 11.325841361912598
7680147070278 box_met_004.pcd box_met_015.pcd 0.10524394880243315 0.15081372715876037 0.9879094250826501 0.03591918057738297 -17.174823846737162 -0.050484968551318454 0.043984191591991184 -0.9977558112285648 -19.31404838197896 -0.9872722459640276 0.1486618939838541 0.05650799612690194 -11.628742138046661
7680147070309 box_met_053.pcd box_met_050.pcd 0.12188168570621241 -0.06555295486315432 -0.0025287078501445015 0.9978458877729153 14.29734537097386 0.28599865880553266 0.9579951137322207 0.02121624911773387 1.8584394398030113 -0.9559851344399375 0.2867733734184501 -0.06207620339595826 17.71316771499375
7680147070340 box_met_084.pcd box_met_075.pcd 0.26329116600675595 -0.7376126146717151 0.3731261955488298 -0.5627650245639046 -10.20302200064795 -0.6617760029144286 -0.5649951899773197 0.4927808410126091 4.697136906904654 -0.1340900915196867 0.7359057531353785 0.6636735416290852 11.777922367970513
7680147070371 box_met_051.pcd box_met_054.pcd 0.22453794730633111 -0.32957941666911417 0.8481401652401638 0.41477182668840185 9.139061421562968 -0.9377416973035028 -0.24305823702578655 -0.24811933127481564 12.259082785264859 -0.10962626166385306 -0.47072386121834076 0.8754433900791667 8.469566381502434
7680147070402 box_met_086.pcd box_met_053.pcd 0.2604525642928202 -0.45180251704972535 0.5137781117227411 0.7293192288032362 5.566760834743185 0.6610093198744624 -0.3562244218703345 0.660432313187541 9.076270990043303 0.5991169874295279 0.7804717888416982 -0.17866902976063428 4.012221972449287
7680147070433 box_met_037.pcd box_met_105.pcd 0.2063328682014251 0.4918499490989922 0.862629948330795 -0.11812366322684285 2.870888373016853 -0.823397356011962 0.41673944741290486 -0.3851558477843701 8.233217193876127 -0.2830201789339922 0.28670159611135143 0.9152604946698915 -1.9994413001615607
7680147070464 box_met_048.pcd box_met_037.pcd 0.21043278164297136 0.7221681765437775 -0.33099070887516013 -0.6073864300638884 -13.817148902173052 0.4071959068650549 0.9132408076850025 -0.01351741880649611 -4.307579774153507 0.55916421400138 -0.2375634185163274 0.7942915106955729 6.7170918333153375
7680147070495 box_met_011.pcd box_met_014.pcd 0.2201687198563799 -0.503559172724687 -0.2875337951999957 0.8147100565125707 -1.8820631586187317 0.4561287789723533 -0.8893401642577153 -0.03194697530675078 12.043116046953564 0.7337402105364126 0.35552551083705236 0.5789878363023132 -10.353594063074883
7680147070526 box_met_069.pcd box_met_071.pcd 0.2726100188139234 -0.2519676537835413 0.6514847110036865 0.7155976332935013 -3.4449222086194204 -0.08493468045159641 -0.7514896469005201 0.6542548514592131 -8.67337438595709 0.9640012455922465 0.10407200358297508 0.2446847289203447 2.0821401012652805
7680147070557 box_met_104.pcd box_met_006.pcd 0.19664404223227752 0.4669864747156719 0.3616791327817023 -0.8069150124659381 -2.0105924880654538 0.8155503207491585 -0.5288480477240662 0.23494130489206988 0.9903299060163938 -0.3417620616138866 -0.7677942089705545 -0.5419324182153218 13.519569180448471
7680147070588 box_met_039.pcd box_met_053.pcd 0.2523728071090344 0.40837659948756294 -0.45764311578541983 0.7898046160698144 13.497528584154919 0.8810567441940381 -0.02862151861829837 -0.472143857507628 2.6353454296384475 0.2386787935723984 0.8886751865817988 0.3915211951512066 5.9572589317686635
7680147070619 box_met_072.pcd box_met_063.pcd 0.2611327375404353 -0.6939640036625497 0.7196832907798186 -0.02167769805528208 1.0099839923167118 0.30603682373681595 0.3220849779426337 0.8958809795395672 -15.168814061216695 0.6517326324020656 0.6150749775076405 -0.44376496921934894 11.267538117339438
7680147070650 box_met_078.pcd box_met_093.pcd 0.3274611179611471 -0.20501671288835127 0.7487377755780185 -0.6303648870764742 -15.344987935463772 -0.5948316618009601 0.4161440110915485 0.687749559179608 6.531109330774462 0.7772666476541776 0.5159611472340896 0.3600564580580642 11.591373742503334
7680147070681 box_met_052.pcd box_met_050.pcd 0.35482771080045394 0.10328823887995514 0.6296545282226709 0.769978385928958 7.319546815288378 -0.0029013519682404287 0.7743062197016364 -0.6328044407936133 -24.571161107958005 -0.9946472348857327 0.0631272779394696 0.08180357519154796 0.852474846450715
7680147070712 box_met_051.pcd box_met_048.pcd 0.2895050206864466 0.9361532815556728 0.3410364418741161 0.08550543109292831 12.981735559733071 -0.18918006215932967 0.6935798051676336 -0.6950956466163626 3.6526772756804995 -0.2963577863224401 0.6345401478058498 0.7138143059007664 -6.83938366591165
7680147070743 box_met_020.pcd box_met_013.pcd 0.3633259774326519 0.9646723089101933 0.21994754450735865 0.14501866806401106 -5.478334314510686 -0.23012667110924756 0.9714658985482731 0.0574083896479608 18.531072763013015 -0.12825385633988765 -0.0887529471227822 0.9877620476162099 5.081114055989847
7680147070774 box_met_046.pcd box_met_014.pcd 0.30605316344230904 0.8549217015770073 0.5006273698214424 0.13594528589965577 13.608195709081492 -0.2568379399899797 0.1807947343833023 0.9493932465532787 -2.307932058051929 0.4507140520933178 -0.8465727969908646 0.28314544432267696 -2.1554611287176964
7680147070805 box_met_010.pcd box_met_008.pcd 0.3299139036453563 0.17043871200899816 -0.7606294697488631 0.6264131665269153 -16.28483349628661 -0.9400204267964261 -0.31614533411865087 -0.12811606035338136 3.1647456237927236 0.29548645088087955 -0.5670052358352342 -0.768890642342103 -12.809973244696204
7680147070836 box_met_068.pcd box_met_054.pcd 0.3592565975121276 -0.8649173803911754 -0.46757368714121955 -0.18246307075798116 2.4070723084618457 0.431354742241639 -0.878333566905656 0.2060660854979221 -6.126275861285002 -0.2566145191584379 0.09952382800089987 0.9613760950934505 18.43346206924276
7680147070867 box_met_009.pcd box_met_021.pcd 0.30909591270221115 -0.07735477678330216 0.6006386682419176 -0.7957697083461905 6.68952493137231 0.009383818058892823 0.7985645590810718 0.6018360149893748 4.0174969843730155 0.9969594688187897 0.03908753243975627 -0.06740906719669026 0.6313923556668344
7680147070898 box_met_078.pcd box_met_074.pcd 0.3500732924447925 -0.7398929413128119 0.6503449170992657 -0.17207534454018894 -31.37548331076374 0.20697910267063602 -0.02330909521918946 -0.9780676546833152 -3.747202516207648 -0.6400922483932561 -0.7592813542312308 -0.11736157234654877 4.054302664876448
7680147070929 box_met_038.pcd box_met_090.pcd 0.34287669259579373 -0.5303015494484208 0.8149085137375671 0.23388967675088596 -6.058599824489244 0.08091030931544979 -0.22597108503265037 0.9707680415916282 -11.067261305706806 0.8439394459906959 0.533723882702654 0.0538983166130553 -3.966178157614768
7680147070960 box_met_074.pcd box_met_064.pcd 0.4338309676182769 -0.41886585238662655 -0.7524353537319286 -0.508323161147249 -11.824051162797698 -0.4097118069776051 0.6561807590229679 -0.6336900241531243 -3.369387216592564 0.8103626551906067 -0.05716511123359269 -0.583133361359201 -1.981354304626122
7680147070991 box_met_088.pcd box_met_090.pcd 0.3693382392150589 -0.2884384725890328 0.27877145060154707 0.9160184091272483 -0.0779338068890214 0.542799801736729 -0.7404969575023298 0.39627342979861824 -7.5928910601185695 0.7887785638346629 0.6115151136801952 0.06227072326241781 8.293638069175744
7680147071022 box_met_070.pcd box_met_075.pcd 0.44771502375865035 -0.6179933386704581 0.6074455600699551 0.4990933028104452 7.731128592830261 -0.6968644605951597 -0.7171339279534608 0.009942481453714735 -4.213541849752259 0.3639562568748575 -0.3416559979414074 0.8664912129688929 2.2432526650913647
7680147071053 box_met_060.pcd box_met_073.pcd 0.45020368179603987 -0.6839009377460827 0.7222382593122982 -0.10320564003759569 8.364729718965505 -0.1503758266212109 -0.2779667872977773 -0.9487473720265789 0.483897301091383 -0.7139093906918552 -0.6333295839804844 0.29870892175676717 -1.6835378225671076
7680147071084 box_met_016.pcd box_met_046.pcd 0.44535965890856855 -0.36272885333993843 0.7618780442732611 0.5366280132541013 -2.629565995658105 0.06134354487550786 -0.5550761762069341 0.8295344526356907 4.967879714487098 0.9298735120739807 0.3338147454230252 0.15460584491331786 8.32651379612377
7680147071115 box_met_083.pcd box_met_042.pcd 0.3704627335289467 0.02084159203484459 -0.984204029759893 -0.17580687087210362 18.144950596244914 0.21851492327953548 -0.16710944683719386 0.9614185670569846 -7.005842130591843 -0.9756110169250813 -0.05845391844995956 0.2115804411382433 14.96307569382468
7680147071146 box_met_054.pcd box_met_087.pcd 0.4132023801133675 0.14592132976963407 0.9047218778831453 -0.4002315444812625 -4.784826381923443 -0.6580142126780245 0.39085603372443306 0.64362167211408 -10.022116234692362 0.7387315218886907 0.16943991436730568 0.6523540863574159 -5.0714652909296545
7680147071177 box_met_099.pcd box_met_059.pcd 0.45433742032917807 -0.2313916464748985 0.7797235970356367 -0.5817980905498432 -7.6425853720213155 -0.5339753605649438 -0.6016865714305798 -0.594006383862709 -1.5693420929179247 -0.8132208926553559 0.17321772999875548 0.5555784352932575 5.818594180876588
7680147071208 box_met_074.pcd box_met_066.pcd 0.38972005409376964 -0.10464402816182405 0.9755226386371783 0.19340426281864698 -1.607706056432518 -0.22862448243045858 -0.21286048422269543 0.9499585571433546 12.545681737599466 0.9678742032947629 0.055190540519517384 0.24530293686315952 4.132866321494596
7680147071239 box_met_095.pcd box_met_090.pcd 0.4117167766642223 0.31788101201026836 -0.35520257120962745 -0.8790806536429958 -14.904198941293794 0.45609365764340865 -0.7555609600858223 0.4702193222865767 -2.053146111978276 -0.8312221349680147 -0.5504169047188321 -0.0781728427201888 3.0444093138551933
7680147071270 box_met_029.pcd box_met_027.pcd 0.4866340447895991 -0.1154800354545065 -0.7960016428249677 -0.5941765276678125 5.642547962514985 -0.532468573188686 -0.45536488588118323 0.7135264811293425 2.320774692312249 -0.8385353778928061 0.39877839124803355 -0.3712603058445642 7.891019056315511
7680147071301 box_met_002.pcd box_met_013.pcd 0.47253973409326644 -0.4725778104951828 -0.22206259656814664 -0.8528531035489008 -14.800360657744873 0.287203837374287 0.876096451176871 -0.38725826528658747 -6.787392282332095 0.833177153326388 -0.4279523471611125 -0.35024651280809566 -13.880122512818833
7680147071332 box_met_105.pcd box_met_005.pcd 0.5256721198358385 0.7503154941611014 -0.38421537775343434 0.5379639418395694 4.009029299332467 -0.5820891565383393 0.0017707845627339958 0.8131230399899616 5.50476846418706 -0.3133669942132811 -0.9232417927172805 -0.22231895807131535 -3.3951960014109157
7680147071363 box_met_086.pcd box_met_080.pcd 0.5144359984830247 0.8468572570998911 0.5293438608005996 0.05126268750235807 4.426010384732199 0.0308928154949992 -0.1451921188820906 0.9889210699369899 19.40247866401251 0.5309222354055638 -0.8358913360283406 -0.13930992177413204 -5.448607114869738
7680147071394 box_met_012.pcd box_met_003.pcd 0.54129648424285 0.11067943070032818 -0.9731143510892004 -0.20198644341662086 -1.1697363885836585 0.08668022127878627 -0.19300907852312604 0.9773607495938819 -2.7874440119188733 -0.9900689889391102 -0.12568196096456458 0.06298763235103993 0.7224155153735707
7680147071425 box_met_081.pcd box_met_054.pcd 0.5353342515434971 0.28167248485250945 -0.0013269071206468142 0.9595096928090439 -6.314731390271108 -0.3373340096107899 0.9360242012099202 0.10032178581563506 -24.972734245864146 -0.8982574114567161 -0.3519331386312233 0.2632046517374947 -4.9424189145849
7680147071456 box_met_049.pcd box_met_016.pcd 0.47178850539510314 -0.05543179116353053 0.19428298797726426 -0.9793780869056793 -5.9973079721239735 0.27186235528830144 0.9467629989564332 0.17242587852209934 1.8537317862498037 0.9607383495549137 -0.2566981581345036 -0.10529899954345862 -11.605386033921315
7680147071487 box_met_096.pcd box_met_091.pcd 0.5155062267507682 -0.46716290345629635 -0.594855634941506 0.6541449344087444 3.544491926312584 -0.317123228409313 -0.5778858852674057 -0.7519845487853865 26.1644164950437 0.8253433707479194 -0.5587438386121535 0.08132430863781129 18.776050112104357
7680147071518 box_met_071.pcd box_met_084.pcd 0.47537298293133606 0.922703014057034 -0.25510679431909045 0.2890323015552113 4.361746452793976 0.313626757727831 0.9327172875751645 -0.17797954459868898 2.7044126905847587 -0.22418163325124052 0.2548705258570822 0.9406293692853425 -16.57987494491954
7680147071549 box_met_067.pcd box_met_062.pcd 0.48089752029844196 0.7465528516744477 0.47764719210730977 -0.46315440139196906 -2.696827112174472 -0.5353029145724628 0.844620342542231 0.008201622648686749 20.792141190947646 0.39510711118249575 0.2418049561854505 0.8862396593795471 21.18878301077678
7680147071580 box_met_019.pcd box_met_012.pcd 0.5848713765044923 0.08180301795597558 0.8278822133822575 -0.5549047729282828 4.84305009729705 0.9966115612256027 -0.07274313160422316 0.03839053054957775 14.061543524173105 -0.00858267352063008 -0.5561649733394808 -0.8310275928905932 5.7097785975998985
7680147071611 box_met_006.pcd box_met_003.pcd 0.5770896772821356 0.3160196298270861 0.9270038067747384 -0.20197904789629745 8.145372618512281 0.2826760217923711 -0.2952183127597579 -0.912655693301105 6.854202749752838 -0.9056632156975297 0.23132248061186161 -0.35533653020198247 4.708119026349845
7680147071642 box_met_002.pcd box_met_105.pcd 0.5796672498873721 -0.18280928751264525 0.6583917335461517 -0.7301377196099461 5.465123322513422 0.2655372711171007 0.7481173647117545 0.6081203550814782 13.87164370928794 0.9466101214580385 -0.082708728770506 -0.31159034667069596 2.237727385303572
7680147071673 box_met_052.pcd box_met_044.pcd 0.5686128823771889 0.06129180231303265 -0.25874015337117595 0.964000439835315 12.902009906513532 -0.5583209561890145 -0.8094684737269847 -0.18176495790523212 -1.8567427072593554 0.8273578577915395 -0.5270809454681193 -0.19407383150499374 -33.331023216472595
7680147071704 box_met_090.pcd box_met_087.pcd 0.5958686783656025 0.6265485662106552 -0.7400586779362687 0.24443822816939725 -4.873736954762234 -0.6590631532648491 -0.6705015522886987 -0.34068083067152377 0.19218135286952906 0.4160200165712777 0.052352856556902666 -0.9078471921101955 10.5314810319261
7680147071735 box_met_080.pcd box_met_072.pcd 0.5681424816769589 0.11352683670632761 -0.5609750637940436 -0.8200113628168353 -8.674420637070671 -0.9826306871975066 -0.18534134940312036 -0.009247528274436922 11.662868841894136 -0.14679437974667447 0.8068181715868199 -0.5722725295452247 0.6502750511506611
7680147071766 box_met_002.pcd box_met_005.pcd 0.5919934623403564 -0.3492827823797984 0.6422435413385137 -0.6822937575135736 8.4523397546435 -0.035653892456946945 0.7185181819366473 0.6945937101494106 30.8435275215072 0.9363387943931912 0.26693605195892856 -0.22806754762325432 -13.311810559421254
7680147071797 box_met_056.pcd box_met_050.pcd 0.6024774662367867 -0.16431820865584262 -0.9454065877211884 -0.28143544587971464 12.62823465369053 0.20942923589282025 0.24537167947921917 -0.9465369163761637 12.249716416386146 0.9639185242838133 -0.2144740609093001 0.15767674444758623 11.642254390245272
7680147071828 box_met_070.pcd box_met_078.pcd 0.611017210404907 0.44469280191880606 0.2884245978205719 -0.8479737987070369 -15.83258166443911 0.6149450680649502 -0.7866551514132961 0.05492026964170646 -26.404835798935533 -0.6512226003327856 -0.5458799539523 -0.5271851673642188 -8.169412996891364
7680147071859 box_met_054.pcd box_met_041.pcd 0.5615063983166034 0.1036724767862936 -0.7916473716861319 0.6021183076932927 -7.83552272068314 -0.0013291641467295112 0.6052695926107652 0.7960194429682413 -14.472175764457768 -0.9946106026378697 -0.0833256212892387 0.06169756848609115 -4.600766234650205
7680147071890 box_met_072.pcd box_met_070.pcd 0.7190964416908822 -0.16969996488944591 -0.3917396484798752 0.904290865665127 -4.104443562703322 -0.14946286167637943 -0.8967547944996263 -0.4165233385075089 -14.609157085778277 0.9740958756180156 -0.20584189649047932 0.09362872824712777 11.758565173911904
7680147071921 box_met_018.pcd box_met_012.pcd 0.6362169007359428 0.3229661397973296 -0.8640765058561707 0.38608893350082213 -4.05307753698515 -0.16309187215301357 0.3510339112100349 0.9220500173082857 -12.591730145538724 -0.9322520655820701 -0.36075890177232744 -0.02755178778205375 -8.57226963863601
7680147071952 box_met_007.pcd box_met_012.pcd 0.6616327544794456 -0.19753591654253255 0.9424361491708727 0.26980301408931284 -8.632494147323994 -0.9068079288172647 -0.28022397143422073 0.31491888807719254 4.717982904490054 0.3723962162936727 -0.18245172120210162 0.909962871506605 -0.42466690642147703
7680147071983 box_met_025.pcd box_met_027.pcd 0.6455385805059956 0.3436098987254155 -0.3574941258437069 0.8684066947491557 -4.579152987439003 0.21789762825908687 -0.869124964033717 -0.4440072302254263 9.517310504433604 0.9134839139782233 0.34178903856126486 -0.2207428187334567 -12.45899636249832
7680147072014 box_met_101.pcd box_met_110.pcd 0.634432760216765 -0.9130026696321393 -0.3159422042101573 -0.25808263956224203 -10.99553552644743 0.33436608362678355 -0.21709709353839293 -0.9170976905964103 -21.38909723653342 0.2337208749013953 -0.9236067212704819 0.30385058344409477 -0.025468778617178285
7680147072045 box_met_058.pcd box_met_055.pcd 0.7088829024245181 0.32706466704657305 -0.5627835880582185 -0.7591464526572143 9.586209557012573 0.1364418375227915 0.8230333056906279 -0.5513617711606073 -1.160573816145097 0.9351001703256816 0.07675161715739365 0.3459723409762786 -16.708916661050715
7680147072076 box_met_005.pcd box_met_046.pcd 0.6773791525354472 0.93818469206442 -0.33737484634564946 -0.07738020825274815 -9.751561177259799 -0.30784551576461766 -0.7110824041552918 -0.6321336511564201 8.795210186282109 0.1582422889104103 0.6168792649732843 -0.7709859599541452 5.507167788741302
7680147072107 box_met_077.pcd box_met_076.pcd 0.6727514532701259 0.0759225824527116 0.8787328004286423 0.47123712388196637 -1.8593986408336503 -0.3433111059129928 -0.4206683377869836 0.8397473632827521 1.5197470559069168 0.9361480897969667 -0.2255367265754577 0.269740502956301 -17.827915135857438
7680147072138 box_met_012.pcd box_met_020.pcd 0.6593540999817836 -0.3201632449773092 0.45188817337687615 -0.8326419250360322 18.49369203222298 -0.18760914114901953 -0.8917419222837161 -0.4118241787450922 8.298157996540908 -0.9286001866911973 0.024360271013532164 0.3702813396232931 -2.091563513392655
7680147072169 box_met_096.pcd box_met_092.pcd 0.6802725214297267 -0.4286429250815246 0.6341557214240227 -0.6435151620301823 -4.218643879540272 0.28144376828330886 0.7705506887041221 0.5718750225635791 -7.40589715526078 0.8585188687920876 0.06401685030349674 -0.5087702770457153 28.375920275337798
7680147072200 box_met_060.pcd box_met_059.pcd 0.8047438320013276 0.1977208235053825 -0.04542435956478244 0.9792053428727204 13.837494345878644 -0.17398416974592634 0.981439586376162 0.08065883071064203 -14.1421443579918 -0.9646947624146062 -0.18631415902157486 0.18614792375395778 16.18937957180589
7680147072231 box_met_035.pcd box_met_019.pcd 0.7252318658411053 0.03742224555315522 -0.19570325121552473 0.9799488828512599 0.6601951565284004 -0.14676080265116898 -0.9710788231255609 -0.1883273375860763 8.26619817425972 0.9884638801407686 -0.13677045273284918 -0.06506151640030743 -10.968576968105484
7680147072262 box_met_084.pcd box_met_071.pcd 0.7524145331902499 -0.9849496166438788 -0.1083386477630226 -0.13467364283316885 11.642289032000459 -0.1364542702985854 0.9656449444115028 0.22115621955935583 -5.651671259772036 0.1060871565758872 0.23620452733464936 -0.9658948889378481 8.730036889165827
7680147072293 box_met_001.pcd box_met_104.pcd 0.7340945044363436 0.6927175595066484 -0.6862150831409342 0.2219262094053636 -8.60706597880618 0.5906151696488222 0.7163555200262607 0.3714949398156027 -10.638677251806993 -0.41390349615803634 -0.12626808226066472 0.9015210853165709 -5.496288296874944
7680147072324 box_met_051.pcd box_met_045.pcd 0.7810227467834929 0.32639894272163733 -0.21988417845319697 -0.91930119017445 23.84901914355268 0.7593528530699379 0.6401666261257403 0.11649006536753376 -15.453964379156487 0.5628916189860557 -0.7360962157630955 0.37591938818649373 0.8808652635568232
7680147072355 box_met_064.pcd box_met_063.pcd 0.7518670562530166 0.8332717404772907 -0.4559584263740202 0.312666147736646 6.194575440254643 -0.09619591392702387 -0.6764856660736527 -0.7301462112074752 -3.85529593358856 0.5444304846954214 0.5783329983801837 -0.6075577259149083 -6.22100493636224
7680147072386 box_met_070.pcd box_met_084.pcd 0.7709761775680072 -0.10735927075019086 0.5578596614835878 -0.8229620799729501 6.9208987031664515 0.0530970297716839 0.82978206995177 0.5555559574120155 6.606807574592449 0.9928014365488259 0.015947240387387374 -0.11870548896582139 8.821881662573926
7680147072417 box_met_111.pcd box_met_103.pcd 0.7749604384779032 -0.041467793167982214 -0.9895721366749028 0.13793987257658585 20.323319940394924 -0.04829576769231975 0.13988249230445585 0.9889895890097645 4.97024454071334 -0.9979719139097987 0.03434930368087763 -0.05359276428634663 -9.711280213906186
7680147072448 box_met_043.pcd box_met_086.pcd 0.7527799851194242 0.10624741038993454 -0.567440578556931 0.8165308797543471 -7.219408489479216 -0.8989761626135273 -0.40573539078852133 -0.1649868228506221 -2.9477521494354453 0.42491569380065203 -0.7165123742606692 -0.5532238883971382 15.936408185164623
7680147072479 box_met_068.pcd box_met_060.pcd 0.7817563068728268 -0.2039197161632063 -0.9532435503330258 0.22303247097318718 6.624233569323112 -0.6026566078515617 -0.0573064157029269 -0.7959403166897203 22.683338715163956 0.7715061648313424 -0.29671991585967317 -0.5627926164756092 -7.108723455295979
7680147072510 box_met_098.pcd box_met_061.pcd 0.851374094266797 -0.3164603663676991 -0.859212016769574 0.40200441136532644 11.795312195624707 0.9409528156117266 -0.33804774406330945 0.018207732590059533 0.5191990393067106 0.12025238172604108 0.3840292084887141 0.91545667932281 27.193379522769845
7680147072541 box_met_013.pcd box_met_019.pcd 0.8104452037119234 0.5164549451932673 0.6810033509532899 -0.5191422980029756 5.909788787831058 -0.7092589749682238 0.0004876028318282488 -0.7049478481919805 -8.872010687843439 -0.4798187116114216 0.7322801364463395 0.48325956354084354 11.931292570544002
7680147072572 box_met_013.pcd box_met_005.pcd 0.8149664006936631 -0.23047566602132719 0.8792350157827488 -0.4169253582999421 -10.792365703643265 -0.8427895831474271 -0.3945353703762857 -0.36612506068313994 -0.9519700184856097 -0.48640177416433367 0.26699743171715434 0.8319409146966098 -4.372690600348878
7680147072603 box_met_050.pcd box_met_051.pcd 0.8194843224668497 0.026602900930863704 -0.9722477130433109 0.2324363787020322 -1.4124682512471554 0.9122348997838294 -0.07147664044697322 -0.40338390831415305 -5.398196896511216 0.4088028538041895 0.22276775878135058 0.8850168090884403 11.028010209991148
7680147072634 box_met_053.pcd box_met_056.pcd 0.8505126549065515 0.19732625520750086 -0.2536595246071211 0.946952583069434 -0.8038140856519861 -0.968999879620835 0.09601629664802486 0.22764029536267377 -0.6110889774909317 -0.1486660092307287 -0.9625163460191664 -0.22684951255253138 -2.814075569715422
7680147072665 box_met_064.pcd box_met_065.pcd 0.8399443645780894 -0.9034171961508847 0.0951570101813553 -0.418069985902144 2.714485104344129 -0.36253369938348823 0.3510763565365523 0.8633161116835141 -3.137472450707781 0.22892506745700875 0.9314990795993116 -0.28267079473380147 -5.681826061767856
7680147072696 box_met_085.pcd box_met_083.pcd 0.850139632979879 0.4375635339233098 0.8869811392172078 -0.1476570772211379 -12.81351950617345 0.3845004231875024 -0.03612462448661957 0.9224177123593913 12.739167803854762 0.812833056875258 -0.4603905626515874 -0.3568514417403672 -2.4736271297704002
7680147072727 box_met_083.pcd box_met_080.pcd 0.8575718826107488 -0.0030507867905005814 0.9992595680119458 -0.03835372780498325 2.1744601021357424 0.047729515735450756 -0.038164687715504436 -0.9981309282550248 -3.9894523939304665 -0.9988556382318812 -0.004875689505891623 -0.0475777429500798 17.99900247028718
7680147072758 box_met_008.pcd box_met_007.pcd 0.8173883346210263 0.18969531443792448 -0.9674665718893091 -0.167404061949061 1.3226339344857487 0.8694896792570811 0.2447270713729119 -0.42906451519865385 -5.137230136443831 0.45607388145531325 -0.06416457600565731 0.8876257780395402 4.310347648098711
7680147072789 box_met_087.pcd box_met_078.pcd 0.8418645235872126 -0.007699778775525412 -0.4868622211137629 0.8734448414519266 -10.837426147964848 0.5927945524424267 0.7012192496317126 0.3960886044062879 4.759117705532562 -0.8053169140167061 0.5208231385010763 0.2832100393709549 -2.6045192545193565
7680147072820 box_met_013.pcd box_met_012.pcd 0.9623543255881168 0.5948162287801622 0.3338231883280176 0.731269945310391 2.8693706992697248 -0.6482239426322595 0.7371704465062291 0.19074971296464815 13.103114518022391 -0.47539391474653375 -0.587487711984109 0.6548731282390824 2.834677508920154
7680147072851 box_met_023.pcd box_met_010.pcd 0.9418582190457794 -0.8155089620401827 0.3187863900410486 0.48303247339774175 -3.8257326030745284 0.4362047068609236 0.8870878299420244 0.1509987936412919 -2.1293846437389394 -0.38035586829247076 0.3338419079344985 -0.8624841992536063 -6.015984301833958
7680147072882 box_met_034.pcd box_met_033.pcd 0.9411329309827224 0.2886575119895609 0.10462430591852709 -0.9516987944633862 1.4815728206888865 -0.4462793812705461 0.8941257786885397 -0.03706488550354317 25.7429200145091 0.847060537756762 0.43542260678067546 0.3047877931931432 -23.995465205425145
7680147072913 box_met_089.pcd box_met_088.pcd 0.950731860560463 0.2860514067699723 0.9204450900215043 0.26637460265615587 8.45616871820852 0.7840531215084675 -0.3846428691131345 0.4871453231770215 8.535450539739344 0.5508496122697633 0.0695032337069369 -0.8317054798223531 0.5374390425233718
7680147072944 box_met_075.pcd box_met_071.pcd 0.9248440370892621 -0.3387923427489031 -0.9268493832566553 0.16177134867295753 9.226531951821105 0.6765543584939879 -0.12050508688311423 0.7264659138859039 -1.2118970144390477 -0.6538302138150992 0.35556819991676825 0.6678901906080452 -12.73925730701319
7680147072975 box_met_018.pcd box_met_017.pcd 0.9553399973011968 0.28893298257986166 -0.7547775231948647 0.588921575472771 16.153156408476615 0.301358427988372 0.6555923587867225 0.6923740007978624 -7.183148285172747 -0.9086808182513166 -0.022573204918368228 0.4168808234517759 0.4182911972378503
7680147073006 box_met_022.pcd box_met_011.pcd 0.980337984067781 0.2127407543253294 0.9750474051992145 -0.06343444697771616 -6.825930376754185 -0.5853568782563608 0.17915948960190925 0.7907333320175338 23.238299047054234 0.7823673667319323 -0.13108941566679666 0.6088652302218284 7.852856846638632
7680147073037 box_met_002.pcd box_met_104.pcd 0.9520990706884449 0.42514190869490276 0.9006596065585734 -0.08981442303444753 13.679259042052653 -0.6640710320996382 0.3778032099132721 0.6451933035186813 -1.7372699720994398 0.6150317242202846 -0.21465555593318283 0.7587219322713954 7.0242864916963175
7680147073068 box_met_003.pcd box_met_002.pcd 0.9478082648015782 0.35270298575118453 0.8639479299789873 -0.35943647300632 4.578747653024046 -0.8178089939910133 0.47127729970058363 0.33028193431420566 15.130262945734616 0.454740643872534 0.17745895602067957 0.8727652981978855 18.305745207052567
7680147073099 box_met_059.pcd box_met_098.pcd 0.9760888258632915 0.28793188993325575 0.18916951375220514 0.938781189535782 -10.723020570193789 -0.2767337898207741 0.9549098962383549 -0.10754301296451604 -6.408537089987554 -0.9167953077600774 -0.2288274134207017 0.3272986075990794 -17.769020873852078
