id source target overlap t1 t2 t3 t4 t5 t6 t7 t8 t9 t10 t11 t12
7680147070000 box_met_089.pcd box_met_086.pcd 0.10477666139535378 0.9907542330571681 -0.11243242222275679 0.07592759783125988 0.0960638562448089 0.11460862695548496 0.9930979588393636 -0.024926026086553345 0.03272146644277601 -0.07260104893650149 0.03339752359401509 0.9968017320967627 0.0015072944500218964
7680147070001 box_met_089.pcd box_met_086.pcd 0.10477666139535378 0.9953423971611595 -0.0806882075687404 -0.05275344133627923 0.13598728926759304 0.08270308681768085 0.9958799064392574 0.03719423855065158 0.17477886417266486 0.0495349557817864 -0.041383874998355295 0.9979146571956024 -0.01834638217372302
7680147070002 box_met_089.pcd box_met_086.pcd 0.10477666139535378 0.986123856256346 -0.05350747066521892 -0.15715180783282257 -0.05313158136167813 0.028541583312321553 0.9871827682647023 -0.15702089053137216 0.0367295109283128 0.16353934738814224 0.1503566846676598 0.9750116662028259 -0.039025344283377755
7680147070003 box_met_089.pcd box_met_086.pcd 0.10477666139535378 0.9927401306025979 0.07333332956314015 0.09533758894749184 0.047152531832683815 -0.06346922068487842 0.9926881309676329 -0.10267391422188119 -0.12822572396625417 -0.1021699129724169 0.09587751254163768 0.9901357540620565 0.012370408337449302
7680147070004 box_met_089.pcd box_met_086.pcd 0.10477666139535378 0.9649761697360708 -0.22968750947750322 0.12674636022988797 -0.07870820478871582 0.23018067804243908 0.9730863874993304 0.010942482324713081 0.13098241228855406 -0.12584850931745542 0.018615328456020555 0.9918748017008243 0.06341255743736506
7680147070005 box_met_089.pcd box_met_086.pcd 0.10477666139535378 0.900415848743584 -0.42797471097651074 0.07803169930190461 -0.19214940913434936 0.4234091220924284 0.9033318085694102 0.06867575231213076 -0.16744305183904626 -0.09988000130301249 -0.028797402509431583 0.9945826737624277 0.11178126333853716
7680147070006 box_met_089.pcd box_met_086.pcd 0.10477666139535378 0.9976356930906936 -0.06598329796566042 0.01921531319094735 0.05281820647393283 0.06186203624772351 0.9839932065084751 0.16712407970264076 0.10285182530731285 -0.02993513558908101 -0.1655402486851586 0.9857486057421126 0.07894910248667865
7680147070007 box_met_089.pcd box_met_086.pcd 0.10477666139535378 0.9967282041909896 0.06826691520976712 -0.04327256934765591 -0.1461601165496325 -0.08063594793967695 0.8765864655427579 -0.47444073636980777 -0.05664061621167019 0.005543543097598434 0.47637778780606277 0.8792232210394167 0.06037674171637586
7680147070008 box_met_089.pcd box_met_086.pcd 0.10477666139535378 0.9703669293434163 -0.10907212953137181 0.21561839670149044 0.045531701459247516 0.0321904050103204 0.9427247583525885 0.3320147704761425 0.02420148354249596 -0.2394823589784876 -0.3152353098060966 0.9183000050035682 -0.011982967827338084
7680147070009 box_met_089.pcd box_met_086.pcd 0.10477666139535378 0.8985188556255157 -0.4304920615131729 0.08567643234607841 -0.1502992685668969 0.38534038964598905 0.867102706664455 0.3156670400954989 0.09376859457319942 -0.2101824212271114 -0.2506181978015854 0.9449941104249245 0.11673014539692175
7680147070010 box_met_089.pcd box_met_086.pcd 0.10477666139535378 0.7922726557276866 -0.6070295774721274 0.06179911860382306 -0.40795947772109264 0.44948783753750654 0.5121439054366371 -0.7318943257260334 0.4912346417689131 0.4126314613454177 0.6076378133379453 0.6786100241742864 0.7772126136314645
7680147070011 box_met_089.pcd box_met_086.pcd 0.10477666139535378 0.7481594475028115 0.6363962560005586 0.18776913074507082 0.8689111262984648 -0.5921704310006085 0.7680743659731203 -0.2437128412364497 0.05145148683004958 -0.2993185957484793 0.07114473756688444 0.9514971384905462 0.08047282203600503
7680147070012 box_met_089.pcd box_met_086.pcd 0.10477666139535378 0.8233366220135586 0.45892714550344393 -0.33392017305242844 0.8558701450190292 -0.5631151786141023 0.7339832963278544 -0.37969700594830236 0.5131081776552439 0.07083856623133045 0.5006539681574074 0.8627441693239842 -0.039442375990049655
7680147070013 box_met_089.pcd box_met_086.pcd 0.10477666139535378 0.8473142309769529 -0.5242021279693752 -0.0852685347376978 -1.1058797506660627 0.5055011035947814 0.8452612306629778 -0.1732111030002596 -0.06187114178497438 0.162871815389874 0.10366089412351853 0.9811866238290856 0.528334472756841
7680147070014 box_met_089.pcd box_met_086.pcd 0.10477666139535378 0.9906808071191512 0.09957170786532946 -0.09293553356240558 0.9720047730853215 -0.11932959895746334 0.9634672836069598 -0.23977331009033792 -0.3140823440444146 0.06566570808571615 0.24862877631482616 0.9663703981237184 -0.03468452250176761
7680147070015 box_met_089.pcd box_met_086.pcd 0.10477666139535378 0.5205977969206496 0.835801703715853 0.17439451226183647 -0.454422818245176 -0.7244823972157618 0.5405127043634305 -0.42775141442926184 -0.2613134152824285 -0.4517778103956296 0.09634068967683657 0.8869133450043033 0.11409602648690868
7680147070016 box_met_089.pcd box_met_086.pcd 0.10477666139535378 0.9447076006478211 -0.02248113328359172 -0.3271423970146985 -0.48916283642763264 -0.15097359612476297 0.8558004575467258 -0.4947853576410401 0.18610667104894793 0.2910919486200094 0.516817352174925 0.8050871393454908 -0.08192530217811653
7680147070017 box_met_089.pcd box_met_086.pcd 0.10477666139535378 0.7950806192256277 0.5903461388170009 -0.1390620196734208 -0.3232441027899463 -0.36675617122664306 0.6505947047624242 0.6649935646322207 0.057509797108950655 0.48304939685188086 -0.47772164125037553 0.7337883302983782 0.16472106634659292
7680147070018 box_met_089.pcd box_met_086.pcd 0.10477666139535378 0.6772060946615304 0.7202995163442905 -0.15020157158784703 0.016552625886728546 -0.5066490007581519 0.3084561014796538 -0.8050848548387551 -0.4098409308666863 -0.5335716403483644 0.6213078465737852 0.573827382059972 -0.16035214976489687
7680147070019 box_met_089.pcd box_met_086.pcd 0.10477666139535378 0.9625415498303849 0.27113366146796014 0.0005499719067236647 0.10850178290340422 -0.2328922990735864 0.8257402585919283 0.5137258046592114 -0.6960065691187165 0.13883422446334975 -0.4946105164263216 0.8579542500379302 -0.04014736455864238
7680147070020 box_met_089.pcd box_met_086.pcd 0.10477666139535378 0.8463718190612899 -0.5303916802290386 -0.048367441969782196 0.17282610788553854 0.5265305197933762 0.8196179490481728 0.22581414775027692 -0.1558524532011695 -0.08012712165677836 -0.21658966536260216 0.9729689415562636 -0.7408316540372991
7680147070021 box_met_089.pcd box_met_086.pcd 0.10477666139535378 0.9266148500107336 -0.08944770580154882 0.36521778114766723 -1.172356614356096 -0.3647685407031931 0.02190716698872419 0.9308404738448964 0.9318185793452669 -0.09126243177150589 -0.9957505631238016 -0.012328202861062676 0.39908495504280034
7680147070022 box_met_089.pcd box_met_086.pcd 0.10477666139535378 0.9844390989293796 -0.039600929786192174 -0.17120580264459428 0.701875196371685 0.14352748158824777 0.7433238089436243 0.6533525672150353 -0.5085951743275973 0.10138798019511924 -0.6677585502392396 0.7374408424099812 -0.06747906321516471
7680147070023 box_met_089.pcd box_met_086.pcd 0.10477666139535378 0.6880152486730874 0.5772352287625391 0.43981190100856593 0.12012433689575945 -0.4031576091707877 0.8079559339941896 -0.4297338139956767 -0.5877154733260183 -0.6034061316899288 0.1183499024039972 0.7886027776009671 1.431721062749074
7680147070024 box_met_089.pcd box_met_086.pcd 0.10477666139535378 0.6999075256576833 0.7036584843021658 0.12245077785509412 -1.6403250546512194 -0.5539117819025925 0.6429982986219226 -0.5288997313657924 -1.9804283007995587 -0.45090042514643275 0.30235397374417156 0.8398040730812603 -0.6082482904932514
7680147070025 box_met_089.pcd box_met_086.pcd 0.10477666139535378 0.33994766820379424 -0.8924600454395417 -0.29656474870903676 -0.005973243640360267 0.36056575278060315 0.4149330868169942 -0.835357930103185 -0.916169363613113 0.8685781028811168 0.1770468885876617 0.46284606343455936 -0.3328148881713474
7680147070026 box_met_089.pcd box_met_086.pcd 0.10477666139535378 0.5008094058932283 -0.8655404591824084 0.005445409734508216 -0.05912739124701687 0.8464048209164147 0.48840183369087137 -0.21227936304984027 0.5679464419024638 0.18107682926957605 0.11092052274353639 0.9771938495180866 -0.03170404386786489
7680147070027 box_met_089.pcd box_met_086.pcd 0.10477666139535378 0.5514946591205216 -0.7255059322613165 -0.41169744135126396 0.0440171569717886 0.42864427860739485 0.6698629470467629 -0.6062571357031368 -0.6686168075110628 0.7156240097835493 0.15787581964146244 0.68040980459856 1.707180303377393
7680147070028 box_met_089.pcd box_met_086.pcd 0.10477666139535378 0.7616976737723258 -0.35442369671039126 0.5424025230213888 0.25126848957604137 0.3950458784829762 0.9175681246584744 0.04480502766815386 1.7468933733709633 -0.5135712293961191 0.18014599585022972 0.8389231267021358 -0.15692586890530838
7680147070029 box_met_089.pcd box_met_086.pcd 0.10477666139535378 0.3100670353477986 0.9444854559472088 -0.10865384068140388 -3.035668909290428 -0.9393525426253525 0.3219702972056368 0.11811828131410942 -0.23587309773490647 0.14654430815938285 0.06543967620264352 0.9870371900412774 -0.24178929791676235
7680147070031 box_met_083.pcd box_met_043.pcd 0.15574079281784078 0.9537424960481324 0.2773838172752227 0.11590284356176958 -0.04576141686594373 -0.292121547527793 0.9461666206106173 0.1394049049074371 0.030872458693388224 -0.07099473714188623 -0.1668140999919074 0.9834291043802011 0.048486270039787296
7680147070032 box_met_083.pcd box_met_043.pcd 0.15574079281784078 0.980023405871696 -0.164361215358419 -0.11197997512745096 -0.14404592260426038 0.15719464443125855 0.9850741717335922 -0.07013358642980876 -0.14216834500108838 0.12183582275247011 0.0511299038653573 0.9912324476251512 -0.38224761246793937
7680147070033 box_met_083.pcd box_met_043.pcd 0.15574079281784078 0.9810486569018185 0.05883499004218384 0.18461304595795544 -0.08987470491624641 -0.023961070247961378 0.9823096280165087 -0.18572469361568675 -0.08260915382906331 -0.19227428300142038 0.17778143506228253 0.9651032905567596 0.003608160042569874
7680147070034 box_met_083.pcd box_met_043.pcd 0.15574079281784078 0.9762213387833042 0.16463670602838473 -0.14102004372519705 0.16136860255976043 -0.14521774222144476 0.9796650090166655 0.13844954840115092 0.0759677187390796 0.16094628000745864 -0.1146787911363729 0.9802780573976247 0.027467199602199805
7680147070035 box_met_083.pcd box_met_043.pcd 0.15574079281784078 0.984841904035358 0.10977637027185475 -0.13429658441653597 0.04172617923574113 -0.1516715832848519 0.9206602872193301 -0.3596948239286842 -0.0634809510555919 0.08415553980503816 0.37461151085779193 0.9233547861212208 0.15116529172460477
7680147070036 box_met_083.pcd box_met_043.pcd 0.15574079281784078 0.9851315474953727 0.09632526754195211 0.14225778348597862 -0.01698733931498667 -0.0897732889333232 0.994614597466678 -0.0517934271919898 -0.019165879462737546 -0.1464806837895915 0.038252389979832935 0.9884736536384591 0.0685026839488191
7680147070037 box_met_083.pcd box_met_043.pcd 0.15574079281784078 0.9728081288961142 -0.17893815034002788 0.14705605294081117 0.04677237729080879 0.20763663318257922 0.9550882259124325 -0.21140839454488405 0.12070672136404331 -0.10262247762670768 0.23619402845188933 0.9662717050651043 0.019314711380383695
7680147070038 box_met_083.pcd box_met_043.pcd 0.15574079281784078 0.989961013632347 -0.09422385768904995 -0.10535205802550546 0.22966017805434613 0.1155900204201478 0.9686696543822193 0.2198136662227833 0.046440195108915984 0.08133965003173804 -0.22978460636262177 0.9698365305614596 -0.1699466292348536
7680147070039 box_met_083.pcd box_met_043.pcd 0.15574079281784078 0.8265068034485384 0.46713730645013124 -0.31411660378877726 0.015714677678983113 -0.4170378344752787 0.882919141409883 0.21571563306400715 -0.0038638023097035874 0.37810838190848073 -0.04729193012080961 0.9245526079547877 0.04194006738805999
7680147070040 box_met_083.pcd box_met_043.pcd 0.15574079281784078 0.9851331306193295 0.16978253342667055 -0.026203173460102827 -0.03258356109104187 -0.16261173035406684 0.9707702339662484 0.1765292553555115 0.07545182674463341 0.055408845028704606 -0.16964387459715902 0.9839465512436375 -0.19708391038061657
7680147070041 box_met_083.pcd box_met_043.pcd 0.15574079281784078 0.8091138252260104 -0.466791447515147 -0.35698818237421615 0.3859576649764355 0.48158780294823067 0.8748303150082665 -0.05239377819964091 -0.2955824914232421 0.336761051607262 -0.12952862413092647 0.9326383702438582 0.07004577841430534
7680147070042 box_met_083.pcd box_met_043.pcd 0.15574079281784078 0.9560706493175832 0.28094334495522544 0.08366451122682698 -0.3162050758250355 -0.2784918508798163 0.9596095335436747 -0.03989777093554246 -0.22294750256343374 -0.09149427581542367 0.014845203180154063 0.9956949419553918 0.31083513744150126
7680147070043 box_met_083.pcd box_met_043.pcd 0.15574079281784078 0.8966768250102967 -0.10200466615671998 -0.4307733970102033 0.116360141445477 -0.1402866524339354 0.8574610877987968 -0.495055691876969 0.49341690606717115 0.4198694161740461 0.5043367238196723 0.7545555926295329 0.21718691282756267
7680147070044 box_met_083.pcd box_met_043.pcd 0.15574079281784078 0.923565995495666 0.20650454205258784 0.32308160900266397 -0.8790728820514936 -0.10911630745061246 0.9492956930820358 -0.2948411751167745 0.007580987384396401 -0.3675860217859796 0.2370518112302626 0.8992702349016167 0.09225076832496343
7680147070045 box_met_083.pcd box_met_043.pcd 0.15574079281784078 0.9862351724046743 0.16128602720135343 0.03642804059410949 -0.3340410979032054 -0.13355363147147925 0.9069096302080943 -0.3995977354247611 0.15106875186235255 -0.09748647204972659 0.3892322443804231 0.9159665101420881 -0.338405968672501
7680147070046 box_met_083.pcd box_met_043.pcd 0.15574079281784078 0.8696404749478497 0.2619559798240089 -0.418454906730608 0.0960888921283641 -0.27760699547264306 0.9603877997749362 0.024282300305141648 0.7691878517114709 0.40823988094884894 0.09504913822807945 0.9079129148354314 -0.11350093117319456
7680147070047 box_met_083.pcd box_met_043.pcd 0.15574079281784078 0.5298220353006065 -0.8297181346138583 -0.17565997837533273 -0.7062436078831728 0.778925062456436 0.557985693063968 -0.28623017558105374 0.4679641288133528 0.33550612213067066 0.014825094563701569 0.9419213653931081 0.03973749606023025
7680147070048 box_met_083.pcd box_met_043.pcd 0.15574079281784078 0.9784463468767399 0.18145797756737037 0.09856849730376024 0.07331023009541726 -0.11355919465265972 0.8714851730869713 -0.4770931799967493 -0.5317259859881874 -0.17247334748708573 0.45561671991568853 0.8733077057600416 0.4258737379476455
7680147070049 box_met_083.pcd box_met_043.pcd 0.15574079281784078 0.8353756409166203 -0.3956307744939155 -0.38160690354930715 -0.1555606817243378 0.29061137423446814 0.9071579069733159 -0.30431819035566443 -0.1583284299422218 0.46657536125335586 0.14332069665312497 0.8727924210155374 -0.9187750907114892
7680147070050 box_met_083.pcd box_met_043.pcd 0.15574079281784078 0.7672185111005462 0.6396728268277072 -0.046844752565377 0.7860374192455132 -0.6331790618060595 0.7437325388200541 -0.21435061555935647 -0.500042162224696 -0.10227429743126758 0.19411487660281745 0.9756328114441486 -0.7063890247130808
7680147070051 box_met_083.pcd box_met_043.pcd 0.15574079281784078 0.2556597431066958 0.870758351948072 -0.42002141405801646 0.42244864034827473 -0.7696907185289442 -0.07956211716769251 -0.633439868750138 -0.32991464131252357 -0.584990849129297 0.4852316581020574 0.6498737911398736 -1.4090303460470632
7680147070052 box_met_083.pcd box_met_043.pcd 0.15574079281784078 -0.016594890227612572 -0.3724231374400949 0.9279146600402485 -0.7695624804127658 0.08490341909832799 -0.9252154170523343 -0.36982136427482 0.6284460919115666 0.9962509819537181 0.0726459823249132 0.04697384600286886 -1.6390864484377867
7680147070053 box_met_083.pcd box_met_043.pcd 0.15574079281784078 0.8580437289540096 0.04276858313206025 0.511792738810912 -0.13269017620344642 0.1603871613417035 0.924370768368501 -0.34614251553742675 -1.3209541775903244 -0.48789027217136516 0.37909039935443284 0.7862910093838338 0.3996608014335065
7680147070054 box_met_083.pcd box_met_043.pcd 0.15574079281784078 0.8852059814310637 0.4030699877115303 -0.23226053354992085 0.7694475859570847 -0.40546813370712104 0.9132538440751844 0.03953490647469359 0.7518122051652704 0.2280481593583498 0.05917770938559013 0.9718498010110117 0.9761724436142454
7680147070055 box_met_083.pcd box_met_043.pcd 0.15574079281784078 0.37235463522551915 -0.8867453339317979 0.2739246947178265 1.3019519143664904 0.7137258804629709 0.4622580700701193 0.5262250889233668 1.599766590358373 -0.5932515429254501 -0.0004352071145453107 0.8050170292679155 -0.34114589783383337
7680147070056 box_met_083.pcd box_met_043.pcd 0.15574079281784078 0.8055727472321613 -0.5144824659888787 0.29387130024354235 -0.7434565602295286 0.3923585403859139 0.8348709141018431 0.38606389700797944 -0.1295727764250729 -0.4439677068245652 -0.1956996396950053 0.8744108452667897 1.114277672864489
7680147070057 box_met_083.pcd box_met_043.pcd 0.15574079281784078 0.8631981790865122 0.42272529381649865 0.27602939986437053 -0.47466132937166966 -0.5029310592957261 0.6721775111469075 0.5433578407495633 -0.04649089204513669 0.044150347874150356 -0.6078492571979536 0.792824083455143 1.1796292829925326
7680147070058 box_met_083.pcd box_met_043.pcd 0.15574079281784078 0.7038760443178619 0.013095994641150022 -0.7102020903656917 0.31491064863772267 -0.35160037543672495 0.8751763544832338 -0.3323304448078616 -1.4543203138416148 0.6171998786683236 0.48362676050627723 0.6206202271067311 -1.2531600678003252
7680147070059 box_met_083.pcd box_met_043.pcd 0.15574079281784078 -0.3468422374294694 0.8202772723091687 0.45480287913331163 0.9781705724027377 -0.9378198173192787 -0.3105127106918931 -0.1551639350558233 0.6913204356697075 0.013944625421814322 -0.48034055942820686 0.8769712049948065 -0.2121329486875197
7680147070060 box_met_083.pcd box_met_043.pcd 0.15574079281784078 0.9964835605620506 0.07881876081404988 -0.028427389491751706 -0.03640678178803292 -0.0032722868160980634 0.3756252214435169 0.9267658739695274 -1.7470896811831138 0.08372458222392842 -0.9234139353287053 0.37456227569281747 0.37200164060333957
7680147070062 box_met_098.pcd box_met_068.pcd 0.17747331929173932 0.9949389232933108 -0.051768533239711235 0.08611943962983029 -0.005693347539359685 0.03221471736753776 0.9761660680778746 0.21462064094189875 0.2182486545219211 -0.09517747055305018 -0.21076011600772732 0.9728933253957148 -0.172376731862639
7680147070063 box_met_098.pcd box_met_068.pcd 0.17747331929173932 0.9875369525545182 0.10903367539131652 0.11350077079031735 -0.011834844129959079 -0.12243091723045411 0.9853582307934395 0.11865844897744267 0.08984947462457774 -0.09890115189139524 -0.13107560657225162 0.9864267572994314 -0.047534789314633986
7680147070064 box_met_098.pcd box_met_068.pcd 0.17747331929173932 0.9522895476163717 0.19161979933156667 0.23754256461681975 0.10013712411138745 -0.1860026997947388 0.9814691781002017 -0.04605700932955257 -0.09113400726529552 -0.24196614054382512 -0.00032394975589203345 0.9702846396222509 -0.05530149519394807
7680147070065 box_met_098.pcd box_met_068.pcd 0.17747331929173932 0.9867126235079332 0.027767799156635804 -0.16008481483291273 -0.10718829521150675 0.015985269286987458 0.9639160615674884 0.2657259818272271 0.10286978239161795 0.16168694992458024 -0.2647541795368264 0.9506642702036654 -0.11987257863373957
7680147070066 box_met_098.pcd box_met_068.pcd 0.17747331929173932 0.9957048919212018 0.05664526391372421 -0.07323306821601883 0.016892612404407162 -0.041602100602041975 0.9803796251358864 0.19267863359468843 -0.0036118232989355565 0.08271054001567824 -0.18880440856760508 0.9785253506556443 0.1196332559690468
7680147070067 box_met_098.pcd box_met_068.pcd 0.17747331929173932 0.9887114458795431 -0.14976507963995675 0.004483046644932917 -0.11360050011165841 0.14982959816375555 0.9884269084370915 -0.02373474650340767 0.008518823810830104 -0.0008765277353132836 0.024138508610328298 0.9997082394885011 0.16478912746217964
7680147070068 box_met_098.pcd box_met_068.pcd 0.17747331929173932 0.9780316038329764 0.20829585855597743 -0.00818640411439618 0.07969941528664548 -0.20731209828200758 0.9678015302397381 -0.142765163718368 0.14560734366481673 -0.02181457791952863 0.14132598265729285 0.9897227343130718 0.06021721333297743
7680147070069 box_met_098.pcd box_met_068.pcd 0.17747331929173932 0.9159468160707 0.2607350230379066 0.30505520466199115 -0.07107753475846218 -0.3304488313621758 0.9213600021665672 0.20469322475107804 0.19606350486636726 -0.22769497135711908 -0.28829324336349854 0.9300763440974268 -0.099326457892651
7680147070070 box_met_098.pcd box_met_068.pcd 0.17747331929173932 0.9796270923487829 -0.12454467493581536 0.15754168934412793 0.0495381849281929 0.1125184555113416 0.990167470524733 0.083114243568685 0.060899085595605 -0.16634409248786647 -0.06369461719631055 0.9840084545544331 0.10036190258430239
7680147070071 box_met_098.pcd box_met_068.pcd 0.17747331929173932 0.9803288166305958 0.17201939113719084 -0.09677158858077049 -0.0990298836117654 -0.17831220761983302 0.9821068591310701 -0.06058773688995257 -0.07884202680137775 0.08461777530399468 0.07665146000236851 0.9934608124038452 0.1484527569765087
7680147070072 box_met_098.pcd box_met_068.pcd 0.17747331929173932 0.9836402281364902 0.0805772585542833 -0.16111861157380208 0.8529989506617378 -0.15972954573643536 0.8036721789491672 -0.5732342461873068 0.6330279812908295 0.08329690156557773 0.5895916673317001 0.803394854354072 -0.12725181132632102
7680147070073 box_met_098.pcd box_met_068.pcd 0.17747331929173932 0.6788668334901848 0.2678762905761405 0.6836535053184299 -0.7528100006055373 -0.5290253973792558 0.8241133915795501 0.20240861332209062 0.34090021395764214 -0.5091875404158374 -0.49907856171791054 0.7011766096489898 -0.11370887049710174
7680147070074 box_met_098.pcd box_met_068.pcd 0.17747331929173932 0.7982443766180829 0.08860031033804182 0.5957817555159028 -0.4373683918289347 -0.007348475209268068 0.9904812459287893 -0.1374514509761613 0.0826237624815117 -0.6022888967179347 0.10534176033917401 0.791297161892381 0.7982593213402348
7680147070075 box_met_098.pcd box_met_068.pcd 0.17747331929173932 0.7701285614333326 0.5696846531769948 0.2869867502154628 -0.30193346942596805 -0.6378110390334306 0.680681122045703 0.3603752052759707 0.35562870448678985 0.009953760682318485 -0.46057855575917733 0.8875631338801028 -0.674249923655565
7680147070076 box_met_098.pcd box_met_068.pcd 0.17747331929173932 0.8537703637989333 -0.12197665186089113 0.5061599177132103 -0.9152485745586296 0.023887446227173904 0.9803228711207017 0.1959501423077001 0.5694126326726889 -0.5201014860691908 -0.15520555646777281 0.8398843250294341 -1.3285117027782292
7680147070077 box_met_098.pcd box_met_068.pcd 0.17747331929173932 0.9313497388410119 -0.3237631831002502 -0.16662852465761097 -0.029551545830757708 0.36267118346255844 0.8656668876575361 0.34509484536744583 -0.2911863953781848 0.032515790727668206 -0.38183535834454607 0.923658206519731 -0.6266710439386328
7680147070078 box_met_098.pcd box_met_068.pcd 0.17747331929173932 0.9643177084218496 -0.0024784145237313274 0.2647361227439145 -0.3181558963556764 -0.0773537769600236 0.9536840703698699 0.29069414702187535 0.028161742167700222 -0.25319508370829663 -0.3007998526997733 0.9194627225732118 0.3600725703471536
7680147070079 box_met_098.pcd box_met_068.pcd 0.17747331929173932 0.8913617321765442 -0.10493819145660012 -0.440978727814674 -0.4264961068264798 0.09902783618833964 0.9944161143276209 -0.036470251238662064 -0.9068306903670644 0.44234347522155876 -0.011160982903566383 0.8967762722048015 -0.26340503499037016
7680147070080 box_met_098.pcd box_met_068.pcd 0.17747331929173932 0.917881472358586 0.2913335076834585 0.2694779953942186 -0.4420752163543538 -0.34844467146367414 0.9166342675578866 0.19587733525650414 -0.4573720713316379 -0.18994713377518097 -0.2736903484587444 0.9428752194914894 -0.31946231654688856
7680147070081 box_met_098.pcd box_met_068.pcd 0.17747331929173932 0.9958410046879698 0.03204265127138715 0.08528752477094731 0.21332688422774465 -0.0374479475542557 0.9973389736106596 0.06255096275205908 -0.49188336364509627 -0.08305627373069654 -0.06548465634586502 0.9943909770192182 0.7719331735627092
7680147070082 box_met_098.pcd box_met_068.pcd 0.17747331929173932 0.3556086628688128 -0.6986018903752161 -0.6208847539252593 -1.9849139987765783 0.16270152137046712 0.700435317272931 -0.6949234355384083 0.5288699745382238 0.9203644353387361 0.14610189964864728 0.3627444569978515 -1.602099202598353
7680147070083 box_met_098.pcd box_met_068.pcd 0.17747331929173932 0.81449035669547 0.3027218459363667 0.4949393324872912 1.039097449322246 0.20011704792838875 0.6541439385822795 -0.7294168045394145 -1.1907503750109194 -0.5445719658396985 0.6931487514299814 0.4722141277138421 -0.17876403164179344
7680147070084 box_met_098.pcd box_met_068.pcd 0.17747331929173932 0.5262014127790962 -0.7206800609566173 -0.4513671708585478 -0.5057312943581656 0.6800353253670557 0.6753194668302759 -0.28547429651895856 -0.3088351366279033 0.5105526705857151 -0.15672864275440535 0.8454419572615 -0.5124789315810396
7680147070085 box_met_098.pcd box_met_068.pcd 0.17747331929173932 0.9028697280490451 -0.4046028549487537 0.14533679485925544 -0.8161919258376307 -0.022123814345513082 -0.3813391114831325 -0.9241704490471769 -0.5831246324562501 0.4293446063611942 0.8311901177351504 -0.35325089832579104 -0.8950052741359008
7680147070086 box_met_098.pcd box_met_068.pcd 0.17747331929173932 0.20250543557882755 0.9664898301548688 -0.15776234268114342 -0.31639782892089274 -0.7913355951996095 0.25640288264506733 0.555018501981132 -0.4665782518298817 0.5768704571488379 0.012448693847669945 0.8167407824336789 -1.406251098810976
7680147070087 box_met_098.pcd box_met_068.pcd 0.17747331929173932 0.9818455183850727 0.0018766617555684775 -0.18967302435455427 0.2116012756281248 0.0504742346519891 0.9613136718149264 0.2707921269498066 0.28531865589897953 0.18284345671487426 -0.27544963699805347 0.943766797367971 0.6127591295968102
7680147070088 box_met_098.pcd box_met_068.pcd 0.17747331929173932 0.5153508641364536 -0.8146635518678115 -0.2659638774193441 0.49868790058208734 0.6184903856084872 0.5683917575829569 -0.5425868159305216 1.2238737337885475 0.5931973784025644 0.11512648335582265 0.7967827577743172 -0.06547240260442598
7680147070089 box_met_098.pcd box_met_068.pcd 0.17747331929173932 0.7172340311593253 -0.12196700806929557 -0.6860753555474565 -0.9553971096721586 0.015254640148944912 0.9870752440875974 -0.1595298043104691 0.5588792175652105 0.6966653719691188 0.10395437197172014 0.7098245191926629 0.6505311990925037
7680147070090 box_met_098.pcd box_met_068.pcd 0.17747331929173932 0.44760725144365576 -0.8675353281854259 0.21686448027572724 -0.38239733334167164 0.8826687069317143 0.3897594206565027 -0.26264719266156805 -0.023529672909666868 0.14333074428939324 0.30898227839103126 0.9402054293513391 1.5189227694420917
7680147070091 box_met_098.pcd box_met_068.pcd 0.17747331929173932 0.37899066574985907 0.9007474659532309 -0.21217935303255098 -1.3370166550177518 -0.5170328934971171 0.01594669937890897 -0.8558169721505395 -1.9217187447988275 -0.7674914086271437 0.4340503488741277 0.4717597188461205 -0.3695750439054336
7680147070093 box_met_014.pcd box_met_006.pcd 0.13401656127512246 0.9671960201040452 -0.24876139079895224 0.05147454849404555 -0.10863032352062492 0.24624832262072013 0.9678871126167479 0.05055987378243703 0.08432441715728896 -0.062398896635891044 -0.03622578747501833 0.997393638449954 0.01771283027340295
7680147070094 box_met_014.pcd box_met_006.pcd 0.13401656127512246 0.9853825588713042 -0.17028539362076242 0.004908909416799091 -0.0022668002696736083 0.1677314933470719 0.9647593875741177 -0.2027448401986452 0.019581487703772146 0.029788568475196966 0.2006046081400799 0.979219297390101 -0.06452574840271148
7680147070095 box_met_014.pcd box_met_006.pcd 0.13401656127512246 0.9816922680570443 -0.17318024671296597 0.07930254085117722 -0.025749763287560602 0.13512542721735324 0.9266329393147746 0.35084542849549716 -0.09480369781408138 -0.1342438443890228 -0.3337064547252532 0.9330694466749827 0.004563473910896248
7680147070096 box_met_014.pcd box_met_006.pcd 0.13401656127512246 0.9210323705733447 0.2193929471724472 0.3218168844032787 -0.035984321763862744 -0.23707923459424865 0.9713533576365576 0.016312300033767248 -0.0695115246202241 -0.3090191076296912 -0.09132025700343938 0.9466613976393966 0.13866686345728363
7680147070097 box_met_014.pcd box_met_006.pcd 0.13401656127512246 0.9489918777747599 0.2065509215384242 -0.2382249624392101 0.0567344164015535 -0.24161353133585056 0.9618196368267975 -0.1285530539885669 0.09112367413572578 0.20257669508844123 0.17955417852557806 0.962664520786473 -0.2075125539689926
7680147070098 box_met_014.pcd box_met_006.pcd 0.13401656127512246 0.998212659779391 -0.012877347493291873 -0.05835803096138812 0.030701399709735167 0.014147068093952456 0.9996709656938763 0.0213967477205649 -0.07759397132343433 0.058063295811539996 -0.02218409949061346 0.9980663902813739 0.0878032963588486
7680147070099 box_met_014.pcd box_met_006.pcd 0.13401656127512246 0.9774619681321682 0.09479749615610997 0.1886306856736744 -0.08427335535136214 -0.09573254773145379 0.9953983630196818 -0.0041687171387545146 -0.10253294814949312 -0.18815785968179258 -0.013983333660838603 0.9820392488183437 0.003521544128437551
7680147070100 box_met_014.pcd box_met_006.pcd 0.13401656127512246 0.9890207513872472 -0.04140189091476623 -0.14185850962873994 -0.09054495135398044 0.027654992576080326 0.9948470855126436 -0.09754218488744448 0.006308584435368795 0.14516595575761712 0.09254814895869748 0.985069381015011 0.0769404945690409
7680147070101 box_met_014.pcd box_met_006.pcd 0.13401656127512246 0.9815538058079211 0.18290121017822064 0.05567112015513968 -0.08553959453308478 -0.18942617873869266 0.9697940421180128 0.15367901184241933 -0.09227215883557215 -0.025881443399518894 -0.16138978650381802 0.9865513102215258 -0.020735962375583526
7680147070102 box_met_014.pcd box_met_006.pcd 0.13401656127512246 0.9929021635563604 0.10706512623369764 -0.0517914312378098 0.10547680603014385 -0.10732194611375766 0.9942218969537677 -0.002195335966784842 -0.015940910132791152 0.05125713108879669 0.007738111023612372 0.9986555102488205 -0.03459447854916083
7680147070103 box_met_014.pcd box_met_006.pcd 0.13401656127512246 0.909820296715985 -0.3615944810597666 0.20365770044551554 0.17449333935270733 0.31717613387920024 0.9223384613306077 0.2206605149267327 0.13283794624146147 -0.2676309544523594 -0.13616605310210508 0.9538513920949709 0.42726120448987664
7680147070104 box_met_014.pcd box_met_006.pcd 0.13401656127512246 0.865217677938828 -0.19015524919874394 0.4639389517860147 -0.44041974495745034 0.0767133420226429 0.9646040043068725 0.252297796325818 0.09701070418745661 -0.4954931209793528 -0.18270220600012063 0.8491798814060717 0.5667626865747678
7680147070105 box_met_014.pcd box_met_006.pcd 0.13401656127512246 0.7409142941360868 0.36661812878255706 -0.5627052126938235 0.062290889790562354 -0.1677146854406283 0.912314831447799 0.3735685112638986 0.2428788906781794 0.6503212998452195 -0.18240832209181373 0.7374343435176272 -0.39865268570885
7680147070106 box_met_014.pcd box_met_006.pcd 0.13401656127512246 0.552575398808683 -0.3259120982119844 0.7670995586431313 -0.24995463991642183 0.6250498975973583 0.7708753908106126 -0.12273449945356643 0.3458310823696754 -0.5513375138197627 0.5472955655600065 0.6296781001221146 0.41447622930708283
7680147070107 box_met_014.pcd box_met_006.pcd 0.13401656127512246 0.9347027969440522 -0.32253264217506433 -0.14934314887713465 -0.751402990111395 0.3480785405289338 0.7456282488952581 0.5682251702209596 0.08758316187360975 -0.07191669491997998 -0.5831048011986893 0.8092075010841309 0.4401079985598822
7680147070108 box_met_014.pcd box_met_006.pcd 0.13401656127512246 0.9660299248909452 -0.23319891941219845 0.11137525847412365 0.3952464353982953 0.24405861748359314 0.9649522561139141 -0.09644964827651971 -0.050470549033267205 -0.08497985318410493 0.12035533808539688 0.9890869613674815 -0.289163917741811
7680147070109 box_met_014.pcd box_met_006.pcd 0.13401656127512246 0.8114138811421453 0.2391657281163297 -0.5332984792631852 0.1919655070344028 0.022841801303202847 0.8987717060922195 0.4378215075133994 0.21307537953118305 0.5840254836931904 -0.3674359465575823 0.7238128622608665 0.45681331114473334
7680147070110 box_met_014.pcd box_met_006.pcd 0.13401656127512246 0.9821544112944719 -0.11765355107710157 -0.1467322537609154 -0.4584111996379921 0.09020242570608047 0.9792594760972632 -0.18142326441350637 -0.03240534107379391 0.16503404125073365 0.1649500542366139 0.9723966499509291 0.013909714361124285
7680147070111 box_met_014.pcd box_met_006.pcd 0.13401656127512246 0.913333100573774 -0.3201355066067369 -0.2516662567885172 0.3614363701864508 0.32712256283126345 0.9448667088448215 -0.014755724430234773 -0.47887595686561685 0.2425148990948846 -0.06884881935373209 0.9677015881926592 -0.08977615467956394
7680147070112 box_met_014.pcd box_met_006.pcd 0.13401656127512246 0.9827172390968943 0.12865527592557754 -0.13309638597005782 0.07640673455939238 -0.1457664929016201 0.9810040658597704 -0.12799668868279745 0.672867140102657 0.11410064648782248 0.14518554591663918 0.9828032355095033 -0.09157146701725448
7680147070113 box_met_014.pcd box_met_006.pcd 0.13401656127512246 0.72527864839322 -0.6512437164308692 0.2232767430661179 -0.3440949613091569 0.5822480720637379 0.7532940477269663 0.3058353482467048 -1.579948682947446 -0.36736639035568297 -0.09181339482032212 0.9255334871135692 0.5609945742420258
7680147070114 box_met_014.pcd box_met_006.pcd 0.13401656127512246 0.6993339233744879 -0.3605361612419133 -0.6172080200828493 -0.5685591689103858 -0.13501268026818952 0.7813063465692275 -0.6093701411928925 0.39760046078206757 0.7019285147252855 0.5094841207020993 0.49771707924077035 0.8170423811882905
7680147070115 box_met_014.pcd box_met_006.pcd 0.13401656127512246 0.589356527630702 -0.3479296661120045 0.7291116723645771 1.0072498601560607 -0.3424422297535147 0.7098276061303701 0.6155307375401079 0.04354727854975457 -0.7317049969902641 -0.6124456849504428 0.2991957225046179 0.8010779838417106
7680147070116 box_met_014.pcd box_met_006.pcd 0.13401656127512246 0.9095043101735689 0.307482948480079 -0.27974300021572895 0.6312167425703379 -0.269056631298542 0.9484122540094885 0.16769831722149645 0.5747522855565812 0.31687606241238975 -0.07725563305441413 0.9453153591428528 0.24780693904485918
7680147070117 box_met_014.pcd box_met_006.pcd 0.13401656127512246 0.4998216407697432 -0.34829284254274007 0.793013507609889 0.43682414628185395 -0.18359348522577532 0.852174449410705 0.4899919794794753 0.08536733112734836 -0.8464465485787596 -0.3905007088406622 0.3619909346848973 0.4522354385265427
7680147070118 box_met_014.pcd box_met_006.pcd 0.13401656127512246 0.3749052896457774 0.17799710186460893 -0.9098148468361107 0.5928425363096124 0.337666267221867 -0.940199147704807 -0.044800163343510224 -0.8053957964154844 -0.8633814428026967 -0.2904179649797073 -0.41258925075791664 0.5810645057326086
7680147070119 box_met_014.pcd box_met_006.pcd 0.13401656127512246 0.667929852549223 0.18057478668663177 -0.7219850819003473 -0.9476570117915435 -0.29881054031284415 0.9535577643649584 -0.03794536885113803 -1.228494350604497 0.6816025037157065 0.24108159704212223 0.6908673465261623 0.8537132180165589
7680147070120 box_met_014.pcd box_met_006.pcd 0.13401656127512246 0.41863471239014083 -0.28148085726474514 -0.8634312390546964 0.7235850958983323 0.7619506410820527 0.6261863110377985 0.16529344942714053 0.40058183317098034 0.49414188057345754 -0.7270895617889023 0.47661784586915024 -0.5433459308931278
7680147070121 box_met_014.pcd box_met_006.pcd 0.13401656127512246 0.816697558517705 0.355303048525867 -0.4547140217977069 -0.22463394109244744 0.25727041987577715 0.4811518666761349 0.8380362833738242 -1.9816748687080048 0.5165433466497864 -0.8014066538919531 0.3015465903132422 -0.541412214586701
7680147070122 box_met_014.pcd box_met_006.pcd 0.13401656127512246 0.33526229839271743 0.9403856193113788 -0.05721956194158773 -0.32412668708085385 -0.9004405395714533 0.3377030154721255 0.2741596396942912 -1.5871085467574906 0.27713900117576873 -0.04039257770170189 0.9599804235993092 -0.3550908620228138
7680147070124 box_met_048.pcd box_met_038.pcd 0.13762909986603863 0.9815712076521769 -0.1610908821900685 -0.10279928007273498 -0.143675609006004 0.15572878766703252 0.9860799836650926 -0.05826500241832096 -0.032009101596669656 0.1107542730552796 0.04118244152883756 0.9929942081954559 -0.015506677179315368
7680147070125 box_met_048.pcd box_met_038.pcd 0.13762909986603863 0.9132128689822064 0.37293074123520875 0.16420998193485542 0.14497398314590457 -0.3513472995630287 0.9247534148400802 -0.14624020251414568 0.04365826992609175 -0.20639120866707278 0.07585370118437668 0.9755249279242312 0.28574282736461804
7680147070126 box_met_048.pcd box_met_038.pcd 0.13762909986603863 0.9715290983573803 0.23568376073605923 -0.02417386957446483 -0.04095490080175769 -0.2307681547563955 0.9644636620356841 0.12866974532906175 -0.12356492320548702 0.05364018824746563 -0.11942784239039611 0.9913928185470938 -0.030522925840156562
7680147070127 box_met_048.pcd box_met_038.pcd 0.13762909986603863 0.9892931825666148 -0.0713790070941606 -0.12729507560573874 -0.16123843480409117 0.061302163974981304 0.9947946097520723 -0.08139858168424731 -0.07463902077193259 0.1324426050000659 0.07272359833282692 0.9885192130789986 0.0735530796044034
7680147070128 box_met_048.pcd box_met_038.pcd 0.13762909986603863 0.9860221560827542 0.11281913230606161 -0.12260567319509932 0.0635947888087137 -0.11578026440663447 0.9931245541470304 -0.017278608861579902 -0.14428093166474254 0.1198133468685603 0.031232408424087626 0.992305043107302 -0.06737865595866485
7680147070129 box_met_048.pcd box_met_038.pcd 0.13762909986603863 0.9925640142880814 -0.0006932369147087023 -0.12172180151028376 -0.02363492691899806 -0.004148563988815773 0.9992101808760436 -0.03951966409895421 -0.015025801612657572 0.12165305979365885 0.039730767123773915 0.991777192310146 -0.060465648797643705
7680147070130 box_met_048.pcd box_met_038.pcd 0.13762909986603863 0.9956307703445753 0.02818614253918015 0.08902196645675817 0.020713662791689208 -0.021248723979384487 0.9967317859542739 -0.0779374017891988 0.09699754526448567 -0.09092777833156976 0.07570527218869302 0.992975755439437 -0.09407151159936222
7680147070131 box_met_048.pcd box_met_038.pcd 0.13762909986603863 0.9694862221168682 -0.009770252683801672 -0.24495103038782556 0.03855512276266484 0.03954415663370561 0.9923526456197 0.11692940779680397 -0.013393654572789274 0.24193537319228814 -0.1230478317325299 0.9624585738120014 0.09762636273096414
7680147070132 box_met_048.pcd box_met_038.pcd 0.13762909986603863 0.9356837789222529 -0.3326268966488615 0.1177081708613302 -0.10007902433567589 0.35257288384854607 0.8943865987338061 -0.2752543797655056 0.06991221314898378 -0.013719600449435494 0.2990517674770058 0.9541382567177498 -0.12439075735553273
7680147070133 box_met_048.pcd box_met_038.pcd 0.13762909986603863 0.8279434567246081 -0.16773748969849017 0.5351390165336066 0.00131192403655401 0.12851867829253089 0.9855778387885469 0.11008756977442052 -0.0504725701185128 -0.5458869679675892 -0.022370923953781242 0.837560123193915 -0.06671541499396218
7680147070134 box_met_048.pcd box_met_038.pcd 0.13762909986603863 0.9768165743596139 0.21210799786955098 0.028975460239997395 0.6416238386817751 -0.2047265240052354 0.8859838015926064 0.41607661996830236 -1.3441399325873593 0.06258139040547835 -0.4123625838449506 0.9088677951273405 0.09643853581229796
