id source target overlap t1 t2 t3 t4 t5 t6 t7 t8 t9 t10 t11 t12
7680147070000 box_met_052.pcd box_met_058.pcd 0.4252 0.8902131885076576 -0.1360104228970525 -0.43476619448893983 -8.762325982120245 0.1937797602553496 0.9767967706669431 0.09120018273013811 12.161469845406891 0.41227403935053797 -0.16543649439587468 0.8959134348806221 27.816302092532794
7680147070001 box_met_052.pcd box_met_058.pcd 0.4252 0.968668008858027 -0.23515652412146842 -0.07989804614716543 1.8593612272335562 0.24735627005061234 0.9423521962642825 0.2253601869508714 16.001438715935002 0.022297181025275125 -0.23806248624886783 0.9709938662830645 5.990450936519757
7680147070002 box_met_052.pcd box_met_058.pcd 0.4252 0.9588287226202835 -0.01746527180363243 0.28344742891615815 -1.6267567934672087 -0.061365787254715184 0.9617832086308941 0.2668469594173241 -1.6691726516673775 -0.27727553233735636 -0.2732545038539845 0.9211135952153504 -10.21751546036521
7680147070003 box_met_052.pcd box_met_058.pcd 0.4252 0.9890453829335455 -0.14737690933637537 0.008323286147547841 2.027712341100248 0.1428710094981111 0.969933312269002 0.1970209237514455 10.130259713110604 -0.0371093673191395 -0.19367347868342752 0.9803639520666969 -0.15097564012724263
7680147070004 box_met_052.pcd box_met_058.pcd 0.4252 0.9493531773863007 0.3141080122841144 0.008043705952979568 -8.758848029250196 -0.3124494435584621 0.9410145618063771 0.12987278270815447 -14.273288648162612 0.03322483719362269 -0.1258083903691434 0.9914980378730875 3.587657333974419
7680147070005 box_met_052.pcd box_met_058.pcd 0.4252 0.9685058235244731 -0.24892452991334577 -0.005748756961462897 2.536739393774802 0.2488812903868102 0.9685064100782003 -0.007310056965122499 14.965922688361555 0.007387360460841389 0.005649074690327732 0.999956756495282 0.5461078332894855
7680147070006 box_met_052.pcd box_met_058.pcd 0.4252 0.9920137127440649 0.12536217709652775 0.013896700376517707 -3.577910569541473 -0.1250372571176373 0.9919036196198722 -0.022201209820498988 -6.531843858046909 -0.01656737940151532 0.02028629928337778 0.9996569351538314 0.605051650045354
7680147070007 box_met_052.pcd box_met_058.pcd 0.4252 0.9276068804387204 -0.3532034086792035 -0.12162576807624723 0.8061092052066101 0.3186939848298296 0.9181080560772625 -0.23560929820216064 18.324316337943372 0.1948836047389054 0.17979140542145455 0.9642071515709414 10.296319726062425
7680147070008 box_met_052.pcd box_met_058.pcd 0.4252 0.9292889845213549 -0.36882659078700314 -0.01972128737444165 2.318782795872359 0.3690733081435387 0.9293387502816228 0.010694879194071808 22.765659851311725 0.014383200730479995 -0.017217234197972144 0.9997483135186169 1.1644574562754793
7680147070009 box_met_052.pcd box_met_058.pcd 0.4252 0.9874545063344887 0.15604890429154383 -0.024131667764991763 -3.3452315616139217 -0.1538741425988076 0.9852567899905547 0.0747783793418261 -7.741387402139338 0.035444973680243706 -0.07012700797065863 0.9969081485241708 6.188779752565793
7680147070010 box_met_052.pcd box_met_058.pcd 0.4252 0.987420449218228 0.07421613294001844 0.13961669698536194 -2.2143001679634793 -0.07663969588758843 0.996985967846297 0.012055576794182971 -4.125152256138665 -0.13830116948142857 -0.02260410425148472 0.9901322340935362 -9.87176773170256
7680147070011 box_met_052.pcd box_met_058.pcd 0.4252 0.9183424408851758 0.2979070512781221 -0.2605735022365702 -10.863212798167027 -0.2024474818934674 0.9192923408961723 0.3375153463838795 -7.731369504793344 0.34009142644890616 -0.257202217658422 0.9045357045952018 21.682339010728533
7680147070012 box_met_052.pcd box_met_058.pcd 0.4252 0.9924436758313869 0.08956031648112726 -0.0838719262571524 -1.1674797190811717 -0.0712931536697685 0.9772199168806385 0.19989627383124683 -3.1965836792562925 0.09986409035335805 -0.19240629865884942 0.9762207638102653 7.490848582023226
7680147070013 box_met_052.pcd box_met_058.pcd 0.4252 0.9978110311506144 -0.05757554193819276 0.03253003357931032 0.6308202723188359 0.06265012302268282 0.9804916150560643 -0.18630929898959248 2.9148884859219444 -0.02116856630455541 0.18793948434342916 0.9819524642391482 -1.9611806336979347
7680147070014 box_met_052.pcd box_met_058.pcd 0.4252 0.9756481892784118 -0.21097167682662263 0.060013018043750796 2.3463749963033322 0.2042089330929822 0.9735421165978104 0.10254003537780398 12.193265356515182 -0.08005824381525224 -0.08778780545849449 0.9929169042825282 -0.7150099097041178
7680147070015 box_met_052.pcd box_met_058.pcd 0.4252 0.960845335167318 0.2742499419314326 0.03953746625430797 -6.888573739850173 -0.24042336647216178 0.8961151901989725 -0.3730605456877639 -14.506552226487456 -0.13774195708424242 0.3489477543204218 0.9269641945692063 -14.760512838925067
7680147070016 box_met_052.pcd box_met_058.pcd 0.4252 0.9997112999831259 -0.02379154315866735 -0.003358446095707704 0.4872933659748142 0.02360188881220167 0.9985555685096263 -0.04826725021081595 0.982788856979389 0.0045019474169491645 0.04817404978353295 0.9988288108564494 -0.2515718805773508
7680147070017 box_met_052.pcd box_met_058.pcd 0.4252 0.9226563003622543 0.38451741577265736 -0.029184043060460928 -11.483970117352051 -0.385035461323364 0.922784976341419 -0.014682675576031805 -21.08879757139973 0.02128485201597033 0.02478395460946623 0.999466212869937 2.0340480747847227
7680147070018 box_met_052.pcd box_met_058.pcd 0.4252 0.8675763097449547 -0.2628360218196262 0.4221712595657828 0.812621459434645 0.2716924336640453 0.9615399866705869 0.040299820387143526 16.664766640825473 -0.41652679176618995 0.07973756747958038 0.9056198717306311 -27.296116707756894
7680147070019 box_met_052.pcd box_met_058.pcd 0.4252 0.9987247665059148 0.050117669574411376 -0.006087689556484836 -2.3624560106733767 -0.050140159336858024 0.9987357046413182 -0.003599541121320201 -4.8030864057462015 0.005899592306295644 0.0039001885902744324 0.9999749913570738 0.004320791862055806
7680147070020 box_met_052.pcd box_met_058.pcd 0.4252 0.9781372762656394 -0.04189902190034034 -0.20369570624691916 0.9766736443075814 0.018745492824568083 0.9932699971139589 -0.11429487885290542 0.6212912702639682 0.20711367718815785 0.10797770509244518 0.9723398273878164 9.312884088318032
7680147070021 box_met_052.pcd box_met_058.pcd 0.4252 0.8982065148983307 0.38528045357542373 0.21162237284113114 -11.871120673298499 -0.34343072390603524 0.9155724047102499 -0.2092427050352465 -21.074811212253785 -0.2743727290959719 0.1152655361580656 0.9546902438501308 -17.212991793334773
7680147070022 box_met_052.pcd box_met_058.pcd 0.4252 0.9574110036133122 0.27883968006834825 -0.0749173076100006 -8.22006613154349 -0.28279055287282584 0.9579567972941703 -0.048459031395370215 -16.02845262306154 0.05825524324927126 0.06758111672114603 0.9960116060050159 1.7031503696737733
7680147070023 box_met_052.pcd box_met_058.pcd 0.4252 0.987713902206284 -0.15173843191590897 -0.037372391790414544 1.8305921529424865 0.15561528731246027 0.9769349782614107 0.146225615416852 7.614886137967993 0.014322351172053674 -0.15024478869191346 0.9885450792593257 3.0534941752947278
7680147070024 box_met_052.pcd box_met_058.pcd 0.4252 0.9456465376131172 -0.22560395367690464 0.23421247188327138 0.1430594150832647 0.2644656298070015 0.9526300807351645 -0.15017942578562457 15.902271694588068 -0.1892367737811791 0.203957802900166 0.9605158291694249 -13.234774373729618
7680147070025 box_met_052.pcd box_met_058.pcd 0.4252 0.9449228513806678 0.1627417195733728 0.2839646767626741 -4.764492702277508 -0.20377239723371027 0.9714724340772861 0.12131825894555176 -9.24959406510275 -0.25612031365015797 -0.17250055808099474 0.9511287727734294 -10.318839754296217
7680147070026 box_met_052.pcd box_met_058.pcd 0.4252 0.9566143812716212 -0.2907424769178305 0.01891395410795691 2.4313019142741794 0.2913569805318674 0.9546383233993685 -0.06145552369474739 16.604482415022854 -0.00018825425917930703 0.06429995033378688 0.9979305992640001 -2.6844730402563384
7680147070027 box_met_052.pcd box_met_058.pcd 0.4252 0.9463931921280913 -0.053189954398148706 -0.3186075244634448 -3.0506165812037764 -0.0026644011570843736 0.9850303674340518 -0.1723603092339158 -0.7346327387042952 0.3230059238776835 0.16396952150890667 0.9320843144029752 16.1207588212122
7680147070028 box_met_052.pcd box_met_058.pcd 0.4252 0.9996550307077177 0.025753852978004994 -0.005153507304636674 -0.6641432429737719 -0.025818450813714883 0.9995835731834282 -0.012887506330919628 -1.4727245678396301 0.004819458302696014 0.01301611611184425 0.9999036721319865 -0.03019976664220625
7680147070029 box_met_052.pcd box_met_058.pcd 0.4252 0.9962147263036643 0.04482630809182053 0.07447698435471552 0.28466749980061934 -0.046798409734615076 0.9985927675819136 0.024947813118698946 -5.000542250523104 -0.07325385957085427 -0.028338783247550126 0.9969106205784057 -4.280277612697979
7680147070031 box_met_011.pcd box_met_018.pcd 0.4086 0.9339239069286076 -0.22633533864792985 0.27669197774119225 6.03008085438069 0.23699116841810677 0.9714977199298707 -0.0052312773663024045 3.017847801250892 -0.26762160256419154 0.07045917009296629 0.9609444225296199 -3.9239751860432084
7680147070032 box_met_011.pcd box_met_018.pcd 0.4086 0.9647729430438716 -0.25901954660159765 -0.046065636311345574 4.054369720542817 0.2543219561281912 0.9630459227707265 -0.08867295678959919 1.3068636272357284 0.06733135229294553 0.07383376675331244 0.9949950069650705 -0.7228972470206205
7680147070033 box_met_011.pcd box_met_018.pcd 0.4086 0.9317839754546328 0.2765306903856965 -0.23517950667685794 -7.783730157435916 -0.20914043661464077 0.9384640120741925 0.27485555445405724 0.9113303780426012 0.2967134996231173 -0.20692045649577484 0.9322794773162083 7.30978956655459
7680147070034 box_met_011.pcd box_met_018.pcd 0.4086 0.883550924244929 -0.3968974672732488 0.24861650133893456 8.928804044211727 0.358801556109667 0.9148312546099869 0.18532463117998926 6.267509610185674 -0.3009970225753296 -0.07453976160947923 0.950707429412429 -2.1631527378982116
7680147070035 box_met_011.pcd box_met_018.pcd 0.4086 0.9862771256529742 0.1402530407744559 -0.08710060830571818 -3.459850382612686 -0.15677637279170972 0.9610050246279082 -0.22779488926266228 -1.2145375688078053 0.05175519633797364 0.23832420605853805 0.9698056364337059 -4.278603717640579
7680147070036 box_met_011.pcd box_met_018.pcd 0.4086 0.999665777570105 -0.010264342107402603 0.023727124483581986 2.0748213946838048 0.009788930856031611 0.999750721827176 0.020066664863306532 -0.5076264347688012 -0.02392718094245593 -0.019827694952833794 0.9995170596468097 0.5335471012407851
7680147070037 box_met_011.pcd box_met_018.pcd 0.4086 0.9955027101216669 -0.09471057391729205 0.002064298591178984 2.0567698742729323 0.09472534746947871 0.9949070303569283 -0.03445445534535038 0.7165054324392566 0.0012094160586459722 0.03449504507339245 0.9994041370627709 -2.5097759099392487
7680147070038 box_met_011.pcd box_met_018.pcd 0.4086 0.9665396465331109 0.12630196917740572 -0.22326872656410846 -3.568216172590768 -0.19311804644599523 0.9311616227587439 -0.309262756306324 -2.9399231968150272 0.16883877462399266 0.34203193547271576 0.9243958152762572 -7.019810352265012
7680147070039 box_met_011.pcd box_met_018.pcd 0.4086 0.9751249588907206 -0.21934501311432966 0.03192302883883263 7.3377494903714995 0.2200986271916369 0.9752213784714824 -0.022357488243059113 3.1169358118742814 -0.026228016637313972 0.02882755962713888 0.9992402428591517 -1.9232532545970793
7680147070040 box_met_011.pcd box_met_018.pcd 0.4086 0.9947043643123743 -0.09068744402952826 0.04836336540509349 2.1735590310787636 0.08478712906704623 0.9900198229989249 0.11256950214754179 1.6819370859666833 -0.05808933088342004 -0.10787278416991262 0.9924661667144871 1.6515300132876627
7680147070041 box_met_011.pcd box_met_018.pcd 0.4086 0.9995488666234973 -0.006482423825543301 -0.0293264626749969 0.0017564455754843777 0.0050709649467509475 0.9988368605262529 -0.047950092477152415 -0.6469343760003158 0.02960318473054514 0.04777974712579247 0.9984191240247777 2.1371057632944455
7680147070042 box_met_011.pcd box_met_018.pcd 0.4086 0.9616668078891318 -0.27244541110389064 -0.031152023574069924 5.2262057798076205 0.2726693770227969 0.9379700670055696 0.2141578021823322 5.109378759983116 -0.02912664481754175 -0.21444265287017672 0.976302200751219 4.941931242578435
7680147070043 box_met_011.pcd box_met_018.pcd 0.4086 0.9642777196795684 0.05453544746243956 -0.25921875761534513 -4.43365590357977 -0.001868438601636841 0.979953820665263 0.19921600914772197 2.335355229988725 0.26488674611381274 -0.19161522469163256 0.945049531717577 5.070408335861179
7680147070044 box_met_011.pcd box_met_018.pcd 0.4086 0.9989380581850676 0.0003379565850894237 0.046072135774163823 0.31463667889363833 0.0036756842084561857 0.9962011934774648 -0.08700385887806485 -0.3563089216397732 -0.045926520171313844 0.08708081246417669 0.9951420435523427 -3.8898364438210082
7680147070045 box_met_011.pcd box_met_018.pcd 0.4086 0.9896218879174603 -0.1436803801886193 -0.0021135996630394574 2.8927944212001435 0.14368582477695999 0.9896196714982831 0.0026999151459351904 0.3355189804329677 0.0017037349695710098 -0.0029755894347694577 0.9999941215600566 1.46285451219584
7680147070046 box_met_011.pcd box_met_018.pcd 0.4086 0.9504273723692556 0.279922188242356 -0.13539342074444877 -7.361564417563001 -0.2593215720333178 0.9538158625925123 0.1516166961289898 -0.6458213243856656 0.1715812697512205 -0.10899022339876478 0.9791225659099305 4.748470605068508
7680147070047 box_met_011.pcd box_met_018.pcd 0.4086 0.9227589768581246 -0.35646152494589606 0.14646177610896793 10.10665454293206 0.3836678100816578 0.8854946440589698 -0.2621035040781089 5.468651026541604 -0.03626130354650953 0.2980510301544428 0.9538609444195644 -8.653248236778603
7680147070048 box_met_011.pcd box_met_018.pcd 0.4086 0.9943687088427118 -0.10163089480111372 0.030033849177272857 0.6692873132518198 0.10048324819697181 0.9942306831539302 0.037529528468327 2.803571458008001 -0.033674733944962044 -0.034300290045335795 0.9988440831263615 -0.4010118250776955
7680147070049 box_met_011.pcd box_met_018.pcd 0.4086 0.99149031460333 -0.08913634244371335 0.09487712318334013 2.6370822084196117 0.07570248420744724 0.9876983910385024 0.13682478658771827 0.17442019192645408 -0.1059060429466177 -0.12847801677995543 0.9860412310201225 0.4696879473118081
7680147070050 box_met_011.pcd box_met_018.pcd 0.4086 0.945157836106874 -0.07744256540175541 0.3173000376769062 5.245415863617412 0.044988639341024816 0.993091978745373 0.10837132499809454 1.2190206983698713 -0.32350067569637997 -0.0881531100732939 0.9421127013305739 -2.311076728907101
7680147070051 box_met_011.pcd box_met_018.pcd 0.4086 0.9612417439751788 0.2568196567871709 -0.1002894487335366 -7.198843000887097 -0.27501223713672573 0.9189418897391762 -0.28269077223645844 -2.549275159558335 0.01955962843742879 0.29931499656768223 0.9539538530584581 -5.0548891058488294
7680147070052 box_met_011.pcd box_met_018.pcd 0.4086 0.9500892822936059 0.19491405074301357 0.24359570705119307 -4.79696585405425 -0.15135827420277811 0.9707437569570232 -0.18640609206600633 -2.0874808247848398 -0.27280217832923803 0.14023220440367368 0.9517950936766321 -7.075492060661209
7680147070053 box_met_011.pcd box_met_018.pcd 0.4086 0.9999676396579246 -0.002403352633194698 0.0076774691845497255 -0.2576643788018078 0.0024049195438821955 0.9999970891902601 -0.00019486660703986567 0.42819871874117205 -0.007676978503724494 0.00021332399677927968 0.9999705088120978 -1.7855645800445714
7680147070054 box_met_011.pcd box_met_018.pcd 0.4086 0.9779177066646232 -0.2085343659735114 -0.013797724443896008 4.561030366557626 0.207695105361296 0.9770755814227033 -0.046755228546616574 2.55821451508523 0.02323149157424525 0.04285704604276649 0.9988110789352128 -0.6797531510083523
7680147070055 box_met_011.pcd box_met_018.pcd 0.4086 0.9823925841464315 0.007171240314221422 0.18669061017215596 0.19514481462119448 -0.08471711529379332 0.9077241495663783 0.4109256364237855 2.822623199270554 -0.16651672886047922 -0.41950618780460286 0.8923489997771358 5.792281727757059
7680147070056 box_met_011.pcd box_met_018.pcd 0.4086 0.9874367725472442 0.15746029043551882 0.013224112728059066 -3.4062971799037136 -0.15754467853478996 0.9874960049941419 0.0055959258375740855 -1.1663121760521613 -0.01217762238091047 -0.007609011537117777 0.9998968989133711 1.933066225767397
7680147070057 box_met_011.pcd box_met_018.pcd 0.4086 0.9817728499376216 -0.18855303684541527 -0.02387097446129599 4.591445063882342 0.1894527839008903 0.9809123394283803 0.043802112156203804 2.214312521878992 0.015156312135969262 -0.04752614705100312 0.9987550007629116 1.2182790063061208
7680147070058 box_met_011.pcd box_met_018.pcd 0.4086 0.9809906231690476 -0.17552637285753514 -0.08275197693034947 3.2406437829308805 0.187371689894891 0.9677151267855935 0.16858019817367476 3.3786069325061647 0.05049006912588205 -0.18088097141993736 0.9822081383789504 5.943335237685957
7680147070059 box_met_011.pcd box_met_018.pcd 0.4086 0.999838722863508 0.01174820619687781 -0.013583369016005835 -0.3912180983423035 -0.011780133970178831 0.9999280286277906 -0.002272885431547059 -0.06491490399010297 0.013555689075586833 0.00243253277386801 0.9999051585415439 0.13898576515540828
7680147070060 box_met_011.pcd box_met_018.pcd 0.4086 0.9999951449470657 -0.0007615024179776894 -0.003021621479408287 0.030478959244572223 -0.00013366727494837734 0.9583051765934608 -0.2857466896522787 -0.5106575966383653 0.003113232300522283 0.2857457062288836 0.958300422183148 -6.133489395649769
7680147070062 box_met_013.pcd box_met_024.pcd 0.4566 0.9653203605080496 -0.2536709843493087 -0.06170602310846166 3.5984794798184403 0.2537909192240907 0.9672403869493644 -0.00601690729818034 7.003746431323983 0.06121087246560283 -0.009852185204136506 0.9980762313263968 2.022729836307981
7680147070063 box_met_013.pcd box_met_024.pcd 0.4566 0.9998225521737296 0.01814291877920059 -0.005069384872069329 -0.7457501429331472 -0.018090874769769536 0.9997850264125667 0.010130212795786932 -0.5935636680688272 0.00525208671618728 -0.010036705604666293 0.9999358380044847 0.8907072225737904
7680147070064 box_met_013.pcd box_met_024.pcd 0.4566 0.9842909904551301 0.17652510915952319 0.003183071641917841 -2.4700441860234896 -0.17316052146520544 0.9616987582963407 0.2124874869190532 -3.243291766164391 0.034448220777817944 -0.20970070130425197 0.9771586032767392 5.78018731231162
7680147070065 box_met_013.pcd box_met_024.pcd 0.4566 0.984333838854371 0.11814827607582079 0.13087352118182266 0.2648058923352288 -0.09886968129351006 0.9844624411305883 -0.1451154303446837 -4.374043186575488 -0.1459852040692381 0.12990260529918032 0.9807209762870112 -5.549892301013839
7680147070066 box_met_013.pcd box_met_024.pcd 0.4566 0.993008193952573 0.0368428127611162 -0.1121487132824024 -0.4330134311391802 -0.020446752709509384 0.9893691108577343 0.1439815709881395 -0.7093021980209879 0.11626115880501682 -0.14068180276221162 0.983204949806951 5.450332059702342
7680147070067 box_met_013.pcd box_met_024.pcd 0.4566 0.9950703453131675 0.09562857895219455 0.026271329732574324 -2.227694636522166 -0.09541284414182162 0.9953938844507674 -0.009349009080169125 -2.348606200524796 -0.02704435340514183 0.006796299404567311 0.9996111310221097 2.011219565174704
7680147070068 box_met_013.pcd box_met_024.pcd 0.4566 0.9990651110939819 -0.015751848439905507 0.04025895012908204 0.46986246709327517 0.01367926895582758 0.9985922653934698 0.051248074082565216 0.6837587700588574 -0.041009528107548376 -0.050649449819955665 0.9978741663342788 -1.001738557077931
7680147070069 box_met_013.pcd box_met_024.pcd 0.4566 0.9960742575902112 0.04720989376114392 -0.07488190233408284 -1.3486741214487488 -0.010373941594228261 0.9023422579654186 0.4308953826924462 3.8223009580046963 0.0879116300719601 -0.42842697793314977 0.8992896473757269 9.034264288674049
7680147070070 box_met_013.pcd box_met_024.pcd 0.4566 0.9398090691502639 0.11560897636509838 0.3215485626258167 -0.7464105899619007 -0.18879255427821057 0.960032668180197 0.20662683145206687 -0.05754017941861367 -0.28480920805343285 -0.2548957445910505 0.9240735221817312 -2.4888396471483576
7680147070071 box_met_013.pcd box_met_024.pcd 0.4566 0.9004453233268058 0.18277272438799577 -0.394705397630529 -8.407491323977546 -0.25882450828604775 0.954441941847648 -0.14849395123228692 -7.279992789731441 0.34958274215036683 0.23587011438900213 0.906728843441494 5.048527466502158
7680147070072 box_met_013.pcd box_met_024.pcd 0.4566 0.939271778615767 0.3417302947671535 -0.03144728182733765 -7.403351806013177 -0.341901161381753 0.9397359162396115 -5.9792194517347026e-05 -7.341671021301382 0.029531707397001238 0.010808023299957687 0.9995054101357158 0.7996368394498683
7680147070073 box_met_013.pcd box_met_024.pcd 0.4566 0.930895413274862 0.3100770022155675 -0.19309578514517267 -7.698544991664683 -0.27400989690794636 0.9423209605329171 0.19222326533699552 -4.402698981869533 0.24156221960464008 -0.1260295998459382 0.9621664274034676 6.878191950454243
7680147070074 box_met_013.pcd box_met_024.pcd 0.4566 0.9962505952538715 0.08498041209914918 -0.01621977237095027 -1.647516881437582 -0.08070599850169495 0.9804216762159293 0.17961035218436594 -0.5610492858678062 0.031165578161668622 -0.1776278873527643 0.9836041075414654 3.7663911273234842
7680147070075 box_met_013.pcd box_met_024.pcd 0.4566 0.9633986593940697 -0.07413372366265195 0.2576183496834392 -0.8766915202571717 -0.007774115484997478 0.9528710591820099 0.3032759596502505 2.033082313510418 -0.2679600459138174 -0.2941784077549949 0.9174183768622692 -1.4523078168948877
7680147070076 box_met_013.pcd box_met_024.pcd 0.4566 0.9885791973564374 0.14866602172958557 0.02468976583932283 -2.798031123787549 -0.14947907486568993 0.9881376548709191 0.03521336682991559 -1.8852075453438624 -0.019161856157472484 -0.038501805273248244 0.9990747891220664 -2.1533193852211134
7680147070077 box_met_013.pcd box_met_024.pcd 0.4566 0.9638856416151056 0.2589429723568508 -0.0622334874101982 -7.273562068731842 -0.251516055238996 0.9619315360934736 0.10689898889074882 -4.985550742455234 0.08754509606625828 -0.08738567923778671 0.9923203107963176 1.6433007527615846
7680147070078 box_met_013.pcd box_met_024.pcd 0.4566 0.9958132596317498 0.014320762254495228 0.09028215609986134 0.1845654162375432 0.015710412935010347 0.9461437106751694 -0.323365523324972 -0.5767453484614518 -0.09005073496091504 0.32343004578775886 0.9419574675189574 -8.03253832746988
7680147070079 box_met_013.pcd box_met_024.pcd 0.4566 0.9838413587848344 -0.1471026337491671 -0.10206368545407843 1.6503070284847965 0.16930912000641596 0.9497833749611239 0.263146275919136 4.680445943988924 0.05822888138255525 -0.27617450242829333 0.9593419836436956 7.1473727083718215
7680147070080 box_met_013.pcd box_met_024.pcd 0.4566 0.9999320889331451 0.008914939928965795 -0.007506088719161823 0.07198895509121073 -0.007159208132170815 0.9781085566463401 0.20797210667330793 0.016162217553755465 0.009195828441051752 -0.20790424541426863 0.9781059561611956 1.5393545342678223
7680147070081 box_met_013.pcd box_met_024.pcd 0.4566 0.9957789804407525 -0.06142591815902267 -0.06819881737022093 -0.7957498435566777 0.07046089029105024 0.9877626593936395 0.13914090572868085 1.8822188008583907 0.05881738732524833 -0.14335893863281116 0.9879214187688745 2.585716113271255
7680147070082 box_met_013.pcd box_met_024.pcd 0.4566 0.9501069162598921 0.22622573224814313 0.21475280148093462 -3.80581800191543 -0.27877208930081787 0.9247084733057359 0.25923032543171276 -3.32655417622936 -0.13993916500385117 -0.3061636122490168 0.9416373360443278 -0.8486170052038777
7680147070083 box_met_013.pcd box_met_024.pcd 0.4566 0.925161942557059 0.361706691994809 -0.11508105408894001 -8.583840742389853 -0.31145867233669067 0.896703727961066 0.3145090136816313 -4.0344466252054945 0.21695362516057456 -0.25512877773175446 0.9422528489226158 9.60920902769817
7680147070084 box_met_013.pcd box_met_024.pcd 0.4566 0.9999427336224949 0.010694351899924381 0.00040039107496813776 -1.0213794541735766 -0.010693741227470481 0.9999416990427026 -0.0014974692494870024 -0.18777494767173264 -0.00041638219489850345 0.0014931018163021608 0.9999987986356953 -0.7507922364176371
7680147070085 box_met_013.pcd box_met_024.pcd 0.4566 0.9276265032748388 0.3278564183143182 0.17893920585551532 -6.894715121376358 -0.2526015209344393 0.9035717125592456 -0.34605004245681015 -5.239568172808278 -0.2751391321562669 0.27580487528841635 0.9209940980937051 -12.983863204340912
7680147070086 box_met_013.pcd box_met_024.pcd 0.4566 0.9938029446684431 -0.11075025938102322 0.009491428520897394 2.0034123405176274 0.11078163417443278 0.9938407005333496 -0.0028445549779775496 2.787388426283924 -0.009117932768636289 0.003878403075580201 0.9999509094408633 1.5343796938774026
7680147070087 box_met_013.pcd box_met_024.pcd 0.4566 0.9540301435431155 -0.27198016263258984 0.12590979447784167 4.859197424664448 0.23725332702649174 0.9420380164251725 0.23722401738564963 8.843188223775364 -0.1831320398673124 -0.19644634571321612 0.9632608625029674 -1.2241655486243552
7680147070088 box_met_013.pcd box_met_024.pcd 0.4566 0.889356382152298 -0.42806288215467225 -0.1606468002993234 3.830374952142936 0.44266052576886206 0.8940923848114405 0.06819432783029289 13.81254788009061 0.11444162027431357 -0.13176105776604097 0.9846533091425447 5.263981678984274
7680147070089 box_met_013.pcd box_met_024.pcd 0.4566 0.9297779480498441 -0.3673689544186126 -0.02351634856003072 4.474576872483205 0.367814129803002 0.9297129670493975 0.018616251434336185 10.778728398612694 0.015024421369287905 -0.025958625340748845 0.9995501070646418 -0.6234262956069987
7680147070090 box_met_013.pcd box_met_024.pcd 0.4566 0.9942117988482069 0.10731149339477297 0.005209838423216024 -2.443142363504517 -0.10709668842816616 0.993750076521952 -0.03148149838134598 -3.1491499183007217 -0.008555603937345295 0.030741320693782645 0.9994907567572945 -0.40598956600062497
7680147070091 box_met_013.pcd box_met_024.pcd 0.4566 0.992119519310551 0.036533253411784566 0.11985066039931441 1.03471836410068 -0.050066488463010525 0.9924545458266719 0.1119255163086496 -1.4116358194794345 -0.11485732948307956 -0.11704399114488913 0.9864626186535862 -0.7694583397057153
7680147070093 box_met_055.pcd box_met_083.pcd 0.4089 0.9580889299876143 0.28251504381162224 0.04744314761169828 -9.277264443874756 -0.27984721516364036 0.958419136864888 -0.05584168923231162 -19.77392219749427 -0.06124653786413886 0.04022447154755505 0.9973118135710498 -4.764564004533973
7680147070094 box_met_055.pcd box_met_083.pcd 0.4089 0.9673690798523492 0.16256694712766062 0.1943426125357266 -5.434116350403428 -0.13871633653939874 0.981671761756314 -0.13068408528716427 -11.108729650971414 -0.21202556761557656 0.09946124809113821 0.9721896002351833 -17.03106035885158
7680147070095 box_met_055.pcd box_met_083.pcd 0.4089 0.9520513927568867 -0.30243100613404206 -0.04619125543242185 3.133121293018071 0.3037811977615288 0.9166053962143818 0.25990677466593115 27.61335798859843 -0.03626471337599656 -0.26147664170901985 0.9645282973580037 2.86564948076946
7680147070096 box_met_055.pcd box_met_083.pcd 0.4089 0.9955806333136004 -0.09224518148394284 -0.01760764220117999 1.9026181987568833 0.09289285644112621 0.9948552871750909 0.040421217225312764 6.904797117345336 0.013788393419780312 -0.04187820522374443 0.9990275752621343 -1.0279292128755078
7680147070097 box_met_055.pcd box_met_083.pcd 0.4089 0.9852243971381592 -0.13717284295287555 0.10254998020466023 0.9917129777266069 0.1443907883462369 0.9872769932108719 -0.06659909096415721 8.129601856038187 -0.09210964946466078 0.08042232173175311 0.9924958753782162 -8.232536764223317
7680147070098 box_met_055.pcd box_met_083.pcd 0.4089 0.9514293121368823 0.26497702521249034 0.1567464197877521 -7.785283342861163 -0.28308704169127996 0.9530944829465894 0.10711037953089808 -17.934179973897884 -0.12101235818385846 -0.14628083499321703 0.9818135904948906 -6.394130662144763
7680147070099 box_met_055.pcd box_met_083.pcd 0.4089 0.9996525752090778 -0.022874767755057007 -0.013094803473564794 0.9640990801353837 0.022829707089557096 0.9997329571964703 -0.0035803309072609825 2.589546299548168 0.01317320583852339 0.0032801364838472963 0.9999078494304279 1.419822042156552
7680147070100 box_met_055.pcd box_met_083.pcd 0.4089 0.9315014602215458 -0.13639569919107217 -0.3371961489212271 -4.197102235619695 0.15858187045575714 0.9865748108062931 0.03901196028502321 11.982323791915778 0.3273481632266802 -0.08981289397801032 0.9406257619836984 25.799379174889637
7680147070101 box_met_055.pcd box_met_083.pcd 0.4089 0.9982770473123262 0.04359883435622638 0.039269306744095615 -1.455896358683006 -0.0479388414935746 0.991929849923725 0.1173756376193562 -2.0316545212025297 -0.033834956563256725 -0.11905593002062027 0.9923108793323229 0.6783769359924623
7680147070102 box_met_055.pcd box_met_083.pcd 0.4089 0.9829026543741838 -0.14875468420116825 -0.10850998088837129 -0.06763493616068672 0.16604177207933454 0.9707903746020571 0.17319404869900176 15.574907519062446 0.07957701897494225 -0.18825007970306037 0.9788919274071337 11.643126944202065
7680147070103 box_met_055.pcd box_met_083.pcd 0.4089 0.972148776351227 -0.17974947911306838 -0.15038909999528755 1.3544231133248275 0.17374602601308292 0.983402928515618 -0.05225895742901319 11.61870156423716 0.157286601729051 0.02467397303814068 0.9872447112904885 9.449390921226271
7680147070104 box_met_055.pcd box_met_083.pcd 0.4089 0.9963406139624316 -0.08538893353011343 -0.003756461041289777 2.0069116239033065 0.08547145839622886 0.9954305144633783 0.042576057529975155 8.382629906486683 0.00010377180049138662 -0.04274132550312291 0.9990861666170989 1.1945045861688453
7680147070105 box_met_055.pcd box_met_083.pcd 0.4089 0.8816495138758567 -0.43801535002715636 -0.17560378077664843 0.01121846687296113 0.4433608883198947 0.8962908983773505 -0.009682365109604747 33.79084740735491 0.1616330949733358 -0.06931939574541532 0.9844133095315356 13.880492727908502
7680147070106 box_met_055.pcd box_met_083.pcd 0.4089 0.993138609996821 -0.09697042305953893 0.06536389206003985 2.6440953847904183 0.0935491943389424 0.9941751225924508 0.05351984544839938 6.724358031383283 -0.07017299745712226 -0.04703788547479371 0.9964252042968118 -4.634546033569331
7680147070107 box_met_055.pcd box_met_083.pcd 0.4089 0.9258666481660625 0.3712952896618137 -0.07007679850485704 -14.385448694393972 -0.37739688708169616 0.9177964333447092 -0.12337461878675013 -25.977216607223205 0.018507820908631425 0.14067521037723837 0.9898827939460981 -2.7410890235107246
7680147070108 box_met_055.pcd box_met_083.pcd 0.4089 0.9920606299642324 0.12495534736407132 0.014208013235314013 -2.784775072957885 -0.12551385408401394 0.9908481873861514 0.04966026567141046 -10.001859236320666 -0.007872668413406177 -0.05104929694621154 0.9986651042132945 2.292345166943133
7680147070109 box_met_055.pcd box_met_083.pcd 0.4089 0.8897593779032635 -0.19853012894832234 -0.4109915295148551 -6.6092315142053195 0.14468401792697655 0.9766903136384669 -0.158564076011244 9.595377291513131 0.43289119232170087 0.08161996780540742 0.8977435026029097 28.50214420196066
7680147070110 box_met_055.pcd box_met_083.pcd 0.4089 0.9958225123052099 0.08717656931995334 -0.027161917232473687 -2.046178022950599 -0.08533441820720937 0.9943670568064752 0.06286647283938744 -3.9033819087438015 0.03248939912305976 -0.060286002518260516 0.9976522624867801 3.7874654181520686
7680147070111 box_met_055.pcd box_met_083.pcd 0.4089 0.9998547008653822 -0.016879745784040966 -0.002377254648433039 -1.8697574158566823 0.01691355809777989 0.9997443633668669 0.015004648234843064 1.12764943889223 0.0021233722872755034 -0.015042675907048785 0.9998845979370247 -0.7334292927760497
7680147070112 box_met_055.pcd box_met_083.pcd 0.4089 0.9929985801976554 0.0955856362286903 0.06940609391254327 0.3330586956169128 -0.06513284470957796 0.933217227883575 -0.3533600403573295 -5.333627850946181 -0.09854710683464171 0.3463654020367104 0.9329091467053314 -14.002195003047582
7680147070113 box_met_055.pcd box_met_083.pcd 0.4089 0.9914737021622521 0.08965053588270218 -0.09456574081887226 -2.004775694110407 -0.0844328840091713 0.9947507047595572 0.0578111016869427 -6.504202680780419 0.09925213357188661 -0.04933372878983029 0.9938386172740118 8.1248965349475
7680147070114 box_met_055.pcd box_met_083.pcd 0.4089 0.9796366219409546 0.04302538571231589 -0.19611452046297223 -3.9214453440322217 -0.11791825811948439 0.9138562095646644 -0.38853843135804567 -9.030706589176297 0.16250345643764552 0.403751959034765 0.9003204886158083 0.9339003614367627
7680147070115 box_met_055.pcd box_met_083.pcd 0.4089 0.973914534393466 0.21786798330746454 0.06343517594124351 -7.373938302521424 -0.2257806035684103 0.9024891207747823 0.3667921835800822 -8.340167415317845 0.02266271716812733 -0.3715466710020407 0.9281376366239323 9.064300962835395
7680147070116 box_met_055.pcd box_met_083.pcd 0.4089 0.9962141261544016 -0.06495015533034178 -0.05778314782863804 1.7219259011537673 0.08081883812359004 0.9368210806996637 0.3403447930570805 10.35422787069006 0.03202702382012272 -0.34372625747719426 0.9385235903619827 11.27191672759401
7680147070117 box_met_055.pcd box_met_083.pcd 0.4089 0.9900087314519339 -0.12872663605143383 -0.05755141023306221 0.9735832696065643 0.12208972897237233 0.986748018807259 -0.10687584132722301 8.422788470056329 0.07054650755625819 0.09878158001788985 0.9926053544691283 2.529426427858338
7680147070118 box_met_055.pcd box_met_083.pcd 0.4089 0.9550710077687009 0.28632012322635847 0.07655166330865112 -9.386009506030149 -0.2932042639935185 0.9504781086856475 0.10306611705780672 -19.32050322141477 -0.043250776821893704 -0.12088073438309904 0.9917243661216082 -0.25637518411189664
7680147070119 box_met_055.pcd box_met_083.pcd 0.4089 0.9942201811334034 0.07492905623280756 -0.07688867250202072 -2.6675589995059 -0.07065505959707487 0.9958777202405353 0.05688083053057193 -4.434544157613645 0.08083374283302758 -0.05111949589515341 0.9954158443379476 9.580752457700696
7680147070120 box_met_055.pcd box_met_083.pcd 0.4089 0.8985537322713837 -0.4305877588086247 0.0848255396996225 4.043163269693707 0.41485740724652714 0.8964350873045824 0.15587644434588221 33.320918519239584 -0.14315907890824014 -0.10487285737211233 0.9841276146479951 -8.741220274051294
7680147070121 box_met_055.pcd box_met_083.pcd 0.4089 0.9969955789377651 0.015268259480888781 -0.0759387636913763 -1.139868576998353 -0.018559696771116137 0.9989100490294777 -0.04282816367404518 -1.5082539156637897 0.07520208264612531 0.04410889026433143 0.9961922769050835 4.235660540813843
7680147070122 box_met_055.pcd box_met_083.pcd 0.4089 0.9829818491930169 0.18366002082458782 -0.003959912598629795 -5.459843450236434 -0.18339507707289793 0.9823547018259792 0.03668086021097738 -12.291985689630442 0.010626846310295809 -0.035330391323949446 0.9993191850386912 1.4908137471682945
7680147070124 box_met_038.pcd box_met_042.pcd 0.4240 0.992464562896914 -0.10226505499174916 -0.0674977771587476 -1.027496402678203 0.11048701535012563 0.985057431779948 0.1321153871966253 7.968467253556021 0.05297839968193202 -0.1385774679470932 0.9889335541604976 4.871412811628801
7680147070125 box_met_038.pcd box_met_042.pcd 0.4240 0.9997486193454257 0.0051404836812930475 -0.021823692273251618 -0.16143461132081427 -0.0053960522857840875 0.9999173678160758 -0.011667911531195493 -0.9802924882103382 0.021761910225076907 0.011782740228532592 0.9996937462523523 3.2810861590482294
7680147070126 box_met_038.pcd box_met_042.pcd 0.4240 0.9942394509115392 -0.08922858617555086 0.05938159361480095 0.32575865888605193 0.09079494831153749 0.9955750682968828 -0.024219016222020086 4.477673470080992 -0.05695780554257961 0.02947105011311149 0.9979415141144315 -4.0125926138332275
7680147070127 box_met_038.pcd box_met_042.pcd 0.4240 0.9853799911582048 -0.015291690264658899 0.169683344008497 -1.8811552128375197 -0.0030925727781620643 0.9941943393384114 0.10755487725376109 -0.7410395629909031 -0.17034291596267798 -0.10650718208792109 0.9796119186417765 -9.273394367856554
7680147070128 box_met_038.pcd box_met_042.pcd 0.4240 0.8740002309541262 0.4544635464457481 0.17200721276762654 -5.318887900219977 -0.46135069342451246 0.8872178607583262 7.23058843359603e-05 -30.095758303764185 -0.15257501095807163 -0.07941884224397112 0.9850956874983118 -8.18501796063024
7680147070129 box_met_038.pcd box_met_042.pcd 0.4240 0.9644190320386477 -0.24642461228744567 0.09576450856460271 -3.475706910367464 0.24328877808961352 0.9689855541789392 0.04333089253865961 15.420482190205274 -0.10347222379605349 -0.018490707166470242 0.9944604530353045 -7.1404259637606735
7680147070130 box_met_038.pcd box_met_042.pcd 0.4240 0.9353228849725295 0.32378096186672645 -0.14260781738502937 -3.10033579611072 -0.3395647099218817 0.934714589237863 -0.10490207072103717 -22.42840260965321 0.09933231408928711 0.14654188956933298 0.9842045346263737 4.9190386360750145
7680147070131 box_met_038.pcd box_met_042.pcd 0.4240 0.9375303030729683 -0.0745444850802302 -0.3398235579886004 -6.665036395851168 0.15694619789638456 0.9623579715796262 0.22188966966268678 9.600006236469884 0.3104912587912536 -0.26136230462955196 0.9139392342672198 20.832058877120204
7680147070132 box_met_038.pcd box_met_042.pcd 0.4240 0.9318989198734774 0.36214233203159696 0.020428766222238316 -2.0979710717336175 -0.36239778761173014 0.9319644746490781 0.010491021217748399 -22.810498523162096 -0.015239641490848794 -0.017179911023765874 0.999736267214732 0.5774682490592118
7680147070133 box_met_038.pcd box_met_042.pcd 0.4240 0.9693388125884644 0.24537888661336368 -0.013094594838022092 -0.8880994288482142 -0.24533599101705264 0.9694261669465805 0.004812312431828256 -14.570093125535694 0.0138750827480999 -0.001452185816920175 0.9999026818821353 0.38079100241717656
7680147070134 box_met_038.pcd box_met_042.pcd 0.4240 0.9104580726744436 -0.3692252949675758 0.1863834205557033 -6.9726616478943555 0.3496167146266836 0.9278080087653171 0.13015549056640427 22.444327323589782 -0.2209847296886859 -0.053338357933516684 0.9738176260560159 -16.69571392145711
7680147070135 box_met_038.pcd box_met_042.pcd 0.4240 0.9373577809993726 0.020988173763928787 0.3477353691558962 -2.938117074834544 -0.012686000439713241 0.9995779297593522 -0.02613479923112596 -0.7337155507461283 -0.34813712211250303 0.020086286368136794 0.937228406156771 -21.832533550095572
7680147070136 box_met_038.pcd box_met_042.pcd 0.4240 0.9103071721335263 0.17356211509949296 0.37578856364244634 -4.244509373172569 -0.22558122120771537 0.9692005339435126 0.0988101090073587 -14.326933271018076 -0.347064785019596 -0.1747183940110505 0.9214225511639603 -23.991872123230838
7680147070137 box_met_038.pcd box_met_042.pcd 0.4240 0.9814916069898472 0.1701992109896535 0.0877864111750036 0.038762208902106465 -0.15529955119287372 0.9756044422386846 -0.15517094342510457 -9.242544037951147 -0.11205478484999817 0.1386657883641254 0.9839794328793545 -9.052190625990988
7680147070138 box_met_038.pcd box_met_042.pcd 0.4240 0.900526312136595 -0.4199130862244938 0.112806742560385 -8.08320277646272 0.40846222003626814 0.9059343144446985 0.11154206701804198 26.011006754182947 -0.1490334725915873 -0.054369273758575615 0.9873363186464164 -9.203407447125956
7680147070139 box_met_038.pcd box_met_042.pcd 0.4240 0.9848822684180191 -0.17321816670995002 0.001544045796271003 -1.6882050483244484 0.17314961992419545 0.9846773210951204 0.0207311948773783 11.051886682259873 -0.00511140644868649 -0.02015043529507848 0.9997838933897341 1.9380137801086312
7680147070140 box_met_038.pcd box_met_042.pcd 0.4240 0.9099681549518878 0.4069122721732153 -0.07987715398215167 -4.262271042164336 -0.3996811933570727 0.9119683860036352 0.09256676837067881 -25.377095207130523 0.11051199324111133 -0.05230741519857232 0.9924973721200075 7.157082057690333
