id source target overlap t1 t2 t3 t4 t5 t6 t7 t8 t9 t10 t11 t12
911043580000 1311868186.300400803.pcd 1311868171.199444246.pcd 0.1543725965909847 0.9800187894411502 0.00636348589129739 0.19880311463760753 0.005763586453390197 0.03424698707659802 0.9791633162287758 -0.200165791353172 0.08236766115555869 -0.19593446919436558 0.20297464422724706 0.9593805176166257 -0.05941622024907686
911043580001 1311868186.300400803.pcd 1311868171.199444246.pcd 0.1543725965909847 0.9957316302855096 0.0535533925166933 0.07517017093843921 0.051123836020278625 -0.03368752228978441 0.9691383654773278 -0.24420478988322203 -0.09691080992030769 -0.08592829156300312 0.24063013674493544 0.9668058057330734 0.1626990006921435
911043580002 1311868186.300400803.pcd 1311868171.199444246.pcd 0.1543725965909847 0.9851334690471732 0.12104583486574581 -0.12190141108591245 -0.13025224787105277 -0.11754661123038458 0.992431722184154 0.03552563850020196 0.022405454309041766 0.12527905791206623 -0.020668397718468734 0.9919062329597573 0.09480994643286335
911043580003 1311868186.300400803.pcd 1311868171.199444246.pcd 0.1543725965909847 0.9856686488922493 0.16175905046149192 0.04786777814693028 -0.12323823297801301 -0.16619063974412052 0.9798271129628827 0.1109932428765894 -0.1932426189021522 -0.028947985290295623 -0.11735773641570516 0.992667706662715 -0.06213030971526584
911043580004 1311868186.300400803.pcd 1311868171.199444246.pcd 0.1543725965909847 0.9575399409873416 0.20969698040108115 -0.1978495332939339 -0.15950927520122965 -0.1807850721096803 0.9713086773698929 0.15451928995516231 -0.008585777930578896 0.22457519701929812 -0.1121901496416616 0.9679769373322514 0.09652586266382672
911043580005 1311868186.300400803.pcd 1311868171.199444246.pcd 0.1543725965909847 0.9973374735163042 0.02386792286405994 -0.06890780926913007 -0.029013076818514807 -0.039804311797065665 0.9699187441834751 -0.24015254827694996 -0.040847929609766076 0.061103033332867374 0.2422559636824367 0.9682863560836829 0.03858226779531937
911043580006 1311868186.300400803.pcd 1311868171.199444246.pcd 0.1543725965909847 0.8762668433473592 -0.1697137791094618 0.45094750518263116 0.19857134296820503 0.12799677698111375 0.9842777918926487 0.12171299630433201 0.02823707396426768 -0.4645139872302032 -0.048933235814894935 0.8842128104139761 0.22216780482873527
911043580007 1311868186.300400803.pcd 1311868171.199444246.pcd 0.1543725965909847 0.9991876794073279 -0.040031748474040126 0.004630381702498951 0.04664135703428308 0.04028805853500709 0.9896746417911592 -0.13755353770449258 0.1032579172529554 0.0009239372703236548 0.13762834922228995 0.9904835101253673 0.015651712110403733
911043580008 1311868186.300400803.pcd 1311868171.199444246.pcd 0.1543725965909847 0.9917744279499341 -0.11875432779119437 0.04775870282411328 -0.19771001392693766 0.11628798815948664 0.9918804643469972 0.05148056192976059 0.14230007807419126 -0.05348446386007341 -0.04550334138990655 0.9975313819865286 -0.08754075784939704
911043580009 1311868186.300400803.pcd 1311868171.199444246.pcd 0.1543725965909847 0.9824118450621302 0.1728699608909864 -0.07058996602329756 0.04085356879993446 -0.1567040620825849 0.9688490455675927 0.19176903772398324 -0.05403915145408921 0.10154212725976772 -0.17733443975808522 0.9788982035264175 -0.07272138129496274
911043580010 1311868186.300400803.pcd 1311868171.199444246.pcd 0.1543725965909847 0.8381719628097838 0.5408050939086352 -0.07069378446558405 0.15312975496331452 -0.5161670226498142 0.7446767320133971 -0.42311720542501347 0.22432347425813307 -0.17617992362474305 0.3911347788171223 0.9033129132871179 -0.030366455228550603
911043580011 1311868186.300400803.pcd 1311868171.199444246.pcd 0.1543725965909847 0.5580521681580398 0.8195053348360384 0.13034102880284273 -0.13202766282846318 -0.6922043669883091 0.546361419598037 -0.47153187961911125 0.7025556333851616 -0.45763620042171615 0.17291675844200413 0.8721633463483114 0.33757952142385655
911043580012 1311868186.300400803.pcd 1311868171.199444246.pcd 0.1543725965909847 0.9371927541101847 -0.3373303929519799 -0.08875780323008145 0.03653528714228863 0.3290537392149258 0.9394295723862625 -0.09589429198257748 0.6272905108545183 0.11572976433071419 0.060665348569237075 0.9914264153889236 -0.35304363106599745
911043580013 1311868186.300400803.pcd 1311868171.199444246.pcd 0.1543725965909847 0.9391150559009879 0.24650561948422317 -0.23936977951024757 -0.8614519138596219 -0.2210660494818466 0.966782867913546 0.12829921307377423 0.5185100623614272 0.26304507892483925 -0.06757119113615913 0.9624143705191992 -0.11162148206041152
911043580014 1311868186.300400803.pcd 1311868171.199444246.pcd 0.1543725965909847 0.9231916623071568 -0.09326308671485374 0.3728527206591984 -0.8428480067151672 -0.1460889849765605 0.8121484365768836 0.5648654047065034 -0.7771862867340824 -0.35549284537816905 -0.575948707457653 0.7361439555296179 0.3894610360142103
911043580015 1311868186.300400803.pcd 1311868171.199444246.pcd 0.1543725965909847 0.898523019139572 0.20854909235096192 0.3862171153067899 -0.6215133553494134 -0.04811654929483257 0.9214104006013406 -0.3856004037181948 0.5448943868076997 -0.43628108113951747 0.3278874040631431 0.8379431176974167 -0.2565209055927132
911043580016 1311868186.300400803.pcd 1311868171.199444246.pcd 0.1543725965909847 0.9970373468001037 0.07086042090586017 -0.02992206267712476 -0.8675127151776394 -0.07665426660508812 0.9475897306628458 -0.310157743339661 -1.500528758426175 0.006375931072833312 0.3115325072787097 0.9502141045109754 -0.6304133272808995
911043580017 1311868186.300400803.pcd 1311868171.199444246.pcd 0.1543725965909847 0.8912956390031503 0.42219316652499583 0.1653632789756021 0.70259522612124 -0.33404267968001233 0.8580163313552631 -0.3901582541480466 -0.142489064163353 -0.306606542732151 0.2925079576135532 0.9057767510190273 -0.5626645216536429
911043580018 1311868186.300400803.pcd 1311868171.199444246.pcd 0.1543725965909847 0.7502209143787832 -0.10579068063064373 -0.6526690673843578 0.39138373744067184 -0.025318687749161316 0.9817963332158214 -0.18824166418364455 0.6457197122766928 0.6607023109383852 0.15774755774867857 0.7338856616292516 -0.9021633266988863
911043580019 1311868186.300400803.pcd 1311868171.199444246.pcd 0.1543725965909847 0.9712869385249906 -0.07303790929089954 -0.2264224963583911 -0.2719631493262927 -0.004934577185459359 0.9453211853032568 -0.3261035212395697 -0.3500165099959137 0.23785990204057525 0.31785739007180575 0.9178177087951551 -0.8841171751183275
911043580020 1311868186.300400803.pcd 1311868171.199444246.pcd 0.1543725965909847 0.12339018525038553 0.989144247323076 -0.07980300853690281 0.4505387992267193 0.05715245736460878 0.07320071944527834 0.995678287043501 -0.36941693794436525 0.9907110874523724 -0.127417866331057 -0.047499774089765745 0.03191050083220764
911043580021 1311868186.300400803.pcd 1311868171.199444246.pcd 0.1543725965909847 0.657180273010395 -0.10440890428584372 0.7464669245665291 -1.408398719603458 -0.09143298550608135 0.9720025110151744 0.21645121330600206 0.07377477774938954 -0.7481671590810622 -0.21049916694853024 0.6292344577234684 0.16203564995755046
911043580022 1311868186.300400803.pcd 1311868171.199444246.pcd 0.1543725965909847 0.5660412497041369 0.04866546547009357 0.8229392298972981 0.6503879251938888 0.07872150355432572 0.9905033035270476 -0.11272147346513674 -0.43033022425118983 -0.8206096687899339 0.12858801722005192 0.5568347091515493 0.7860193596937707
911043580023 1311868186.300400803.pcd 1311868171.199444246.pcd 0.1543725965909847 0.3130858449162688 0.9094277213094325 -0.2737123918038776 0.005639164643678509 -0.3048636942993591 0.36918663285506537 0.8779290165037754 0.9238810409010413 0.8994639412512395 -0.1914221769677496 0.39283860369586204 0.9602967592189282
911043580024 1311868186.300400803.pcd 1311868171.199444246.pcd 0.1543725965909847 0.7771431684930037 -0.3744916176911687 0.5057712169980682 0.015532290644206923 0.2682014783040677 0.9241226943113594 0.27214924746217295 0.5899992421081444 -0.5693122716929331 -0.07585034039321037 0.8186148442106743 0.5667853429704437
911043580025 1311868186.300400803.pcd 1311868171.199444246.pcd 0.1543725965909847 0.9861471389169687 -0.0005516638320811312 -0.1658719870047172 0.6015519627476542 -0.002663051647468357 0.9998129283502615 -0.019157673647851297 0.1239196386114974 0.16585152565412117 0.019334010724395324 0.9859611896355298 -0.6659093594648295
911043580026 1311868186.300400803.pcd 1311868171.199444246.pcd 0.1543725965909847 0.7456732221759059 0.024272901121276808 0.6658695608007311 1.7739262975653023 -0.46354947419824555 0.7367587797086563 0.4922482965869373 1.0708134184921716 -0.47863695083051405 -0.6757198582203783 0.5606329837837761 1.0611496463958332
911043580027 1311868186.300400803.pcd 1311868171.199444246.pcd 0.1543725965909847 0.8801443057278815 0.42788256429501054 -0.20557848201383144 -1.3523360822439283 0.1757585412677341 0.10856038886600156 0.9784291375162026 0.9967942251813493 0.4409704482912923 -0.8972910080579144 0.020344792753627272 -0.7258204310747903
911043580028 1311868186.300400803.pcd 1311868171.199444246.pcd 0.1543725965909847 0.8082029000688625 -0.5824281628969965 0.0870948183574085 -0.27217000926650703 0.5662875395188243 0.8092103536928649 0.15651525824016221 0.13132442434381975 -0.161636923089981 -0.07717537522227025 0.9838279659337325 -1.336677200913879
911043580029 1311868186.300400803.pcd 1311868171.199444246.pcd 0.1543725965909847 0.842628842444085 -0.08604286413978304 -0.5315762028269932 0.4506618819054306 -0.2048711654831004 0.8616955448550427 -0.46422903133105264 -1.6681799923783507 0.4980004411995414 0.5000774075156708 0.7084618176426083 0.4696414178782564
911043580031 1311868182.700341298.pcd 1311868228.312417348.pcd 0.12919487499893015 0.9794340731609936 -0.10776181892661282 0.17057633690783097 0.11952437681112438 0.08620144968440313 0.9878739086070931 0.12912958904005065 0.06811987476211089 -0.18242315204922116 -0.11176999183579178 0.9768465910886183 0.11146798516797446
911043580032 1311868182.700341298.pcd 1311868228.312417348.pcd 0.12919487499893015 0.9305636948380361 -0.23347691663144943 -0.28202790509035264 -0.08660117931806954 0.19777734605989206 0.9687892418677932 -0.14943736556407677 -0.07479211027028138 0.3081157756994722 0.08328225646256854 0.9476965413694486 0.053028583247227035
911043580033 1311868182.700341298.pcd 1311868228.312417348.pcd 0.12919487499893015 0.9984681773580382 0.05466756275941956 0.00852973535711427 0.1418372661024657 -0.05528481119155486 0.991904283716569 0.11432183341879344 0.0011136387807100115 -0.002210985036496525 -0.11461827745462393 0.9934071481615699 0.028955281742438027
911043580034 1311868182.700341298.pcd 1311868228.312417348.pcd 0.12919487499893015 0.9883457637802642 -0.0006858708232764677 0.15222411372322153 0.007093205026861147 -0.019659646596152214 0.9910401475916362 0.1321095157710552 -0.11406154278095991 -0.150950818193612 -0.1335625525465954 0.979476847630365 0.25307900192632643
911043580035 1311868182.700341298.pcd 1311868228.312417348.pcd 0.12919487499893015 0.9591438243391502 0.0069298261839853825 -0.2828340533619129 0.003194121041379091 -0.055192457242201946 0.9850757560177065 -0.16303235129787008 -0.06524349554517864 0.2774831830861779 0.17198177931165892 0.945211802025958 0.006885989687197738
911043580036 1311868182.700341298.pcd 1311868228.312417348.pcd 0.12919487499893015 0.9562582949618517 -0.08820751269932516 -0.2789077052002157 -0.20686631799688435 0.10807642601006014 0.9925271061509471 0.05665182871292181 0.013953842891201121 0.2718263406249365 -0.08431712909619626 0.9586454309511057 0.02522506997731049
911043580037 1311868182.700341298.pcd 1311868228.312417348.pcd 0.12919487499893015 0.9920286072539017 -0.05776976047726633 0.11199061194708894 0.037221220225005944 0.09369959702864959 0.9324187614342888 -0.34902097192291404 0.026509388017524158 -0.08425928973444329 0.3567322638895256 0.930399088560227 -0.0536627075273331
911043580038 1311868182.700341298.pcd 1311868228.312417348.pcd 0.12919487499893015 0.9519858896773886 -0.14626649832841737 0.26894047170683394 -0.031131126415984495 0.12223823963521241 0.9870251919850062 0.10411091757278176 0.06924666191788706 -0.2806789600701051 -0.06623731466254687 0.9575134147991137 0.03988566906312875
911043580039 1311868182.700341298.pcd 1311868228.312417348.pcd 0.12919487499893015 0.9606405083188733 -0.1579259950372499 -0.22853707329085798 -0.11283798179707 0.19453112790743998 0.9697298249224059 0.14758626945288275 0.003764844357857239 0.19831150761344063 -0.1862349235440394 0.9622832738859332 -0.0001439273172226276
911043580040 1311868182.700341298.pcd 1311868228.312417348.pcd 0.12919487499893015 0.999558493234402 -0.019458041913996398 -0.022454469662956715 -0.03923916300664017 0.024231513365155274 0.9711893358182517 0.2370740554192655 -0.28350478613243707 0.017194544571048846 -0.23751349140159558 0.9712320469585103 0.09899700690748431
911043580041 1311868182.700341298.pcd 1311868228.312417348.pcd 0.12919487499893015 0.7014226169727912 -0.35406510186029994 0.6185824246159084 0.47212626188914425 0.09765087602245573 0.9074412467125139 0.40867430819282596 0.668372343013008 -0.7060245171458903 -0.2262482870863189 0.6710745813837822 -0.21016404522783444
911043580042 1311868182.700341298.pcd 1311868228.312417348.pcd 0.12919487499893015 0.9577468551528235 0.07852684671061423 -0.2766848311537233 0.31243355727842886 -0.021467221261953783 0.9788398148298143 0.20349883369500035 -0.18056334842913277 0.2868102506120849 -0.1889607135084507 0.939166507544967 -0.7287713372672705
911043580043 1311868182.700341298.pcd 1311868228.312417348.pcd 0.12919487499893015 0.8950303686078351 -0.3850990970696856 0.2249873878817124 -0.41011227266341327 0.4239794915889348 0.5780746033782176 -0.6971880260310739 -0.9876731065160221 0.1384269842975409 0.7193944942555717 0.6806684447313971 0.5060066407414179
911043580044 1311868182.700341298.pcd 1311868228.312417348.pcd 0.12919487499893015 0.9292340453792295 0.2751866924681706 -0.2465692056940203 1.1381317365204342 -0.3020045673794556 0.9501310242227061 -0.07774495540843096 1.195424776342494 0.21287867481290712 0.14670828571672276 0.9660017332862093 0.5824687245311778
911043580045 1311868182.700341298.pcd 1311868228.312417348.pcd 0.12919487499893015 0.959054322410181 -0.24315139701686048 0.14523155578281774 -0.384075824534636 0.2603292771286397 0.9587783022639303 -0.11389835195285017 0.21555143145194142 -0.1115503210933457 0.14704273268898568 0.9828199024375356 0.10395885053563152
911043580046 1311868182.700341298.pcd 1311868228.312417348.pcd 0.12919487499893015 0.8071072498800473 0.2901068090728689 -0.5142138918005077 0.6268507290361119 -0.0968150157305915 0.9241944793128022 0.3694474484102216 -0.6175840023915811 0.5824128603663827 -0.24840008803801983 0.7740107598364198 -0.3975620011332259
911043580047 1311868182.700341298.pcd 1311868228.312417348.pcd 0.12919487499893015 0.8495943554651519 -0.3233965689004289 0.41665824171037696 0.7496439907796294 0.1760994329105341 0.9185629651477795 0.35388002032822846 0.3662982376995284 -0.49717041433530723 -0.2272811877000585 0.8373558627174646 1.3259307428017661
911043580048 1311868182.700341298.pcd 1311868228.312417348.pcd 0.12919487499893015 0.9507496243304199 0.10492777000206258 0.29165958739249387 0.5386755389312902 0.0450901107393021 0.8841301243599096 -0.46506000162650873 0.43266359873878313 -0.3066627361599107 0.45530658493121434 0.8358551788253703 -0.14836231571877465
911043580049 1311868182.700341298.pcd 1311868228.312417348.pcd 0.12919487499893015 0.9411724935880594 0.1622151143983538 0.2964466123502898 0.24497249104397817 -0.05541395418097265 0.9394623990775341 -0.3381415301342221 -0.7098680068396924 -0.3333521126305683 0.30182222810822423 0.8931851496887551 0.10847226758279922
911043580050 1311868182.700341298.pcd 1311868228.312417348.pcd 0.12919487499893015 0.9476555659779903 0.2980697461448653 -0.11446988557725768 -0.23163247924700417 -0.3111909469072263 0.942466088462017 -0.12213871893093298 0.5646594115022985 0.07147812836049044 0.15136742890146865 0.9858898410237525 -0.20241134952058246
911043580051 1311868182.700341298.pcd 1311868228.312417348.pcd 0.12919487499893015 0.5983707366655121 0.3288221854581217 -0.7306356354934499 0.2091160829243255 0.34074826005888637 0.7208881363048885 0.6034988966035535 1.9303013442901111 0.7251503876915563 -0.6100789008689036 0.3193127776105687 1.4468077213191892
911043580052 1311868182.700341298.pcd 1311868228.312417348.pcd 0.12919487499893015 0.6061107926809316 0.20628658535299432 -0.7681637531796817 -0.008882475226319816 -0.6029604591456073 0.7490164475232838 -0.2746143587770287 -1.1344249782500961 0.5187180271617824 0.6296190959961443 0.5783696069594138 0.5616480759619292
911043580053 1311868182.700341298.pcd 1311868228.312417348.pcd 0.12919487499893015 0.8005962605196306 0.06165318220122709 -0.5960239196260887 -1.1444400012986633 0.4291128548791019 0.6352626589111852 0.6421086449897698 1.1901281511359207 0.41821978123887293 -0.76983130575312 0.4821327361453025 -1.0103729784291038
911043580054 1311868182.700341298.pcd 1311868228.312417348.pcd 0.12919487499893015 0.8788746371888387 0.33657385654564176 0.33807900141265956 1.7542962870837981 0.1845237850299838 0.4136785892211817 -0.89152733978167 -0.015554353035190344 -0.4399208393158883 0.8459243842743668 0.30146573806261606 0.5024759495059297
911043580055 1311868182.700341298.pcd 1311868228.312417348.pcd 0.12919487499893015 0.562468670340532 -0.7994008950964221 0.21115682277490594 0.48175271460921476 0.4734162512301835 0.5207539934734063 0.7104170122911326 0.40745533836300407 -0.6778687542264459 -0.2996222408309146 0.6713571812701102 0.48788601306110874
911043580056 1311868182.700341298.pcd 1311868228.312417348.pcd 0.12919487499893015 0.7237920985452045 -0.18124692067474873 -0.6657886690455544 -1.0942756103688493 0.5022909824635868 0.7999608019339445 0.328278059432801 -0.19682943170513012 0.47310545021093786 -0.5720247102312296 0.6700440014398936 0.8196588018069223
911043580057 1311868182.700341298.pcd 1311868228.312417348.pcd 0.12919487499893015 0.755380439596317 -0.6405243589471883 0.13830740063557062 1.186526322231815 0.4077242250887312 0.6246472634727216 0.6660155797816097 0.33233956192875547 -0.5129925416134902 -0.4467038636852535 0.7330036223768597 -0.3932669734670353
911043580058 1311868182.700341298.pcd 1311868228.312417348.pcd 0.12919487499893015 0.8493777956672042 0.17444383619486636 -0.49812318580963444 0.6761614456579174 -0.527771544967336 0.2875520019178649 -0.7992315324834345 -0.41134323167361403 0.0038153047469527135 0.9417447606473033 0.3363067784672813 -0.07855689489973317
911043580059 1311868182.700341298.pcd 1311868228.312417348.pcd 0.12919487499893015 0.16586631447162942 -0.8348895912396288 -0.5248311501457624 1.4145477745337616 0.9759219622205992 0.06252358636780692 0.2089668031128451 0.4619977126734376 -0.14164988308888127 -0.5468547993639926 0.8251576449585094 0.1709277925107645
911043580060 1311868182.700341298.pcd 1311868228.312417348.pcd 0.12919487499893015 0.06760863003178641 0.9391781105558226 -0.336709889664708 1.9288493866261267 -0.9816963103410623 0.12284668876357452 0.1455370926003746 -0.7150866936404016 0.17804894666346555 0.3207072928896695 0.930293182216988 2.5889899810821593
911043580062 1311868218.474491208.pcd 1311868196.969198215.pcd 0.11019877203260434 0.9753866103020439 0.1746951976673977 0.13454571102579874 -0.10370413016983092 -0.19485677007742383 0.9684881253935167 0.15511798776011124 -0.032009544824626326 -0.10320755591759202 -0.1775171509564664 0.9786908917108693 0.08344858852180476
911043580063 1311868218.474491208.pcd 1311868196.969198215.pcd 0.11019877203260434 0.9901458148855689 -0.0915114411502834 -0.10600434615236592 0.06593179911966568 0.10701874541591941 0.9826785203903329 0.15129412973763529 0.0682442944180159 0.0903230501820827 -0.16114770151033492 0.9827884639655375 -0.003033046371427301
911043580064 1311868218.474491208.pcd 1311868196.969198215.pcd 0.11019877203260434 0.9258651005107279 0.37627424596115006 -0.03451821957499649 -0.14918582602509015 -0.3746408979713361 0.9260414286700472 0.04573259181337418 0.0038931985434382654 0.04917329787080258 -0.029410273937957337 0.998357161823064 -0.12849713697706125
911043580065 1311868218.474491208.pcd 1311868196.969198215.pcd 0.11019877203260434 0.9787682613099622 0.10855148958197981 -0.17386565147206828 0.12079390810903845 -0.10731009732796161 0.9940877939587535 0.01655297295600378 -0.08273892829605041 0.17463457178845432 0.002456015421798457 0.9846302525946026 0.11725271848551494
911043580066 1311868218.474491208.pcd 1311868196.969198215.pcd 0.11019877203260434 0.9769312155961957 0.1766956547355071 0.11993350487386498 -0.1520974739073156 -0.20169394495286372 0.9479798959884999 0.24627965683544328 0.12211481070237307 -0.07017800626328813 -0.2647881462588969 0.9617495958084341 0.0036200361365341287
911043580067 1311868218.474491208.pcd 1311868196.969198215.pcd 0.11019877203260434 0.9970705244200233 -0.06594198611952094 -0.03875595179314055 0.05809395290010619 0.06639306590033787 0.9977386327383415 0.010468120260004198 -0.15603469259717628 0.03797802171167847 -0.013010580618766558 0.9991938724085679 0.26895369241518646
911043580068 1311868218.474491208.pcd 1311868196.969198215.pcd 0.11019877203260434 0.963981141950335 -0.2541286531761588 0.07847920488256796 0.1417823786895894 0.2304550867942337 0.945377461649906 0.23054697563629659 0.13986811739874844 -0.1327810639164737 -0.20415700487431857 0.9698912858799986 0.19411287499318078
911043580069 1311868218.474491208.pcd 1311868196.969198215.pcd 0.11019877203260434 0.9815154983651855 0.09508478679859338 0.16609096841311805 0.040970574578931336 -0.061301087616852226 0.9783205272336102 -0.19781588068287595 -0.00150193594050386 -0.1812994846267698 0.18397779570594072 0.9660655606951584 -0.11845161498430326
911043580070 1311868218.474491208.pcd 1311868196.969198215.pcd 0.11019877203260434 0.9710882255521442 -0.12016312712033023 -0.20627283164452653 -0.028525040118834652 0.13097804638477217 0.9905960517772524 0.03955013993082065 -0.014941831925365754 0.19958058412384783 -0.06542388771681473 0.9776948937970379 -0.13729432343600043
911043580071 1311868218.474491208.pcd 1311868196.969198215.pcd 0.11019877203260434 0.9720654146314723 -0.23224188991632186 0.033948994763307455 -0.050943865373011855 0.23165476660553289 0.9260599858219608 -0.29790765644468775 -0.04842069257106979 0.03774783154407828 0.29745017604218205 0.953990824896233 -0.07235343546729266
911043580072 1311868218.474491208.pcd 1311868196.969198215.pcd 0.11019877203260434 0.7291528696511781 -0.11105798628111896 0.6752793617182704 -0.5314184381832332 0.05129036336224007 0.9928375731769653 0.10790204777595003 0.9535293945923408 -0.6824261068464639 -0.044041763943520856 0.7296265700501331 0.1062179423645413
911043580073 1311868218.474491208.pcd 1311868196.969198215.pcd 0.11019877203260434 0.9860749048121258 -0.07006283876466488 0.1508226797401297 1.0016722186898135 -0.078080658939949 0.6056942164385986 0.7918572642038055 0.3515365504499871 -0.14683219265290742 -0.7926069106417561 0.5917893142019977 -0.5638406918677603
911043580074 1311868218.474491208.pcd 1311868196.969198215.pcd 0.11019877203260434 0.8620213304918865 0.29384488816256515 0.4130065465313195 -0.012450284941878342 -0.1283337943228191 0.9147915495701268 -0.38299720373626006 0.04296296587735262 -0.490356669182449 0.27714906194287486 0.8262800581234417 0.24104195600135556
911043580075 1311868218.474491208.pcd 1311868196.969198215.pcd 0.11019877203260434 0.8837439368719956 -0.39578148613245007 -0.2497071670512796 -0.11256721111038898 0.33871197256190316 0.9091648001113344 -0.2422675502037825 0.6418973909237332 0.3229099776798652 0.12952367147864102 0.9375248075872351 -0.3918255030178706
911043580076 1311868218.474491208.pcd 1311868196.969198215.pcd 0.11019877203260434 0.9425581107401194 0.016908002786523463 -0.3336140394524605 -0.8253570505265507 0.09926348440985273 0.9394271461558933 0.3280600520151896 0.014701138863305903 0.31895292527398444 -0.34233135484083976 0.8837863287876789 0.1968097803519706
911043580077 1311868218.474491208.pcd 1311868196.969198215.pcd 0.11019877203260434 0.8316867253865531 -0.2913973261762302 -0.47263600065286593 -0.8453124514805833 0.3194884348797525 0.9473377250425088 -0.021871778376941514 -0.09477067065485122 0.45411929136943563 -0.1328112683797109 0.8809862860439395 -0.43667531842783486
911043580078 1311868218.474491208.pcd 1311868196.969198215.pcd 0.11019877203260434 0.6906741518952336 -0.6937571137371823 -0.2041330033161076 0.35605905392247833 0.6728919460504914 0.5131141227468656 0.5328511292829332 0.6285299563472255 -0.2649257345826983 -0.5053859556584144 0.821218235902643 0.9764587983009921
911043580079 1311868218.474491208.pcd 1311868196.969198215.pcd 0.11019877203260434 0.9719123630079306 0.13811658936224924 0.19055226678074602 0.7002486778971325 -0.1530228206301243 0.9860298279858896 0.06579661608713702 0.6058983939427963 -0.17880261463060768 -0.09310738995942863 0.9794695701940932 0.3455083736094592
911043580080 1311868218.474491208.pcd 1311868196.969198215.pcd 0.11019877203260434 0.976926967517182 -0.18713663425213514 0.10292511966699494 -0.15387488828930757 0.21281647793507943 0.8935081033675 -0.39541423335019243 -0.3476073119922567 -0.017967939697986234 0.4081949893585114 0.9127179212690052 0.4539970830079166
911043580081 1311868218.474491208.pcd 1311868196.969198215.pcd 0.11019877203260434 0.8927648066718628 0.4504623155555643 0.00739609575860542 -0.1015877304313489 -0.44000335648002215 0.8753282243412874 -0.20049325663932688 -0.7603111579683748 -0.09678866800646543 0.17573901654398683 0.9796671637906857 0.6196003786019783
911043580082 1311868218.474491208.pcd 1311868196.969198215.pcd 0.11019877203260434 0.7317722625722668 -0.21463556154762053 0.6468701040000253 0.041045799478497735 0.6488506494311955 0.5098501389789609 -0.5648412790473537 -2.4114312484939466 -0.2085717873121428 0.8330572678407363 0.5123606132746217 -1.2366242532006315
911043580083 1311868218.474491208.pcd 1311868196.969198215.pcd 0.11019877203260434 0.6757524862031135 0.6993463357259051 0.23296626386037306 -1.4295275963599339 -0.7226438087639278 0.6908635125276856 0.022215596167385263 -0.3283354787613644 -0.14541149557540162 -0.18336387257215714 0.9722310359116638 -0.5332378857874479
911043580084 1311868218.474491208.pcd 1311868196.969198215.pcd 0.11019877203260434 0.07259368825570811 0.9915797687666905 -0.10723674089615665 -0.16107303125479197 -0.6141020825459871 0.1291605239574498 0.778586020465124 -0.16837308481888993 0.7858808997794224 0.00933387505987665 0.6183074398212041 2.6171952182002585
911043580085 1311868218.474491208.pcd 1311868196.969198215.pcd 0.11019877203260434 0.9434048543086916 0.17519321071046626 0.2815930037976 -0.9652214678078757 -0.1976088838999495 0.9788444796345287 0.05304916297950177 -0.720649502025422 -0.26634190408310376 -0.10569211706635284 0.9580663685358232 -1.197734740155515
911043580086 1311868218.474491208.pcd 1311868196.969198215.pcd 0.11019877203260434 0.8042963499600728 0.41363390677748857 -0.42663142477423766 -1.311540579908225 -0.5832116525430435 0.6870871265865475 -0.4333306460626273 1.0218662750567962 0.11389271170235812 0.5973426752233876 0.7938577823376489 -0.07001790879695481
911043580087 1311868218.474491208.pcd 1311868196.969198215.pcd 0.11019877203260434 0.3076273293240124 0.647392281619009 0.6973153231882326 -0.9022947084332789 -0.9396875485051317 0.09155370250926209 0.3295530772747556 0.48403839482123273 0.14950831895714412 -0.756638059614357 0.6365108870283599 -0.3973410127277573
911043580088 1311868218.474491208.pcd 1311868196.969198215.pcd 0.11019877203260434 0.7877808826365984 -0.38164526768206875 -0.48347509822966506 -0.18533136212331042 0.393785048473398 0.9156153115186149 -0.0811291372533541 0.6266135679231553 0.4736397539809193 -0.12647328163905647 0.8715904384975448 2.0038579815177813
911043580089 1311868218.474491208.pcd 1311868196.969198215.pcd 0.11019877203260434 0.3584947636682811 0.4039095073675054 -0.8416285488744792 1.5415647925239113 -0.11828167984509311 0.9139401661359863 0.3882303658092036 0.24627741459183924 0.9260080715822328 -0.03962931467315933 0.3754178589027027 1.0644895400108871
911043580090 1311868218.474491208.pcd 1311868196.969198215.pcd 0.11019877203260434 0.6398007409451402 0.5215203230834634 0.564510021608979 0.7643557611160364 0.03158776575614389 0.7160568007210166 -0.6973269471314854 1.6608533894909228 -0.7678914148110948 0.46398190778531706 0.4416600098574841 -0.8559182707331033
911043580091 1311868218.474491208.pcd 1311868196.969198215.pcd 0.11019877203260434 0.47441219333663565 0.2294492085559916 -0.8498741856925365 -0.32835790825419775 -0.8778315061475388 0.19559796477121705 -0.43721079926289724 1.0298158383399336 0.0659159891700512 0.9534644706911668 0.29421180381036194 0.3656594295594145
911043580093 1311868195.936986004.pcd 1311868214.974403576.pcd 0.11835315234462643 0.9811620135851878 0.19029940641708146 0.033275201197977826 -0.11522822895772114 -0.15828616738547766 0.890641240425697 -0.42626713463201926 -0.06871679687687375 -0.11075464916596503 0.4129701160741318 0.9039851165355776 -0.14858562633212433
911043580094 1311868195.936986004.pcd 1311868214.974403576.pcd 0.11835315234462643 0.9548155757213005 -0.2299647792747952 0.18826422032105983 -0.004227155233437192 0.20188050098710048 0.9667438843137109 0.15700485808800965 0.0017241052653710984 -0.21810887116575328 -0.11190380884998259 0.9694875233254256 0.12260008945913409
911043580095 1311868195.936986004.pcd 1311868214.974403576.pcd 0.11835315234462643 0.9797812194589761 -0.09367091006346588 0.1767894866878784 -0.011902870911824563 0.06699412847963825 0.9862215983576146 0.15125721695907773 -0.021649552746458852 -0.18852201130036558 -0.1363551228991191 0.9725568012792007 -0.023836663954735878
911043580096 1311868195.936986004.pcd 1311868214.974403576.pcd 0.11835315234462643 0.9741616619292183 -0.19653430855595802 0.11128037557330227 -0.0787448031366133 0.18401336521405678 0.9763513821442275 0.11347713429433746 -0.11358929778752631 -0.1309508986219716 -0.09006799734360939 0.9872890245539094 0.0571296851785749
911043580097 1311868195.936986004.pcd 1311868214.974403576.pcd 0.11835315234462643 0.9878251187199599 0.10915363581113086 -0.11084682501140251 0.14541436366307095 -0.11243935973189587 0.9933730909001431 -0.023817906259318754 0.1296120168255521 0.10751244211243084 0.03599147211086801 0.9935520563746593 0.022058864605386225
911043580098 1311868195.936986004.pcd 1311868214.974403576.pcd 0.11835315234462643 0.9906241283515709 0.13114277914107172 0.038280645329543936 0.04340462727637205 -0.1161478954865032 0.9559963493921508 -0.2694079551960871 0.010727554174135233 -0.0719270651545479 0.26243580439421116 0.9622650081293701 -0.06453614764693015
911043580099 1311868195.936986004.pcd 1311868214.974403576.pcd 0.11835315234462643 0.9859421980664143 0.08761030645976996 0.14227584571526053 0.17988949410456012 -0.04606832372294313 0.9610400306814629 -0.2725431506700006 -0.08687684631953829 -0.16061037208513507 0.2621573833211602 0.9515659802393508 -0.035359130685494566
911043580100 1311868195.936986004.pcd 1311868214.974403576.pcd 0.11835315234462643 0.971347742712759 -0.2266194142136479 0.07160449586646785 -0.008322377313390094 0.23205475256832514 0.9694213956435225 -0.07982950256026057 -0.09622809375285608 -0.05132401521004894 0.09415837068486436 0.9942333964883148 -0.17281259984901187
911043580101 1311868195.936986004.pcd 1311868214.974403576.pcd 0.11835315234462643 0.9918836066726224 -0.09081920480291344 0.08898754324666612 0.004434513736066005 0.11961181908534793 0.903860509232072 -0.4107665913701284 -0.07254739889392214 -0.04312683096640431 0.41807661007249197 0.9073874721204217 -0.035220185194819224
911043580102 1311868195.936986004.pcd 1311868214.974403576.pcd 0.11835315234462643 0.9806675425246208 0.09723092068934727 0.16981554434333407 0.18468387571780875 -0.08019682220228094 0.991291107998267 -0.10445290284249623 -0.13527815847810346 -0.17849269101948328 0.08881490452322785 0.9799246256662566 -0.06899575142340252
911043580103 1311868195.936986004.pcd 1311868214.974403576.pcd 0.11835315234462643 0.9702094676694252 0.13623983020949293 0.20033047074546373 1.3910340015816631 -0.1845382786623712 0.951349648335367 0.24673765484924 0.28399363406564665 -0.1569688266916065 -0.27635584900027393 0.9481498996310648 0.13820844117436035
911043580104 1311868195.936986004.pcd 1311868214.974403576.pcd 0.11835315234462643 0.872128317610331 0.2666605262931364 -0.4102247692902519 -0.6254432168988513 -0.2772107828255149 0.9601784818791539 0.03480610322210506 -0.06232187273449163 0.4031704100097601 0.08336334118370102 0.9113200172492927 0.5445570165688973
911043580105 1311868195.936986004.pcd 1311868214.974403576.pcd 0.11835315234462643 0.9774149762882935 0.034900666315335255 0.20842722379310213 -0.24042259912678846 -0.08084533379625077 0.9729970139564367 0.21619630624788713 -0.58212828593769 -0.19525367123495285 -0.2281638760246745 0.953843409342786 0.0847656558832069
911043580106 1311868195.936986004.pcd 1311868214.974403576.pcd 0.11835315234462643 0.9522233251509478 0.294306471174905 -0.08157475138207315 -0.25733601117819843 -0.3049784518144996 0.9022798656788148 -0.3047608700595446 -0.14051697993181106 -0.01608984049961868 0.31507895044765294 0.9489290658513428 -0.9188761842642295
911043580107 1311868195.936986004.pcd 1311868214.974403576.pcd 0.11835315234462643 0.9954020224014928 0.09577378114206464 -0.0014821082180483426 0.0032991417285357025 -0.0792127348451446 0.8317810965238482 0.5494229246254085 1.036954604149166 0.053853100536282214 -0.5467792884805864 0.8355430888058931 0.4452977675315243
911043580108 1311868195.936986004.pcd 1311868214.974403576.pcd 0.11835315234462643 0.8926062693403863 0.12000793598612693 0.43457121767851475 0.03679527491127588 -0.34998283944179137 0.7920752820085608 0.5001287431525205 0.5254753118150467 -0.28419370160244345 -0.5985105203180712 0.7490120807023695 -0.6864445039439568
911043580109 1311868195.936986004.pcd 1311868214.974403576.pcd 0.11835315234462643 0.9118899903473283 0.39965160615695305 -0.09346250157425448 -0.0954358031687627 -0.41031728537363665 0.8822318911280117 -0.23088225484064806 -0.13403013355166526 -0.00981686446679466 0.24888849706818528 0.9684823928183623 -0.007616186417159938
911043580110 1311868195.936986004.pcd 1311868214.974403576.pcd 0.11835315234462643 0.8721912721357037 -0.4456477718059341 0.2016939470948719 0.27285398436277813 0.05187395050560639 0.49426195003689943 0.8677639183583652 0.03817711127041186 -0.4864067002717426 -0.7463934540375656 0.45420846942855175 0.1278485784869334
911043580111 1311868195.936986004.pcd 1311868214.974403576.pcd 0.11835315234462643 0.9091680590675163 0.3909506575891215 -0.1434260217047067 -0.5432601484627331 -0.20352685817889907 0.7176427292083255 0.6660073056763361 0.03724827497226355 0.3633046357689808 -0.5763215218478829 0.7320268062603369 -0.31354820039954256
911043580112 1311868195.936986004.pcd 1311868214.974403576.pcd 0.11835315234462643 0.6069691803301343 0.6800023662045686 -0.41132128085664715 0.47237377458482915 -0.7237956345268365 0.259264517304666 -0.6394542903966418 0.09068930625396074 -0.32818941721094425 0.6858415939726654 0.6495483156838869 0.600716034425054
911043580113 1311868195.936986004.pcd 1311868214.974403576.pcd 0.11835315234462643 0.7230915168334484 -0.0006040172999703941 -0.6907519767952921 -0.6420067848427006 0.274886125097423 0.9176575801536204 0.2869532781055573 -1.2088056567177194 0.6337004627680387 -0.3973716154303208 0.6637164475420739 1.0540980184985564
911043580114 1311868195.936986004.pcd 1311868214.974403576.pcd 0.11835315234462643 0.6954255290907114 0.27751274217060234 0.6628499162116995 1.654297870330116 -0.48038366966835827 0.8655498378577096 0.1416157056983958 0.8041235639090814 -0.534429474678246 -0.4169054522520014 0.73523804341022 0.906708933494292
911043580115 1311868195.936986004.pcd 1311868214.974403576.pcd 0.11835315234462643 0.722512239158932 0.6751866053465145 0.14865770153677216 -0.5717834297668832 -0.6127192113351578 0.5257535080371416 0.5900495037261378 -2.7426743996419587 0.32023621332755026 -0.5174034177962968 0.7935631486695576 -0.81775132111001
911043580116 1311868195.936986004.pcd 1311868214.974403576.pcd 0.11835315234462643 0.07789917879647468 -0.8703864036970468 0.4861678991893196 0.0345553138197942 0.9719698748012635 -0.04219833390253369 -0.23128740366623216 -0.4277787856733869 0.2218248868401632 0.4905576509190045 0.8427021482725536 1.2785995988821262
911043580117 1311868195.936986004.pcd 1311868214.974403576.pcd 0.11835315234462643 0.8594902009206288 0.4904514902419177 -0.14399281315711268 1.7597922732510554 -0.5026486960924356 0.7597929127894197 -0.4123821261785523 0.9176047529371738 -0.09284870940401618 0.42681619626538436 0.8995593653381401 0.46906387059378835
911043580118 1311868195.936986004.pcd 1311868214.974403576.pcd 0.11835315234462643 -0.015328819276411693 -0.7777261527033449 0.6284163100213458 0.1612887542960621 0.1552481739051984 -0.6227194681832008 -0.7668888240447453 0.3603813515328584 0.9877565650496543 0.08580498439417517 0.13028611919319324 2.1076818350129405
911043580119 1311868195.936986004.pcd 1311868214.974403576.pcd 0.11835315234462643 0.4775566054552473 -0.7461690661450848 -0.46386572767799217 0.15771934290045955 0.23245126474028932 0.6164491675409587 -0.7523010257594356 -0.3905222272362865 0.8472933955287868 0.25144014907375273 0.4678373150220788 -1.895140623852972
911043580120 1311868195.936986004.pcd 1311868214.974403576.pcd 0.11835315234462643 -0.21712236194859225 0.04882220110417004 0.9749227008441275 -1.272560799314607 0.06496545383481896 0.9972568378327671 -0.03547237240199527 -0.284966417681896 -0.9739801690742478 0.05563445043436492 -0.2196985165515819 -0.2006247134682462
911043580121 1311868195.936986004.pcd 1311868214.974403576.pcd 0.11835315234462643 0.5480553212835202 0.5670857003888314 0.6148570347872147 -0.03213865348223382 -0.823836395767727 0.4931055680965463 0.2795362082461294 0.6785915311431596 -0.14466844099961293 -0.6597429098722403 0.7374349700495975 -0.20475696265516852
911043580122 1311868195.936986004.pcd 1311868214.974403576.pcd 0.11835315234462643 0.7060233702372783 0.6368967622749224 -0.3096667803987309 -1.421876230664007 -0.395737858513894 0.7174366074163889 0.5733029405800212 -1.1981378156184372 0.5873010710169293 -0.2822184057473627 0.7585711722968286 -0.23420948646331133
911043580124 1311868254.316691653.pcd 1311868174.699577798.pcd 0.1310374611133617 0.9781422790060184 0.08909164640928807 -0.18788390181437598 0.08158851860797124 -0.02790003840209684 0.9516241763772629 0.30599512216938474 0.004309169650092366 0.2060564725459339 -0.29406479808773023 0.9333095009950066 0.144194474020307
911043580125 1311868254.316691653.pcd 1311868174.699577798.pcd 0.1310374611133617 0.9865460706712296 -0.09697447519308752 0.1316161145307944 -0.10437651040019509 0.098972586782278 0.9950520409437972 -0.00870992991986581 0.1452006900686476 -0.1301202425020119 0.021619134455610672 0.9912624957682039 -0.027231517278996822
911043580126 1311868254.316691653.pcd 1311868174.699577798.pcd 0.1310374611133617 0.9701627511976907 0.18455497149472286 -0.1572377139401015 -0.023046950616130612 -0.1499255035115081 0.9663209385413309 0.20915589194048936 0.066394716288023 0.1905428549837226 -0.17934131212072393 0.9651580773020908 0.1272950292400603
911043580127 1311868254.316691653.pcd 1311868174.699577798.pcd 0.1310374611133617 0.9849932104102322 0.12848716931995216 -0.11523637778882802 0.045347104213667125 -0.14334860409012953 0.9808817577173393 -0.13161365842021777 -0.06189653322362091 0.09612259438422814 0.14615753383759733 0.9845803279323411 0.16208074603474776
