id source target overlap t1 t2 t3 t4 t5 t6 t7 t8 t9 t10 t11 t12
36535719080000 PointCloud1.pcd PointCloud21.pcd 0.4424 0.9998060385041335 -0.016358799982378935 0.010966997483706272 0.004775408379251722 0.017312330080417063 0.9954798602325766 -0.09338164219222318 0.036552464861145856 -0.009389813515602283 0.09355339402964614 0.9955699844147954 -0.1297120336594364
36535719080001 PointCloud1.pcd PointCloud21.pcd 0.4424 0.994012743579116 -0.019427957343592782 -0.10752311414656117 0.2191506531406202 0.027329819738639106 0.9969930689403097 0.07251138833339578 -0.12117208471489335 0.10579105139553334 -0.07501583138537206 0.9915547783588102 -0.27131697664672694
36535719080002 PointCloud1.pcd PointCloud21.pcd 0.4424 0.9937790151663828 -0.07787672849604929 -0.07961459774241689 -0.23309173369479574 0.06220535833528044 0.9811026084178998 -0.1832161705471777 0.4220029439230937 0.09237836548301548 0.17712393094764406 0.9798435337727859 -0.15579579778693764
36535719080003 PointCloud1.pcd PointCloud21.pcd 0.4424 0.9023700319099318 0.42992348227890104 -0.02990192127693877 -0.5461297795521627 -0.43043054456824387 0.9025300658696537 -0.013001019344800302 1.401532956661258 0.02139793946981284 0.024602430499898603 0.9994682829384552 -0.12757878889439267
36535719080004 PointCloud1.pcd PointCloud21.pcd 0.4424 0.8853075664352777 0.44082423297225687 -0.14800171768215348 -0.24957020409630082 -0.44650601817647445 0.8947616506126345 -0.00582789199830603 1.0360154804702963 0.12985718518679035 0.07124313452800499 0.9889699324236245 -0.09342193452865011
36535719080005 PointCloud1.pcd PointCloud21.pcd 0.4424 0.9904383616797822 0.13667160505312492 -0.018780950063070984 -0.7596977270142202 -0.11926119854885657 0.9166800268618877 0.3814111887100051 -0.6593977650766674 0.0693442011545244 -0.37552443425786763 0.9242146834158984 0.5369912441030431
36535719080006 PointCloud1.pcd PointCloud21.pcd 0.4424 0.922530232143593 -0.3542123730325129 0.15320432621751923 0.5544072152525072 0.3302762707504748 0.9299871867150633 0.16137353415278705 -0.8088623968463721 -0.1996385628085095 -0.09827221039784123 0.9749292368696689 1.3816629761134975
36535719080007 PointCloud1.pcd PointCloud21.pcd 0.4424 0.9478581355711374 0.29278709464781993 0.12585973160346306 -0.0029096535820682945 -0.3142418788059592 0.9244198244216552 0.21610189684668923 0.9393476176056967 -0.05307538446500495 -0.24438433956357514 0.9682248179735774 0.8818412080523786
36535719080008 PointCloud1.pcd PointCloud21.pcd 0.4424 0.9494012970157343 -0.2701758315892548 -0.1601318121108232 0.3934221476217772 0.3092710282494591 0.8930077694270487 0.32693815138103566 -0.7385713343571875 0.05466816541977251 -0.3599196351520453 0.9313802917829295 0.8759009387083446
36535719080009 PointCloud1.pcd PointCloud21.pcd 0.4424 0.9947324514381664 0.05779081776412676 -0.08466151095964129 0.15552531131462244 -0.06121496705680888 0.9973848354740908 -0.03842157954268025 0.7120658665848254 0.08221969267790884 0.04340174361099094 0.9956687254240116 0.24063641485366372
36535719080010 PointCloud1.pcd PointCloud21.pcd 0.4424 0.9861399833999709 0.15238179688908327 -0.06563323180187848 -0.568188502469825 -0.1495285576548463 0.9876673341961407 0.046416025331236774 0.11369341654349208 0.07189675643286177 -0.03595865596407738 0.9967636788505542 -0.9282564361402502
36535719080011 PointCloud1.pcd PointCloud21.pcd 0.4424 0.9775083407951712 0.18665922969259682 -0.0981619867690034 -0.33124949672776016 -0.19244183636905612 0.9798711657204656 -0.053090848594850734 -0.4476612317419306 0.08627620350233914 0.07078722031682219 0.9937532823337193 0.049093221657596775
36535719080012 PointCloud1.pcd PointCloud21.pcd 0.4424 0.9979989603149588 -0.060127165632683506 0.019565253978451023 0.2229697053904145 0.06026908537427803 0.9981593692073244 -0.00674618497999868 -0.2916957996136983 -0.01912361258783066 0.007911865558527771 0.9997858219763743 0.42282092375925195
36535719080013 PointCloud1.pcd PointCloud21.pcd 0.4424 0.9593515588786967 0.241687353569852 -0.14571139146070847 -0.9074626719160308 -0.24954334963004493 0.9676172359304304 -0.03801317384501149 1.1145742041848177 0.1318055504613961 0.07282930629049858 0.9885965754607959 -0.6882037485267123
36535719080014 PointCloud1.pcd PointCloud21.pcd 0.4424 0.8721624177100261 -0.4891864030355429 0.005420352327016827 0.9651719484008365 0.48906669727807633 0.8721160628742173 0.015077748183613142 -0.9194349482951911 -0.012103005730646422 -0.010499331498785338 0.9998716324060616 -0.05914246381626831
36535719080015 PointCloud1.pcd PointCloud21.pcd 0.4424 0.919021312463668 -0.3906058824726026 -0.053168334705503695 0.8230111202993602 0.38890313537822646 0.9204219251248411 -0.039721921434722474 -0.6900982086457803 0.06445291716083877 0.015827960300707995 0.9977952180393416 -0.2749520599899644
36535719080016 PointCloud1.pcd PointCloud21.pcd 0.4424 0.9966402865969446 -0.030625769110292068 -0.07596184172571896 0.20193301483712234 0.027434280841906213 0.9987108623113257 -0.04270800552654936 -0.08104466602085775 0.07717188196906641 0.04048056036879224 0.9961956759922124 -0.24397809250231628
36535719080017 PointCloud1.pcd PointCloud21.pcd 0.4424 0.9698240435260655 -0.014598542871823467 -0.24336845963429962 0.2808260723467024 0.08414790263286802 0.9569088403413193 0.27792913082136805 -0.3328859827224438 0.22882407015268644 -0.29002129891208217 0.9292616375898164 -0.13455617400549613
36535719080018 PointCloud1.pcd PointCloud21.pcd 0.4424 0.9210902952898203 -0.3891874133664045 -0.011217183250669286 0.40409115177644983 0.3889394828159515 0.9184184020266403 0.07234443672939113 -0.27305122406020077 -0.01785347668584156 -0.07099856404181766 0.9973166283955303 0.46082082743168806
36535719080019 PointCloud1.pcd PointCloud21.pcd 0.4424 0.910651933128627 -0.40495693938884414 0.08199349931497324 0.3822579122299945 0.40004766742014586 0.9138084535144982 0.07011400770988188 -0.5134981521699612 -0.10331950677773735 -0.031048148515829037 0.9941635137103675 0.44766189388106203
36535719080020 PointCloud1.pcd PointCloud21.pcd 0.4424 0.9707772654104331 -0.21058977778248913 0.11508017403429383 0.36779988867559865 0.21621531283558157 0.9755797306049608 -0.03866688154174863 -0.9632062824728276 -0.1041270351909297 0.0624190253550459 0.9926033577497474 -0.16275989032070143
36535719080021 PointCloud1.pcd PointCloud21.pcd 0.4424 0.9248336189851194 0.36155615236433014 -0.11815213024904853 -0.43818547726889023 -0.30463382431859254 0.8900522237226262 0.3391242723949984 0.41607812669500754 0.22777403336621965 -0.2776403928356057 0.9332924525518111 -0.4502229073067723
36535719080022 PointCloud1.pcd PointCloud21.pcd 0.4424 0.9988774228585582 -0.04157198291614992 0.022708243874516146 0.40578796623997615 0.04178668183020603 0.9990854473910319 -0.009063224210117227 -0.018672791435335484 -0.022310699788807394 0.01000195220349832 0.9997010521286115 0.25615052062563504
36535719080023 PointCloud1.pcd PointCloud21.pcd 0.4424 0.9632241206793981 -0.008799949328329717 0.2685551232674945 -0.0732569668898786 0.036750928434292396 0.994385585573149 -0.0992304210590837 -0.2796057279659102 -0.2661741208318679 0.10545078518514858 0.9581395875879557 -0.4144288548051426
36535719080024 PointCloud1.pcd PointCloud21.pcd 0.4424 0.9543695120972165 0.15257265531291325 0.2567107696028505 -0.15996902611811992 -0.23111702822845243 0.9217486713704471 0.31139092165582494 0.560138521481205 -0.18911307105054784 -0.356512232157022 0.9149509684569157 0.9303053467718445
36535719080025 PointCloud1.pcd PointCloud21.pcd 0.4424 0.9852336472468005 -0.08302077560055729 0.14974047933491055 0.14284256772972315 0.10820659418289416 0.9796956392430984 -0.16878325575540692 -0.5473457205119274 -0.13268757782138205 0.18249384994223383 0.9742125032174223 -0.20930963804214958
36535719080026 PointCloud1.pcd PointCloud21.pcd 0.4424 0.999989991298638 -0.0012210025510019657 0.0043042369033827145 -0.4915156946712007 0.0012249932552692501 0.9999988222128946 -0.0009246428219492811 -0.5783281341931613 -0.004303102842663625 0.0009299062286511345 0.9999903092432103 -0.07825379341339944
36535719080027 PointCloud1.pcd PointCloud21.pcd 0.4424 0.962975742990871 -0.26288523510324724 -0.05974170717254798 0.6699558916753083 0.2631114735453335 0.9647563466371303 -0.004188569228340818 -0.3517342856059409 0.05873730415999123 -0.011685238041552717 0.9982050812893756 -0.0812504256766704
36535719080028 PointCloud1.pcd PointCloud21.pcd 0.4424 0.9966871696741266 0.009609709540100837 -0.08076100104340922 0.22237259237698237 -0.0041732264978595135 0.9977296699792826 0.06721673767469871 0.10468918448420314 0.08122358024352419 -0.06665702607817567 0.9944644643660411 -0.12192816554289665
36535719080029 PointCloud1.pcd PointCloud21.pcd 0.4424 0.8834028238620903 0.4631435964345341 -0.0713964976323754 -0.34800400417325394 -0.467808175440729 0.8805207453186303 -0.07641157016015124 1.201631961677582 0.027476567895216842 0.10090206214547373 0.9945168736987273 0.18563296886767755
36535719080031 PointCloud5.pcd PointCloud21.pcd 0.4134 0.9889286284939658 0.1482312750945967 0.006903392562623401 -0.2169320914223376 -0.14826986945809498 0.9889318700644881 0.005459137444129451 -0.43528802891382845 -0.006017770012484473 -0.006422262419461148 0.9999612697447299 0.15986767446691696
36535719080032 PointCloud5.pcd PointCloud21.pcd 0.4134 0.8692415767746767 -0.4918459082052537 0.05006679326682234 0.6992301654659205 0.494092401962606 0.8677554200779176 -0.05360251158499119 -1.853928853652575 -0.01708155523060306 0.0713311538329901 0.9973064157839144 0.23647205345998812
36535719080033 PointCloud5.pcd PointCloud21.pcd 0.4134 0.9895778583360378 -0.015895927314325292 0.14311876811193577 -0.05546231407400626 0.0674058558933638 0.9294095173083912 -0.36284211404943895 0.047831921097561306 -0.1272482333171798 0.3687075651941531 0.9207945582410093 -0.36209276780615474
36535719080034 PointCloud5.pcd PointCloud21.pcd 0.4134 0.9277803393110089 -0.08341827223025529 0.36368260041699557 0.08459262916374133 0.13673686054791195 0.9828941421843966 -0.12337802165337171 -0.4056190178654239 -0.34716951616674224 0.1641965198100069 0.9233162133997388 1.2093418246846026
36535719080035 PointCloud5.pcd PointCloud21.pcd 0.4134 0.8979171507228122 0.43845521595795744 0.03875324550392859 0.1360457337687686 -0.43682108196120406 0.8984673528482664 -0.04408807344477714 1.839088640563153 -0.05414917166559375 0.022659202657858105 0.9982757273132711 0.8269178712547918
36535719080036 PointCloud5.pcd PointCloud21.pcd 0.4134 0.9970720334467562 0.04645932501686709 0.060736243194056655 0.22613276983626163 -0.04573312681095365 0.9988652412330737 -0.013293267788117008 -0.09995927809705857 -0.06128491845832641 0.010476687232635376 0.9980653274180933 -0.4150518284422503
36535719080037 PointCloud5.pcd PointCloud21.pcd 0.4134 0.9992958960495538 -0.033491269132513386 -0.016912924951438667 0.00924837061266226 0.03328547139382324 0.9993701156163335 -0.012306478256888142 0.04178588947316568 0.0173144313395045 0.011734858537274396 0.9997812278506233 -0.07337698233100876
36535719080038 PointCloud5.pcd PointCloud21.pcd 0.4134 0.974578500967636 0.22259651954743223 0.025446707784017093 0.7679770111691089 -0.2179805585651278 0.9683070509372257 -0.12192592502371194 0.937408712349609 -0.05178051312328239 0.11327949766229792 0.9922129478443964 -0.34391133082033903
36535719080039 PointCloud5.pcd PointCloud21.pcd 0.4134 0.9963407324123211 -0.08546391651073752 -0.0010314604815954717 0.4755033776777404 0.08544410958015879 0.995666927433694 0.03669705373460922 -0.5419137883243181 -0.0021092828480852492 -0.0366509016177319 0.9993259039655051 0.6380586152734306
36535719080040 PointCloud5.pcd PointCloud21.pcd 0.4134 0.9748679777947553 0.12617091682225945 -0.18361188855462196 -0.48410700409694796 -0.15790631921183262 0.9727147362392554 -0.16997539897281144 -0.06318704309856471 0.15715603782017173 0.194697050956675 0.9681916329557071 -0.6250136909326633
36535719080041 PointCloud5.pcd PointCloud21.pcd 0.4134 0.9944985303752901 -0.10417590320812173 0.010956928043951743 -0.05821095696185541 0.10431839753625052 0.994454293938457 -0.013353995762842342 -0.468276760942229 -0.009504999571650977 0.014423538336249608 0.999850797131755 0.11020668623455265
36535719080042 PointCloud5.pcd PointCloud21.pcd 0.4134 0.9870023238033547 0.08519597352501006 0.13626466490584876 -0.03195950294654404 -0.11309240650376275 0.9706402150580657 0.21229149889531473 0.41932429670762456 -0.11417758272955837 -0.22494270160900426 0.9676591655096732 0.13119537613564464
36535719080043 PointCloud5.pcd PointCloud21.pcd 0.4134 0.9956924814100045 0.08744388304725537 -0.0308228775620574 0.0296188691852306 -0.0921040904210107 0.9710204934552779 -0.2205357971341318 0.41859966865766685 0.010645139327690331 0.22242474819022856 0.9748917439394014 -0.2093759929968954
36535719080044 PointCloud5.pcd PointCloud21.pcd 0.4134 0.9549086838479696 0.26406626054216553 0.13571446332287398 -0.18574312010935712 -0.2280202471435613 0.9450227887625605 -0.23439005015576564 1.6927314727748786 -0.19014776465772024 0.19287544883346425 0.962622921414695 0.17016730242406872
36535719080045 PointCloud5.pcd PointCloud21.pcd 0.4134 0.9810659045233802 -0.19339831695222356 -0.010333536750275847 0.9301593212104393 0.19294658252022948 0.9713674243635435 0.13862518955478426 -1.1074463680286217 -0.01677221736939676 -0.13799426758160238 0.9902910051288616 -0.15867603759209947
36535719080046 PointCloud5.pcd PointCloud21.pcd 0.4134 0.9707066195754033 -0.24023526323399771 0.003959420587037274 0.28848091183843083 0.23991360806064957 0.9700382434443393 0.03830492034636909 -0.7980689812685225 -0.013042982013874285 -0.036232920863663295 0.9992582529385851 0.5857870752685981
36535719080047 PointCloud5.pcd PointCloud21.pcd 0.4134 0.9990420370036209 0.022954919801524937 0.03725694507821884 -0.3281536681089645 -0.022686140473125265 0.9997135882545446 -0.007621055678621191 0.32430203245565636 -0.03742121497345436 0.006768538699643741 0.9992766581651861 -0.7122751592297386
36535719080048 PointCloud5.pcd PointCloud21.pcd 0.4134 0.9670908419873927 0.22960906504644865 -0.10961286691174316 0.041892373239960534 -0.1933679419557088 0.9432805382521257 0.26987157163842557 0.5515478090281302 0.16536064334638229 -0.23979471095767715 0.9566370023309754 -0.46991159317101083
36535719080049 PointCloud5.pcd PointCloud21.pcd 0.4134 0.966555408947828 0.2559200346279464 -0.016600521369145374 -0.05208164266575244 -0.24448688698593643 0.8999603058447049 -0.3609676024185979 1.1721959019196104 -0.07743903102197672 0.35295379836451074 0.9324305940360609 0.034985837059398894
36535719080050 PointCloud5.pcd PointCloud21.pcd 0.4134 0.8868992303578835 -0.029613288760323847 0.46101280710994524 0.6324126796081324 0.04986140854802591 0.9982497420736404 -0.031800823692436635 -0.510884186283889 -0.45926418881532743 0.051190873978750044 0.8868234882393965 2.0246833725225555
36535719080051 PointCloud5.pcd PointCloud21.pcd 0.4134 0.8892857038729209 0.4573100368094715 0.006202186756545749 0.11874664658598544 -0.4572963173616776 0.8893072714811134 -0.0035573892484351477 1.7563096380107084 -0.0071424795898274935 0.0003272982383868729 0.9999744386038935 0.21816946396079384
36535719080052 PointCloud5.pcd PointCloud21.pcd 0.4134 0.9930067492641127 0.11463069779034989 0.02823825490389359 0.0455312475686287 -0.10032689164258658 0.9454483573797294 -0.3099385718837012 0.6256332244887922 -0.06222628648132947 0.30493803739787695 0.9503371415548666 0.07276290300975102
36535719080053 PointCloud5.pcd PointCloud21.pcd 0.4134 0.9310287556866578 0.33002195921120425 -0.15579140708958164 0.056681125078353656 -0.3489344791690191 0.9300532249794644 -0.11509008624700441 1.3933481170834787 0.10691204483873115 0.16151317328223047 0.9810623372266948 -0.9488079982298891
36535719080054 PointCloud5.pcd PointCloud21.pcd 0.4134 0.9154238028025771 -0.33327915442188877 -0.22566405670885875 0.46936701141135106 0.3158821593535958 0.9423591498645136 -0.11035258976906953 -1.690433940900352 0.24943480644163862 0.029736137853827803 0.9679349355411035 -0.7936034244467659
36535719080055 PointCloud5.pcd PointCloud21.pcd 0.4134 0.9336709148205713 0.3392931664483884 -0.11462447391174237 -0.02968429846124554 -0.3392724205502548 0.9404692677389357 0.020292390015989894 1.1162411234023906 0.11468586430806797 0.019942508368211254 0.9932016154275501 -0.3062112285130808
36535719080056 PointCloud5.pcd PointCloud21.pcd 0.4134 0.8999345608161582 0.43283749907625724 -0.05262590276697916 0.11709789484094735 -0.43300940184378145 0.9013475892831655 0.008682235214304408 1.5047559722172497 0.05119222756941827 0.01497406714413103 0.998576553474817 0.5692842672594668
36535719080057 PointCloud5.pcd PointCloud21.pcd 0.4134 0.9861027854899684 -0.11719928804124613 0.11775238142623776 -0.05193106339372955 0.1031625904443903 0.9875247246932624 0.1189638518723198 0.23496314687503633 -0.13022586679200163 -0.10516294500498395 0.9858914639128136 0.5278602779104749
36535719080058 PointCloud5.pcd PointCloud21.pcd 0.4134 0.9684598560892934 0.21708652497620154 -0.1223067774788554 -0.2906156422243553 -0.2072338001093759 0.9742921260662374 0.08836857573571244 0.721790767378944 0.1383461572857463 -0.06023531986374886 0.988550477722397 -0.0752438878639694
36535719080059 PointCloud5.pcd PointCloud21.pcd 0.4134 0.9809701729355238 -0.18568023973641865 -0.056748289685897665 0.2286372556842231 0.19261831487610812 0.967434046760208 0.16422408454138493 -0.7878289552991157 0.024407060149410315 -0.1720296885441393 0.9847893590378957 0.5247389650767454
36535719080060 PointCloud5.pcd PointCloud21.pcd 0.4134 0.9477567290600473 -0.3170261199772491 0.03537826696675794 0.41187629129280445 0.318979440809314 0.9429271096995232 -0.09560639170411586 -0.9069239464176382 -0.0030494036101622844 0.10189654089258554 0.9947903277031538 0.32477435878382066
36535719080062 PointCloud29.pcd PointCloud11.pcd 0.4319 0.990645733109042 -0.13290305605277028 0.03094849212293032 0.44626356502410247 0.12430753327363261 0.9724719062723663 0.197093959020602 -0.35420892886358846 -0.05629092861441883 -0.19140315881098785 0.9798959955795831 1.218003424520699
36535719080063 PointCloud29.pcd PointCloud11.pcd 0.4319 0.9827381882000701 0.185001705487518 0.00014973294018209285 -0.010741065235608582 -0.18494689409219167 0.982426672661562 0.025149139324910016 0.30735476534653067 0.004505532032440633 -0.02474271225718317 0.9996836991625215 0.7123623072528893
36535719080064 PointCloud29.pcd PointCloud11.pcd 0.4319 0.9827521211529954 0.08065489414995257 0.16641230849594058 -0.1995893373003792 -0.14849202538772505 0.8805111207547104 0.45016695194509226 0.011725528390377715 -0.11021972040220106 -0.46711342763502717 0.8773007802102519 1.7367244789755487
36535719080065 PointCloud29.pcd PointCloud11.pcd 0.4319 0.904292649415789 -0.35335416102961176 -0.23957387398385532 1.0234057997287602 0.3801503782272349 0.921859790285801 0.0752344135878612 -0.48839877997768644 0.19426912813482028 -0.15910802599893675 0.9679587501110049 -0.7405731693822717
36535719080066 PointCloud29.pcd PointCloud11.pcd 0.4319 0.990671161951201 0.13201295316726128 -0.03381167068211469 -0.23364212128938266 -0.1300523148498722 0.9899919214347854 0.054794077198647144 0.8272278374570443 0.04070680877257523 -0.049885626085277 0.997925037279671 -0.2866790416036562
36535719080067 PointCloud29.pcd PointCloud11.pcd 0.4319 0.9831050282344999 -0.17871357067018626 0.03957225187370083 0.214272642980184 0.18177360914473598 0.9277919154620569 -0.3258228301113113 0.21772798425854606 0.02151414601001006 0.32751125364109246 0.9446023079899286 -0.2802916247091942
36535719080068 PointCloud29.pcd PointCloud11.pcd 0.4319 0.9611299109524593 0.275764373288945 -0.013539006502447704 -0.6577491047132009 -0.2751657033824163 0.9607604504475723 0.03497416958039583 0.5768947630889698 0.022652371941543407 -0.02988925024709692 0.9992965039291835 0.7598690319678092
36535719080069 PointCloud29.pcd PointCloud11.pcd 0.4319 0.9998387643890065 0.00902773325969751 -0.015522411451075227 0.21912125693172224 -0.009752312142329501 0.9988352191595814 -0.04725565970663775 0.42797422629942716 0.01507771975277736 0.0473994198131446 0.9987622126254246 -0.3582248653231629
36535719080070 PointCloud29.pcd PointCloud11.pcd 0.4319 0.9557548508834339 -0.1901522689111192 0.22444326597324837 0.2981516024922841 0.24104400380978908 0.9435882996656029 -0.22702182485726516 -0.251126438021368 -0.1686133246221404 0.2710779138220777 0.9476741588741031 0.8667913855168909
36535719080071 PointCloud29.pcd PointCloud11.pcd 0.4319 0.9802448076810777 0.17289270538166374 0.0960636738840257 0.400721953304249 -0.18750406121963764 0.9668834493215852 0.17314335809997525 -0.07507772495518156 -0.06294715275871973 -0.18773520675089986 0.9802005652445664 0.06406356370477484
36535719080072 PointCloud29.pcd PointCloud11.pcd 0.4319 0.9924087375659413 0.12118245964319949 0.02096924122611901 -0.11536855725054473 -0.12201511287766004 0.991531118092865 0.044478692460154685 0.011754166024358192 -0.015401617844457803 -0.04669960736812965 0.9987902366560438 -0.36630356239194695
36535719080073 PointCloud29.pcd PointCloud11.pcd 0.4319 0.934415725255911 0.21215587001003333 -0.28610686677316205 0.48992075673851376 -0.2842149116180331 0.9282598863401551 -0.23990720586450937 1.138560625771691 0.21468380565013218 0.3054889036152512 0.927678496764654 -0.6072972866624435
36535719080074 PointCloud29.pcd PointCloud11.pcd 0.4319 0.9354625455933755 -0.34386290950212733 -0.08165858963203662 0.6301273891310661 0.3305137790300911 0.9329836080056612 -0.1424858907540904 -0.3478185072794411 0.125181738537255 0.10630092502640918 0.9864226506296982 -0.25044080434051885
36535719080075 PointCloud29.pcd PointCloud11.pcd 0.4319 0.9076528018388321 -0.40267351122913536 0.1184079164098289 0.3841651719647603 0.3588661598043222 0.8908360425410287 0.27861483208389504 -1.4459946686693672 -0.21767285237579892 -0.2103929387223766 0.9530757266211042 1.255811052916916
36535719080076 PointCloud29.pcd PointCloud11.pcd 0.4319 0.9663587914774161 -0.2537017017505275 0.04226266275560854 -0.19213377071468485 0.25656721832127 0.9623853229741254 -0.08937422786729016 0.1456214938819656 -0.017998572643231927 0.09721078465311814 0.9951010575463838 -0.04968543924536084
36535719080077 PointCloud29.pcd PointCloud11.pcd 0.4319 0.954600912431356 -0.21789029321772369 0.20312783685826247 0.17364509369978176 0.23174230760481995 0.9716503526916925 -0.046809133511554114 -0.39374765903764125 -0.18716997849873118 0.09175735521255987 0.9780327125987047 0.24599473954371698
36535719080078 PointCloud29.pcd PointCloud11.pcd 0.4319 0.9970873168726235 -0.0662060607781669 0.03786343946328553 0.7389992734373036 0.06623367732643484 0.9978040004973348 0.0005259081025083927 -0.39531711678408465 -0.03781510967285336 0.001983458533028587 0.999282784487293 0.7253309677190511
36535719080079 PointCloud29.pcd PointCloud11.pcd 0.4319 0.9574794694549256 -0.28244378809950277 -0.05880962622153964 0.4616672092934635 0.2750110250318224 0.9551486031536895 -0.10981840467108336 -0.34884394424005866 0.08718945855583911 0.08897557225193128 0.9922103334773231 0.28821907148872605
36535719080080 PointCloud29.pcd PointCloud11.pcd 0.4319 0.983869201419821 -0.14227169082045982 -0.10844427365523314 0.18326579816372845 0.12450396262073987 0.9798836715896927 -0.15597036078574864 -0.5121590016877865 0.12845293997903284 0.13995269251783146 0.9817907547271731 -1.1924159486148505
36535719080081 PointCloud29.pcd PointCloud11.pcd 0.4319 0.943121400225342 0.33238316831528475 -0.006591954011035487 0.03374345905271636 -0.33239125760429117 0.9431415759354349 -0.00014003664609081026 0.5510402260763161 0.006170600070354011 0.002323179441541763 0.9999782630297792 0.7115406521234999
36535719080082 PointCloud29.pcd PointCloud11.pcd 0.4319 0.9958557475258405 -0.06621294190121099 0.06234722483427923 -0.2195319517972052 0.06378188430926157 0.9971535079062781 0.04020886598953232 -0.43444494888105223 -0.06483210125940143 -0.03606560681578854 0.9972442382141395 -0.3170352366917747
36535719080083 PointCloud29.pcd PointCloud11.pcd 0.4319 0.9868000403192876 -0.16176559101128846 0.007587752672644232 0.22844340026412224 0.16145547485768702 0.9863806528911158 0.03139008188226368 -0.3573948938043965 -0.012562247582796247 -0.029750649856179073 0.9994784083554801 0.2368201847522602
36535719080084 PointCloud29.pcd PointCloud11.pcd 0.4319 0.8838492307217105 0.46775509760309336 -0.003963082002847937 -0.23450686549847188 -0.46476345702988603 0.8771739950837152 -0.12066777265908214 1.5166510716724388 -0.05296665330441435 0.10849401372976854 0.9926850369691964 -0.14030320152574183
36535719080085 PointCloud29.pcd PointCloud11.pcd 0.4319 0.99120201068764 -0.12525416183193228 -0.04277813638483273 0.20429003823227054 0.12411957177191635 0.9918655537262534 -0.02823216666266783 -0.19028571178578846 0.04596635630475118 0.022674176392818848 0.9986856241145017 -0.18677522814452108
36535719080086 PointCloud29.pcd PointCloud11.pcd 0.4319 0.9444104069542818 -0.1634396064581648 0.2852656275776109 -0.48382098321232037 0.15115760017883106 0.986389208968384 0.06471250527450347 -0.6259912899227681 -0.29195952312713597 -0.01799509576318509 0.9562613729435323 1.3610529537017872
36535719080087 PointCloud29.pcd PointCloud11.pcd 0.4319 0.9627694832684934 0.2683296124534434 0.03277409293180938 -0.4140583147968986 -0.23855590560122913 0.9003842613502585 -0.3638670936145871 0.48344864127454057 -0.12714559366999487 0.34250168027811795 0.9308741037417306 0.6359605154101606
36535719080088 PointCloud29.pcd PointCloud11.pcd 0.4319 0.9835776782815875 -0.15368211080627991 -0.0946401585180845 0.2717864213763297 0.15701598990489107 0.9871758844918719 0.028805416016392187 -0.2096160855525941 0.08899960505748886 -0.04319238238181113 0.9950947132830092 0.6131851809463169
36535719080089 PointCloud29.pcd PointCloud11.pcd 0.4319 0.997254348426383 0.031216752188695976 0.0671511647513267 -0.01878877050080563 -0.0355587060605297 0.9972861028557657 0.06446710381318427 0.008861136465018956 -0.06495646979301696 -0.0666779081371677 0.9956579300133557 -0.0037994709411232064
36535719080090 PointCloud29.pcd PointCloud11.pcd 0.4319 0.992462874351204 -0.03415477146973697 0.11768982377587475 -0.40476228862991714 0.02004601033141485 0.9926868002059684 0.11904232090575452 0.6371387703438195 -0.12089499784664054 -0.11578587255224997 0.9858894619646642 0.0907264808216729
36535719080091 PointCloud29.pcd PointCloud11.pcd 0.4319 0.9600572186533689 0.24422530658577885 -0.1365435334779335 -0.6488446843675908 -0.1958059837099101 0.9350139158775914 0.295650120680927 0.6489398272174735 0.1998753452903875 -0.2571049916635899 0.9454876358825183 -0.4588828381823271
36535719080093 PointCloud6.pcd PointCloud8.pcd 0.4435 0.9898838782797834 -0.04696005142546712 0.13388301270845418 -0.4402126587675861 0.029585065950357717 0.99121221903476 0.12893044911462806 -0.4390911224651275 -0.13876105863853735 -0.12366523523733011 0.9825743117948932 0.45102672144462524
36535719080094 PointCloud6.pcd PointCloud8.pcd 0.4435 0.8976660464528982 0.44009572439071837 0.022614650530838176 0.2597119256603211 -0.4402104213237506 0.8978946341727352 0.00010431575157930726 1.9194417042832868 -0.020259664449074535 -0.010048845546572614 0.9997442506459299 0.1088589127253029
36535719080095 PointCloud6.pcd PointCloud8.pcd 0.4435 0.9038480126192008 -0.22021588122573402 0.36682930054767177 0.1916762164819117 0.24767101190942517 0.9684134229591244 -0.028887922949792158 -0.7091086971240921 -0.3488808391759027 0.11696327581153478 0.9298396378770656 1.130619636365601
36535719080096 PointCloud6.pcd PointCloud8.pcd 0.4435 0.9502563887007586 0.1801328159431384 -0.2540963682420281 0.28395664069762416 -0.2265234307871417 0.959606489965962 -0.16686077945289962 0.9715556531539312 0.2137754219685133 0.2161193027834432 0.9526765011936541 -1.7135432430774864
36535719080097 PointCloud6.pcd PointCloud8.pcd 0.4435 0.8934885845100871 0.3934258394051287 -0.21655082137579368 0.45312223604990365 -0.3460176707827913 0.9104825173143382 0.22648036818010878 1.2204560562352293 0.28626896593276213 -0.12742721276601635 0.949638028193096 -1.1091270064707544
36535719080098 PointCloud6.pcd PointCloud8.pcd 0.4435 0.9594812144468561 -0.004686052100092491 -0.2817336331347424 0.19470931361562727 0.011287008787999235 0.9996983853838279 0.021811503698445367 -0.04665849634065937 0.2815464483104094 -0.024107658050563238 0.959244712399871 -0.9274611405541779
36535719080099 PointCloud6.pcd PointCloud8.pcd 0.4435 0.969294191131218 0.24536633456474372 -0.016252166056872522 -0.28075023655832565 -0.23555581198101339 0.9075029885604824 -0.34778123180493564 1.1540761722829112 -0.07058491681119548 0.3409306199449606 0.9374348414170989 0.5937234514144061
36535719080100 PointCloud6.pcd PointCloud8.pcd 0.4435 0.9998253129012191 0.01859861572412612 0.0018534225437851304 0.2561381279956194 -0.01819487065165068 0.99119259059595 -0.1311723866888889 0.42787677897323245 -0.0042767235062864395 0.131115749781771 0.9913578414453658 0.4469890098251281
36535719080101 PointCloud6.pcd PointCloud8.pcd 0.4435 0.9168627823307919 -0.39492318146807354 0.05829510370325988 0.46373154140553385 0.3962609780692599 0.9180454743154676 -0.01302859733362154 -1.5019345502527703 -0.04837226102046831 0.03504551081127448 0.9982143740378339 -0.018062845531057525
36535719080102 PointCloud6.pcd PointCloud8.pcd 0.4435 0.9876062091084341 0.1458395183871894 -0.05800698757098823 0.13607493374017743 -0.1428768149455678 0.9883562298409003 0.05232760921054588 0.5356262639074381 0.06496300086570896 -0.04339121813540485 0.9969438352822328 0.11902164091511214
36535719080103 PointCloud6.pcd PointCloud8.pcd 0.4435 0.994084600172943 -0.07156185752111113 -0.08169888767375072 -0.0041236583241470726 0.07000946502371769 0.997309966894866 -0.02171415987907533 0.17576646015137393 0.08303302057671272 0.01586601652240987 0.9964204870503304 -0.8372456439097838
36535719080104 PointCloud6.pcd PointCloud8.pcd 0.4435 0.8770846422778299 -0.18230130042599174 0.4443970816098632 0.739350016560862 0.20778983904714798 0.97813342947722 -0.008853074488138227 -1.0632839595355763 -0.4330657144927677 0.10010609373122346 0.8957861669666171 1.1794867253910553
36535719080105 PointCloud6.pcd PointCloud8.pcd 0.4435 0.998529731561215 -0.01225151160234072 -0.052804125328855256 -0.05511698017372879 0.013378111122051293 0.9996892280719275 0.021035052169167363 -0.07222622626182049 0.05253000410331024 -0.02171054445220699 0.9983833186349294 -1.0630493867232411
36535719080106 PointCloud6.pcd PointCloud8.pcd 0.4435 0.9956789778762377 0.00015088846569323447 -0.09286199571407844 -0.11339436593937169 -0.007419881206362838 0.9969306667090901 -0.07793709731477325 0.008444717144558023 0.0925652114901385 0.07828935436979853 0.9926240268168739 -0.2912417306911562
36535719080107 PointCloud6.pcd PointCloud8.pcd 0.4435 0.9615416180329036 -0.27196176727160937 0.03839940016678559 0.23974597852582846 0.2683702890124866 0.9600441092250871 0.07932651711479353 -1.191540186231736 -0.05843889771394014 -0.065970489498807 0.9961088242502762 0.33681431565880005
36535719080108 PointCloud6.pcd PointCloud8.pcd 0.4435 0.940495686336671 -0.33955723475360033 0.01299031595467769 0.8470870566117581 0.33616006242841656 0.9241408352997281 -0.18154924665127026 -1.3060274934383633 0.049641478727341454 0.1751131087554813 0.9832960503997531 -0.276714045945603
36535719080109 PointCloud6.pcd PointCloud8.pcd 0.4435 0.8790556531086016 -0.38294476448842907 -0.2839268675006147 0.761879756021536 0.39098661525042566 0.9199010359623149 -0.03019189842450375 -1.6179721747490758 0.2727464489829805 -0.08447124591458072 0.9583704832583341 -1.1115876629160932
36535719080110 PointCloud6.pcd PointCloud8.pcd 0.4435 0.9895251697894315 -0.14433283950564935 -0.0028230822576086915 -0.01458720445073336 0.14425674820952822 0.9893663685723859 -0.018552070879083827 -0.3230931235226352 0.005470735710079681 0.017950492420160346 0.9998239099324762 0.16964344156742306
36535719080111 PointCloud6.pcd PointCloud8.pcd 0.4435 0.9446297709820974 0.2460132365268165 -0.21714530441138025 0.40252151218134324 -0.2226556950944138 0.9666478679179025 0.12655568296918582 0.15664869896391842 0.24103741870575568 -0.07119962712946096 0.9679006022729256 -1.180986508186316
36535719080112 PointCloud6.pcd PointCloud8.pcd 0.4435 0.900731034241131 -0.33080619736140754 0.2815152993039422 -0.4088429706930352 0.3435577764269269 0.9391216398201483 0.004312757598274111 -1.7104432427022935 -0.2658037964580046 0.09283213564709844 0.9595470475071614 1.2498888602121234
36535719080113 PointCloud6.pcd PointCloud8.pcd 0.4435 0.9998909028564308 -0.012350277952195747 -0.00810265508677227 -0.02888469270114946 0.012362423894201476 0.9999225300629276 0.001450637106132323 -0.6048934662139904 0.008084111603124076 -0.001550647302618875 0.9999661207423636 -0.17261814378743834
36535719080114 PointCloud6.pcd PointCloud8.pcd 0.4435 0.9596519948340426 0.2811899773942005 0.0004954029589651462 -0.06411352743080023 -0.2811857596228118 0.9596447582444864 -0.004062826506706225 1.2105130445397947 -0.0016178369463669927 0.00375959930448925 0.9999916239732634 -0.40921198722238394
36535719080115 PointCloud6.pcd PointCloud8.pcd 0.4435 0.8684949050076998 -0.49529278440151475 0.020041399538481892 0.5926441336844941 0.49442238779690345 0.8684502501875163 0.03661509790303239 -2.3665803298722103 -0.03554015223482955 -0.02189110936053377 0.9991284586628939 0.14275438854934186
36535719080116 PointCloud6.pcd PointCloud8.pcd 0.4435 0.9537909345008886 0.17411696307739505 -0.24487984080488692 0.01898404288440636 -0.23266188643803948 0.9436858480223529 -0.23521366210623404 1.302170021751986 0.19013495171328845 0.281318864299993 0.9405893879509527 -1.2611112669694184
36535719080117 PointCloud6.pcd PointCloud8.pcd 0.4435 0.9964637530418079 0.031285795071945684 -0.07798197163800821 0.03125244441677566 -0.043271832997710334 0.986633792813546 -0.1571028559491367 0.24829509147688966 0.07202456069184432 0.15992172430621537 0.9844986057644134 -1.3070964418666642
36535719080118 PointCloud6.pcd PointCloud8.pcd 0.4435 0.9978088295545005 -0.0659512711044332 0.005288620121291828 0.04905353254010958 0.06579083608620719 0.9974877053816599 0.02626487196825181 -0.2916984577920083 -0.007007535241124064 -0.02585937841751802 0.9996410290687872 0.03881792447667498
36535719080119 PointCloud6.pcd PointCloud8.pcd 0.4435 0.8972194781297138 -0.4305707995955943 -0.09801017600358804 0.5387220400349086 0.4195913022268217 0.9004415726192638 -0.11466522312604945 -1.633141029334154 0.137623933820552 0.0617556542719558 0.9885574803749142 -0.4958920352360361
36535719080120 PointCloud6.pcd PointCloud8.pcd 0.4435 0.9988506204833583 0.03898190164179453 -0.027889949881624687 -0.07187611308922026 -0.039726767769737416 0.9988545614658431 -0.02667112598761928 0.27988033772518767 0.026818312448389288 0.027748448303780256 0.9992551234465364 -0.2737093213620235
36535719080121 PointCloud6.pcd PointCloud8.pcd 0.4435 0.9751319874601251 -0.17740486281360104 0.13283494149565406 -0.28541201256621784 0.214097254309192 0.9089399622141826 -0.3577576145763292 -0.34775755665807956 -0.057271046169348125 0.37730048998135096 0.9243183258653378 0.23013124396094348
36535719080122 PointCloud6.pcd PointCloud8.pcd 0.4435 0.9683175066609735 0.23148349000378476 -0.09368351055304935 0.25477889538015397 -0.23845424522050035 0.9685131905115715 -0.07156656161516961 1.63591559036214 0.07416723825380794 0.09163838530203414 0.993026498694289 -0.62087244081517
36535719080124 PointCloud4.pcd PointCloud7.pcd 0.4145 0.9827102614020101 -0.17976629655986817 -0.04432404264439708 0.1536432141161077 0.17705870724575593 0.9824353527320853 -0.05891512446430741 -0.42268256722187314 0.05413646020617246 0.05004853967232879 0.997278490369171 -0.30157468456778413
36535719080125 PointCloud4.pcd PointCloud7.pcd 0.4145 0.8831889395093495 -0.39073373751165075 0.259430999494137 0.5509687226814877 0.4207632215752546 0.9044495351317207 -0.07020932822373036 -1.264640488058666 -0.2072090936661895 0.17116712526122158 0.9632062119462506 0.7159452730883993
36535719080126 PointCloud4.pcd PointCloud7.pcd 0.4145 0.9917122352926926 -0.12635064611380356 0.023288550779199894 -0.22580992974442804 0.12396745257965104 0.9886500452173338 0.08487142506565816 0.22774556868709012 -0.03374778617454732 -0.08128100834997086 0.9961197139952249 0.2986659550132271
36535719080127 PointCloud4.pcd PointCloud7.pcd 0.4145 0.9245179931148704 0.37990251560197863 -0.030668535115662726 0.036843520811681074 -0.3758541926260046 0.9220964524708376 0.09204215461488521 1.1334403443294274 0.06324639351225107 -0.0735677305616026 0.9952827149748501 -0.059650132720105886
36535719080128 PointCloud4.pcd PointCloud7.pcd 0.4145 0.9999708331525442 -0.007637557935230586 2.3515793631900247e-05 0.003476891302288454 0.007637559654688948 0.9999708306838292 -7.391896663748646e-05 -0.48308437180228825 -2.295054730207461e-05 7.409641393095345e-05 0.9999999969914969 0.008052446106185052
36535719080129 PointCloud4.pcd PointCloud7.pcd 0.4145 0.8879794524912134 0.45833990783015055 0.03764333730760454 -0.15201727862543235 -0.4595474143643773 0.887480697697132 0.034556984330625824 1.9144804553020356 -0.017568890244414357 -0.04798479035341232 0.998693543580972 -0.2362443093305991
36535719080130 PointCloud4.pcd PointCloud7.pcd 0.4145 0.9365091540800077 -0.03967330517746523 -0.3483914941278622 0.5693512035793091 0.09128294440649865 0.9869044255105297 0.13299277787989686 0.17859580528947738 0.3385528443017849 -0.1563511553012232 0.9278665248036186 -1.0072091397987866
36535719080131 PointCloud4.pcd PointCloud7.pcd 0.4145 0.9624858717817621 0.2713247519906425 0.001955908412341988 -0.10172525919559083 -0.27133084452370354 0.962476616681162 0.004281956566467726 0.9438008128069624 -0.0007207153078175813 -0.004652020980140098 0.9999889195737347 -0.10002458971373696
36535719080132 PointCloud4.pcd PointCloud7.pcd 0.4145 0.9836336661807643 -0.03708101463036848 0.1763230248996746 0.32301616106553377 0.04655803061769754 0.9976676005492958 -0.049917017130559085 0.4114084076773799 -0.17406079553072945 0.05730931135682395 0.983065858572566 0.9084543442697253
36535719080133 PointCloud4.pcd PointCloud7.pcd 0.4145 0.9365870839448611 -0.27584529045204464 -0.2161342405152151 0.4648214429721489 0.2295539300006129 0.9489420648986715 -0.21636531766232653 -0.2506383414249934 0.2647822263841277 0.15303049761819665 0.9520882518914892 -1.62698242456937
36535719080134 PointCloud4.pcd PointCloud7.pcd 0.4145 0.9963945430510809 0.08153780529666674 -0.02344143522548757 0.23708936464603658 -0.08027303275855036 0.9954875043206632 0.050605028931543235 0.4668571724718843 0.027461878846367464 -0.048540859580568745 0.9984436038962877 0.17450572524472852
36535719080135 PointCloud4.pcd PointCloud7.pcd 0.4145 0.9305590480009267 0.28900143907410925 -0.22480664224329075 0.2334265593448599 -0.33404415972794177 0.9215080722613854 -0.1980842550753562 1.5528919695153067 0.1499145007504689 0.2594244417363163 0.9540569173244007 -0.3396647709695475
36535719080136 PointCloud4.pcd PointCloud7.pcd 0.4145 0.9729843872978146 -0.21945771466084996 0.07169165607330563 0.3007954404037849 0.20830962428717364 0.968387951358416 0.13722928292892317 -0.9752771722378024 -0.09954136077044926 -0.11858788782876119 0.9879415116069779 0.5963453200832247
36535719080137 PointCloud4.pcd PointCloud7.pcd 0.4145 0.9654986843557888 -0.2237884697729325 -0.13315784356893978 0.5759534448957924 0.24051043694195942 0.9623667115936445 0.12651103563888305 -0.6963841138896852 0.09983496496332696 -0.1541720896048447 0.9829872565591311 0.03420335254169049
36535719080138 PointCloud4.pcd PointCloud7.pcd 0.4145 0.9962586327213764 -0.04407900025327764 -0.07433558007310785 -0.5715025142193384 0.06929794625640695 0.9214049964934247 0.3823749822904166 -0.22145391672439463 0.051638467955372316 -0.38609568007635603 0.9210122661797715 0.5142333522259214
