id source target overlap t1 t2 t3 t4 t5 t6 t7 t8 t9 t10 t11 t12
36535719080000 PointCloud15.pcd PointCloud30.pcd 0.12887787158845473 0.907394274785318 0.40846027122273043 -0.09897392040068208 0.04133177596763334 -0.41716643015109434 0.8467261812770095 -0.3301922826097625 0.5723593596066014 -0.05106661964355182 0.3409031838700053 0.9387104024061278 3.1970930227110657
36535719080001 PointCloud15.pcd PointCloud30.pcd 0.12887787158845473 0.8516653522084463 0.5152588808643046 -0.0957831589483625 -0.10972478629182976 -0.49191093406317643 0.8489661693743884 0.19308049152327755 -0.008545299102746939 0.18080309952198334 -0.11732318163194144 0.9764965490236011 -0.22088097422463707
36535719080002 PointCloud15.pcd PointCloud30.pcd 0.12887787158845473 0.9910275185590658 -0.13365757148944724 -0.00033322995593884836 -1.0434043849757941 0.13363863494318823 0.9909233751989321 -0.014545780655481863 2.6656686970966206 0.0022743590704862007 0.014370736512072808 0.9998941490092433 1.65823192060037
36535719080003 PointCloud15.pcd PointCloud30.pcd 0.12887787158845473 0.9106744542592409 -0.23022238632892714 -0.34303016076235626 -0.5098897638967909 0.3463571047508461 0.8780703154418622 0.3301958163400015 0.056047237801584666 0.22518613267305154 -0.4195118281679824 0.8793753644939752 -0.6835994769816601
36535719080004 PointCloud15.pcd PointCloud30.pcd 0.12887787158845473 0.8993579829504815 0.4184717864180356 -0.12663562877539408 -3.2384716232314292 -0.37658130521759925 0.888587745283814 0.26191284713056157 0.9243485028358356 0.22213000487068552 -0.18786479953287039 0.9567471337990116 -0.7426079675228038
36535719080005 PointCloud15.pcd PointCloud30.pcd 0.12887787158845473 0.8567854979362612 -0.38453463599694515 -0.34358656004682364 2.9849039753454534 0.29186420494487797 0.9109063848103155 -0.2916587800558995 0.6160809199413878 0.4251280941057729 0.14960839491986466 0.8926832762920422 -1.9195858560721133
36535719080006 PointCloud15.pcd PointCloud30.pcd 0.12887787158845473 0.9103471573603606 0.2001197118843149 -0.3622432249211152 -0.5619437034642583 -0.20073701555061216 0.9789702044438289 0.03635917214461029 0.2347376569942499 0.3619015110133476 0.039616154868271816 0.9313741764724364 -0.7277638678073872
36535719080007 PointCloud15.pcd PointCloud30.pcd 0.12887787158845473 0.8655905983232057 -0.5007523309801242 0.00013824777373766664 0.6954114410727794 0.5007523498503966 0.8655905569053239 -0.0002681709101208338 1.3995076727746254 1.4621240883560841e-05 0.00030135411610509373 0.999999954485957 1.4579004669970796
36535719080008 PointCloud15.pcd PointCloud30.pcd 0.12887787158845473 0.9729692199881519 0.22674181469726298 -0.043806922095021975 -0.3280060571455598 -0.22809951181504814 0.973208296275776 -0.02891755124034575 -0.30206317755114154 0.0360764419723449 0.03812822481828098 0.9986214141539438 -0.6007736437512711
36535719080009 PointCloud15.pcd PointCloud30.pcd 0.12887787158845473 0.9664587968296813 0.21350983895428566 0.14272681142742535 0.11416419064315739 -0.21337229624803772 0.9768324683588537 -0.0164496794433411 -0.2043303582586269 -0.14293235191643797 -0.014556010087385038 0.9896254166834901 -0.6866578127702695
36535719080010 PointCloud15.pcd PointCloud30.pcd 0.12887787158845473 0.9928920012058102 0.11331047931117383 0.036417155569774644 -1.149891181876921 -0.10950265428064149 0.9895784092641345 -0.0935079709102875 1.422821399313153 -0.046633063881922086 0.08885554116956869 0.9949522853667142 -2.5004139378000216
36535719080011 PointCloud15.pcd PointCloud30.pcd 0.12887787158845473 0.9922019111433011 0.1219056027914736 0.025969049494121835 -1.6885523297748477 -0.12256159206391974 0.9921365911757365 0.025370072939326617 1.0537425234626392 -0.02267209020663976 -0.02835504290663112 0.9993407666394006 -2.77836698521457
36535719080012 PointCloud15.pcd PointCloud30.pcd 0.12887787158845473 0.966400561234706 0.021795907184108027 -0.25611500087903283 -3.049665605566783 -0.028671387483025865 0.9993209759852717 -0.023141704683147697 2.276293052718337 0.25543669819554793 0.029707328824140018 0.9663692709462004 -0.8976929217662203
36535719080013 PointCloud15.pcd PointCloud30.pcd 0.12887787158845473 0.9876202401223196 0.05904901365192448 0.14532541170582092 -0.09651785749893912 -0.07991190169753395 0.9866078096828698 0.14219394445564063 -0.05575534935110835 -0.13498277396695912 -0.15204684758160877 0.9791125608798407 -0.36224023965129354
36535719080014 PointCloud15.pcd PointCloud30.pcd 0.12887787158845473 0.8481852339025171 0.4827825072592147 -0.21795150762093524 -0.508741981820245 -0.4979426490761608 0.8670386706734299 -0.017235480494224582 0.22445445262110184 0.18065139695210658 0.12314623112932771 0.9758073982799549 -2.718670640075197
36535719080015 PointCloud15.pcd PointCloud30.pcd 0.12887787158845473 0.94634602393166 -0.24721090715611 -0.20812489128355446 -0.095566439243513 0.27152958385669695 0.9574955957122735 0.09733380338920095 -0.10826893864502361 0.17521668892930028 -0.14862352295196007 0.9732472246793212 0.47867055578822343
36535719080016 PointCloud15.pcd PointCloud30.pcd 0.12887787158845473 0.9705734727162945 0.24080502494211162 0.0002720699571453454 -0.9012875265719331 -0.24078907467876945 0.9704948793162048 0.012661387616185012 1.9631056633623367 0.0027848832604918375 -0.01235431842127669 0.999919804405119 -1.0496554937320652
36535719080017 PointCloud15.pcd PointCloud30.pcd 0.12887787158845473 0.9863088633343334 0.16292371928584395 -0.025508582912479323 1.9785308162554807 -0.16482073670656197 0.978965921305566 -0.12024911506472993 -0.6930291984231471 0.005380600304937528 0.12280711142442852 0.9924159725256072 0.7152042440706139
36535719080018 PointCloud15.pcd PointCloud30.pcd 0.12887787158845473 0.971814437580573 -0.19962176387562852 -0.1254107264038353 -1.5762945045247656 0.12473182635852698 0.886799483074638 -0.4450040992078851 1.5825402631641436 0.20004667056269917 0.4168186994434604 0.8867037280800398 1.6149933907609493
36535719080019 PointCloud15.pcd PointCloud30.pcd 0.12887787158845473 0.9750945244997079 -0.19837147787940207 0.09919387609439577 0.15811614701857576 0.19526533181244277 0.9799263552737957 0.04019687092288728 -0.5868405858045967 -0.10517660615776246 -0.019826623609594383 0.9942558958906798 -0.10785984418789282
36535719080020 PointCloud15.pcd PointCloud30.pcd 0.12887787158845473 0.9016732326241752 -0.21869133533216467 -0.37304085757421357 0.029186342020019358 0.15270983035647095 0.9681412782495136 -0.19844942192381354 -2.9180280434583095 0.40455542176760884 0.12196952570225322 0.906343392715145 0.9438172346632056
36535719080021 PointCloud15.pcd PointCloud30.pcd 0.12887787158845473 0.9670254964974369 0.09324179126752559 -0.236997167673179 1.2679727005914037 -0.053346819273811366 0.9840858925814444 0.16949652767991807 0.10699519694632204 0.24902972914343588 -0.1512644187619981 0.9566103018572097 -2.2909531213865266
36535719080022 PointCloud15.pcd PointCloud30.pcd 0.12887787158845473 0.8451105710444273 -0.5345666086700201 -0.005163681244587184 0.0015928130013004502 0.5329316780041403 0.8432078322462093 -0.07060012902495254 -0.05224095369253903 0.042094528013193494 0.05691302604573152 0.997491332382224 0.429695513262252
36535719080023 PointCloud15.pcd PointCloud30.pcd 0.12887787158845473 0.8402868092590106 0.5380699864637164 0.06632320749366011 -0.3889722660529696 -0.5419756074545534 0.8367509101948074 0.07816876110332696 -0.10329505745445883 -0.013435740008606551 -0.1016297395209553 0.9947315602389037 -0.2690800362800679
36535719080024 PointCloud15.pcd PointCloud30.pcd 0.12887787158845473 0.9981619282902224 0.05832488220594418 -0.01646125838468135 -0.8049762587632692 -0.057371473079568476 0.996922627632144 0.0534208628880294 -2.3977202636834503 0.019526366498272406 -0.052378264868970445 0.9984363967628037 1.0180620513898624
36535719080025 PointCloud15.pcd PointCloud30.pcd 0.12887787158845473 0.9912532507473671 -0.08025402964486066 0.10476776034896909 0.2723593589557507 0.07851300001255569 0.9966993111169926 0.020644419292892728 1.273085730603961 -0.1060787524050204 -0.012238216564277538 0.994282416792895 -0.4755401325088835
36535719080026 PointCloud15.pcd PointCloud30.pcd 0.12887787158845473 0.966550259043869 0.0445518125313255 -0.2525781715477475 -0.6783516148697342 -0.04805295728701021 0.9988150569852863 -0.007706830441371062 -0.7466111602289625 0.2519355275426682 0.01958616704852942 0.9675457984106719 0.7055688929874205
36535719080027 PointCloud15.pcd PointCloud30.pcd 0.12887787158845473 0.9942149810290878 0.053957077462899246 0.09287198333724483 -0.002770942291724367 -0.05286387738252884 0.9985008612967362 -0.014192972125707413 0.002461315204280298 -0.09349856664899064 0.009201292373294196 0.9955768951985806 -1.8368524435892697
36535719080028 PointCloud15.pcd PointCloud30.pcd 0.12887787158845473 0.8405542848574555 -0.5417204891062626 0.002721376534555745 -0.5405893078131819 0.5417253891088074 0.8405272472271297 -0.006895611915885202 -0.3893606972868785 0.0014481031325016586 0.007270374904705225 0.9999725219455095 -1.4125789216114282
36535719080029 PointCloud15.pcd PointCloud30.pcd 0.12887787158845473 0.9727552994527818 -0.18577847282405444 -0.13868484568146155 2.963413788948062 0.16333542546223825 0.9737207212585379 -0.1587119900348503 1.318665684315815 0.1645255790921228 0.13173578111855136 0.9775361976916696 1.3655524577574896
36535719080031 PointCloud28.pcd PointCloud13.pcd 0.1526233931122044 0.9656914796711474 0.2557694115882625 0.044966367279823255 -0.0004719863116159282 -0.2564069737270437 0.9116190015652934 0.32125731090394954 0.21708302320991452 0.04117559853467993 -0.3217651380757271 0.9459237633152152 -0.8380465216745133
36535719080032 PointCloud28.pcd PointCloud13.pcd 0.1526233931122044 0.8989788492284471 -0.4365468162713733 0.03555145346149198 -0.5324690643899093 0.4329362728345069 0.8979670950309377 0.07887509052840502 -0.08702545630460237 -0.06635670504223509 -0.05551552436054738 0.9962503772902227 0.7904518243368701
36535719080033 PointCloud28.pcd PointCloud13.pcd 0.1526233931122044 0.9191729221471572 -0.2247218475978255 0.3234520527121076 -0.8686456915198243 0.14584198127454026 0.9570714975876449 0.2504880536138592 -2.8749234550772487 -0.3658568786962642 -0.1830689479883539 0.9124880846307335 0.10944557539962124
36535719080034 PointCloud28.pcd PointCloud13.pcd 0.1526233931122044 0.9662663631852346 0.15508782248308928 0.20561391658697176 0.4887295168013405 -0.08659049895314966 0.9475170120772977 -0.3077557429442296 -1.3990927189185431 -0.24255185191588413 0.27956981085511345 0.9289829492464386 1.3572989304216172
36535719080035 PointCloud28.pcd PointCloud13.pcd 0.1526233931122044 0.991190773083813 -0.09960093195666204 -0.08729550794214741 -2.0749505073475674 0.11126934630005196 0.9837380404779961 0.14099149013494253 0.4255225043169138 0.07183302811014064 -0.14946277820874623 0.9861545994430341 -1.152580803556551
36535719080036 PointCloud28.pcd PointCloud13.pcd 0.1526233931122044 0.962340710819429 0.18929254336089768 -0.1951119917573471 -0.7236792112872711 -0.16685354535681113 0.9779242798037475 0.12579347110317157 0.787369744376874 0.21461652010369328 -0.08850105083152715 0.9726804785232901 -1.923027511020073
36535719080037 PointCloud28.pcd PointCloud13.pcd 0.1526233931122044 0.8287575136220138 -0.028322607337800433 -0.5588906990894075 -0.4065432488242829 -0.019556353707072607 0.996642560899959 -0.07950569056649685 -0.1754697442857414 0.5592660660586709 0.07682080262767667 0.8254211238143218 1.0057199739843277
36535719080038 PointCloud28.pcd PointCloud13.pcd 0.1526233931122044 0.897454269787498 0.06904247906833419 0.43567071249314837 -0.12386830558276128 -0.18588574892541168 0.9548892948008504 0.2315878300368427 2.1438414781610637 -0.4000279015101669 -0.28882446357404246 0.8698034877226805 -2.6420695261572855
36535719080039 PointCloud28.pcd PointCloud13.pcd 0.1526233931122044 0.9332773374649413 -0.14350891070807975 0.3292394325133769 -1.8081092871409246 0.15114918148322903 0.9885080098504215 0.00241648474211913 -2.07847209827905 -0.32580260329116456 0.047509020290250156 0.9442433778850454 1.9836871536047904
36535719080040 PointCloud28.pcd PointCloud13.pcd 0.1526233931122044 0.953304016670032 -0.10466680566571276 0.28329544929722944 -0.5219638160011137 0.07543088999488198 0.9908141116169891 0.1122389284304535 -0.5152016553762598 -0.2924408190307283 -0.08562859342750159 0.9524421826821112 1.6282431510798605
36535719080041 PointCloud28.pcd PointCloud13.pcd 0.1526233931122044 0.9874115665834905 0.009913923608343464 0.15786105376509044 0.13571241135353723 -0.014061912761644434 0.9995840039307825 0.02518097883699097 0.05329618855508679 -0.1575457418866684 -0.02708381812804494 0.9871402159819982 1.1478210034841954
36535719080042 PointCloud28.pcd PointCloud13.pcd 0.1526233931122044 0.9873126178343551 -0.14640269456942026 0.06148207615139446 -2.103558703608563 0.1466115593130847 0.9891935026167221 0.0011247473703099964 1.840627027630714 -0.06098233630206917 0.00790350578377869 0.9981075539517108 0.5201903427964485
36535719080043 PointCloud28.pcd PointCloud13.pcd 0.1526233931122044 0.892244171869628 0.39816164734183196 0.21299680831111117 0.1229254168313156 -0.38556681696261536 0.9172906169810989 -0.09957988579904982 0.6250577583329313 -0.2350288650825652 0.006725071335933863 0.9719651259142623 -0.37255692509268135
36535719080044 PointCloud28.pcd PointCloud13.pcd 0.1526233931122044 0.9811838530504241 0.19273237389534909 -0.011509933352853295 -0.5426423047471081 -0.19191644254762885 0.9800808082047774 0.05108511004718429 0.08351260059413404 0.021126419312946558 -0.04791493964656131 0.9986279752568922 -0.77203417017833
36535719080045 PointCloud28.pcd PointCloud13.pcd 0.1526233931122044 0.8440572979799431 0.3546809498385984 -0.4022048005039062 -0.04681446570746977 -0.30902561876719853 0.9346785405450201 0.17572476430537926 -0.0008452821200529214 0.4382584222491878 -0.024030182400903488 0.898527743401077 -1.7703211593678283
36535719080046 PointCloud28.pcd PointCloud13.pcd 0.1526233931122044 0.9887605537817165 -0.00038453189449127925 -0.14950725541088505 -1.2028228907010274 -0.012478438945966588 0.9962952853372206 -0.08508814827164918 0.6443327278307808 0.1489860927964261 0.08599742176396039 0.9850926797023751 -0.35057726791333704
36535719080047 PointCloud28.pcd PointCloud13.pcd 0.1526233931122044 0.907761142251565 0.39640895987675 -0.13722115415477035 -1.4175531780389485 -0.40096329823954163 0.9160737105372132 -0.006114763073943891 -1.4107565262445358 0.12328074498072454 0.06057139087073429 0.990521561867778 1.5607148921107208
36535719080048 PointCloud28.pcd PointCloud13.pcd 0.1526233931122044 0.9318493304921694 0.3530706618043941 0.0836536492587299 1.6086322095551764 -0.2729091765944755 0.8339299808188625 -0.4796679772738398 2.069979055714861 -0.2391179763042102 0.4241484349428377 0.8734533178961086 -0.5945175074589505
36535719080049 PointCloud28.pcd PointCloud13.pcd 0.1526233931122044 0.9920958845238863 -0.09943331224772521 0.07654261771205571 0.1233015127818988 0.09727350319959814 0.9947604818234465 0.03145551426478968 1.2496468760681037 -0.07926929724707603 -0.02376131767876097 0.9965700067211152 0.12248925246470146
36535719080050 PointCloud28.pcd PointCloud13.pcd 0.1526233931122044 0.8636242324260198 -0.45034935739941073 -0.22658032009975138 0.043175285809444096 0.48730008259649826 0.8608995021377503 0.14625551859816938 -0.2917909942016131 0.1291968059512849 -0.23672241868676336 0.9629489507876701 -0.44277713677853
36535719080051 PointCloud28.pcd PointCloud13.pcd 0.1526233931122044 0.927055710536186 0.3743030448659377 0.021562471248331536 -0.5882568483268319 -0.3748351055046585 0.9240532925814178 0.07499437412734501 1.272824860300892 0.008145750030467632 -0.0776063339781519 0.9969508030404071 -1.411856286761461
36535719080052 PointCloud28.pcd PointCloud13.pcd 0.1526233931122044 0.9995555886976726 -0.029809499662731623 0.00013723376711351123 0.10211758737808618 0.029702522190075457 0.9963376118996693 0.08018181395810384 -0.0034655614998582184 -0.002526910919939177 -0.08014210406472683 0.9967802455292145 -0.5201109550445991
36535719080053 PointCloud28.pcd PointCloud13.pcd 0.1526233931122044 0.9541754205125862 0.09855368280485163 -0.2825534259131004 -1.2963828940273556 -0.18746602679158123 0.9328333254638316 -0.3076986767977191 -1.8386073085175385 0.23325041412312086 0.3465676824369084 0.908562097933709 -2.167760486171414
36535719080054 PointCloud28.pcd PointCloud13.pcd 0.1526233931122044 0.9307491959806231 0.35365965426031953 0.0929020082123896 -1.3458720658700154 -0.34917374197559525 0.9350498608404444 -0.061314400078823855 0.7092033406151316 -0.10855243938384847 0.024629386730832 0.9937855710429082 1.8747435997952588
36535719080055 PointCloud28.pcd PointCloud13.pcd 0.1526233931122044 0.9031515174286681 -0.4118616129633499 -0.1211913707056823 -0.2757374853280628 0.3946248378205546 0.907571625405527 -0.1434746741898049 0.00997906288223286 0.16908156002768399 0.08175424469712544 0.9822055128803784 3.1545663265652824
36535719080056 PointCloud28.pcd PointCloud13.pcd 0.1526233931122044 0.9975785401153046 -0.0673904198927458 -0.017192661460551376 -0.7543260199115863 0.06926399570810482 0.98501162969622 0.15797021321041618 -1.9238389566002772 0.006289292485276577 -0.15877852710576493 0.9872941933031707 -2.380582414670322
36535719080057 PointCloud28.pcd PointCloud13.pcd 0.1526233931122044 0.9307092308011731 0.3518514958366833 -0.09990421702299196 1.7059147494196478 -0.288726887062167 0.874433920192349 0.3898744719835233 -0.13835171045891068 0.22453755229110184 -0.33401473634336687 0.9154327083497681 1.1856599035601798
36535719080058 PointCloud28.pcd PointCloud13.pcd 0.1526233931122044 0.8409076034048996 0.5370014038471668 -0.06711106318633381 0.09202740139759993 -0.5126690525100334 0.8301780126906355 0.21903175533125688 -0.032774152494370094 0.17333448916558036 -0.14977970326849685 0.9734070039580095 0.3128476361909277
36535719080059 PointCloud28.pcd PointCloud13.pcd 0.1526233931122044 0.9481088728564672 0.03327599894007359 -0.31619973609315266 -2.8617911412167882 0.10664062740713258 0.9036185764144052 0.4148508707294906 0.8235810624107733 0.29952853252578837 -0.42704352969380494 0.8531802165718588 -0.5291569891310434
36535719080060 PointCloud28.pcd PointCloud13.pcd 0.1526233931122044 0.9776511967415414 0.20408503661621005 0.05047212437764176 0.19407298135380346 -0.20367811512969766 0.978949818205826 -0.013133120421050635 0.3211476821171366 -0.05208995034596946 0.002559543736761193 0.9986391169030052 -0.26171354631326826
36535719080062 PointCloud3.pcd PointCloud14.pcd 0.15227342668102786 0.9889976946776017 -0.10370965765807613 0.10548870475474656 -0.006231394604248411 0.09027881021446371 0.9880432512232662 0.12498107912167611 1.338277488231567 -0.11718914774265696 -0.11408260437333323 0.9865352822026932 -1.9221059602786887
36535719080063 PointCloud3.pcd PointCloud14.pcd 0.15227342668102786 0.9722264483012844 -0.23389284263060708 -0.008358910792935222 -0.8985431131892632 0.2047399034571051 0.8326567330004603 0.5145525599211178 -0.7370851888311838 -0.11339005757051829 -0.5019730103851943 0.8574180961986867 -3.108339747949927
36535719080064 PointCloud3.pcd PointCloud14.pcd 0.15227342668102786 0.9993881239074426 -0.034865588454775616 -0.0027872090815409204 -0.24400749477705289 0.03491528125474678 0.9991821619262476 0.020394372343654127 -0.9131076067597361 0.002073867802907225 -0.02047920970379212 0.9997881280762659 0.14867205691219287
36535719080065 PointCloud3.pcd PointCloud14.pcd 0.15227342668102786 0.9757904327500032 0.14840927469346835 0.16064780900628645 -0.33862296673032116 -0.13686136797037377 0.9872919663558828 -0.08076842902033304 -1.117788697812635 -0.17059307521361933 0.05682658140424501 0.9837015514550475 1.2080249605715847
36535719080066 PointCloud3.pcd PointCloud14.pcd 0.15227342668102786 0.9976723094128084 0.006745990885423521 0.0678561319107354 0.7099477318628548 -0.006829823007679026 0.9999761729464292 0.001003522344953892 0.046392988174875714 -0.0678477453464529 -0.00146463182637355 0.9976946117450048 -3.0343416349505965
36535719080067 PointCloud3.pcd PointCloud14.pcd 0.15227342668102786 0.9745020744551722 -0.22398879693089724 0.013218386135051337 0.402392410667353 0.21093857064318605 0.9346222942791697 0.28633212612515363 -0.6137994985341114 -0.07648938682964876 -0.2762429834145848 0.9580392412717935 0.04954225432284798
36535719080068 PointCloud3.pcd PointCloud14.pcd 0.15227342668102786 0.8822584694753653 -0.32145936905403355 0.3439242170687732 0.23049943722003235 0.276792270153241 0.9451597148585891 0.1733757554903395 -0.33314176319414696 -0.3807965759068761 -0.05776666387990036 0.922852631963406 -0.6853931537672003
36535719080069 PointCloud3.pcd PointCloud14.pcd 0.15227342668102786 0.8845265058573369 -0.45878130761435953 0.08445455712671097 0.07568108214714732 0.4661482669210587 0.876200626850277 -0.12238568034568069 0.0871189450314603 -0.017850873432522285 0.14762172364133977 0.9888827903380947 1.1947686627985907
36535719080070 PointCloud3.pcd PointCloud14.pcd 0.15227342668102786 0.9957155569695948 0.090469884760312 -0.019124057105782796 0.82715927940704 -0.07600229396757759 0.9185083481004573 0.3880284342434648 0.49560661153348945 0.052670493830941925 -0.38491247631276493 0.9214489701868356 -0.4232867647044007
36535719080071 PointCloud3.pcd PointCloud14.pcd 0.15227342668102786 0.9868182766827007 -0.1616817662425728 -0.0069781996006858665 0.6348525668386162 0.1615450688255911 0.9867185503282182 -0.01702037532826033 0.2644253179100613 0.009637403339074348 0.0156687237151551 0.9998307914612444 0.6139021882357814
36535719080072 PointCloud3.pcd PointCloud14.pcd 0.15227342668102786 0.9955196537684482 0.09292651864565839 -0.017472295016599425 -3.5150835729944414 -0.0927486867876091 0.9956317492419589 0.010728513437153753 0.5130100166350388 0.018392935054606308 -0.009059913564450166 0.9997897868583584 -0.9481054573264042
36535719080073 PointCloud3.pcd PointCloud14.pcd 0.15227342668102786 0.8800798359470181 -0.47445294725563014 -0.018811783538945054 0.9046511478113861 0.46724080952105274 0.8723944668249362 -0.1435754859693914 -1.2035749426791773 0.08453110834232119 0.11756825716868387 0.989460558399746 3.333353228823904
36535719080074 PointCloud3.pcd PointCloud14.pcd 0.15227342668102786 0.9645481388195387 -0.16885379214076177 -0.20281835414835658 0.42550503227724124 0.04283803390939944 0.8585055756288396 -0.5110118193006615 0.11989906604699675 0.2604069713938951 0.4842071596887837 0.8353033196124506 1.8243419491307347
36535719080075 PointCloud3.pcd PointCloud14.pcd 0.15227342668102786 0.9999303506664396 -0.003501386696455085 -0.011270940834412477 -3.5786595612471976 0.004071763876346363 0.9986909917984831 0.0509874851262293 -0.9879719802794368 0.011077660178314738 -0.05102982649161234 0.9986356904563394 0.5211919811354494
36535719080076 PointCloud3.pcd PointCloud14.pcd 0.15227342668102786 0.9341227633803384 -0.2830132851351668 0.21752733936606924 -0.182052642168241 0.3256161878905263 0.9252940124659195 -0.19443530718046098 0.04509388222693568 -0.14624896963165843 0.25245686944846546 0.9564919068920337 0.08262854343453714
36535719080077 PointCloud3.pcd PointCloud14.pcd 0.15227342668102786 0.9368027100863682 0.09741456340314865 0.3360224474820244 -0.6674960321842733 -0.2149678651997381 0.918034088687297 0.3331699700446476 -0.700377351274184 -0.2760244541816959 -0.38434855905162185 0.8809578229680685 -2.2117228944786467
36535719080078 PointCloud3.pcd PointCloud14.pcd 0.15227342668102786 0.8981990919170095 0.4242638634813579 0.1150589649846173 0.048853272818159245 -0.42288484664294046 0.9054127735982224 -0.03736463414715787 1.1684911513275076 -0.12002832065490378 -0.01509581230162686 0.9926556899004396 -0.2539827230945016
36535719080079 PointCloud3.pcd PointCloud14.pcd 0.15227342668102786 0.9823367283066927 0.18019342985107184 -0.05044680424179325 -1.4408559188812478 -0.18113163750745204 0.983349721724851 -0.014651098167958808 2.2810465226970713 0.04696681928310617 0.023529824099746723 0.9986192794374956 2.0824979931619176
36535719080080 PointCloud3.pcd PointCloud14.pcd 0.15227342668102786 0.9995092934124904 -0.026137794856943074 0.01726233072561954 0.24450258392549723 0.026169645525522308 0.9996562006889401 -0.0016217512824013114 0.04412751606367474 -0.017214006945880395 0.0020727045543975304 0.9998496796322422 -2.171874151888168
36535719080081 PointCloud3.pcd PointCloud14.pcd 0.15227342668102786 0.8695745502986943 -0.4887303195383044 -0.07058878265567788 -0.6518274908234777 0.48857705868015916 0.8722774849739541 -0.020602110060810374 -1.0490527998995507 0.07164188163545095 -0.016572989214390748 0.9972927237397413 1.802561077469424
36535719080082 PointCloud3.pcd PointCloud14.pcd 0.15227342668102786 0.9172483720765464 0.2635244431553671 0.2986809196828266 0.21411553906313668 -0.3216981182770304 0.9322868896358076 0.16538281685292808 -0.38297502012785617 -0.23487389088603097 -0.2477822093550001 0.9399139493098353 -0.03632403499266795
36535719080083 PointCloud3.pcd PointCloud14.pcd 0.15227342668102786 0.9730382095083818 0.22985996657604907 -0.019001015824943592 -1.3101170102925825 -0.22982920633254872 0.9732234938845352 0.003816656616542278 0.4986009225373313 0.019369531570817614 0.0006532356660903672 0.9998121796266993 -0.16693580347789388
36535719080084 PointCloud3.pcd PointCloud14.pcd 0.15227342668102786 0.9977881204947083 -0.06379656572135588 -0.018677922844854925 0.5682248558530751 0.06324461794327736 0.9975828675093 -0.028784383841438846 -0.10142170806968874 0.020469120666176923 0.027539438158450655 0.9994111238349663 -1.9312161891367567
36535719080085 PointCloud3.pcd PointCloud14.pcd 0.15227342668102786 0.914270055278483 -0.38215033880374005 0.13442985000834626 -1.0092603287953288 0.38730095987185165 0.9218549687666867 -0.013467852186359357 0.403039040554331 -0.1187780809047785 0.06437806390656675 0.9908315862871047 -3.4642557122632396
36535719080086 PointCloud3.pcd PointCloud14.pcd 0.15227342668102786 0.9476419994816877 -0.2901005328936894 -0.13347779453207284 0.030269705096702775 0.30426640075486244 0.94714849487655 0.10164490161718492 0.17617859681908202 0.0969360520654222 -0.13693578592859942 0.9858255384915154 -0.2613788186213123
36535719080087 PointCloud3.pcd PointCloud14.pcd 0.15227342668102786 0.9985321112449765 0.04992172800632753 -0.021010566044543162 0.019776574549367505 -0.04981145275742311 0.9987421452375002 0.0057399042318882305 -0.3282988427628812 0.02127068374182791 -0.0046849118730768495 0.9997627766694941 -1.0919101411687773
36535719080088 PointCloud3.pcd PointCloud14.pcd 0.15227342668102786 0.9996372590631084 0.02689117506790912 -0.001488286351129851 -0.0980361034670523 -0.02693102625457232 0.9986048724863765 -0.045420573216806336 -1.5754445273248834 0.00026479741583531637 0.04544417839432011 0.9989668445611164 3.532766502433686
36535719080089 PointCloud3.pcd PointCloud14.pcd 0.15227342668102786 0.9750034162783802 0.22189138590452992 0.011513084159100883 0.4076856780296756 -0.22172606162123445 0.9750073787052977 -0.014077111499185 -2.2022542865462618 -0.014348931786865195 0.011172480995325787 0.9998346282385827 1.2413967198208615
36535719080090 PointCloud3.pcd PointCloud14.pcd 0.15227342668102786 0.9095530095405948 -0.4152978011268706 -0.015526081760477171 0.11030570499297611 0.40024682949787865 0.8854229945056874 -0.23628075731527037 0.16120638805390766 0.11187402876692534 0.2086956089134792 0.971560777567564 -0.8681045972175716
36535719080091 PointCloud3.pcd PointCloud14.pcd 0.15227342668102786 0.870657649398255 -0.41664802562016184 -0.2614568421195478 0.8151870288489804 0.4080141225817074 0.9086053593599356 -0.08922318485843084 -0.6533642211669275 0.27473575180195364 -0.028995235629723923 0.9610824850097893 -0.8921005076079352
36535719080093 PointCloud4.pcd PointCloud13.pcd 0.10354934055289237 0.9716263075299365 0.23028340331726546 0.0539617704709461 -0.004971640491906953 -0.23248207098374754 0.9718295865022117 0.038721330943655784 -0.5335151915462423 -0.04352476521302761 -0.05016780796046413 0.9977919551978723 1.2998108081301503
36535719080094 PointCloud4.pcd PointCloud13.pcd 0.10354934055289237 0.9122201370911981 -0.07095965058795689 0.4035085494431942 -0.54795264124543 0.07884002035489293 0.9968829846448711 -0.0029267927793928325 -1.5128930146848214 -0.40204312290568495 0.03448250156193001 0.9149711932133577 2.5317994691056778
36535719080095 PointCloud4.pcd PointCloud13.pcd 0.10354934055289237 0.9817076870362488 -0.16656260394802241 0.09223294519851777 -0.4450798803000241 0.1757577584803584 0.9790682858022058 -0.10263772245276216 -1.3178493529038346 -0.07320674523497511 0.11697089681790283 0.9904335322219846 0.6317355079913657
36535719080096 PointCloud4.pcd PointCloud13.pcd 0.10354934055289237 0.9983779310328588 0.009122608982519648 -0.05619861948393554 1.3473797804070835 -0.011988454490393758 0.9986332865861771 -0.050870776296630185 -0.8450553063435751 0.055657737876057135 0.051461994981171155 0.9971228005050721 3.349281698301034
36535719080097 PointCloud4.pcd PointCloud13.pcd 0.10354934055289237 0.845797382504276 -0.09991405209888626 0.5240648528017277 -3.252980245164534 0.02820433192853842 0.9893071430184998 0.1430939985919695 0.24539048445562628 -0.5327582035120438 -0.10624763040065781 0.8395714011475528 1.9529857992606612
36535719080098 PointCloud4.pcd PointCloud13.pcd 0.10354934055289237 0.9304605153900614 0.36596866441224096 -0.01761152941632147 -1.801331551607461 -0.3652209711162042 0.9302543964308622 0.035219315410565714 0.09371827558198792 0.0292723684897227 -0.02633808249232958 0.9992244161616693 1.349702529020552
36535719080099 PointCloud4.pcd PointCloud13.pcd 0.10354934055289237 0.9602805050838289 0.14560302557141436 -0.23803594371522255 0.18053857914935065 -0.04654009048245901 0.924689283651306 0.37786736916320157 -0.15794980635059266 0.2751279184921644 -0.3517804537561528 0.8947374703348934 2.872887932164251
36535719080100 PointCloud4.pcd PointCloud13.pcd 0.10354934055289237 0.99318680778349 0.11649823046180995 -0.002850814639359033 1.0971826716111508 -0.11650269317525423 0.9931893138724135 -0.0014523403723439355 0.7347508413719798 0.0026622035522361146 0.0017745728814521269 0.9999948817685693 -1.2918134657498042
36535719080101 PointCloud4.pcd PointCloud13.pcd 0.10354934055289237 0.8344698582908558 0.5496179592780224 -0.039751156500168625 -1.1489478834602 -0.5510440267973857 0.8327063393245948 -0.054319729192575335 0.667486138443026 0.0032459413058164126 0.067232814069432 0.9977320344548151 1.1228360034990728
36535719080102 PointCloud4.pcd PointCloud13.pcd 0.10354934055289237 0.9793352154965435 -0.034791531156130644 0.19922872545933365 -2.2080825054537656 0.022009985891828468 0.9975758674180077 0.06601476551689596 0.19991118832192553 -0.20104252338592463 -0.06026556317683619 0.9777269382018675 2.611354155023281
36535719080103 PointCloud4.pcd PointCloud13.pcd 0.10354934055289237 0.8304226555553684 0.5556521259761138 0.040606994946623454 -1.0799361884280834 -0.5529821174650413 0.830923533867518 -0.06145615208418925 -0.9369030181270173 -0.06788954930067993 0.028579638964490953 0.9972834167539386 1.0138428681545637
36535719080104 PointCloud4.pcd PointCloud13.pcd 0.10354934055289237 0.9908838310258804 -0.12023191489727308 0.06077433711369997 -2.7450186479142946 0.11352953290564544 0.988100478259333 0.10377133526125423 -1.3590345627086142 -0.07252777791784837 -0.09592565612917403 0.9927426604747511 -1.4594011220986018
36535719080105 PointCloud4.pcd PointCloud13.pcd 0.10354934055289237 0.953937061791392 0.09062330912617247 0.28599212923405426 0.12009610310706872 0.03163134048517177 0.9175901044818469 -0.3962674077641315 0.014360442197386287 -0.2983346115352976 0.3870604810620887 0.8724566714514065 0.7467138026495496
36535719080106 PointCloud4.pcd PointCloud13.pcd 0.10354934055289237 0.8821329602760299 -0.25230640459493353 0.3977221625645543 -1.0501687606440224 0.3371728344001313 0.9278833104190937 -0.15920754375432578 2.4985479615915573 -0.3288706738783951 0.2745433307259195 0.9035873169852976 -1.4769911942706553
36535719080107 PointCloud4.pcd PointCloud13.pcd 0.10354934055289237 0.9979618315761699 0.05958796677181415 0.022835431529477448 0.06861970713040838 -0.05761013306916574 0.9951920055716593 -0.07920823577136031 1.4943772007966225 -0.027445496623112808 0.07773124379719883 0.9965965073453003 2.9835072813228383
36535719080108 PointCloud4.pcd PointCloud13.pcd 0.10354934055289237 0.9988041001464678 0.02597718257649427 0.04141926503442611 0.6310206254289373 -0.029047897101661724 0.9967342009233663 0.07534688038419121 0.13486922033133905 -0.039326698368612426 -0.07645991560972212 0.9962967891649447 0.2942075703614076
36535719080109 PointCloud4.pcd PointCloud13.pcd 0.10354934055289237 0.9748859148714272 0.1883392175338862 -0.11885197568414187 -2.2105380123161904 -0.1995910714399821 0.9756346090906196 -0.09110715529547475 1.500161127527797 0.0987970504961576 0.11254087561111867 0.9887232646852921 -2.296330247775288
36535719080110 PointCloud4.pcd PointCloud13.pcd 0.10354934055289237 0.8467888832501145 -0.4888173038457465 -0.20977662087324972 0.10028144922784692 0.520301598901009 0.8431549777226983 0.1355578464069481 -0.4795093839681714 0.11061118110334757 -0.22393598862713274 0.9683066867540011 1.9015851665918218
36535719080111 PointCloud4.pcd PointCloud13.pcd 0.10354934055289237 0.9927949599210218 -0.005387908666250982 0.11970437751235677 -1.739705563492253 -0.008722667022093667 0.9930886092994945 0.11704242461440072 3.1613866446003076 -0.11950766768470703 -0.11724327068024047 0.9858863691342737 0.5503860430425775
36535719080112 PointCloud4.pcd PointCloud13.pcd 0.10354934055289237 0.9380808203922363 -0.2799294358698682 0.20406833499052818 0.16420625997320815 0.22096325924978033 0.9372040941553204 0.26985871110679355 -0.24428775944274927 -0.2667950758052769 -0.20805767669586928 0.941027306029944 0.1729968071856109
36535719080113 PointCloud4.pcd PointCloud13.pcd 0.10354934055289237 0.9836195015034691 0.18025623108493002 -0.0006061494233722585 -2.346982609424932 -0.17986629873658513 0.981701977063967 0.0625247375644237 -1.045592194318075 0.01186553163025809 -0.06139152534149038 0.9980432304140822 -1.2365101340075213
36535719080114 PointCloud4.pcd PointCloud13.pcd 0.10354934055289237 0.9626804471183181 0.12360806364232028 -0.24076420693008196 1.7692874849976767 -0.16001527630180643 0.9774199817295597 -0.13800467624629226 0.8140605247645037 0.21826925593434313 0.1713803545287017 0.9607222834906479 0.9705401220342622
36535719080115 PointCloud4.pcd PointCloud13.pcd 0.10354934055289237 0.9478241691833956 0.24077269646645466 -0.2089446169397005 -0.04269907795664566 -0.2879069421108656 0.9279384231659159 -0.2367274286953756 3.2437126221573203 0.13689023703747605 0.2845325841597513 0.9488425957740291 -2.298111539404043
36535719080116 PointCloud4.pcd PointCloud13.pcd 0.10354934055289237 0.9222153513216771 -0.3801633195337044 0.07067316511767387 -0.20504831405118748 0.37497936861381564 0.9238682739195545 0.07653682485501401 0.0301416217348589 -0.09438918847314888 -0.04408245598894713 0.9945589063365542 0.5107781507714793
36535719080117 PointCloud4.pcd PointCloud13.pcd 0.10354934055289237 0.8473841984728651 -0.5304005340543028 -0.02480511345287794 1.8831291938307433 0.5308796521085624 0.8472079741361598 0.02013562855228651 -0.003679109676608321 0.010335141778978487 -0.030231143461903906 0.9994895011001337 -0.9739549131478147
36535719080118 PointCloud4.pcd PointCloud13.pcd 0.10354934055289237 0.9987252606238527 -0.022309433431017024 -0.0452785045226162 -2.2295996316868005 0.027052542251520685 0.9938906332555667 0.10700265924068607 2.306231367276098 0.04261471282957617 -0.10809115739428322 0.9932272086202719 -0.7311430210162667
36535719080119 PointCloud4.pcd PointCloud13.pcd 0.10354934055289237 0.9801640672398452 -0.12577374133040248 0.15316451052250046 -0.32827343587449376 0.12024029935065868 0.9917285971233626 0.04490723838971939 -1.380405721524154 -0.15754577653465718 -0.025599914833454106 0.9871798076625209 1.8286164002032284
36535719080120 PointCloud4.pcd PointCloud13.pcd 0.10354934055289237 0.874401810089174 -0.3721975601867238 0.3112723095680468 0.19405210404780193 0.36431666951641817 0.9273469019688734 0.08544640262291577 -0.07452316942664017 -0.32046035452960603 0.038687202015428426 0.9464715851915346 0.02195817085072093
36535719080121 PointCloud4.pcd PointCloud13.pcd 0.10354934055289237 0.8990672466241965 -0.2831651894102532 0.33390951102632815 0.7920621267352899 0.35320207292601663 0.9197849913404151 -0.17100837811545078 -0.656389569610881 -0.25870133692803177 0.27168556312613956 0.9269630915308771 -0.3653389722587848
36535719080122 PointCloud4.pcd PointCloud13.pcd 0.10354934055289237 0.9170571521403399 0.34112377350404655 -0.2064963700857939 1.6177584857371154 -0.26585784822596314 0.9090106871342184 0.3209660032035115 0.062185087846312444 0.29719654144170315 -0.23944548821419814 0.9243051844109467 -0.6759250257069779
36535719080124 PointCloud24.pcd PointCloud12.pcd 0.1350804579403298 0.936173524713963 0.3449462482065466 -0.06775852324883044 -1.3816447398974059 -0.30898606743988555 0.8993467541385588 0.30935905667762975 0.5338755376730823 0.16765065389872255 -0.26867731885789314 0.9485282054734401 -1.8998739207553044
36535719080125 PointCloud24.pcd PointCloud12.pcd 0.1350804579403298 0.9592271358904884 0.08444350649413818 -0.2697268914704374 -0.0766854636885623 -0.20708781796696868 0.8594508893100312 -0.4673957686092979 0.1301137020539015 0.19234847912320568 0.5041958578520565 0.8418958364927449 -0.3415295602275516
36535719080126 PointCloud24.pcd PointCloud12.pcd 0.1350804579403298 0.9842669849342109 0.17659535254469985 -0.005708224604099526 -0.7777184025069525 -0.17661914065961512 0.9824729707158342 -0.05960319593329371 -1.2141352907684713 -0.004917471014327946 0.059673639677974157 0.9982058280767582 -1.2409825559745107
36535719080127 PointCloud24.pcd PointCloud12.pcd 0.1350804579403298 0.9922431447952289 -0.12236633524533094 0.021909395370521313 -0.7851432632646601 0.12247396717636735 0.9924650694322582 -0.003635013191882851 -0.14848827760870417 -0.02129950635476409 0.006290147490349264 0.999753352119208 -0.8478126893176892
36535719080128 PointCloud24.pcd PointCloud12.pcd 0.1350804579403298 0.9746886440039993 -0.22355495155523464 0.002287112761046723 -0.8171031261463378 0.22342442752302066 0.9743824634978321 0.025697081816939322 -0.99910586391057 -0.007973232447102805 -0.024535656971694953 0.9996671591591433 -2.8026671863812926
36535719080129 PointCloud24.pcd PointCloud12.pcd 0.1350804579403298 0.8798879613806521 -0.47438088387734406 0.027567234702629714 1.0834583880262936 0.44142448678322327 0.8374799832334316 0.3221361515749185 2.318327780402954 -0.17590223956950635 -0.27127486926562283 0.9462918933496953 -0.20556125734829367
36535719080130 PointCloud24.pcd PointCloud12.pcd 0.1350804579403298 0.986320707831561 -0.02979255545769049 0.1621229932549629 0.21139910384202823 0.04560749682409086 0.9944587677085874 -0.09471914041500867 3.259550515279172 -0.15840270684583915 0.10081747351931622 0.9822140395540541 -0.2772843006165685
36535719080131 PointCloud24.pcd PointCloud12.pcd 0.1350804579403298 0.9989180634152499 -0.04650411836482065 -0.00026373819887417073 -0.21651028307246029 0.04650021243909453 0.9988822676275007 -0.00848207889973524 -0.16066133956708692 0.0006578950112844596 0.008460637945982926 0.9999639917415533 0.5850578436668591
36535719080132 PointCloud24.pcd PointCloud12.pcd 0.1350804579403298 0.86177078024571 0.5056215549534598 -0.04120637670489374 -3.3850357433877614 -0.5069240178450013 0.8614080050916741 -0.031690517443914504 -0.8902851431949704 0.019472094047146754 0.048198463984111886 0.9986479588037975 -1.6930992334178245
36535719080133 PointCloud24.pcd PointCloud12.pcd 0.1350804579403298 0.9975087747803791 -0.06537232535402397 -0.026508551713633532 -0.5626490902372705 0.06097832970685717 0.9880012599499779 -0.14189839196910572 0.3167712773475846 0.03546671033953628 0.13992844390996342 0.9895262215033149 2.818163106738743
