id source target overlap t1 t2 t3 t4 t5 t6 t7 t8 t9 t10 t11 t12
36535719080030 PointCloud2.pcd PointCloud26.pcd 0.6073 0.5873344287010076 -0.6246538711982869 -0.5146317227488555 8.17469960187117 0.6997962898166786 0.7113949869980473 -0.06482534406279114 -4.005685290623807 0.40659982983428805 -0.322063213781149 0.8549572297534456 -2.6344062551471135
36535719080061 PointCloud4.pcd PointCloud27.pcd 0.6033 -0.8879273101752853 -0.3811661682215039 0.2574829004967503 6.660256956711237 0.3355707686557286 -0.15392090951516132 0.9293549444845223 -0.11559114901808698 -0.31460666087781214 0.9116033708896442 0.2645788032211795 -3.127950873871138
36535719080092 PointCloud0.pcd PointCloud25.pcd 0.6249 0.058338946687096105 -0.8618446768580451 -0.5038058358841152 2.1540002400921154 0.9340982560133727 0.22518114180621635 -0.2770449448873312 1.3597680373999852 0.3522172843745972 -0.454441642399 0.8181844402342809 4.296723813790545
36535719080123 PointCloud28.pcd PointCloud22.pcd 0.6019 -0.17566501675591945 -0.9822474243196563 -0.06581640605155532 0.12838961661974324 0.9596056722598846 -0.18577370887501127 0.21129383061858945 -2.9289288908313744 -0.21976977875676446 -0.026040862278795374 0.9752041416221422 3.278164912354
36535719080154 PointCloud0.pcd PointCloud24.pcd 0.6044 -0.7536816851326307 0.6409042368058637 -0.14562169048576393 -5.844010766689692 -0.6527344862324918 -0.755809329772902 0.0518647039039249 10.122577928681094 -0.07682192381373512 0.1341417767607471 0.9879799470379076 2.316119152405514
36535719080185 PointCloud20.pcd PointCloud15.pcd 0.6023 -0.5333829418726359 0.40552161682631915 -0.7423306915424288 5.598586815899632 -0.08983309089736632 -0.8997839430944117 -0.42698813979933736 -5.825531548837842 -0.8410901575331375 -0.16106232966165912 0.5163586668826634 4.363331160551776
36535719080216 PointCloud3.pcd PointCloud26.pcd 0.6242 0.7516550866062062 -0.6182299253312713 -0.22979641033729753 1.7338209227505796 0.19207242030294153 0.5384871840806804 -0.8204509357297546 3.4905686806856733 0.6309697426485577 0.5725585664416789 0.5235015490485799 6.374473179065758
36535719080247 PointCloud5.pcd PointCloud23.pcd 0.6257 -0.6028856084650411 -0.7908561564071876 -0.10524012057474515 4.620578030384951 0.7828787622285407 -0.5610048248178476 -0.2690249620065099 -4.852095103042192 0.15371983202321401 -0.24458153324391815 0.9573662239910122 2.452330059275722
36535719080278 PointCloud25.pcd PointCloud3.pcd 0.6186 -0.37836799792229736 0.5750999852111935 -0.7253259027212229 4.870365782119136 -0.8364804728392115 -0.5479935885992819 0.0018561823105202047 -1.162006987771475 -0.3964064539168872 0.6074232740553869 0.6884031445518481 4.292976035365433
36535719080309 PointCloud30.pcd PointCloud0.pcd 0.6116 -0.7209058726383462 0.4759212092842974 -0.5037794411733342 -0.47098921582524467 -0.6563073633151203 -0.23533229653986146 0.7168537891813294 1.2877088497044429 0.22261034938632027 0.847418263172707 0.48200302860817557 -2.096456092987244
36535719080340 PointCloud24.pcd PointCloud2.pcd 0.6402 0.4821540707667825 -0.1321983891079232 -0.8660548700632604 6.203176280463467 -0.8158875771752525 -0.4278721543504954 -0.3889124335150042 1.4564253090011279 -0.31914716582497976 0.8941191226278165 -0.3141593243835791 2.8185619400983697
36535719080371 PointCloud24.pcd PointCloud26.pcd 0.6384 -0.9763703457324974 -0.14562049827941562 -0.15967347448796368 2.818154128624248 0.1549307961543052 -0.9867860441658568 -0.0474315448039895 3.780612271185677 -0.15065655105967615 -0.07104909232604201 0.9860297308410376 5.277512791298369
36535719080402 PointCloud9.pcd PointCloud2.pcd 0.6387 -0.5220659546118505 0.4343581604793968 -0.7340164354155645 8.474646669476153 -0.8440844037970386 -0.13967105046542103 0.5177002191698235 3.6121631231780187 0.12234646828500928 0.8898454843886325 0.4395524492155001 4.882394100576248
36535719080433 PointCloud13.pcd PointCloud9.pcd 0.6342 0.292147561374372 0.677509299040704 0.6750044089458834 5.501318479838328 -0.3871779109190471 0.7291574843022285 -0.564289489874132 1.6487478439478003 -0.8744958934605526 -0.09649099854089732 0.47533821592757575 9.836806972277582
36535719080464 PointCloud28.pcd PointCloud30.pcd 0.6268 0.29390206139248953 -0.9541776570015499 0.056272348345148854 1.1920058898774586 0.9090233401064913 0.26082504205812373 -0.3250336360702016 3.375340217321164 0.29546259568832656 0.14668093371127167 0.9440267783462003 -8.730023911600211
36535719080495 PointCloud6.pcd PointCloud28.pcd 0.6329 0.2083328112792597 0.12482102108404008 0.9700603859760575 3.172939515888008 -0.9558234675328796 -0.18429694601766966 0.22898937661381152 6.9961964119730276 0.20736185439444305 -0.9749124824229596 0.08091176031949882 7.115378126199014
36535719080526 PointCloud3.pcd PointCloud25.pcd 0.6270 0.7254968249569631 -0.6575795647821095 0.20308489101441576 1.1195921412068714 0.2548153284435374 0.5307676722398014 0.8083036722020722 -1.5684870735980407 -0.6393148718492148 -0.5346726045778989 0.5526316137774856 6.560965383037611
36535719080557 PointCloud5.pcd PointCloud27.pcd 0.6402 0.4159722669412489 0.6565226964215714 -0.6292416246714039 0.5193019802959757 0.5483222987920708 0.37093740443278733 0.7494985648018587 1.0503613680883594 0.7254720737444946 -0.6567978312053232 -0.20568636109583538 -1.4942530855379335
36535719080588 PointCloud20.pcd PointCloud1.pcd 0.6402 0.6844981771277612 -0.6438521533381008 0.3419307680666702 -2.0514410251131707 0.5342972922737335 0.7621640141059369 0.3655576822758372 4.645854465699242 -0.4959724276386025 -0.06753088362976004 0.8657083404810509 -2.52247646240643
36535719080619 PointCloud25.pcd PointCloud27.pcd 0.6397 0.07643628547531867 0.8077000334715133 -0.5846179523354138 2.1463504762973096 0.5582314941410652 0.45115813581513653 0.6963001762435832 -2.9306557000075184 0.8261568211978703 -0.3795747520817574 -0.41639874443891295 -6.729980179170887
36535719080650 PointCloud29.pcd PointCloud24.pcd 0.6602 0.5901303008008072 -0.6012930780217308 -0.5386955191941936 1.7899451049975057 0.7327101789745044 0.11877168557060969 0.6700963216835817 -0.6499618353765579 -0.33894250501213163 -0.7901518341621875 0.5106643293458357 -3.6942863183017356
36535719080681 PointCloud31.pcd PointCloud26.pcd 0.6780 -0.851218592594693 -0.13641972239770808 0.5067707242551039 10.315423385350776 -0.030917855632062667 -0.9509121888964748 -0.3079124797913043 -1.1044233356627262 0.5238997936859923 -0.277769091781371 0.8052163298311376 2.3432379989583274
36535719080712 PointCloud4.pcd PointCloud24.pcd 0.6533 -0.16777904143036254 -0.31523268334074284 -0.9340656018773541 4.884568017159171 0.9489713002456215 -0.30829002837987957 -0.06641332480509998 -0.9807741512744532 -0.26702746032354674 -0.8975442127022647 0.35087137483389647 -0.6511556876962841
36535719080743 PointCloud23.pcd PointCloud0.pcd 0.6738 0.5884961183324836 0.37220184196400485 -0.7177312223570892 2.9232341152705463 -0.5446640848100726 0.8385723508425142 -0.011723784391793418 3.4033789040243305 0.5975059442596412 0.3978218209714761 0.6962215490297132 1.1799703672217872
36535719080774 PointCloud7.pcd PointCloud1.pcd 0.6579 -0.6340056277278079 -0.7096461178747557 -0.30730969948043696 7.986726817255662 0.42399073188406056 -0.6513148689016497 0.6293018360246898 -2.8315742958074406 -0.6467369815356835 0.2686844411813143 0.7138206692028453 11.908716972964204
36535719080805 PointCloud30.pcd PointCloud31.pcd 0.6646 0.1024331014831052 -0.4880015982341699 -0.8668113403973484 1.2186925330078824 -0.7004519401492626 0.5833448777778921 -0.41118831830613817 1.6998811743911317 0.706310511929198 0.6492789798624254 -0.2820678412139928 -8.672351701040308
36535719080836 PointCloud26.pcd PointCloud2.pcd 0.6595 0.7335629671909107 -0.5518435380546198 0.3966788155087521 0.5665915462717075 -0.5079581971371401 -0.05742114566273565 0.8594656956458271 -2.0401623197158094 -0.4515128382751186 -0.8319684618650749 -0.3224354746838632 5.813809312269526
36535719080867 PointCloud20.pcd PointCloud17.pcd 0.6623 0.6720871141832979 0.7183228788967865 0.17975303224757969 3.759516983140294 0.48812842242554877 -0.24725463053392627 -0.8370160039687871 -5.093526089910529 -0.5568029760778149 0.6502902346898378 -0.516810464772071 6.954240043215725
36535719080898 PointCloud14.pcd PointCloud11.pcd 0.6677 0.9819933262715943 -0.034670805930798895 -0.1857068721780626 -0.03565748420765136 -0.17544617112927896 0.19715894531833905 -0.9645449659383621 -1.9158881677376751 0.0700553223825724 0.9797582791163691 0.1875259083668302 1.3310201211388044
36535719080929 PointCloud16.pcd PointCloud14.pcd 0.6658 -0.2912780420871297 0.26690869552434676 -0.918649470936211 6.573759821227789 0.08996034782615782 -0.948391358109512 -0.30407395100894846 -9.831450673122124 -0.9523992009745101 -0.17121209103532165 0.2522343788352962 0.7473834015480705
36535719080960 PointCloud21.pcd PointCloud20.pcd 0.7033 0.16612617059357176 -0.28275685984076737 0.944696064169267 -0.6298370040923991 0.9651778911296208 -0.14969169340355432 -0.21453213139423638 1.0689677049638355 0.20207358540515158 0.9474391564311477 0.24804296188874614 9.76665606737961
36535719080991 PointCloud22.pcd PointCloud0.pcd 0.7011 0.6696965731283662 -0.4965242478372638 -0.5522410445174849 -1.5923748840986574 0.6991356786744289 0.17076607519279252 0.6942969468229683 -0.5145258706361995 -0.2504312335643639 -0.8510597034714364 0.46149927235320976 -3.7210686372663004
36535719081022 PointCloud20.pcd PointCloud18.pcd 0.7007 -0.498074679203636 0.33049396790499536 -0.8016828245101716 1.5654330319577867 0.3320231226075164 0.9267497354337028 0.17577136833829343 -4.4406009504014 0.8010507224827582 -0.1786299668364011 -0.5713222164049611 7.079239788355184
36535719081053 PointCloud5.pcd PointCloud26.pcd 0.6805 0.9341713812216715 0.014971769334949703 0.3565104158778189 -0.7565021389886812 -0.2585519071896691 0.71697355338562 0.6473792049750922 -1.5709838473418063 -0.24591612756177478 -0.6969395740439617 0.6736471541812095 5.666493483191147
36535719081084 PointCloud8.pcd PointCloud2.pcd 0.6821 0.6673602926259845 0.41191064141794226 -0.6204513383923189 -3.0067856281068712 -0.6841468578909464 0.6682372399984765 -0.29223632203605976 4.015102431276512 0.2942334390651502 0.6195067510252636 0.727762371086893 -2.45066413889673
36535719081115 PointCloud26.pcd PointCloud0.pcd 0.6956 -0.037992996554330416 0.5054642116282122 -0.8620107093162428 -2.2580905415765797 -0.9379527226266571 0.2795049182040954 0.20523569576699552 1.020984933620075 0.34467553195732276 0.816322810818607 0.463482304092772 -5.908686259927544
36535719081146 PointCloud25.pcd PointCloud0.pcd 0.6980 -0.36826333365728586 0.878054045039911 -0.3056193892289434 2.6330555251030487 -0.9277958254011835 -0.3259310471890869 0.18155951874347345 4.313029838265312 0.05980822227552776 0.3504141071179572 0.9346833314449157 1.323333013965027
36535719081177 PointCloud28.pcd PointCloud24.pcd 0.6930 -0.23611588946481377 0.8363544072214054 0.49473284938800227 1.8215298982367318 -0.7983701424270354 -0.45720329627111445 0.391880417423304 2.180895657016448 0.5539444037295397 -0.30245074210548645 0.7756733501781311 -9.616932339712697
36535719081208 PointCloud10.pcd PointCloud11.pcd 0.6937 -0.2811857190775766 -0.24730518464010726 0.9272403879452992 6.359064502484171 0.9586183768048264 -0.117247056219826 0.2594300203520496 -8.89210660728088 0.0445578168103653 0.9618176924230015 0.27003949248801834 -2.030695477768823
36535719081239 PointCloud9.pcd PointCloud10.pcd 0.6937 0.0419406350908797 -0.528627223966835 -0.8478173395309225 9.22346878775135 0.979638287518249 -0.14499687766646802 0.13886947503064928 -9.320072836070036 -0.1963410521426594 -0.8363786006038731 0.5117822072868699 -0.9835020446097374
36535719081270 PointCloud17.pcd PointCloud15.pcd 0.7127 -0.6401684762788082 0.4831407188293718 -0.597293368277187 6.190278956283866 0.08256375748348296 -0.7297168745832627 -0.6787462772631937 -8.434559428800833 -0.7637850142082379 -0.48382675490042243 0.4272518265770775 8.825931168247655
36535719081301 PointCloud8.pcd PointCloud9.pcd 0.7149 0.9310972728537633 -0.32714611177811664 -0.1613483499535855 0.49111252723953047 0.3435391729842607 0.6377463051791614 0.6893913887303917 -2.1830733675224847 -0.12263239828681032 -0.6973199206811662 0.7061913502101518 3.2858960937084336
36535719081332 PointCloud8.pcd PointCloud3.pcd 0.7289 -0.22283430254339637 -0.45751263579410284 -0.860829287198531 3.2767471898585594 0.9309677235102332 0.16210014149846666 -0.32714315201200717 -0.9082119541382712 0.28921267501991027 -0.8743029979445969 0.3898080250494056 -2.5027338982087057
36535719081363 PointCloud14.pcd PointCloud12.pcd 0.7058 0.8761040610399371 0.4577199676641663 0.1514401050938786 -4.958092215286493 0.47870499911223746 -0.7885343717355957 -0.3860765059110725 -4.964810951542118 -0.057299197675736296 0.4107383300753222 -0.9099510020614587 7.353290461308582
36535719081394 PointCloud13.pcd PointCloud14.pcd 0.7204 0.8992530915074318 -0.4332906855842856 -0.060025487921598036 -3.082300567779412 0.12849764903286304 0.392831954608387 -0.9105884963206932 -2.2986481037207636 0.41812944360252036 0.8111363863275114 0.4089321840699173 1.1650583776578949
36535719081425 PointCloud27.pcd PointCloud28.pcd 0.7186 0.5357253602317669 -0.44931444595087744 0.7149229798127907 0.959554890942196 -0.829225132338323 -0.12019375657380144 0.545838016978635 -2.141688275471055 -0.1593236275730457 -0.8852513708210419 -0.43697367444324564 -3.647057500186698
36535719081456 PointCloud26.pcd PointCloud23.pcd 0.7270 0.9123080381331912 0.024461139037167456 0.4087734045098487 -1.582334623112659 -0.2929246928381692 0.7365359461700645 0.6096801820012132 -5.92057085865565 -0.28616283455968267 -0.6759559546866738 0.6791129357039192 8.05209211262745
36535719081487 PointCloud9.pcd PointCloud4.pcd 0.7142 -0.5224313990180474 0.8242261881113696 0.21844135174331622 7.751207704121676 -0.8446016584439843 -0.46502882898790987 -0.2653228726736633 3.749589659390865 -0.11710453395884127 -0.3231089275175397 0.939088467123704 -6.275222229513319
36535719081518 PointCloud18.pcd PointCloud19.pcd 0.7168 -0.303840321829186 0.9014026357811625 0.3084709824886448 5.5856527386426835 -0.9019086685457153 -0.3764691885277775 0.21173498457111942 -3.6308000101737794 0.30698829364135716 -0.21387902724673555 0.9273693704620389 -5.4398610703938735
36535719081549 PointCloud25.pcd PointCloud22.pcd 0.7214 0.8012933694297528 0.027958450880523344 -0.597617989297741 0.9022859636583183 -0.5729897834342867 -0.2514512072709783 -0.7800352546147491 0.40117006795406795 -0.17208034224699462 0.967466079708394 -0.1854662784061521 -0.5348195636115822
36535719081580 PointCloud23.pcd PointCloud24.pcd 0.7485 -0.015370243202828038 0.7554301984996751 0.6550488308657816 -2.4456435785013046 -0.99275837107188 -0.0895913851146124 0.08002624806869596 -3.384723723321441 0.11914097653869199 -0.6490751874074271 0.7513366946991342 -1.1216498761859723
36535719081611 PointCloud25.pcd PointCloud26.pcd 0.7520 -0.25278811859645683 0.9133385105656545 0.3192349169720881 -3.8073838790058923 -0.8470225558549204 -0.36837608213113876 0.383212541531082 0.9306864894157323 0.4676012799057145 -0.17352759789562253 0.8667394163179112 -5.975711509830408
36535719081642 PointCloud4.pcd PointCloud5.pcd 0.7392 -0.14391476857000995 0.03155531332378003 -0.9890868523989582 2.0617135104257156 -0.9416264359015762 0.30302735469664266 0.14667677906488802 4.198054884654571 0.3043488041684003 0.9524592823352573 -0.01389679440272118 -1.5644180296650145
36535719081673 PointCloud26.pcd PointCloud27.pcd 0.7349 -0.9053606619673906 -0.38402769659881875 0.18123134388668452 3.541247390596527 -0.14543322519591664 0.6813879790711814 0.7173280971678199 0.034207326456574594 -0.39896271601627376 0.6230835820516353 -0.6727522582694325 3.8281761602488675
36535719081704 PointCloud12.pcd PointCloud9.pcd 0.7340 -0.594431671381199 -0.3549770444854121 0.7215554628352254 7.507444750828128 0.7800824114522003 -0.47241606566942057 0.41023711709247623 -7.93214495632709 0.1952496335511918 0.8067306606208963 0.5577304203755591 2.8256135743104447
36535719081735 PointCloud29.pcd PointCloud30.pcd 0.7424 -0.6952002740864319 -0.10979133131271679 -0.710381899036519 11.579086383025277 0.6477738011977928 0.33269481257431993 -0.6853490090223379 2.9017726840888374 0.3115857528705578 -0.9366216019581864 -0.16016957686579664 6.376160057755904
36535719081766 PointCloud9.pcd PointCloud5.pcd 0.7333 0.5971278172027255 0.2894185896658452 -0.7481144630860586 -4.727167296324248 -0.02255676257725811 0.9383308052242121 0.34500216293425634 5.770784357641703 0.8018288859755189 -0.18913534815870636 0.5668317719501468 -6.293721136402194
36535719081797 PointCloud19.pcd PointCloud16.pcd 0.7511 0.10570711719503936 0.09411765488785451 -0.9899332666461539 0.685424699894428 0.9783125574594941 0.16848703657955957 0.12048509626382209 -9.43712959234397 0.17813069721802177 -0.9812002779978454 -0.07426620473386658 -8.597314931919236
36535719081828 PointCloud27.pcd PointCloud25.pcd 0.7497 0.15625588848250993 0.9781229131572908 -0.13733049213935106 2.5349122387855836 -0.9849579044551222 0.16469041475042845 0.05229716761647957 -2.0036931629233656 0.0737700736472163 0.1270930133643341 0.989143741924326 -1.4870792916441955
36535719081859 PointCloud5.pcd PointCloud0.pcd 0.7520 -0.5037819906474362 -0.8504602881634139 0.15139684328383113 0.48030722620968946 -0.8478861771009606 0.5203478126043616 0.10162275630474799 0.879354633911893 -0.16520513484884325 -0.0771715762107956 -0.983235379369923 7.432072552049016
36535719081890 PointCloud13.pcd PointCloud11.pcd 0.7641 0.2095931700568136 -0.7360759697492731 0.6436325580820185 10.003599805210836 -0.046882161854330695 0.6499310103306029 0.7585458092366645 2.5309030262717713 -0.9766641008890417 -0.18916090655394158 0.1017122680225499 4.715100790285778
36535719081921 PointCloud16.pcd PointCloud15.pcd 0.7784 -0.5139228349866868 0.003442943427897749 0.857829508597017 4.156666266624963 -0.6557027115169415 -0.6463516582436538 -0.3902351701154192 -1.1556092397967155 0.553115967757737 -0.7630318997435375 0.3344324239441966 -6.229522700629484
36535719081952 PointCloud30.pcd PointCloud28.pcd 0.7714 0.3292668467903125 -0.16841991465257958 -0.9290952997153643 2.0105976296651886 -0.6383056811830159 0.6853817209682972 -0.3504536402036955 1.426579757068861 0.6958083076352646 0.7084395732248114 0.11817008976384885 -4.068285306122295
36535719081983 PointCloud8.pcd PointCloud4.pcd 0.7619 0.6826758770250124 0.725997144590957 0.08295657281920032 3.872387916447373 -0.32035126096546596 0.1953174860919908 0.9269445232723159 -0.6018270780040385 0.6567562078320739 -0.6593779080864646 0.36591263684321124 -3.732048960459346
36535719082014 PointCloud11.pcd PointCloud7.pcd 0.7651 -0.7488575561344935 0.588415400692142 0.3049256906995205 9.318945719110449 -0.40908460081157766 -0.7724013954047173 0.485845524581299 -2.088746857671193 0.5214040180120458 0.23908868773982467 0.8191303006211788 0.47002690217136767
36535719082045 PointCloud28.pcd PointCloud26.pcd 0.7620 0.5195265456654589 0.8436590589044632 0.13539409395299085 3.972489789607012 -0.8532933243323053 0.5205232921291502 0.030757194295880932 3.4174792591843874 -0.04452719392504961 -0.1315100554310084 0.9903143108739236 -3.0996511286506525
36535719082076 PointCloud10.pcd PointCloud7.pcd 0.7714 -0.9120684003532974 -0.356150751364793 -0.20319418146017448 5.694165560867177 0.36115457657602823 -0.9324125613384512 0.013198002745052426 -7.353736236403174 -0.19416128577851638 -0.06134702731642358 0.9790495070956683 -0.8980248119927496
36535719082107 PointCloud7.pcd PointCloud3.pcd 0.7597 -0.6042290651312698 0.7605922632639182 0.23750083350098408 7.630844493134538 0.7159658980917294 0.6490637558148822 -0.25711684825616227 -2.9710122203867044 -0.34971426853975357 0.014685024703746871 -0.9367413092359893 4.746811193924537
36535719082138 PointCloud31.pcd PointCloud28.pcd 0.7693 -0.7721854773570235 -0.2166345278957246 -0.5973266023561166 7.5406048552927345 0.23287138307426994 -0.9711602604853128 0.05117291665691748 6.024560410745623 -0.5911856793799917 -0.09958528896125032 0.8003638314657415 1.1048576482063561
36535719082169 PointCloud29.pcd PointCloud26.pcd 0.7648 -0.3030475922993632 0.9526390609844619 -0.025317509518140102 -0.697095416278019 0.5436190210776746 0.15099034902380026 -0.8256393125476896 -0.7972386814091721 -0.7827135598187305 -0.26397108551565485 -0.5636299755048315 -3.509089679172502
36535719082200 PointCloud25.pcd PointCloud23.pcd 0.7974 -0.34596148045403635 -0.6789349988801082 -0.6475785059262846 -5.47062045689931 0.8291540489106205 0.10178175588888941 -0.5496763023301069 -4.005096312474249 0.439106157115994 -0.7271091675008933 0.5277291363180378 -1.2923863547338856
36535719082231 PointCloud13.pcd PointCloud12.pcd 0.8040 0.7349718468249856 0.44256692827308464 0.5137615189692554 2.9124066198810947 0.06767511273854662 0.7059952002446156 -0.7049757842276502 -0.5566207912172241 -0.6747121337952172 0.5529062228176599 0.48893582940812735 -2.7091492974285325
36535719082262 PointCloud30.pcd PointCloud29.pcd 0.8092 0.6185617888786866 0.7854443925335183 0.021410735084331667 4.228064123404961 -0.4653774445214304 0.34427144775627816 0.8154146211532505 -3.5560131448942025 0.6330917370096548 -0.5143483999172629 0.5784812667949147 -0.4416940158733209
36535719082293 PointCloud4.pcd PointCloud0.pcd 0.8050 -0.6473670739995275 -0.3242704631689406 -0.6897568689164979 1.053072746757182 0.6034448222640438 0.3347553689293331 -0.7237355797911987 -0.6827576874196335 0.4655858867964177 -0.8847527958074995 -0.021030271676954287 -7.372412770022532
36535719082324 PointCloud12.pcd PointCloud11.pcd 0.7851 0.16771656979052446 -0.9858351287614682 0.0005011163132180403 3.7896156573704376 0.985829866041056 0.16771731203643453 0.003221562469768086 -8.317596825855016 -0.0032599753332674722 -4.6293978864664874e-05 0.9999946851947235 3.765313887225755
36535719082355 PointCloud19.pcd PointCloud17.pcd 0.7843 0.880425921588826 -0.08913071060198846 -0.46573158903176304 2.9922462380361394 -0.3499549920594502 0.5406211731875481 -0.7650230392831247 -1.6621376367779621 0.3199714051710506 0.8365312089389755 0.4447851575131073 -1.6477881148960631
36535719082386 PointCloud7.pcd PointCloud5.pcd 0.7935 -0.2521907936111026 0.6958154374295556 -0.6724884241773371 4.264609746266518 0.6684843174232623 -0.37720096717177715 -0.6409743736873034 -4.266307051079643 -0.6996631482198824 -0.6111958011958131 -0.3700150964807393 13.451699779956664
36535719082417 PointCloud29.pcd PointCloud27.pcd 0.7899 -0.9597116089261326 0.11301421605867493 -0.2572574870845505 -0.8190526745902957 0.01392254851041877 0.9335510874003858 0.35817388215297397 2.2751843166064356 0.2806417473138833 0.3401619528727464 -0.8975132620092086 0.6685894620691971
36535719082448 PointCloud7.pcd PointCloud4.pcd 0.7883 0.6699073802700672 -0.59091737175776 0.449489445498553 4.858191790066194 0.6081805957336495 0.784010168771573 0.12427557376988008 -6.9701423901618895 -0.4258408914521465 0.1901176346835579 0.8845986774518546 4.588322229487694
36535719082479 PointCloud26.pcd PointCloud25.pcd 0.8006 0.6014694623502898 0.7481012737839112 0.28031940714645953 -2.2036507122300977 0.7920115427470231 -0.6043386570263515 -0.08655925010688381 -4.462849646145162 0.10465276879057447 0.27407895173923 -0.9559960910997446 7.82145702823777
36535719082510 PointCloud5.pcd PointCloud3.pcd 0.8266 -0.43965812962925327 0.8981320803049526 -0.007713324705017219 5.299582054055712 -0.894153557068808 -0.43848903175559123 -0.090646485928813 -0.9631147665101674 -0.08479472526109791 -0.03295656773910849 0.9958532618868869 -3.369274869745331
36535719082541 PointCloud2.pcd PointCloud1.pcd 0.8111 -0.005238614923265106 0.7718653348585595 -0.6357644703483909 1.0032517580790061 -0.30721424028973676 0.6037843216474094 0.7355704612720511 -1.9927830354702962 0.9516259598586443 0.19916926915682048 0.23396502889674 -0.7524386482824394
36535719082572 PointCloud18.pcd PointCloud17.pcd 0.8230 -0.7031380475665465 0.09419853224457053 -0.7047861537993445 6.961589154903521 -0.606620709678659 -0.5965696749127007 0.5254673515676446 -5.999174660090256 -0.3709557933949339 0.7970139644306887 0.47661361693641524 13.185596920742968
36535719082603 PointCloud17.pcd PointCloud16.pcd 0.8099 0.5180408504827534 0.8352989671779312 0.18414481437875702 5.338524180276362 -0.06686610303206386 0.25417305601728934 -0.9648445376640411 -6.327831200134012 -0.8527382960184273 0.4875158387440486 0.18752521291089314 2.5747371219080177
36535719082634 PointCloud6.pcd PointCloud4.pcd 0.8222 0.8535321877570874 0.23926752496817455 -0.46285403310137035 -3.550253983552292 -0.4662827770119183 0.7471777357671459 -0.4736093358834211 9.41554560649422 0.23251489484472637 0.6200616765044309 0.7493065734436477 0.47313461556779846
36535719082665 PointCloud1.pcd PointCloud0.pcd 0.8227 0.7106197138908639 0.4575217746627982 -0.5345029915155485 -4.692926098271129 0.2029211283815182 -0.8606884429742638 -0.46694584245596277 1.6396192071247853 -0.673678438044471 0.2233589708069525 -0.7044630098692344 4.665065664667257
36535719082696 PointCloud18.pcd PointCloud16.pcd 0.8132 0.9855114413259469 -0.10155504577229156 -0.13584466015947264 -4.900164812716248 0.15388327689767894 0.19856625321244653 0.9679314956010073 -4.567946575954496 -0.07132416215341833 -0.9748117847889194 0.21131693763102516 -5.413155392950003
36535719082727 PointCloud29.pcd PointCloud28.pcd 0.8160 0.8986305385169333 0.2118575107757245 -0.3841608391971779 -0.06189935095255317 0.3753623720796146 -0.8245636414354922 0.42331771856302686 -1.577241445858228 -0.22708202234331806 -0.5246057532572006 -0.8205014069323184 0.4391892063742646
36535719082758 PointCloud11.pcd PointCloud10.pcd 0.8318 -0.6711125048097836 -0.6673772000562433 0.3228245324212947 6.917606518108192 0.6762386125951586 -0.7295368027139187 -0.10235913403955925 -7.944188192858443 0.3038245294957498 0.14961191908080806 0.9409075028639342 -6.602664939174328
36535719082789 PointCloud11.pcd PointCloud9.pcd 0.8106 0.016025910271736388 -0.7188022039524486 0.6950298999273806 8.585972811806943 0.8818139843072386 0.33782976151470234 0.3290518945624117 -9.291919851027737 -0.4713250123642447 0.6076137291306227 0.6392638648412898 10.077586200807524
36535719082820 PointCloud4.pcd PointCloud1.pcd 0.8503 0.3861114415367788 0.7787719006484997 -0.4944009319112515 3.2349062168607223 -0.684305963554056 0.6012250599024216 0.41261819590231913 3.7121180879550613 0.6185816865691594 0.17900489966940275 0.7650581304290553 2.5783301237806926
36535719082851 PointCloud24.pcd PointCloud23.pcd 0.8364 -0.5720020171323391 -0.42863273331678886 0.6993480337613838 -2.8412767287011116 -0.7717082270653052 -0.007739684720030882 -0.6359296419889213 0.7956331325406117 0.277992993933765 -0.9034456692075141 -0.32635229141822886 4.679234030825973
36535719082882 PointCloud3.pcd PointCloud1.pcd 0.8399 -0.22406450604637151 0.8200588105530714 0.5265915346494641 3.558326813587892 0.8455397531057508 0.43226374342721563 -0.3133856761821712 0.037576997365512455 -0.48462111287898085 0.3750354694593198 -0.790247286360014 11.158001083190829
36535719082913 PointCloud8.pcd PointCloud7.pcd 0.8376 0.254118717831291 -0.9213211091937525 0.294263641997741 3.4324451038083907 0.12500535767449233 -0.2704120232566377 -0.9545946774578853 -2.2305435120873485 0.9590606538694272 0.2793649073026989 0.04645331815168302 1.0752368554296865
36535719082944 PointCloud6.pcd PointCloud5.pcd 0.8406 -0.2995269809227839 0.6135613954671225 0.7306339724456561 0.9495888799684316 -0.5874075011898873 0.4848531421400413 -0.6479736554079818 2.274494460503044 -0.7518217975325903 -0.6232654687605967 0.2151839682817907 1.9453506811787544
36535719082975 PointCloud25.pcd PointCloud24.pcd 0.8372 0.6013014242642392 0.7829187677884067 0.15960827115936146 2.20471178223944 -0.5802040933924172 0.5651707229307144 -0.586468467995217 -0.9683867931788124 -0.5493630923064278 0.26003895282564193 0.7940906345152692 -6.599394449438079
36535719083006 PointCloud4.pcd PointCloud3.pcd 0.8401 -0.7557012492995139 -0.4309270351912434 -0.49317087520294484 13.209776314207993 0.0817865942414722 -0.8092297956406234 0.5817715108612793 -0.8473432716836767 -0.6497896388905677 0.39931069130279956 0.6467800221108763 0.24045269679113268
36535719083037 PointCloud4.pcd PointCloud2.pcd 0.8402 0.4087697738243536 0.47739929989998053 0.7778156468358008 1.7446675550033648 0.8208176106008693 -0.5648812014942115 -0.08466214222387419 -0.7523334487566413 0.3989557896998945 0.67305210545207 -0.6227641136188478 -3.602761150680095
36535719083068 PointCloud5.pcd PointCloud4.pcd 0.8564 0.5083709507044949 -0.8610385549144293 -0.013098985864546714 2.912476800077738 0.8609547959212491 0.5078899688446388 0.028365805597453615 2.6009767890038096 -0.017771208737974095 -0.025697986260862518 0.999511779641505 -7.445083711497245
36535719083099 PointCloud11.pcd PointCloud8.pcd 0.8376 -0.9350402098083281 0.13303658434594573 0.3286351674230286 10.04894035662658 0.09304236284178342 -0.8023654204382067 0.5895361318883162 -0.12132690591834439 0.34211536761510125 0.5818169809403849 0.737865892917541 -4.585570833915664
