id source target overlap scale t1 t2 t3 t4 t5 t6 t7 t8 t9 t10 t11 t12
36535719080000 PointCloud14.pcd PointCloud31.pcd 0.18 519.10017599 0.9691265587829565 -0.24655804295145897 0.0016865697291825273 -0.18978662838444915 0.24654628205046517 0.9691165524029071 0.005295154935972318 -1.714184832962514 -0.002940045679470568 -0.004715857785172626 0.9999845582891531 0.554250386158341
36535719080001 PointCloud14.pcd PointCloud31.pcd 0.18 519.10017599 0.9285015103310879 -0.014096233635630326 0.37106096737622335 -0.8596006040489206 -0.08441281246623583 0.9651040134376384 0.24788852401453174 0.028645420533746857 -0.3616067233949461 -0.26148716879390604 0.8949106313770769 0.06818891174282493
36535719080002 PointCloud14.pcd PointCloud31.pcd 0.18 519.10017599 0.9649776980628004 0.19859918069821444 0.17139547154874485 1.0342233117484207 -0.048218986530384755 0.7765013295013723 -0.6282679481085945 0.06485718700153087 -0.2578623112814302 0.5980000423984927 0.7588827167039711 3.0851736231929463
36535719080003 PointCloud14.pcd PointCloud31.pcd 0.18 519.10017599 0.9852574761289105 0.160245018181587 0.059910265231197156 0.6243261496474828 -0.16153931366581228 0.986713008337088 0.017392220063932755 0.9285235161171429 -0.05632722141618431 -0.02681367797145335 0.998052238513183 -1.18411906508227
36535719080004 PointCloud14.pcd PointCloud31.pcd 0.18 519.10017599 0.973031337545162 -0.23010738421293575 0.016143354228705574 -1.2846906138064647 0.2286046553254748 0.9712931211770733 0.06579957688025254 -1.5921537978282925 -0.03082089743329941 -0.06033460437244756 0.9977022641031875 -0.4723910439664787
36535719080005 PointCloud14.pcd PointCloud31.pcd 0.18 519.10017599 0.969288957938291 -0.2125868728694144 -0.1236355025973746 -0.5155300991023788 0.24210464225946854 0.7366105492291878 0.631498409309706 -2.7147473084774303 -0.043177056584681135 -0.6420371642264002 0.7654567404738204 -1.5842532231183424
36535719080006 PointCloud14.pcd PointCloud31.pcd 0.18 519.10017599 0.8910557992614644 -0.4316814840457176 0.14025212631044084 -0.9859200684117839 0.3899213849925862 0.8861781309988529 0.25029908842191834 -2.5963802156744786 -0.2323378491076655 -0.16834315094908617 0.9579560049399747 1.9019627544618307
36535719080007 PointCloud14.pcd PointCloud31.pcd 0.18 519.10017599 0.9008445935481822 0.3964891450792224 0.17684845520772163 1.84363874520733 -0.3538195990697178 0.9065542655681966 -0.23015441532643188 1.6167345578811096 -0.2515764487966915 0.14476091121036405 0.9569501392425787 1.5115910853950014
36535719080008 PointCloud14.pcd PointCloud31.pcd 0.18 519.10017599 0.9664715931034054 -0.22795839670448756 -0.11818472446168717 -1.0456907001882287 0.24125600064021133 0.9637413966562647 0.11400904580831439 -2.5995434606927588 0.0879101921238704 -0.13869927809095273 0.9864250140673606 -1.7022652785842693
36535719080009 PointCloud14.pcd PointCloud31.pcd 0.18 519.10017599 0.9835734048470754 0.10912245531639007 0.14379028834818158 0.3260298832620183 -0.1031060761307478 0.9934788589252469 -0.04867128448592178 0.38684824482795466 -0.14816374165919 0.03304612858280894 0.9884105721021185 1.0401290276423525
36535719080010 PointCloud14.pcd PointCloud31.pcd 0.18 519.10017599 0.8214352073475665 0.48329157699695885 -0.3027762403717522 3.311269932429674 -0.31028484492726877 0.8241835526844509 0.47375604111493685 1.4213785108438324 0.4785055016803059 -0.29521301307399983 0.8269714395149624 -3.715714029605314
36535719080011 PointCloud14.pcd PointCloud31.pcd 0.18 519.10017599 0.9143298003659505 -0.40343259872202714 -0.03525839547048352 -0.9977686563991623 0.39989239332820875 0.9131807302202005 -0.07865766150057271 -2.2985414063928546 0.06393035211070233 0.05781947978746702 0.9962779822098391 -0.7097363602678437
36535719080012 PointCloud14.pcd PointCloud31.pcd 0.18 519.10017599 0.9544121569860714 -0.05176807099193407 -0.29396853815156593 1.4168441073540263 -0.023548490307741067 0.9687176972658612 -0.24704552537569535 -0.13876438615477338 0.2975615956426851 0.2427057680190176 0.9233368870400868 -0.055141452901633414
36535719080013 PointCloud14.pcd PointCloud31.pcd 0.18 519.10017599 0.7591284603195649 0.6459388911333637 0.08054147784990835 3.592435946848549 -0.6485999463567409 0.7401023008848634 0.17767018267273696 3.023106892968137 0.05515514770970544 -0.18711369042999385 0.9807886502885261 -0.058068286424680315
36535719080014 PointCloud14.pcd PointCloud31.pcd 0.18 519.10017599 0.9509572876886532 -0.3085746493133661 -0.021492389187176345 -0.8941157446410983 0.2237270321542123 0.7341286492506356 -0.6410938632001597 -1.7768066642660367 0.21360349265709117 0.604844452855914 0.7671614795948254 1.6058943230483524
36535719080015 PointCloud14.pcd PointCloud31.pcd 0.18 519.10017599 0.8829537536325296 -0.46945957438243474 -0.0006139762940186796 -1.086740575521684 0.4587954746404172 0.8626181931485197 0.21306469744811696 -3.0066273465400912 -0.09949563505853279 -0.18840796392362635 0.9770378998454732 -0.7286321176255767
36535719080016 PointCloud14.pcd PointCloud31.pcd 0.18 519.10017599 0.9830949282477854 0.009231748162543827 0.1828637112150605 0.2224147568574546 0.003523413150889959 0.9975893056507144 -0.06930485416688871 -0.017955074850758704 -0.1830626876598555 0.06877755503933637 0.9806924595965655 -0.033415470877714626
36535719080017 PointCloud14.pcd PointCloud31.pcd 0.18 519.10017599 0.8649032150294834 -0.46501156774175956 0.1889620874620464 -1.3229193217691737 0.5008178767918231 0.8246279779052342 -0.26300219075447784 -3.153876704880613 -0.03352436304232227 0.32210703178023825 0.9461094953335639 1.6398371875532556
36535719080018 PointCloud14.pcd PointCloud31.pcd 0.18 519.10017599 0.9858705523553912 -0.1528913778140485 0.06843595976237615 -0.19146691402319327 0.16379950602470178 0.9654149508118542 -0.20283908542243198 -0.6202693219510953 -0.03505675148297931 0.211182857588079 0.9768177029704128 0.877250899297574
36535719080019 PointCloud14.pcd PointCloud31.pcd 0.18 519.10017599 0.9997962640889648 0.0066520022765274725 -0.019057313017887226 0.2190929083906985 -0.006007247652971175 0.9994142045053802 0.033692147579422155 -0.1377748513863892 0.019270269572181205 -0.0335708012801417 0.9992505481669872 0.023196729003558403
36535719080020 PointCloud14.pcd PointCloud31.pcd 0.18 519.10017599 0.8617387969939384 -0.37298229539122196 0.34393379171017036 -1.2677717508784534 0.23421794817709385 0.8937987908545536 0.3824469560849581 -1.744643600202312 -0.4500535507105258 -0.24901391284752133 0.8575802427185546 1.5452900627013575
36535719080021 PointCloud14.pcd PointCloud31.pcd 0.18 519.10017599 0.9774565121650873 0.16648194162364569 -0.1298558044112141 0.20612330801674883 -0.16555277363717366 0.986036754324928 0.01799439527742785 -0.37559387288324597 0.13103833777601578 0.003909249746768279 0.9913695939453239 -0.361057871267646
36535719080022 PointCloud14.pcd PointCloud31.pcd 0.18 519.10017599 0.9262110297920181 -0.015925737930830686 -0.3766689516843243 0.2762764432743827 -0.19463243988139745 0.835469107845054 -0.5139159300726177 0.6336001800010647 0.3228797634374498 0.5493065999129703 0.7707210375061968 1.532468056082175
36535719080023 PointCloud14.pcd PointCloud31.pcd 0.18 519.10017599 0.9706540321697359 -0.07148392165713646 -0.2296101016443954 0.25924541085907826 0.06306664200224907 0.9970477084496405 -0.04380029385609885 0.5563731629869058 0.23206324245600243 0.028034193761134547 0.9722966293683064 -2.0725982846816127
36535719080024 PointCloud14.pcd PointCloud31.pcd 0.18 519.10017599 0.9975374437979947 0.061543435920436436 0.03363708840059903 0.04936277651144305 -0.06064240298677808 0.9977893789634682 -0.027181872409488914 0.7232602916514541 -0.035235595368203844 0.025075101650913808 0.9990644083822847 0.8046651470480952
36535719080025 PointCloud14.pcd PointCloud31.pcd 0.18 519.10017599 0.9352192260733534 0.18013342551957157 -0.30482281442395803 1.347200694264921 -0.12173513598679564 0.9720153311668365 0.2009147895076454 0.4831794430561722 0.33248391818106654 -0.15079172718425254 0.9309759927966755 -1.9607340665417232
36535719080026 PointCloud14.pcd PointCloud31.pcd 0.18 519.10017599 0.8719758227790438 0.4870964045491742 0.04894136455062243 2.3700469028125077 -0.48831568752132376 0.8725134493635405 0.01637284337900838 2.080060742894133 -0.03472684565846034 -0.03817555965541218 0.9986674485711495 0.5439041587636262
36535719080027 PointCloud14.pcd PointCloud31.pcd 0.18 519.10017599 0.7403807541495351 0.5405623812519974 -0.39953554392586377 4.101661542717558 -0.6103766854155964 0.7896218067471548 -0.06275112915660533 3.110016615765209 0.2815610782513015 0.29032690933588856 0.914567463301333 -0.3897316138581941
36535719080028 PointCloud14.pcd PointCloud31.pcd 0.18 519.10017599 0.9973435190139374 0.04866690586835523 -0.05419813054060761 0.21999606486649004 -0.04107106648309029 0.9902141994228607 0.13337543536680468 0.1129303351625 0.06015872820163064 -0.13079515103605244 0.9895825159564101 -2.144420834998659
36535719080029 PointCloud14.pcd PointCloud31.pcd 0.18 519.10017599 0.9997089708163865 0.0053416933519737685 -0.023525305128199264 0.5754376149763774 -0.005111050819082701 0.9999383933300436 0.009853258550136888 -0.7278842234684199 0.02357648889818315 -0.009730151934300456 0.9996746837419508 0.7673024376732783
36535719080031 PointCloud0.pcd PointCloud17.pcd 0.15 877.79263738 0.9928129141696114 0.10914618141154409 0.04908796737818867 -0.3375280147511266 -0.11537772375439562 0.9818773532877982 0.15034907369785355 -0.116847036682869 -0.03178833621469014 -0.15493215994049309 0.9874135544425523 0.5148099701040786
36535719080032 PointCloud0.pcd PointCloud17.pcd 0.15 877.79263738 0.7937876059091218 0.2502257463164492 -0.5543359203456336 0.27738789515805173 -0.08028228209217561 0.9465780164388713 0.3123216514696414 0.2025662588666233 0.6028731142513629 -0.20341370326265587 0.7714705914277193 -1.432573856302475
36535719080033 PointCloud0.pcd PointCloud17.pcd 0.15 877.79263738 0.9739463452686564 0.10964080208105939 0.19851299971752165 -0.36394252160488727 -0.19143841269324632 0.8667625586292205 0.4605149303812171 0.17062341726445876 -0.12157240921902093 -0.4865198469513334 0.8651696873094513 1.4192269084656572
36535719080034 PointCloud0.pcd PointCloud17.pcd 0.15 877.79263738 0.9960245450860035 0.08834806768624426 -0.011389667349248622 0.10225838088229433 -0.08894480946076738 0.9933799393626946 -0.07269880976850092 0.5597667258885103 0.004891467694620948 0.07342285072016548 0.9972889042478696 -0.6754204604675577
36535719080035 PointCloud0.pcd PointCloud17.pcd 0.15 877.79263738 0.9564841900995175 -0.02480968944384005 -0.29072748992720054 -0.306424175717533 0.03969017508168108 0.9981801940563276 0.04539812986960832 0.2136510842843236 0.28907210880964596 -0.054961618456633284 0.9557282754030938 -0.5687698057805352
36535719080036 PointCloud0.pcd PointCloud17.pcd 0.15 877.79263738 0.9288114250922226 -0.26954919842740466 0.25426868907771194 -0.19750461703846112 0.21016540581161525 0.9483469745245873 0.23763105459956363 -0.4921003936625718 -0.3051882022919523 -0.1672759562435837 0.9374854215637708 1.070812677264073
36535719080037 PointCloud0.pcd PointCloud17.pcd 0.15 877.79263738 0.8712729517915343 0.4598772936929902 -0.1714535453762272 -0.500985992498273 -0.45323207970671425 0.8879332257752648 0.07845551917525888 0.8195334316815382 0.1883192114501157 0.009352075167791837 0.9820633448453632 -0.9377306736910118
36535719080038 PointCloud0.pcd PointCloud17.pcd 0.15 877.79263738 0.9831667228691702 0.00970004646736863 0.1824530189972951 -0.18307653862975637 -0.06253548997181427 0.9561432160661913 0.2861458768960088 0.2587068637127413 -0.17167558806272243 -0.2927388929902065 0.9406547894919725 1.4200368933903929
36535719080039 PointCloud0.pcd PointCloud17.pcd 0.15 877.79263738 0.9814307119617796 0.19010852017518134 0.025544239565845145 -0.017405840139619322 -0.19134370026984546 0.9796384836864229 0.06079498044748298 0.5431702550909159 -0.013466476348257192 -0.06455379026338388 0.9978233622126679 0.19195774735968163
36535719080040 PointCloud0.pcd PointCloud17.pcd 0.15 877.79263738 0.946156190103497 0.20737287660907563 0.24856579405805684 -0.35169493681759967 -0.3077098858611504 0.8145863090440127 0.49169479482842804 0.6060837183289699 -0.10051412871906636 -0.541706225887177 0.83453656286763 1.3306519794206224
36535719080041 PointCloud0.pcd PointCloud17.pcd 0.15 877.79263738 0.9974275858110507 0.05410530672179446 0.047019430533339165 0.3208651246714749 -0.0491179694176927 0.9936297381006768 -0.10142666632726847 0.6663037641692896 -0.05220762533789072 0.09885625598069651 0.9937312536647206 1.0889139891256279
36535719080042 PointCloud0.pcd PointCloud17.pcd 0.15 877.79263738 0.9979830966318796 -0.03178651153795216 0.05494867169725026 0.10031675408363139 0.026969600836264894 0.9959055276535903 0.08628337394745558 1.115440348191394 -0.057466333342028164 -0.08462740497777035 0.9947541519686919 -0.47886293965183946
36535719080043 PointCloud0.pcd PointCloud17.pcd 0.15 877.79263738 0.9918428801358714 -0.11131847428049299 0.06209588076227575 0.5467162060146988 0.11622200124139112 0.9898396516619027 -0.0819140429065095 -0.02431542614769723 -0.052346418704870584 0.0884627677710042 0.9947030668330463 0.021497161206360693
36535719080044 PointCloud0.pcd PointCloud17.pcd 0.15 877.79263738 0.8125888197784281 0.4893731964804085 -0.3165648188565003 -0.1119495876979194 -0.5417759907588546 0.834470579498286 -0.10068578742333197 1.3575878591940556 0.2148911022084508 0.2533233635461648 0.9432121117083341 0.01560676259232252
36535719080045 PointCloud0.pcd PointCloud17.pcd 0.15 877.79263738 0.9911570512627261 0.12830538269677783 -0.03384417975385195 0.42116554591190325 -0.1281084290496835 0.9917284308124668 0.007934098856494137 0.700946383812631 0.03458222286955919 -0.0035282133262886195 0.9993956281533977 -0.09107628119159616
36535719080046 PointCloud0.pcd PointCloud17.pcd 0.15 877.79263738 0.9751071510761828 0.0719683163925693 -0.209729838973164 0.8172022232906577 0.08047621053210875 0.7664984761339538 0.6371841693127022 0.744241520392854 0.20661467387018273 -0.6382011027254227 0.7416264079855655 0.9433845871340953
36535719080047 PointCloud0.pcd PointCloud17.pcd 0.15 877.79263738 0.7470148029157541 0.5276409382117665 0.40443037045670027 -1.0942950302591292 -0.5365112466002832 0.8377128661508404 -0.10194526058995737 0.884361920842308 -0.3925870177376567 -0.14082682346893644 0.9088692091249994 2.0312940529278882
36535719080048 PointCloud0.pcd PointCloud17.pcd 0.15 877.79263738 0.9950018713678687 0.03459369051488516 -0.09367258163944996 -0.12038971338563287 -0.027728689394762113 0.9969006481440454 0.07362212652749676 -0.1462081407779172 0.09592911840983363 -0.07065673574785548 0.9928772481704723 1.153574908289401
36535719080049 PointCloud0.pcd PointCloud17.pcd 0.15 877.79263738 0.9540372805704249 -0.2366779935125372 0.1838379576384256 0.7992573655504753 0.22615046758186752 0.9710781090239813 0.07657200654881242 -0.7166223981040163 -0.19664392513955486 -0.03147750881642429 0.9799695572539082 1.1862741632566305
36535719080050 PointCloud0.pcd PointCloud17.pcd 0.15 877.79263738 0.9684988153512781 -0.13518104370571968 -0.20913184856879857 0.35836139508767206 0.14771807406006485 0.9879839828358902 0.045464494451345205 -0.22690308513164845 0.20047297887534815 -0.07492486291187665 0.9768300003882356 0.7085103232782356
36535719080051 PointCloud0.pcd PointCloud17.pcd 0.15 877.79263738 0.9577624165041152 0.2788287460537897 -0.07032555656565222 -0.6277601730965032 -0.2875599629756115 0.9292289981167212 -0.23204037741836936 0.5909784601250194 0.00064901900008979 0.24246236704500262 0.9701605946137329 -0.9432479865414758
36535719080052 PointCloud0.pcd PointCloud17.pcd 0.15 877.79263738 0.8123927082857207 0.5629498106801815 -0.1520052570779703 -0.48754036999362715 -0.5450503511413757 0.8257476755908726 0.14512370921711626 1.1063720391789045 0.2072153523387083 -0.035046924421679684 0.9776673825201115 -0.793779168357879
36535719080053 PointCloud0.pcd PointCloud17.pcd 0.15 877.79263738 0.9961916558754794 0.045637109213801666 -0.07429292716455667 -0.7764992988189013 -0.04943435972443834 0.9975199792162889 -0.05010124891626491 0.10755360081515751 0.07182220299256638 0.0535830694057577 0.9959771211380071 -0.31937334358710207
36535719080054 PointCloud0.pcd PointCloud17.pcd 0.15 877.79263738 0.866828157343205 0.4037980670405501 -0.29249968665162607 -1.184399814763716 -0.4807832371657118 0.8323566724033326 -0.27573510615463964 1.0391043829457849 0.13212276297990055 0.3796439002011844 0.9156495424247152 -0.6721005017566112
36535719080055 PointCloud0.pcd PointCloud17.pcd 0.15 877.79263738 0.990073721107511 -0.0844890661594954 -0.1123192969699458 0.19832727034276698 0.07062359520947149 0.9899943401345933 -0.1221618365168106 0.1481059754741256 0.1215168077757772 0.11301683149410822 0.9861343018205062 -1.5172760466285091
36535719080056 PointCloud0.pcd PointCloud17.pcd 0.15 877.79263738 0.9955100599931623 0.0170792573411105 -0.09310219879834594 0.16793150797754963 -0.015923726982303876 0.9997868615865076 0.013140255628966455 0.08944758618250927 0.09330678095081649 -0.011598722674400843 0.9955698439893199 0.12123266200573968
36535719080057 PointCloud0.pcd PointCloud17.pcd 0.15 877.79263738 0.7970849501089206 -0.6015014111324244 -0.05340069957933259 1.034205975552323 0.583567322489277 0.7900080911783387 -0.18797977549580738 -0.38995461888238114 0.15525708496734092 0.11867294669999631 0.9807201279106001 -0.18653321660595257
36535719080058 PointCloud0.pcd PointCloud17.pcd 0.15 877.79263738 0.9828561407268747 0.1163849954321604 -0.1429976904489366 -0.13813379943451487 -0.09109261958745037 0.9808410665332882 0.17220028123826545 -0.28756745965752245 0.16029953615706424 -0.15622206963197507 0.9746274794339282 -0.473326162397942
36535719080059 PointCloud0.pcd PointCloud17.pcd 0.15 877.79263738 0.9228425625615683 -0.3438800547266162 -0.1735168945262033 0.8183168996829224 0.3504947176244422 0.9365300812986623 0.00805355449994034 -1.5095465118975113 0.15973433457513334 -0.06824891782248593 0.9847979628197344 -0.05174787490053612
36535719080060 PointCloud0.pcd PointCloud17.pcd 0.15 877.79263738 0.9876002392471365 0.1532995962424244 -0.03383786681971039 -0.723561197606698 -0.15442442693899716 0.987433636764452 -0.0335843616984254 -0.36835645741066186 0.028264178805709653 0.03839331684079917 0.9988628982089588 -0.641986578446335
36535719080062 PointCloud29.pcd PointCloud13.pcd 0.15 2710.81023521 0.726154933702134 0.6803060700548462 0.09941158537403871 -0.41314929352371954 -0.6872921999649224 0.7144629645197792 0.13104237557746595 1.494045154884351 0.01812302754581021 -0.16348187476334874 0.9863798621709764 -0.21827005610696704
36535719080063 PointCloud29.pcd PointCloud13.pcd 0.15 2710.81023521 0.9488141301318774 0.18765447835357157 0.25404240436576314 -1.2118338434048965 -0.11290333166824006 0.9527258588976006 -0.28207494657633236 -0.08814659073205589 -0.2949653948521765 0.23895446122991362 0.9251465728726564 -0.37848398273702766
36535719080064 PointCloud29.pcd PointCloud13.pcd 0.15 2710.81023521 0.9469179758531238 -0.3182029932229245 0.045751525769032596 0.45266633349228025 0.3012546326931806 0.9280022290467089 0.2192202298266212 -1.1309355730909845 -0.11221405120179848 -0.19380071720277825 0.9746021181613392 1.4012449892136434
36535719080065 PointCloud29.pcd PointCloud13.pcd 0.15 2710.81023521 0.9480656431343586 0.2942195616014361 -0.12085688180361796 0.8009941392152069 -0.2925138206900065 0.9557248347829843 0.03202662773961533 -0.5397848895458619 0.12492878376727147 0.004988962827673714 0.9921531682337835 -0.5977660872291493
36535719080066 PointCloud29.pcd PointCloud13.pcd 0.15 2710.81023521 0.9559012985560452 -0.18648287353428292 0.2268850927171352 0.06583041606468343 0.1820601432718 0.9824546853067058 0.04045856585141605 -0.7328501866021067 -0.2304491519852439 0.002632336851233392 0.9730808081305393 0.20016028459620783
36535719080067 PointCloud29.pcd PointCloud13.pcd 0.15 2710.81023521 0.999100918721778 0.02884968665600925 -0.03106525050839458 -0.7453387928636666 -0.02810074505304151 0.9993101455793533 0.02428129052657295 0.5264055677678205 0.03174432763129802 -0.02338650298830417 0.9992223822259062 0.28910992312103967
36535719080068 PointCloud29.pcd PointCloud13.pcd 0.15 2710.81023521 0.7806369585993933 -0.615257200272205 -0.1098385924067527 1.2284076555840304 0.5869598078517111 0.7820968735464854 -0.20929086065926333 -0.5978426709588555 0.21467212868784658 0.09890934183392679 0.9716649727465779 -1.0991780546361627
36535719080069 PointCloud29.pcd PointCloud13.pcd 0.15 2710.81023521 0.9913178091197816 -0.10778036129538936 -0.07531530416184663 1.3058854907746356 0.11414087764918458 0.9897368993768154 0.0859809866275171 0.07668157160863642 0.06527527381352001 -0.09383103820699595 0.9934459597268325 0.6877786754219497
36535719080070 PointCloud29.pcd PointCloud13.pcd 0.15 2710.81023521 0.9861222010202841 0.16176843683114417 -0.03733600809029159 0.14647509979849893 -0.16114210031856635 0.9867437387271587 0.01923584122594206 0.35805889467794766 0.039952824178414496 -0.012952487327022132 0.9991176131528319 0.3304364687246155
36535719080071 PointCloud29.pcd PointCloud13.pcd 0.15 2710.81023521 0.9938532730549459 -0.0698117147677321 0.08591854351162996 0.9944868072107518 0.06498197538394279 0.9962120003132837 0.05778402293892828 -1.0824002124130556 -0.08962708582326935 -0.051845683648638986 0.9946250602985195 -0.2947334789115692
36535719080072 PointCloud29.pcd PointCloud13.pcd 0.15 2710.81023521 0.9954008307041952 -0.00521660022222413 -0.09565549286643099 0.030608160116090577 -0.01134438975047438 0.9850714048901642 -0.1717720352353883 0.21271728314232166 0.09512355678057707 0.1720671797579063 0.9804817155845247 -1.5299406078017763
36535719080073 PointCloud29.pcd PointCloud13.pcd 0.15 2710.81023521 0.8515547796989521 -0.1148863250483763 -0.5115228142407218 0.41905922685391594 -0.04668395151383099 0.9552012598945828 -0.29225188069002367 0.7538038185050933 0.5221829811885135 0.27274839213582974 0.8080428508095323 -1.553051230139561
36535719080074 PointCloud29.pcd PointCloud13.pcd 0.15 2710.81023521 0.9048992757188625 -0.383658246575912 0.1842922967401914 0.5599317161168973 0.4122310408529711 0.8977759592405543 -0.15512542011862168 -0.4621544294667663 -0.10593804680450811 0.21634388561731877 0.9705526535923986 0.6279186427732911
36535719080075 PointCloud29.pcd PointCloud13.pcd 0.15 2710.81023521 0.874694879917439 -0.2605775352914665 -0.4086663861239897 0.9520008840459095 0.2474561036506739 0.9650989743012565 -0.08572891325970411 -0.4025522516008996 0.4167425390000932 -0.026140350114094893 0.9086486330170032 -0.23024889217673916
36535719080076 PointCloud29.pcd PointCloud13.pcd 0.15 2710.81023521 0.9981063755569648 0.00598527538896696 -0.06121960103640896 0.21773673826483209 0.0007860838025786051 0.9939323644585027 0.10999016753412615 0.25742543519023153 0.06150646425209452 -0.10983001120116505 0.9920455249104033 -1.342249098427927
36535719080077 PointCloud29.pcd PointCloud13.pcd 0.15 2710.81023521 0.8062855967985643 -0.20574441357281034 0.5545924383533946 0.4984198444493009 0.13337955761407103 0.9766515090042173 0.16840939276198408 -0.9194792369629137 -0.5762928335541385 -0.061814773665895426 0.8149021436655914 2.260630860148545
36535719080078 PointCloud29.pcd PointCloud13.pcd 0.15 2710.81023521 0.9463061862898198 -0.3227762049288638 0.01789199042413864 0.18751855762093483 0.3222273247981073 0.9462484696974358 0.027989011213623793 -0.2838806177679807 -0.02596445537792726 -0.02072088624990378 0.9994480936646718 1.2846951562646594
36535719080079 PointCloud29.pcd PointCloud13.pcd 0.15 2710.81023521 0.9530997029699156 -0.30243233116973467 0.011646512864315959 1.0427797580249707 0.3023677965278938 0.9498049121344077 -0.08027667474563471 -0.5392210102875823 0.013216346754113003 0.08003320528749394 0.9967045772092576 -0.2725543784801402
36535719080080 PointCloud29.pcd PointCloud13.pcd 0.15 2710.81023521 0.8906425796239563 0.45368723605051436 0.030392222781977743 -0.393587206454576 -0.40154919624083124 0.8161277373073662 -0.41556438658275446 1.3526822024213518 -0.2133401939605542 0.357915364635836 0.9090558582389036 -0.7070840558921042
36535719080081 PointCloud29.pcd PointCloud13.pcd 0.15 2710.81023521 0.9999926864634717 -0.001185998482967258 -0.003635990534568789 0.2696055925638343 0.0013668721014547316 0.9987405911312771 0.05015339756592562 -0.054285238091140255 0.003571929482414118 -0.050158000701243356 0.9987349079137201 0.5067122237851144
36535719080082 PointCloud29.pcd PointCloud13.pcd 0.15 2710.81023521 0.9662553896947833 -0.25316348817722717 -0.04752652038305875 0.8657869927245452 0.2543893161358319 0.9668581558354987 0.021711341053057213 -1.0572588057684584 0.04045488501684503 -0.033068939328580134 0.998633990774376 -1.2213212345728504
36535719080083 PointCloud29.pcd PointCloud13.pcd 0.15 2710.81023521 0.9897986497800999 0.061845137947778295 -0.12835034789867616 0.4153585958506487 -0.04625296342448536 0.9915630725686158 0.12109226438026117 -0.3460368841078836 0.13475643312266822 -0.11392037583551996 0.9843083113037041 0.4946750580367021
36535719080084 PointCloud29.pcd PointCloud13.pcd 0.15 2710.81023521 0.7996930834145332 0.39290359170249056 0.45400191625833375 -1.128450680649304 -0.3801586371010389 0.916620095099276 -0.12364065632984496 1.0874573439843016 -0.46472613760841675 -0.07371817203021781 0.8823804441033846 0.07833980959107804
36535719080085 PointCloud29.pcd PointCloud13.pcd 0.15 2710.81023521 0.8102500459855164 -0.5381503556554875 0.23214016819228145 0.7729918988306312 0.5511398757775615 0.8343465155576939 0.010522799277225617 -0.82301963702149 -0.19934818862573733 0.11941560486220783 0.9726254227640928 -0.39359187744126717
36535719080086 PointCloud29.pcd PointCloud13.pcd 0.15 2710.81023521 0.8527474588386248 -0.26157942462783823 0.4521039438620689 -0.19304536836551023 0.3009325999537076 0.9535124160935341 -0.015926162141984834 -1.073695229406106 -0.42692076750770686 0.14963380957136696 0.891823066142489 1.8077154247420884
36535719080087 PointCloud29.pcd PointCloud13.pcd 0.15 2710.81023521 0.9997551958276301 -0.019137691460827146 -0.011103926386959808 0.12365530458024399 0.02156349008087749 0.7303479369357792 0.6827348730723977 -0.7623144935688282 -0.004956239621803675 -0.6828071761333512 0.730581820133522 1.08704311724363
36535719080088 PointCloud29.pcd PointCloud13.pcd 0.15 2710.81023521 0.9480973053115344 0.0774502216801255 0.3084038956023523 -1.3064699647852271 -0.0063716113884019 0.9743160535459146 -0.2250947142227684 0.5079982944074026 -0.31791650197704807 0.21144666222102915 0.9242399076031416 1.0647624758600616
36535719080089 PointCloud29.pcd PointCloud13.pcd 0.15 2710.81023521 0.9985375116399934 0.05008552011605065 0.02035383311602225 -0.05932345211752965 -0.05166610476277779 0.9949150883268526 0.08645565706310374 0.3600151766734794 -0.015920159121436836 -0.08738081994508873 0.9960477603203937 1.0639618967888085
36535719080090 PointCloud29.pcd PointCloud13.pcd 0.15 2710.81023521 0.8918937482054867 0.45223006280752615 0.003675895138426066 -0.5084709243199632 -0.45151363674397677 0.8899599019425438 0.06408438786979202 -0.06614956769557279 0.02570948747439318 -0.058816181680883296 0.997937712999306 -0.6728315801356914
36535719080091 PointCloud29.pcd PointCloud13.pcd 0.15 2710.81023521 0.9948391148659643 0.0565363157767127 -0.08425426120440584 0.03240168033381052 -0.033869334338455404 0.9677852671162086 0.2494885667606404 0.15143035575535543 0.09564519707844375 -0.24534734918316198 0.9647054858995159 1.4205157947008396
36535719080093 PointCloud12.pcd PointCloud18.pcd 0.13 461.58289417 0.9809897218490169 0.19390125185134005 -0.007840290624186976 0.6723218975132523 -0.19379993090544778 0.9809664323932501 0.012101458536178921 0.2204886092132201 0.010037549881927121 -0.010351958662127505 0.9998960368679464 -0.446368683765188
36535719080094 PointCloud12.pcd PointCloud18.pcd 0.13 461.58289417 0.9575144070935215 0.28817435797993207 0.011031754674380778 0.4479394671760675 -0.2878737522075908 0.9528381274932152 0.09606354972176405 1.4672047060224964 0.017171575299441133 -0.09515798546668157 0.9953140684244639 -0.8263631944484041
36535719080095 PointCloud12.pcd PointCloud18.pcd 0.13 461.58289417 0.7628493016257918 -0.5559680348004918 0.33009163468515945 -0.9161048104826786 0.627375197445007 0.7599584723680218 -0.16989255989271843 -3.86687036047912 -0.15640110178601735 0.3366937251511253 0.9285343455166203 1.4479436800810812
36535719080096 PointCloud12.pcd PointCloud18.pcd 0.13 461.58289417 0.9695978505530246 0.17339338351067682 0.17266946098738478 0.9319405110386549 -0.16305034659355963 0.9839508953370857 -0.07249289648695036 -0.05425483366592676 -0.18246805933827082 0.04213514115399375 0.9823085244470081 1.3348741564026338
36535719080097 PointCloud12.pcd PointCloud18.pcd 0.13 461.58289417 0.9527907265918625 -0.15380500465491206 0.2617897092394069 -0.2850703956378382 0.06638839938496344 0.9468737226017887 0.3146787788735259 -0.6633828240369535 -0.2962809675758018 -0.2824432225940876 0.9123833702249363 1.3900688719577814
36535719080098 PointCloud12.pcd PointCloud18.pcd 0.13 461.58289417 0.8989861947659341 -0.1905442730675393 -0.39435605944555857 0.47934157170493386 0.2609950853513354 0.9561357917854774 0.1329883945658693 -2.0373000938731085 0.35171776617440725 -0.22247972417261136 0.9092839959492104 -3.159093347421774
36535719080099 PointCloud12.pcd PointCloud18.pcd 0.13 461.58289417 0.9976552958298865 -0.05057960228286981 -0.04610438737786583 -0.5523704872586643 0.03551098541716259 0.9584459557120284 -0.2830553300928257 1.2698255936962437 0.05850538964303775 0.28075443685214163 0.9579948150019149 0.30292002178885336
36535719080100 PointCloud12.pcd PointCloud18.pcd 0.13 461.58289417 0.8482546241148542 0.49252709210633905 -0.19463082029586498 2.2143746290506874 -0.5292563683604087 0.7753814617473206 -0.34448698862009275 2.785697800684222 -0.018756044831435947 0.3952222821651916 0.9183940104674131 0.544756513016512
36535719080101 PointCloud12.pcd PointCloud18.pcd 0.13 461.58289417 0.8373818569136612 0.3756441128771731 0.3970933469255691 2.5896269014632294 -0.141369721305257 0.8505678833516667 -0.5065065426119781 0.7154529778507692 -0.5280210484534709 0.36800241340429735 0.7653548171395474 3.9754668112538503
36535719080102 PointCloud12.pcd PointCloud18.pcd 0.13 461.58289417 0.9813547557628095 0.15333288722184665 0.11589594055845517 0.5279765522755824 -0.1556687177543362 0.9877443959735192 0.011325128503837585 1.779931923892432 -0.11273905115104235 -0.02915534117653345 0.9931967944100718 -0.24658675174536376
36535719080103 PointCloud12.pcd PointCloud18.pcd 0.13 461.58289417 0.8687676036267284 -0.43363040232199285 0.23918094629534892 -0.45161782388780924 0.4774563917747136 0.8616310640163416 -0.1721258361651106 -3.2161541249535195 -0.13144673766261056 0.2637358218068488 0.9555967619523013 1.704147924976144
36535719080104 PointCloud12.pcd PointCloud18.pcd 0.13 461.58289417 0.9915148870977869 0.1268694890356409 0.028325984807207598 -1.0003049645386284 -0.1275957343311316 0.9914985422553655 0.02549449520944466 0.48257285465751953 -0.024850699063850124 -0.028892446371335725 0.9992735707996672 0.34659198946518055
36535719080105 PointCloud12.pcd PointCloud18.pcd 0.13 461.58289417 0.9772601128908458 -0.20785989553205925 -0.04191581541581716 -0.09923764431404081 0.20817106465019797 0.9780873524589909 0.0031525865832470286 -1.3828071809697327 0.040342032608366864 -0.011806557041033994 0.9991161722321696 -0.7635713931141208
36535719080106 PointCloud12.pcd PointCloud18.pcd 0.13 461.58289417 0.7824338042257103 -0.559780144309189 -0.2728434203752515 0.3025743755312851 0.5393880371555102 0.8281680922663758 -0.1523094098386488 -2.669079679500161 0.3112199983587311 -0.02799644600757583 0.9499254242478913 -2.972852876413609
36535719080107 PointCloud12.pcd PointCloud18.pcd 0.13 461.58289417 0.816724144608375 -0.5757618593589178 -0.03820933029090827 -0.06594330550587024 0.5762441569564358 0.8172751346639877 0.0020064479876515055 -3.137154163075637 0.03007229933484565 -0.02365661783777031 0.9992677425220895 0.966697011368307
36535719080108 PointCloud12.pcd PointCloud18.pcd 0.13 461.58289417 0.8815488024344191 0.4720424767275754 0.0068999341545842256 1.7169705634094203 -0.4720696908858065 0.8815562348331106 0.002968463213231489 1.6569925175065436 -0.004681439246663163 -0.005874094974181843 0.9999717891694815 -0.04620889197697675
36535719080109 PointCloud12.pcd PointCloud18.pcd 0.13 461.58289417 0.8452411203170723 -0.2504491481607045 0.47206214920359585 -0.38317431070167274 0.2502584755132462 0.9660330718774431 0.06442669844728108 -1.0645799501782482 -0.47216325985714575 0.06368145903328842 0.879207897949322 2.3144055877894933
36535719080110 PointCloud12.pcd PointCloud18.pcd 0.13 461.58289417 0.9173722455948269 -0.16951974201810963 -0.3601266722674374 -0.11994449533820983 0.257688673656729 0.9425114615370892 0.21276440571734725 -1.7207043293153872 0.3033557490494296 -0.28798472518057916 0.9083171734484193 -2.9118668036011712
36535719080111 PointCloud12.pcd PointCloud18.pcd 0.13 461.58289417 0.9992285670776261 -0.029652119555923874 -0.025749224101618763 -0.10153914816159482 0.030307465287014466 0.9992166948093324 0.025445124526907503 0.337104433701756 0.02497455272613707 -0.02620588903576091 0.9993445467384984 -0.049194656587782326
36535719080112 PointCloud12.pcd PointCloud18.pcd 0.13 461.58289417 0.9374239530882137 0.33813954519765843 -0.0830540796709417 1.798565101516444 -0.3474262361088597 0.8925767998033443 -0.2874050572207308 1.485861064007517 -0.023050870692823768 0.2982755511709623 0.9542014215740623 0.4015010962287114
36535719080113 PointCloud12.pcd PointCloud18.pcd 0.13 461.58289417 0.9701204712628322 -0.16417616064936105 0.178640587524827 -0.7001265389739144 0.2224729424741855 0.8957166674760895 -0.38496420804070364 -0.7084325841796106 -0.09680940607016411 0.4132043560757359 0.9054778291136555 1.5462834770880014
36535719080114 PointCloud12.pcd PointCloud18.pcd 0.13 461.58289417 0.9136686729019671 -0.38280829220956786 -0.13662857524380628 -1.6251126513599523 0.3881315225207434 0.9215029382823064 0.013647562522493252 -2.0370424378160874 0.12067923343843373 -0.0654992072674915 0.9905283319845234 -1.1905024888618843
36535719080115 PointCloud12.pcd PointCloud18.pcd 0.13 461.58289417 0.9760852647709073 0.2148820948692731 0.03291262982048569 0.7582548644347371 -0.2080696774686562 0.9673277788960539 -0.14485847401555824 1.8308269951218936 -0.06296479345790777 0.13454610169239206 0.9889048393572475 0.9002761752268358
36535719080116 PointCloud12.pcd PointCloud18.pcd 0.13 461.58289417 0.9751119111364717 0.2187887135406372 -0.03589233326228114 0.9353079123573815 -0.2214879905261339 0.9539765946097515 -0.2021675715575494 1.2730381563405833 -0.00999153704256168 0.2050857278408584 0.9786930128612916 1.0459835365417487
36535719080117 PointCloud12.pcd PointCloud18.pcd 0.13 461.58289417 0.8980966102574779 -0.42264798731506215 0.12161890257092003 -1.4484546234237552 0.41012750734378667 0.9046980359144824 0.1153988367898488 -2.3616262200316798 -0.1588014683937151 -0.053760046791320855 0.9858458048827894 1.7534570569844639
36535719080118 PointCloud12.pcd PointCloud18.pcd 0.13 461.58289417 0.9833266269444856 -0.16440351107857765 0.0777189184627298 -0.4408598765588323 0.14317290317924675 0.9634261918973703 0.22652040208634075 -1.3553270990475301 -0.11211719108685558 -0.2116162997294099 0.9709007555623932 0.5309354731265155
36535719080119 PointCloud12.pcd PointCloud18.pcd 0.13 461.58289417 0.972530681426544 -0.17526495831504607 -0.15318703623625313 -0.6057229208546246 0.1207021314525879 0.942405691815213 -0.31193349851705865 0.263675806345151 0.199035346476007 0.28487489608794037 0.9376733036788778 -0.6504343493719473
36535719080120 PointCloud12.pcd PointCloud18.pcd 0.13 461.58289417 0.8824918464840915 0.4685389182389843 0.040980763591485767 1.7017345221069764 -0.43426445526806534 0.8451870816126775 -0.31156569125270484 2.0884637479480324 -0.1806170639220706 0.25715769319716586 0.9493405063778134 2.893961045378077
36535719080121 PointCloud12.pcd PointCloud18.pcd 0.13 461.58289417 0.9966311372249181 0.07740905905890738 -0.027096381481318044 0.8320873617941453 -0.07733177108657333 0.996997824917986 0.003890281406122518 0.10867532676816444 0.027316176423144392 -0.0017817644119210868 0.9996252556939527 0.2658257941627141
36535719080122 PointCloud12.pcd PointCloud18.pcd 0.13 461.58289417 0.9609642578640394 -0.27552310204111946 -0.025193557697450682 -1.3643763783639837 0.2757724304016846 0.9611977820995722 0.00695631491605163 -1.3650405825392573 0.022299366317541747 -0.013632458637463147 0.999658388817567 -1.125772830929332
36535719080124 PointCloud6.pcd PointCloud14.pcd 0.11 210.64909178 0.9266361728442802 -0.3758278969579127 -0.009939569643476483 0.7277740811144535 0.3665751692285886 0.8973209894417618 0.24584077613831504 -1.685215061184857 -0.08347483741545433 -0.23144855535399247 0.9692592623973284 0.6167465977564719
36535719080125 PointCloud6.pcd PointCloud14.pcd 0.11 210.64909178 0.9941902166240453 -0.010008069649426327 0.10717113282468431 0.44079578997970703 0.0063475976719462104 0.9993865329607039 0.0344422087064545 -0.9246552553732023 -0.10745008689074663 -0.03356182770166278 0.9936438408949632 0.2792697804508203
36535719080126 PointCloud6.pcd PointCloud14.pcd 0.11 210.64909178 0.9479863494701144 -0.3182459908118304 0.0064319942881330555 -0.4774606430334014 0.30837632861778225 0.9232206037410422 0.2292765944797751 -1.391297553027518 -0.07890450663012742 -0.21536760703555674 0.9733400601399462 0.29402178354515623
36535719080127 PointCloud6.pcd PointCloud14.pcd 0.11 210.64909178 0.9421766835001482 0.3348482143348077 0.013407849396986627 0.3049557906783251 -0.3325972750294133 0.9392417157927799 -0.0848766867734808 1.1437662976971632 -0.04101401847747174 0.07550942107727653 0.9963012484268522 -0.9905321379977355
36535719080128 PointCloud6.pcd PointCloud14.pcd 0.11 210.64909178 0.9008929291926684 -0.4226513563953915 -0.09878138016746815 1.5872883898752392 0.37824871427984413 0.8761117352301743 -0.2989249697459517 -1.3843510542632582 0.21288457031052985 0.23193546156012684 0.949150199596772 -0.3538701004711715
36535719080129 PointCloud6.pcd PointCloud14.pcd 0.11 210.64909178 0.8601828509248235 -0.35962125272378076 -0.3616047808923732 0.9267752015363753 0.38495721893387425 0.9229319463559987 -0.0021358806672965164 -1.4047727498613698 0.3345047123218741 -0.13736512288389063 0.932329030144162 -0.5074840142643648
36535719080130 PointCloud6.pcd PointCloud14.pcd 0.11 210.64909178 0.772843262191177 -0.6345655736872897 -0.006310687491917736 1.3707290918687822 0.6337591829562867 0.7722956361997276 -0.043689224362970916 -3.1311323488453127 0.032597394133269626 0.029765466530510445 0.999025238368852 -0.268104622473087
36535719080131 PointCloud6.pcd PointCloud14.pcd 0.11 210.64909178 0.9692359517826926 0.20052339489178708 -0.14273064798063004 -0.883433620338347 -0.21431128594959223 0.9727274995199477 -0.08872364054919236 1.1491609175229844 0.12104686070497747 0.11658293090646936 0.9857768904446519 -1.4490750720496015
36535719080132 PointCloud6.pcd PointCloud14.pcd 0.11 210.64909178 0.9069584897204415 -0.4157593868880326 -0.06760495646402795 0.17467484195138772 0.41999292134058164 0.9048349342831167 0.06985476164637497 -2.1106490421074167 0.03212855346603519 -0.09174897228500759 0.9952637249175843 0.282831095304497
36535719080133 PointCloud6.pcd PointCloud14.pcd 0.11 210.64909178 0.9996364683131465 -0.017207569210334814 -0.020756463578641693 0.1516780445613879 0.017691397691698026 0.9995706671709097 0.02335585107027744 -0.3423253232772753 0.02034565472365349 -0.023714571330182954 0.9995117175103511 -0.23607534656477303
