id source target overlap t1 t2 t3 t4 t5 t6 t7 t8 t9 t10 t11 t12
38591597440030 PointCloud19.pcd PointCloud18.pcd 0.6051 -0.03804109024359251 0.9537260131995601 -0.29826090457777304 3.7601682386833906 0.9905449306498649 0.07536027111400198 0.11463668654265362 -4.183448322908308 0.13180901265442113 -0.29107992250256065 -0.9475752544779596 -8.794217626362135
38591597440061 PointCloud16.pcd PointCloud13.pcd 0.6008 0.4742084495072036 -0.5886765496972248 -0.6546650030760348 0.7877889050066536 -0.1067899971512431 0.6996389983693861 -0.7064709254237711 -1.5426978655576402 0.8739120338594792 0.4049261559806341 0.2689099575663493 2.156598313163255
38591597440092 PointCloud24.pcd PointCloud22.pcd 0.6137 0.14504884732121076 0.951541597866802 0.27116308638876574 3.0052084339597465 -0.9655047385354638 0.1960204507859608 -0.17139598227273134 -0.7304753290346953 -0.21624391727018313 -0.23694845516010826 0.9471504620918919 4.320911595052393
38591597440123 PointCloud4.pcd PointCloud0.pcd 0.6150 0.6451307828302691 -0.5501760222936463 -0.5302005446413136 1.7708550129293998 0.7064938747090346 0.6937926909701668 0.13970721869320082 -5.128443177659957 0.29098570075421126 -0.46471286451906635 0.8362830116097449 -0.9756424020924319
38591597440154 PointCloud5.pcd PointCloud27.pcd 0.6123 -0.8955053807746907 -0.06229221262450673 -0.44066970993014665 9.422298820927612 0.11295150222775649 -0.9895474775891571 -0.0896534870567231 -1.0366739473092195 -0.43047888583305627 -0.13005948578738938 0.8931810897061415 -0.2065646529499876
38591597440185 PointCloud16.pcd PointCloud17.pcd 0.6137 0.4832479154303446 -0.27128535992422353 -0.8323915579359337 -4.397670376441392 0.25366708049876996 0.9533819185949496 -0.16345008280035597 -3.9017842077928826 0.8379286750693383 -0.1321634245432418 0.5295359900040277 -4.470859737213626
38591597440216 PointCloud7.pcd PointCloud24.pcd 0.6158 0.8450904726405553 0.2403962187476083 -0.4775267019382423 -0.7496084256697331 -0.5339507954872127 0.3347338008547216 -0.7764340477876562 0.8541209294567449 -0.026807481245644776 0.9111327787853994 0.41124009820548957 0.3750956399612865
38591597440247 PointCloud12.pcd PointCloud9.pcd 0.6202 -0.1976340449869442 0.8002302291673149 -0.566191102534228 4.911333616337307 0.6555377563636575 -0.32154833591600324 -0.6832839216982576 -8.222360239361244 -0.7288422560772666 -0.5061998103481227 -0.46103223071681687 9.218847290606824
38591597440278 PointCloud27.pcd PointCloud28.pcd 0.6157 -0.8552585868669927 -0.39883225632239055 -0.33085583100055127 -4.069368775637369 0.5120429797522044 -0.7485649907286663 -0.42126291261144166 0.08871558607204866 -0.07965385412368955 -0.5297011289134491 0.8444358930973146 -5.1208035007806885
38591597440309 PointCloud24.pcd PointCloud25.pcd 0.6056 0.5733907958220451 -0.14456233462387968 -0.8064271366184642 -1.1633139960501424 0.01838367328442532 -0.9817915309669757 0.18906990844154234 -0.5334812167410823 -0.819075720445389 -0.12323603827458565 -0.560292640543539 7.460111772255348
38591597440340 PointCloud9.pcd PointCloud10.pcd 0.6263 0.08707728357681715 0.8357486664137728 0.5421639173464818 1.4067709105296688 0.5014871725814927 0.4334706136147824 -0.7487415060410664 -5.80798878822634 -0.8607718410944347 0.3370866264330644 -0.38137179216464473 5.053325071351066
38591597440371 PointCloud5.pcd PointCloud25.pcd 0.6224 -0.25986152542836827 0.024006619716764148 0.965347434767305 5.562219226978618 -0.13874643748195056 0.9883897289816213 -0.0619287471995399 2.136408318043162 -0.9556261893063149 -0.15003141622144348 -0.25351362972921065 3.7588213383193545
38591597440402 PointCloud6.pcd PointCloud4.pcd 0.6316 -0.12049232663623277 0.9129888526034562 0.3897857799402282 4.950980348029811 0.04866499975788757 0.39760683503825556 -0.9162644391928709 0.9218273777673368 -0.9915207093250007 -0.09143390920597277 -0.09233917493112942 2.899523374475631
38591597440433 PointCloud16.pcd PointCloud15.pcd 0.6407 0.9544926741493717 -0.264509611723214 -0.13776211489816786 2.059904804906023 -0.11217786825439462 -0.7464272484883675 0.6559439675673407 -9.413287975478518 -0.27633288054279953 -0.6106398513200063 -0.7421314648435272 3.7911279982996695
38591597440464 PointCloud28.pcd PointCloud26.pcd 0.6278 -0.4195144942202258 -0.7291941573662517 -0.5406324722046116 3.250567986114706 0.8731079904570809 -0.4870947420660072 -0.020521921246504843 -4.7914075069065065 -0.2483747695301314 -0.4806397747945669 0.8410085497462448 1.3855827769442044
38591597440495 PointCloud16.pcd PointCloud14.pcd 0.6315 -0.9463601535787699 0.31283720133562 -0.08084148179532558 14.403039927063451 -0.2141813780746131 -0.7946899133193396 -0.5679738365053099 -7.178931710472419 -0.24192725560471035 -0.5201930671673715 0.8190667713114578 -3.016596873859795
38591597440526 PointCloud26.pcd PointCloud24.pcd 0.6351 -0.9602521191322819 -0.08212405219791283 -0.26677988633432614 7.271959243301662 -0.16343157580758688 -0.6093848128388166 0.7758480971881346 -8.718995986849592 -0.22628740073413386 0.7886100366670429 0.5717413946330933 2.772465306347472
38591597440557 PointCloud1.pcd PointCloud0.pcd 0.6309 0.8127669277144132 -0.5733514878573807 0.10333437271983438 -3.340031610772695 0.5015789337284127 0.598427720577336 -0.6247422160255239 -5.416267660648842 0.29635872596153195 0.5596001560188683 0.7739632878438846 -1.9245073537910407
38591597440588 PointCloud10.pcd PointCloud6.pcd 0.6399 -0.6663047056041461 -0.07527317872336059 0.7418706004787173 7.673359178805843 -0.15828083822352676 -0.9579437184079788 -0.23935540230784896 -2.4409426167040476 0.7286873235764634 -0.27690753136665586 0.6263681054550867 -1.1567897905022653
38591597440619 PointCloud5.pcd PointCloud2.pcd 0.6262 0.5866615772848713 0.8087594633460418 0.04166922348507955 4.573151094040854 -0.7863625106771945 0.5812026288749591 -0.20937408146734776 4.712977835422664 -0.19355153199880903 0.0900646136785091 0.9769473731086311 -8.295781881033534
38591597440650 PointCloud26.pcd PointCloud25.pcd 0.6527 -0.1323436149068371 0.4250142694752955 0.8954596799051154 -0.16719399591791667 -0.18655276918531075 0.8765812185851614 -0.44362532787595166 -1.720684343596374 -0.9734902320530406 -0.2257614625354255 -0.036722338313112335 4.319598627615304
38591597440681 PointCloud27.pcd PointCloud26.pcd 0.6502 0.6297261525321061 -0.7523024427764488 0.19361303522670822 1.7802594715140578 0.515169517263106 0.5909877435924038 0.6207526523555555 -0.09753480062192543 -0.581416667545753 -0.291160645548376 0.7597237242470739 5.036638649114688
38591597440712 PointCloud8.pcd PointCloud9.pcd 0.6464 -0.806450232290102 -0.42012298804474524 -0.4160945778973757 11.773313535299692 0.13070784334644983 0.5596251592049973 -0.8183734727326523 3.909744530297758 0.5766745031011518 -0.7143643020904223 -0.39639646992866057 -4.762998055138486
38591597440743 PointCloud23.pcd PointCloud22.pcd 0.6465 -0.5441806099947065 0.5167128924696368 -0.6609653927865292 3.3827095097348208 -0.7181217467934237 -0.6942236230749589 0.0485254360829378 6.142493112924167 -0.4337840712706623 0.501060223845736 0.7488457996086444 5.07005004097514
38591597440774 PointCloud2.pcd PointCloud0.pcd 0.6521 -0.8130354003696245 0.5763113227018833 0.08269641510615788 -5.138472189205117 -0.5536087149673009 -0.7212763656829955 -0.4162664951919426 8.441642203689046 -0.1802521246977637 -0.38422085267816397 0.9054741895323171 -0.022852439698771376
38591597440805 PointCloud4.pcd PointCloud1.pcd 0.6596 0.3498882817345611 -0.7873892293224642 -0.5075395470816162 -4.6600090679181205 0.8247884911905135 0.5158176182150751 -0.2316379276772332 -0.7546828040661973 0.4441870496812267 -0.33756538075742115 0.829908114558223 5.130828320952238
38591597440836 PointCloud3.pcd PointCloud2.pcd 0.6618 -0.37363185875080207 0.8077620305266292 0.4559821664998731 0.9823099072688026 0.9212935432308785 0.3802877237103325 0.08123702601835842 0.07915031726088273 -0.10778423506020876 0.4504461668553869 -0.88627355226125 -0.2899899096370633
38591597440867 PointCloud22.pcd PointCloud20.pcd 0.6560 0.4374366842162949 0.3898030094485285 0.8103719893522505 1.9921260149312392 -0.6913914723081496 0.7220156109715264 0.02590925573965469 -3.318018450548989 -0.5750017211464875 -0.571617941756803 0.5853425914285525 2.8958211307708184
38591597440898 PointCloud11.pcd PointCloud8.pcd 0.6587 -0.20028074190086775 0.9752826360665319 -0.0933349034967883 5.750876518463451 -0.9796850948071631 -0.20035410253466124 0.008680357723624438 3.3647936832675494 -0.010234228662561302 0.0931773222659209 0.9955969300771448 2.6438187301365788
38591597440929 PointCloud20.pcd PointCloud19.pcd 0.6336 -0.6969993370898688 -0.3483662558533619 0.6267638118773238 2.214842270900029 0.6128111801546285 -0.7432655215826103 0.2683632275555309 -4.0546680792004315 0.3723632387518601 0.571136862940259 0.7315383122003829 -0.04569380977308313
38591597440960 PointCloud4.pcd PointCloud3.pcd 0.6838 -0.23845737851748133 -0.8571547612252332 0.45653454846208963 3.4659176373548757 0.9661403393635756 -0.2570810043171406 0.021959095466920153 -0.08407728841482909 0.09854401699243623 0.4463127519220169 0.889434654253358 4.222805935936721
38591597440991 PointCloud5.pcd PointCloud4.pcd 0.6743 -0.6861280468316688 -0.010272108671254443 0.7274082671611625 3.5866682003944255 0.6739981888479556 0.3673244973438253 0.640936155229818 -0.8761912062156711 -0.27377864193657364 0.9300361269512877 -0.24510825727586844 9.979618723750477
38591597441022 PointCloud3.pcd PointCloud1.pcd 0.6671 -0.08062186800224219 -0.9322535528331835 0.3527087008137674 5.129651459964771 0.942328276876254 -0.1866103590748907 -0.2778380688195377 -1.5784616323542744 0.3248346240770199 0.309967558166733 0.8935337597902466 -9.837767035904294
38591597441053 PointCloud13.pcd PointCloud11.pcd 0.6719 0.4199721469125914 -0.502509679575091 0.7557164929727073 0.7724029672608177 0.45537682594103684 0.8369781774378242 0.3034789562535175 -1.0565115786894015 -0.785019326012739 0.21668306908062115 0.5803387849871033 12.294049382990767
38591597441084 PointCloud6.pcd PointCloud7.pcd 0.6819 0.20228365389464842 -0.24978382923277026 0.9469368310615255 8.219033814813427 0.4025445391526586 0.9026729195166482 0.15211671298599688 -7.678707142275739 -0.892770528952095 0.3504135257450898 0.2831450928578694 2.9164730386920485
38591597441115 PointCloud12.pcd PointCloud10.pcd 0.6666 -0.09930770535392988 -0.7516007972561249 0.6520998552532385 1.7096066923991142 0.13940808536254273 -0.6593849364746849 -0.7387671428033507 -0.5442679392102624 0.9852427951489356 0.01754272254336542 0.17026123308868477 -8.123455857913523
38591597441146 PointCloud10.pcd PointCloud7.pcd 0.6739 0.6265214718242058 -0.21101839143106493 0.7502946646625421 -3.93048134892305 -0.42358785305371593 0.7158852356644343 0.5550510427906796 4.093804861460088 -0.6542508510415361 -0.6655671024288408 0.35913264412456636 2.5223895339414737
38591597441177 PointCloud5.pcd PointCloud3.pcd 0.6634 0.39987846088587975 -0.5483517469215079 -0.7344437202180097 1.1259524101759832 -0.531266639662792 -0.7916295019311433 0.30179212921091025 1.6306853401965626 -0.7468955576926032 0.2695052751253305 -0.6078765767642925 3.878221823603177
38591597441208 PointCloud9.pcd PointCloud6.pcd 0.6688 0.4670180611424659 0.8765860309249759 -0.11615102648676401 4.019015807945051 -0.8615905534454055 0.48065345369603696 0.16319919014416495 6.714633718214375 0.198886522369847 0.023857657832834403 0.9797320875537147 -8.27609617465247
38591597441239 PointCloud25.pcd PointCloud24.pcd 0.6262 0.19795564972589852 0.8688035315351418 -0.4538656016197566 1.4618605874280544 0.8413378843554952 0.08698567777091461 0.5334642033079203 -1.428564680517558 0.5029553907553004 -0.48745657801982817 -0.7137380187823698 6.559949516227315
38591597441270 PointCloud10.pcd PointCloud8.pcd 0.7022 0.5346450647203305 -0.7733462346105684 -0.34072020219507043 2.589231573233483 -0.16093699399854916 0.30262800168714266 -0.9394230019312696 -3.289836733380583 0.8296107151748373 0.557092356803163 0.037338549229885 3.078096788653506
38591597441301 PointCloud15.pcd PointCloud14.pcd 0.6956 -0.8538170910030094 -0.3269776472800915 -0.40507035597576735 1.8207371730512676 0.3050027526065845 0.31636743153954217 -0.8982677602828011 3.962094061525576 0.42186454699768905 -0.8905039395983878 -0.1703908376239329 -5.192132244373493
38591597441332 PointCloud8.pcd PointCloud6.pcd 0.6914 0.9556418687742523 0.2781001979143894 0.09699947714102523 -2.169577828271243 -0.07330413099201931 -0.0943965820846952 0.9928322062011447 -7.436098617424994 0.2852632521464335 -0.9559024872918288 -0.06982343277249753 4.017078813106605
38591597441363 PointCloud11.pcd PointCloud9.pcd 0.6998 0.5159333503696233 -0.7544115306920169 0.4058029328815939 -1.1480667900888293 0.7610229760770768 0.6211363445475291 0.18717283821356698 -5.036633315954707 -0.39326429771740584 0.21225664616463982 0.8945894635528492 -0.21982588403596637
38591597441394 PointCloud7.pcd PointCloud8.pcd 0.6847 -0.6130267135511219 0.7131137819761256 -0.34009848930628606 7.502042949351205 -0.5849004570509849 -0.6990203940443297 -0.4114145647053098 2.151328763442986 -0.5311211762058261 -0.053284356670765254 0.8456187518733977 4.03886692900055
38591597441425 PointCloud14.pcd PointCloud13.pcd 0.7007 -0.9566215828557552 0.029342703029057948 -0.28985195012885207 10.534246703345797 -0.22699617925114673 -0.6987060950917505 0.6784412482205214 -5.806171384396253 -0.1826140241600609 0.7148068259750927 0.6750580121141314 4.786918027841778
38591597441456 PointCloud4.pcd PointCloud2.pcd 0.6861 -0.3962527108473807 -0.9022979521056886 -0.16982989952297045 6.847045345498323 -0.13394503212313652 -0.12618178743934716 0.9829226240595661 0.28339135741338484 -0.9083185110497495 0.4122336256838972 -0.07085845284702746 3.5237312373185032
38591597441487 PointCloud6.pcd PointCloud5.pcd 0.6924 -0.02820621810900842 -0.654698238169369 0.7553639031605305 -0.7096519785641566 0.8659261523404772 0.361507476549809 0.3456649289288776 -9.792018721158865 -0.499375918475054 0.6638392586586859 0.5567235675904899 -1.02710248897872
38591597441518 PointCloud21.pcd PointCloud20.pcd 0.7479 0.8754140883808634 -0.48144668912300403 -0.04311913028806996 -9.344412595560456 -0.012058790109433615 -0.11092878144034468 0.9937551967306922 -1.8121167459729344 -0.4832233018443944 -0.8694273350778993 -0.10291428265281544 4.325148131923162
38591597441549 PointCloud14.pcd PointCloud12.pcd 0.6126 0.3893414525686223 -0.8661174679934407 0.3134545660034104 -0.2559206708182187 0.4393913734868793 0.4737341148980414 0.7632242195364891 -2.8811113455736805 -0.8095359499225893 -0.15942559398791767 0.5650088722883302 10.299383512933499
38591597441580 PointCloud8.pcd PointCloud7.pcd 0.7221 0.6066173501476513 0.6775050092421682 0.4159355153766162 1.5192258757958754 -0.7935230319510955 0.5478231981896915 0.2649734728012571 -2.6338069351102282 -0.04833826913515041 -0.49079191718791343 0.8699348859311425 6.362069313479035
38591597441611 PointCloud9.pcd PointCloud7.pcd 0.7112 0.9888949971764087 -0.14694910688714158 -0.0221955974135045 -0.15410514755944948 -0.10455705028645433 -0.5817874434802899 -0.8065923343573658 -0.9157215829964178 0.10561490328010906 0.7999558304017418 -0.5906912574360597 7.835303730322337
38591597441642 PointCloud11.pcd PointCloud10.pcd 0.7071 0.12352117378054367 0.9923367781389542 -0.0031997469708092904 3.6802349481037204 -0.9887570684172119 0.12280047858049542 -0.08531999833217636 2.73041851528802 -0.08427324179642096 0.013702598775478692 0.9963484628903286 2.5916865785576513
38591597441673 PointCloud7.pcd PointCloud6.pcd 0.7200 -0.21354277965355703 -0.4609737756894544 0.861337715059802 3.9399006962775713 0.8087927207489612 -0.5779437956191625 -0.10879018323731193 -1.2616230368026886 0.5479542098764502 0.6734123159193955 0.49624795883383854 -10.629830403940941
38591597441704 PointCloud9.pcd PointCloud8.pcd 0.7168 0.7031292403845275 0.7110024736959898 0.00920617805934841 2.6381356751594462 -0.6935660740473396 0.6829165513713898 0.22932746192632045 -5.317566964192023 0.1567653413444356 -0.1676319368771684 0.9733057903310611 -3.381863158186719
38591597441735 PointCloud10.pcd PointCloud9.pcd 0.7095 0.5061299216668158 0.25605537971685993 0.8235703642747217 4.0636485723718465 -0.6834447497869531 0.7015253984976434 0.20190440622079509 -2.2220765212777267 -0.5260568185873006 -0.665054702848403 0.5300626999110865 -3.6587526890447637
38591597441766 PointCloud12.pcd PointCloud13.pcd 0.7597 0.036695412680777695 -0.9878964538627957 0.15071178830304188 0.30181082782558916 0.6490908686403369 0.13823113286320976 0.7480462540211579 -5.0095775703226675 -0.7598253029058196 0.07037577958834379 0.6463070158302574 5.767331935686544
38591597441797 PointCloud29.pcd PointCloud27.pcd 0.6089 -0.07034593605777913 0.1785495314255777 0.9814130191249051 -0.00942153740655205 0.46975472818008723 -0.8619988042505347 0.19049555591430686 2.015743081933804 0.8799897412087296 0.4744239942270575 -0.023236373835813964 2.335573370703275
38591597441828 PointCloud11.pcd PointCloud6.pcd 0.6119 0.5553703372842234 -0.48060958714241653 0.6786591288795901 8.877185403570614 0.3429453019216395 -0.6110962246373683 -0.7134072638569295 -2.5636790088680574 0.7575964020206826 0.6289481926047256 -0.17456191642098012 -2.2530136781733763
38591597441859 PointCloud24.pcd PointCloud23.pcd 0.6300 0.5027253192380934 0.8527627765076798 -0.14164356815567059 2.2091036181865857 -0.8634612429885308 0.487545911447942 -0.12935867225314612 -1.2876602791459524 -0.04125451797874474 0.18733561122570475 0.9814292809535657 3.5252448098280746
38591597441890 PointCloud13.pcd PointCloud14.pcd 0.7287 0.06364984198484197 -0.7553129917244075 0.6522660363284518 2.2400636525659636 -0.9708890535872412 -0.19809858254953533 -0.13465287674734364 6.6012596649820425 0.2309180444222041 -0.6247073203702591 -0.7459340591741571 -0.8635866411083233
38591597441921 PointCloud13.pcd PointCloud12.pcd 0.7425 -0.32782515285520214 0.9426724999532311 -0.06244379062315896 6.0496522104324475 -0.9357118426274761 -0.3330979363681433 -0.11614263796719111 4.506180478539637 -0.13028436867927376 0.02035491634003954 0.9912677038311262 5.115301324904399
38591597441952 PointCloud15.pcd PointCloud13.pcd 0.6352 0.541941873489455 0.8403482030862319 0.010672550233231543 5.2035785322408135 -0.840242545268747 0.5415283730315964 0.02719349778991724 3.125779919883768 0.017072518239486505 -0.023704825911478128 0.999573214101633 -0.25176113988732257
38591597441983 PointCloud12.pcd PointCloud11.pcd 0.7629 0.1296924017630323 -0.2601026321198747 0.9568314907491543 0.8626267260491713 -0.9878427728824963 0.049521613352913024 0.14735761220495203 5.048810839392731 -0.08571194192617881 -0.9643102356478632 -0.2505179283724134 -9.912761541105315
38591597442014 PointCloud8.pcd PointCloud26.pcd 0.6029 0.006351227316959029 -0.7716103232023683 0.6360638105089028 4.495356123272346 0.32306586658514785 0.6035498615921017 0.728941705776081 -1.9761562516259756 -0.9463551699859604 0.20086083167131408 0.25311424009950967 3.4932822307110705
38591597442045 PointCloud28.pcd PointCloud27.pcd 0.6336 0.597128400183425 0.800162318795365 -0.05637319641822763 -0.2637990168347727 -0.7943575143033117 0.5996381015667482 0.09710966285231423 2.3145333408867277 0.11150700948481931 -0.013206465441238512 0.9936758908750387 -7.705788628917023
38591597442076 PointCloud13.pcd PointCloud10.pcd 0.6081 0.8697397177646627 0.4899428132502351 0.05923565722679426 1.5850165172210993 -0.38973036797287713 0.6082410815452192 0.6914861003667594 0.8535261248887427 0.3027590851194573 -0.6244988602592862 0.7199570194896928 -1.0234294251514104
38591597442107 PointCloud29.pcd PointCloud28.pcd 0.6196 0.6468523141974358 0.7008005738527716 -0.3007667523265287 2.1897558545725833 -0.7037759383492042 0.3966515767901847 -0.5893784482236837 -4.237136833800918 -0.293737148175233 0.5929132165144289 0.749781571835688 -4.875458567592324
38591597442138 PointCloud8.pcd PointCloud25.pcd 0.6021 0.3651387905978142 0.9308642686310591 0.012859898394969524 2.2843021352710022 0.8965009798633921 -0.3553155909179284 0.2646447126897138 -7.993672220373286 0.2509176293223403 -0.08510313881759425 -0.9642602340958843 9.491404310285347
38591597442169 PointCloud8.pcd PointCloud25.pcd 0.6021 0.0841805392815192 -0.6659616834907622 -0.7412210688643588 3.724621314067875 0.9848748551264312 -0.05744717773195679 0.16346663730047156 -4.150214150399792 -0.1514435754529177 -0.743770702496934 0.6510529821460413 1.3476533761497662
38591597442200 PointCloud20.pcd PointCloud21.pcd 0.7588 -0.05283569956593958 -0.9641227144175529 -0.26014569071100807 -1.7978618925965923 -0.9159713185148665 -0.056972281620159985 0.3971784268878792 -3.5721978149035687 -0.3977498365926942 0.2592711913636432 -0.8800985835799091 -4.470021607419682
38591597442231 PointCloud12.pcd PointCloud13.pcd 0.7597 -0.377996171810536 -0.7084745339054029 0.5959720873531759 7.4529946941982335 -0.44528683402875646 -0.4252568653203531 -0.7879570000568265 -2.340185564139934 0.8116886900389989 -0.5632232535198 -0.15472891506549363 -7.99248308074452
38591597442262 PointCloud21.pcd PointCloud20.pcd 0.7479 0.5114085645966362 0.7183836384085396 -0.471578443235181 -0.7534907311668598 -0.23693389232043677 0.6453743192374923 0.7261916542749793 -7.549284589334922 0.8260288195499572 -0.25964771544470033 0.5002593858562296 -1.8383707638310736
38591597442293 PointCloud11.pcd PointCloud12.pcd 0.7593 0.7311534135216964 0.09003555685977388 0.6762457278212718 0.9857434804048975 -0.1594264284496956 -0.941256477549604 0.2976902037062789 -4.406337020482378 0.6633233749894129 -0.3254686497527253 -0.6738488392961677 -0.302685319199985
38591597442324 PointCloud12.pcd PointCloud11.pcd 0.7629 0.025879766719925534 -0.9570762681726355 0.28867846226426974 1.942916738155095 0.8496650103089267 -0.13108582586010803 -0.5107698860693575 0.3173677741877672 0.5266873910881608 0.2584985941147738 0.8098017466697832 5.118722314916543
38591597442355 PointCloud17.pcd PointCloud18.pcd 0.6056 0.05952214640604668 -0.4861260101504698 -0.8718592870081743 1.5774621863722067 -0.9221903878321385 -0.3611253149790028 0.13839579282379028 -2.1249295921932285 -0.382128254225236 0.7957826393786815 -0.46979568770506186 -3.4098590453635103
38591597442386 PointCloud30.pcd PointCloud29.pcd 0.6241 0.6823680989894324 -0.691069109803947 -0.23832176349701711 3.1202357022253953 0.1454155594863043 -0.19117871995197366 0.9707239628734885 2.897374296016423 -0.7163993945703981 -0.6970467577661521 -0.029962058455018092 -0.3788897226890624
38591597442417 PointCloud14.pcd PointCloud12.pcd 0.6126 -0.9417229751738128 -0.261159099429921 0.2120230242561775 7.209240201404604 0.2655526281307392 -0.9640631469315306 -0.008003150712816001 -7.165016343822264 0.2064936796191116 0.04876652041541788 0.9772319001976618 6.436096902827593
38591597442448 PointCloud23.pcd PointCloud21.pcd 0.6173 0.3777255544704543 0.6352164049249981 0.6736642519936383 -3.4349293324102264 -0.8512468525639943 -0.04800814887595878 0.5225648415664764 -7.359798326400096 0.36428313370218046 -0.7708406687219248 0.5225920607361488 -1.6385569401494267
38591597442479 PointCloud7.pcd PointCloud5.pcd 0.6379 -0.5356653268786572 0.4372008982869351 0.722438946982427 3.191720250027232 -0.8249232064360321 -0.08810321176697097 -0.5583363928310956 3.1905299328583423 -0.18045598095734178 -0.8950380989731337 0.4078510026017861 2.185069522388719
38591597442510 PointCloud7.pcd PointCloud25.pcd 0.6375 0.10993444738908609 0.9057649040877667 -0.40927296001584884 5.012735520580637 -0.41983931538370095 0.4155480371521036 0.8068796552629016 0.25501066916288195 0.9009158487535898 0.08312501032729147 0.42595876105872754 0.40676897408579116
38591597442541 PointCloud27.pcd PointCloud25.pcd 0.6395 0.6483611300754768 0.5948068390143528 -0.47521854895300986 0.6243150421357724 -0.6925191438548028 0.7200843218218624 -0.043540841298245786 -0.39935621454669357 0.3162990363593625 0.3573281317334278 0.8787898075592574 1.4859591984761829
38591597442572 PointCloud15.pcd PointCloud13.pcd 0.6352 -0.2653076857266303 0.14298817526074728 0.9535020784612804 4.079402589436899 0.14978268508796325 -0.9708233969547639 0.18726206015382138 -7.184959185195023 0.952458387092171 0.19250016535269573 0.23614975586895115 -4.6715373305713666
38591597442603 PointCloud5.pcd PointCloud6.pcd 0.6358 -0.5624938183317939 0.778753445548292 0.27774768295195923 5.570365209543618 -0.7695046718200883 -0.6159675359491724 0.16866106457556498 4.101891614338806 0.30242894105157453 -0.11885733340172253 0.9457323458098782 -2.3827478219540823
38591597442634 PointCloud8.pcd PointCloud25.pcd 0.6021 0.952652297854161 -0.17765899338134 -0.24676077780700126 -0.7933534852392712 -0.20929000259948516 0.20557731183590172 -0.9559998240952935 4.666085496754799 0.2205703837896075 0.9623799930012332 0.15866144732055049 -0.804101071560696
38591597442665 PointCloud6.pcd PointCloud3.pcd 0.6059 -0.34501819448974175 -0.7629733610396711 -0.5466572013747435 5.9556217025184 0.8572190823997535 -0.49335828855742087 0.1475569174299108 -3.598633362399763 -0.382279858533985 -0.41769516331353507 0.824252910400513 0.23663824392992894
38591597442696 PointCloud29.pcd PointCloud28.pcd 0.6196 -0.09107156262587318 0.9933489697910267 -0.07045420282699634 -1.5942013992302408 -0.9916049190571641 -0.0969777991268102 -0.08552772052472332 -5.479085962327739 -0.09179136660120475 0.0620735909354852 0.9938416444916449 3.6967264340159325
38591597442727 PointCloud25.pcd PointCloud26.pcd 0.6176 0.46186394862949665 -0.8613563840961633 -0.21153456581171823 -5.40912364141451 0.8223379089785794 0.32649970130435346 0.46600247693001084 0.8418213837450981 -0.33232823595521777 -0.3891826365923209 0.8591244490537691 -4.500292168319261
38591597442758 PointCloud7.pcd PointCloud26.pcd 0.6217 -0.48622939893492284 0.07056311315723934 -0.8709775075585717 4.4069418764009445 0.8468860810810419 -0.20755736444077827 -0.4895956557584971 -5.838239154443572 -0.21532518961463482 -0.975674529506616 0.041161574185943794 9.36429327058644
38591597442789 PointCloud29.pcd PointCloud27.pcd 0.6089 0.9978727443666416 0.037098505127286394 -0.05360678098438621 -4.472646986901643 -0.05462147518032674 0.02690017086005947 -0.9981447165901468 2.880861841507211 -0.03558764531845562 0.9989494890759093 0.028869322397096386 1.6932057263242075
38591597442820 PointCloud21.pcd PointCloud22.pcd 0.8001 0.6273492457102978 0.6995882741496208 -0.34206603248360595 1.230102768950195 -0.08179645181350148 0.49602456379136006 0.864447206361564 -2.65090766638853 0.7744302837424695 -0.5143305151242203 0.36840447450405933 8.23641456420757
38591597442851 PointCloud29.pcd PointCloud27.pcd 0.6089 -0.465207631876857 0.14342882715563188 -0.8735044537861766 -4.440716675520158 -0.11466914952446244 0.968707022469498 0.22013107632866402 -3.9071735920379855 0.8777430406393795 0.2025706695428524 -0.4342030382782891 1.2604527269419554
38591597442882 PointCloud17.pcd PointCloud18.pcd 0.6056 -0.6486443266912434 0.7076644846126148 0.2801276756574153 6.3815493381942305 -0.4304252837346414 -0.6446291464811038 0.6318127401604032 -4.409559172143501 0.6276899016020707 0.2892477151595256 0.7227317252630998 2.7020602335240005
38591597442913 PointCloud29.pcd PointCloud27.pcd 0.6089 -0.6589741970423619 0.6273535424056964 0.4149464308358344 3.5046365387699145 -0.002041742898485188 0.5501750372565388 -0.8350468607603422 0.4976293193308132 -0.7521627742173302 -0.5511215484907025 -0.36127025876883295 -1.7851153178331525
38591597442944 PointCloud17.pcd PointCloud18.pcd 0.6056 0.4927546784641471 0.8652977726027523 0.0919379768126902 0.3882340592580409 -0.8686243426127672 0.49541833546398106 -0.0072404631506835515 -3.764458740573549 -0.051812916075367844 -0.07629179257832427 0.9957384114881543 1.4157441999559115
38591597442975 PointCloud7.pcd PointCloud5.pcd 0.6379 -0.1267742046321202 -0.251469397794329 0.9595266765509185 3.6468416900144183 0.9908755209334414 -0.07673034055595984 0.11080684479330544 -4.362409168930715 0.04576027813261807 0.9648189450933911 0.258902298433408 8.168892452526562
38591597443006 PointCloud30.pcd PointCloud29.pcd 0.6241 0.6056388586871925 -0.3880536454211755 -0.6947056507064063 4.0285859928172325 -0.40565628563420897 0.6005061738703041 -0.6890829507897471 1.082859137259189 0.6845761833233258 0.6991471257317623 0.20627347334905538 -2.223824888053922
38591597443037 PointCloud28.pcd PointCloud1.pcd 0.6016 -0.2470411666615548 0.961383862949535 0.12129192073146494 0.6081498055188297 -0.7227061128737549 -0.09941750581031877 -0.6839678603219328 1.854636419788652 -0.6454971234555624 -0.25662663072776615 0.7193582111937762 7.538488134511487
38591597443068 PointCloud30.pcd PointCloud29.pcd 0.6241 0.4252375163923444 -0.3758818278337721 -0.823338269581108 0.8397053078603471 0.3439210230718127 0.9085561124363715 -0.23715842899577763 -0.02968049458584035 0.8371925612078195 -0.18231467867083598 0.5156258075382201 6.076717725673533
38591597443099 PointCloud17.pcd PointCloud18.pcd 0.6056 0.40322652333449527 0.10224782532285448 -0.9093699759153714 6.06533533827731 -0.7026878800754843 -0.6019852517269847 -0.3792670561731152 0.6481735737961745 -0.5862065455746787 0.7919337970562604 -0.17088811253406788 1.0796391411189616
