id source target overlap t1 t2 t3 t4 t5 t6 t7 t8 t9 t10 t11 t12
38591597440000 PointCloud29.pcd PointCloud15.pcd 0.1436757726208963 0.9949700547824705 0.042581732878819105 0.09067185953317825 -0.022688369481887415 -0.04306624051089789 0.9990664578999794 0.0033928789318107633 -0.09713551728403381 -0.09044273887065235 -0.00728070904688025 0.9958750434976014 0.16637031580296047
38591597440001 PointCloud29.pcd PointCloud15.pcd 0.1436757726208963 0.9703772520808892 -0.23860073392574355 0.03791673000192342 0.03586801121973693 0.24142250158141587 0.9517448024069874 -0.18946505435424094 -0.025859900788395892 0.009119450318603077 0.1930065306184761 0.9811550921054762 -0.11414842805466392
38591597440002 PointCloud29.pcd PointCloud15.pcd 0.1436757726208963 0.9897341958532244 -0.13940938331858832 -0.03148404995394388 -0.04063487998381697 0.14287511294132738 0.9595740519050192 0.24249606391153428 0.03262686385172255 -0.003594949342406008 -0.2445049340060746 0.9696413840105583 0.1424298681392743
38591597440003 PointCloud29.pcd PointCloud15.pcd 0.1436757726208963 0.9225814254952875 -0.064133405126751 0.3804345143095341 -0.04879118396669323 -0.06298669392080591 0.9478173978317456 0.3125297693922695 0.14167895686757226 -0.3806260497128511 -0.31229647246535863 0.8703991748420282 0.08040914969213442
38591597440004 PointCloud29.pcd PointCloud15.pcd 0.1436757726208963 0.9951796344717818 0.02802306575748927 -0.09397980058588143 -0.014165017116287253 -0.0347295908253155 0.9969068545308128 -0.07050233266060642 0.0035210119258355685 0.09171341588729956 0.07342636566678266 0.9930746287018166 0.21518841179965117
38591597440005 PointCloud29.pcd PointCloud15.pcd 0.1436757726208963 0.9396692017934867 -0.3272583516398268 0.09961808311132815 0.07390945975112816 0.33827636387695276 0.9322670512667748 -0.12824681970536547 0.07872126259787308 -0.05090081377521842 0.1542080296363861 0.9867264011633033 0.097729536976675
38591597440006 PointCloud29.pcd PointCloud15.pcd 0.1436757726208963 0.9883858231517106 -0.011758040283503173 -0.15150977883096142 0.17159653557010215 -0.02486181935611258 0.9710576520333865 -0.2375477349201847 0.007301647726769299 0.14991782592813754 0.23855562226889102 0.9594872904592758 0.0636334666121739
38591597440007 PointCloud29.pcd PointCloud15.pcd 0.1436757726208963 0.9989853412397022 0.03766896868160238 -0.024684748057464876 -0.01569452529947206 -0.0374738207089477 0.9992629632562475 0.00832123943996001 -0.07939169532447977 0.024980006998992218 -0.007387764398514734 0.9996606525154037 0.1759569326362008
38591597440008 PointCloud29.pcd PointCloud15.pcd 0.1436757726208963 0.9668716023756833 0.23361421292174606 -0.10287713079412628 0.17023044946723853 -0.24513146849508233 0.9621683186366752 -0.11892304135581942 0.019632147335904487 0.07120300325774981 0.1402017337012156 0.9875594190701896 -0.1195508399615062
38591597440009 PointCloud29.pcd PointCloud15.pcd 0.1436757726208963 0.9879651057336244 0.15298789655225506 0.022795906677846325 0.11421301574028496 -0.1535199519967749 0.9878596956609774 0.023766489591633407 0.06900474666621347 -0.018883172182038256 -0.026980088901221107 0.9994576032084732 -0.030392128739900298
38591597440010 PointCloud29.pcd PointCloud15.pcd 0.1436757726208963 0.9974808265222607 0.005196096258561364 -0.07074603384034175 -0.1087336897627432 0.021989216041246915 0.9255385998662382 0.3780142517624621 -0.530904644834174 0.06744238354594523 -0.3786176181073914 0.9230927494896309 0.4317553228431456
38591597440011 PointCloud29.pcd PointCloud15.pcd 0.1436757726208963 0.9941993484069724 -0.09186701208563046 0.05592948880161817 0.21162357352637132 0.06521365572940045 0.9284251741473633 0.36575111088805423 -0.2880858044180542 -0.08552680710490099 -0.3599821496961997 0.9290306868809792 -0.4670238697371496
38591597440012 PointCloud29.pcd PointCloud15.pcd 0.1436757726208963 0.7761748545696548 0.5675559338975831 0.27465042696383585 -0.5917829847857133 -0.465587526811511 0.8096504237280596 -0.3573435968847265 0.383874669281123 -0.4251833134205946 0.1494873013155821 0.8926772634799592 0.014821398730721556
38591597440013 PointCloud29.pcd PointCloud15.pcd 0.1436757726208963 0.8548037464044149 0.29618504770373016 0.4261278829761271 -0.07278669596954174 -0.43598078343575825 0.8552519332756456 0.2801158458620524 0.04930824633225576 -0.281480570568768 -0.42522764273387703 0.8602035458234704 -1.0095855643754146
38591597440014 PointCloud29.pcd PointCloud15.pcd 0.1436757726208963 0.5539367596163707 0.8314355067884693 0.04323267742248044 -0.4152759729672624 -0.5937532394849929 0.4309171894770034 -0.6795347426102045 -0.5042053799235092 -0.5836190169509485 0.3507497310970338 0.7323683971803854 0.46045360333042124
38591597440015 PointCloud29.pcd PointCloud15.pcd 0.1436757726208963 0.9841840672994744 -0.16687855418318612 -0.05944131414759628 -0.3219533158889014 0.1650672373490438 0.9856886795633762 -0.034214531044022056 0.0018684100573707688 0.06430030192633815 0.02386158281290941 0.997645275655553 0.2614400724628008
38591597440016 PointCloud29.pcd PointCloud15.pcd 0.1436757726208963 0.9868929973247896 0.1610509085071759 -0.010238002749842094 -0.15023111789376795 -0.15783589941995685 0.9765146561438537 0.14665249807127134 0.3932624807353671 0.033616077784087 -0.14311439901443962 0.9891350909300255 -0.17488800642927868
38591597440017 PointCloud29.pcd PointCloud15.pcd 0.1436757726208963 0.9688402587533756 0.11350468910412391 0.22014821954780392 -0.2841654792870029 -0.11271599462164501 0.9934954573346334 -0.016182731904741617 0.4221205592943261 -0.22055307201475385 -0.00913574336458862 0.9753321898809815 0.2196645615855001
38591597440018 PointCloud29.pcd PointCloud15.pcd 0.1436757726208963 0.9580567655691107 -0.016480114901750505 0.28610424631605685 -0.6681221871974855 -0.06103277164864709 0.9637082297048473 0.2598873771156133 -0.5960273875737844 -0.2800039905646667 -0.26644859506474045 0.9222813624138176 0.6491121237054222
38591597440019 PointCloud29.pcd PointCloud15.pcd 0.1436757726208963 0.9025388702529179 -0.16500912232052858 0.39773807616771534 -0.24982787414494553 0.0007134249171638907 0.9242371427942943 0.3818182747123647 0.0936254256449989 -0.43060780149397443 -0.344322078046773 0.83427766832277 0.39801661622495677
38591597440020 PointCloud29.pcd PointCloud15.pcd 0.1436757726208963 0.9172124472393242 -0.18013374667936932 -0.35534934914320987 -0.25014394402648943 0.28030821805407136 0.9256101815087902 0.254309053670167 0.46439130667140255 0.2831053329073849 -0.3328627723169377 0.8994741493144099 0.16340878701570863
38591597440021 PointCloud29.pcd PointCloud15.pcd 0.1436757726208963 0.5457742627963832 -0.7828678191449486 -0.29874476031605435 0.5991334774963004 0.7171639042451184 0.25202731929259203 0.6497369966210088 0.48238308333744145 -0.4333663444673149 -0.5688586890234008 0.6989945660773156 -0.17251375199589014
38591597440022 PointCloud29.pcd PointCloud15.pcd 0.1436757726208963 -0.368525784334618 0.9186201117123186 -0.14256870848191897 -0.40123453912345713 -0.9060983959659817 -0.38923184746067474 -0.1657837921819422 -0.3224551953884411 -0.20778460748676716 0.06808567602659085 0.9758021815980802 1.6297222693058169
38591597440023 PointCloud29.pcd PointCloud15.pcd 0.1436757726208963 0.45602399094975354 -0.2829849760732841 0.8437781835263707 -0.948232559205662 0.8007348827572307 -0.28332133932951736 -0.5277808884530513 -0.49013442359057685 0.38841442714454205 0.9163233719584647 0.0973946137558229 1.4872069685889697
38591597440024 PointCloud29.pcd PointCloud15.pcd 0.1436757726208963 0.59704417861674 0.44722512698424455 0.6659789295268943 -0.9685394292289731 -0.49101827811452714 0.860232854765374 -0.13747903891015267 -0.9743410061501372 -0.6343810363947733 -0.24492676737372082 0.7331927299738809 -0.8655449079797771
38591597440025 PointCloud29.pcd PointCloud15.pcd 0.1436757726208963 -0.01233941658064408 -0.868514037811071 0.49551095338403844 -1.1044157822139242 0.9747129516148942 -0.12102263888816422 -0.18785149142534313 1.865256404978467 0.22311970050318303 0.4806629661224738 0.8480452300707289 1.3756226639684705
38591597440026 PointCloud29.pcd PointCloud15.pcd 0.1436757726208963 0.5554018427969072 0.3995093037521881 -0.7293292186888183 1.8863727988620733 -0.01793173185516661 0.8825878980793279 0.469805337513942 -0.7538867718483582 0.8313887454196591 -0.24785261422740018 0.4973548387320359 -8.353056062671018e-05
38591597440027 PointCloud29.pcd PointCloud15.pcd 0.1436757726208963 0.8520123350128326 0.4891901838213611 -0.18646164495360307 2.4792879744558225 0.07899323082039161 0.23196214865586168 0.9695120582414186 1.1777832344498922 0.51752782579349 -0.8407654403243384 0.15899189880520387 1.71830083901582
38591597440028 PointCloud29.pcd PointCloud15.pcd 0.1436757726208963 0.6927420121788131 -0.07667937191203589 -0.7170974679118763 1.037085240011086 0.6088048255817837 0.5952108376906639 0.5244814039066704 0.8633860127195181 0.38660727995057564 -0.7999027019699044 0.4590103250150952 -0.36113933783771096
38591597440029 PointCloud29.pcd PointCloud15.pcd 0.1436757726208963 0.5270796150597241 0.24440077846180971 0.8139135942320627 -0.5405880000631068 0.045864469054194584 0.9481759863706124 -0.3144181123098563 1.251286440972602 -0.8485773564424578 0.20305309245952885 0.48855492196451383 0.30734416209358495
38591597440031 PointCloud29.pcd PointCloud11.pcd 0.1437778409629419 0.9838727196359366 0.08032361976033603 0.15982048574817623 0.046127563436623206 -0.09989991910029114 0.9879181814755981 0.1184806856567885 -0.04653476609749693 -0.14837276609924518 -0.13253596801828701 0.9800100711020854 -0.006237525513292422
38591597440032 PointCloud29.pcd PointCloud11.pcd 0.1437778409629419 0.9492716548831055 -0.006886838678192201 -0.3143817690142216 0.08061203779988414 0.01717142082828685 0.9994037132977621 0.029955970246061333 -0.17354037380884502 0.313988005411399 -0.03383473510559217 0.9488238736236069 -0.013932955030424627
38591597440033 PointCloud29.pcd PointCloud11.pcd 0.1437778409629419 0.9616540197453943 -0.2114265101206065 0.17470082176608684 0.07764037203215082 0.22688455661040055 0.9711355134959825 -0.07361530003060905 0.27950638963245583 -0.1540939462770258 0.11042936767506965 0.9818657802753172 -0.08054194738585768
38591597440034 PointCloud29.pcd PointCloud11.pcd 0.1437778409629419 0.9948720315285542 0.07614142582074049 -0.06657420037996896 0.11171237220937572 -0.07590833708780934 0.9970965820727619 0.006027468737343648 0.031026714652565852 0.0668398477168455 -0.0009430232239018765 0.9977632712544535 0.15150286364206497
38591597440035 PointCloud29.pcd PointCloud11.pcd 0.1437778409629419 0.9434852011349633 0.2390141230534873 -0.22958206423911048 -0.009343542637379949 -0.17766747270988015 0.9495527682883672 0.25842563606728947 0.04554909964727657 0.27976766142676784 -0.20303149809049723 0.9383540197616924 0.052369291843430865
38591597440036 PointCloud29.pcd PointCloud11.pcd 0.1437778409629419 0.9962229781580293 -0.025065285626506232 -0.08313548728676903 -0.0014906782858237896 0.03286815778589966 0.9950428361902115 0.09385860829088218 0.001645940622855674 0.08037077823256461 -0.09623661259105971 0.9921083874271452 0.00526907164858641
38591597440037 PointCloud29.pcd PointCloud11.pcd 0.1437778409629419 0.9992009549589873 -0.028641983120833294 -0.027876305565007253 0.09609450070524009 0.027472492619151207 0.9987620519325249 -0.041468370703744865 -0.16898670489780288 0.029029532520149823 0.040669404008891304 0.9987508627376614 0.01851014352679269
38591597440038 PointCloud29.pcd PointCloud11.pcd 0.1437778409629419 0.9493186816450853 -0.3115261880413185 -0.0417788803593594 0.12083253920814646 0.31284376363465416 0.9493369197017827 0.029802557709617098 -0.07073287324842124 0.03037795639178515 -0.04136238696660922 0.9986822981859058 -0.05059864118055388
38591597440039 PointCloud29.pcd PointCloud11.pcd 0.1437778409629419 0.997875728363619 0.0620840155898212 0.019738433347644913 -0.031795387425368374 -0.061688336111673486 0.9978938440070464 -0.020060540386878923 0.08776248088837946 -0.020942300030077486 0.018800295239257216 0.9996039060389704 -0.09065371323706978
38591597440040 PointCloud29.pcd PointCloud11.pcd 0.1437778409629419 0.8206772669929273 0.542905858582868 0.17816299323209195 -0.05543118634090869 -0.5615540429274882 0.8239487914385861 0.07593053377058569 -0.0041515115342077155 -0.10557405132328786 -0.1623626120857024 0.981067022116173 -0.07853961185071057
38591597440041 PointCloud29.pcd PointCloud11.pcd 0.1437778409629419 0.9403923572676618 0.11628386878029731 -0.3195939239942734 -0.05899285742999944 -0.08454602081563103 0.9901619183124192 0.11149594561289357 0.8287289257381864 0.3294149127723481 -0.07782954057012693 0.9409720388289068 -0.06397093104385485
38591597440042 PointCloud29.pcd PointCloud11.pcd 0.1437778409629419 0.960236770697805 -0.07204062273113049 0.2697322614674824 1.6981608643946542 0.14072919106548215 0.9593123498290673 -0.24477563246264622 -0.35717346556554574 -0.24112370058106358 0.27300176582202607 0.931305211451192 -0.6196269525775435
38591597440043 PointCloud29.pcd PointCloud11.pcd 0.1437778409629419 0.9623770424223734 0.2689940416759384 0.03837491056938463 1.1216030658427383 -0.27080755546462837 0.9379911543861849 0.21641594718630153 -0.29295025970557936 0.022219273652325976 -0.21866595490865826 0.975546771837336 0.5887679071662906
38591597440044 PointCloud29.pcd PointCloud11.pcd 0.1437778409629419 0.9319001594683595 -0.36263758523735606 -0.007488294603289394 -0.3940481490459518 0.3590189987599545 0.919268260369088 0.1614039157126944 -0.0688115792963098 -0.05164737468880819 -0.1531007748223701 0.9868600211967976 0.14009882044875105
38591597440045 PointCloud29.pcd PointCloud11.pcd 0.1437778409629419 0.9571240487278503 -0.013222412604439602 -0.2893764384875276 -0.8396873786025065 -0.009661067136701312 0.9969449555004672 -0.07750754469051115 0.5686590011774865 0.2895172173266869 0.07698002018114435 0.954072249551533 0.736182325193683
38591597440046 PointCloud29.pcd PointCloud11.pcd 0.1437778409629419 0.9548183646962317 0.21686168854123447 0.20320654143471645 0.028234235703518507 -0.27958934304305333 0.8872879609297145 0.36681040558569733 0.26454905888468044 -0.1007555938673797 -0.40705169503668026 0.9078310569000146 -0.911287822598259
38591597440047 PointCloud29.pcd PointCloud11.pcd 0.1437778409629419 0.9275424981314714 -0.36741759827042353 0.06833171036365612 -0.4694992131078333 0.3142183073605642 0.865706074769465 0.38964066449320583 0.8177025681839581 -0.20231601389779033 -0.33993720094811436 0.9184285110622764 -0.25771445360598355
38591597440048 PointCloud29.pcd PointCloud11.pcd 0.1437778409629419 0.6849402837659372 0.7278325775332533 0.03341476853037094 0.7643040708934914 -0.6837256857942675 0.6262332134542784 0.3746346873313875 -0.07447653073035283 0.2517458922401631 -0.2794489245784083 0.9265701831443612 -0.6472699314161705
38591597440049 PointCloud29.pcd PointCloud11.pcd 0.1437778409629419 0.8797413830772033 -0.40605619574723556 -0.2473327006214349 -0.7501922264910232 0.3472161087257926 0.9040633682068325 -0.2492195821115105 0.2288248013698126 0.3248015898094223 0.1333708819862868 0.9363312101470675 0.9757484382124569
38591597440050 PointCloud29.pcd PointCloud11.pcd 0.1437778409629419 0.8772134746273949 -0.13047145383607883 0.46203216302118266 0.3917576409734247 -0.02101579959006293 0.9510077551036314 0.3084519182957717 -0.17636146984454917 -0.4796403403590268 -0.2802881543459357 0.8314948553260121 -0.03393051238472021
38591597440051 PointCloud29.pcd PointCloud11.pcd 0.1437778409629419 0.801616047164031 -0.5931430996201906 0.07478620395545324 -0.6979981151413406 0.3021857008356861 0.509941876179334 0.8053838123088558 -0.8222804378745293 -0.5158444679741747 -0.6230092666178036 0.5880169543208659 -0.547633999717781
38591597440052 PointCloud29.pcd PointCloud11.pcd 0.1437778409629419 -0.24727258716902217 -0.5389317989571345 -0.8052383396905325 -0.10737601146531267 0.842999583309503 0.2900663940361901 -0.4530046242488549 -1.161431088341247 0.47771117861605755 -0.7908312102614999 0.38259381424898736 1.1577782298221708
38591597440053 PointCloud29.pcd PointCloud11.pcd 0.1437778409629419 0.6673643844862757 -0.6113013949551094 0.42536499955354934 -0.1947476122292867 0.7375076743409485 0.6218422537494086 -0.2634286274117923 -0.062435832724895966 -0.10347564258055694 0.48951283535551215 0.8658348430357532 -0.7203184641170068
38591597440054 PointCloud29.pcd PointCloud11.pcd 0.1437778409629419 0.9848721008150165 0.17313833072487345 -0.007075554396729772 -0.2046199844564905 -0.0905036968391359 0.5487793012474657 0.8310537644345244 0.6284597974965868 0.1477701793145915 -0.817841303038767 0.5561470822985461 -0.13190214021672994
38591597440055 PointCloud29.pcd PointCloud11.pcd 0.1437778409629419 0.21023644964683585 0.9268784740964093 -0.31096129903350567 0.23330442328340578 -0.4171199470737916 0.3727072577080175 0.8289151040998872 -0.90053535064488 0.8842010998596704 -0.04456000794974435 0.4649761506770729 -1.8677932267887287
38591597440056 PointCloud29.pcd PointCloud11.pcd 0.1437778409629419 0.2025934110029024 -0.7968534267112044 -0.5691928725456955 0.6374986931832883 0.8009719154670716 0.4692395502031895 -0.37183092281051433 1.2089640600989093 0.5633825524909511 -0.38057701042459147 0.733322056592505 -0.15761743133846937
38591597440057 PointCloud29.pcd PointCloud11.pcd 0.1437778409629419 0.41556670188217565 0.8074713504692909 0.41868166243348925 0.6762696473908113 -0.42569246306803 -0.23412258854005036 0.8740552273297035 2.6395670628306247 0.8037973893798389 -0.5414578762070099 0.24644091608243462 0.33265214054497416
38591597440058 PointCloud29.pcd PointCloud11.pcd 0.1437778409629419 0.7531462161527872 -0.3541261985197676 0.5544054586822511 0.7370764623585281 0.3027998823152152 0.9347789270560987 0.18574334120431066 -0.593791647106636 -0.5840231231420816 0.027982013040295878 0.8112545830881831 -1.416634488626911
38591597440059 PointCloud29.pcd PointCloud11.pcd 0.1437778409629419 0.36905720005370574 -0.14649851527429542 0.9177880845331053 0.6671269693799449 0.2213024538869553 0.9729479340654241 0.06631396158755458 2.3557718905700145 -0.9026749176708809 0.17863511026741263 0.39149392126522004 -2.1537869698960197
38591597440060 PointCloud29.pcd PointCloud11.pcd 0.1437778409629419 0.20441117687465998 -0.25726395959255066 -0.9444741001549376 -1.2944293406307625 -0.16055017289978465 0.9429697802900989 -0.29160184402964934 0.125711989280269 0.9656291797323474 0.2112421561961654 0.1514497893528714 0.34616772592235867
38591597440062 PointCloud16.pcd PointCloud27.pcd 0.14773827025509564 0.9835860429350681 -0.17217416507502484 0.05398660041206926 -0.013513618070887646 0.17067420894761162 0.9848303713460318 0.03129623099582452 -0.09884651446107312 -0.05855604617322921 -0.021568415684864145 0.9980510973399125 -0.03116502050331062
38591597440063 PointCloud16.pcd PointCloud27.pcd 0.14773827025509564 0.9829207305200719 -0.06330283437475155 -0.17279927278206558 -0.010994526496328304 0.054730181534143836 0.9970433435678349 -0.05393679890679303 0.07338020263742075 0.17570271694862205 0.043558262215048736 0.9834791472368274 0.12696433249152145
38591597440064 PointCloud16.pcd PointCloud27.pcd 0.14773827025509564 0.9988721770618655 -0.038852935800012374 0.027291450518606368 -0.04352431624637929 0.036263909138075055 0.9953095818596378 0.08968704004714656 -0.07719170650899171 -0.03064804701306202 -0.08859619426427498 0.9955960082162705 0.07550578368025727
38591597440065 PointCloud16.pcd PointCloud27.pcd 0.14773827025509564 0.9855801237067454 0.04744902705483579 0.16242047157222927 -0.04732053703718815 -0.07830001602470098 0.9788151426713144 0.1891825149633694 -0.1879800310523187 -0.150003090783915 -0.1991720520275959 0.9684160089787801 -0.03375735012811172
38591597440066 PointCloud16.pcd PointCloud27.pcd 0.14773827025509564 0.998595611557775 -0.033464904637223604 -0.04107194584111211 -0.003952387885474864 0.02790093691808947 0.9912172520173393 -0.12926676689036276 0.07080480191089593 0.045037121318380335 0.12793928036696206 0.9907589001581251 -0.027673108833790674
38591597440067 PointCloud16.pcd PointCloud27.pcd 0.14773827025509564 0.9782966156225038 0.2060925392697555 -0.0214848113535756 -0.1344100765828753 -0.20209535583038066 0.9719027013949597 0.12067562377286799 0.014577114794069982 0.04575149192481328 -0.1137145737296819 0.9924594685467663 0.03750625359362475
38591597440068 PointCloud16.pcd PointCloud27.pcd 0.14773827025509564 0.943869246670175 -0.3302290978944115 -0.007719332491848916 0.12986399927364162 0.32833524243378603 0.9405011846590766 -0.0874842284690259 0.014353120992268466 0.036149879200676215 0.08003914391544273 0.9961359955724217 0.013022910597928875
38591597440069 PointCloud16.pcd PointCloud27.pcd 0.14773827025509564 0.9947876981155214 -0.08082892751895425 0.062162047538328324 0.05764913127417692 0.06134425714294965 0.9613646212598895 0.26835600814106664 0.1642896919567961 -0.08145132161973445 -0.26314397098539843 0.9613120891471374 -0.031834492856793184
38591597440070 PointCloud16.pcd PointCloud27.pcd 0.14773827025509564 0.9887223788809014 0.14071979129974657 -0.05124449079312948 0.014448316649664773 -0.13846623929405424 0.9893366521670527 0.0451673472173223 -0.05438051478659122 0.05705399263726485 -0.03756233506378714 0.9976642285401952 -0.12189799539078523
38591597440071 PointCloud16.pcd PointCloud27.pcd 0.14773827025509564 0.9922105922355687 -0.10459114519792508 -0.06766707472418462 0.022608706531573312 0.11347966702440206 0.9829558031373419 0.1446383567752827 0.04749346387135051 0.05138585240679255 -0.15119054674419852 0.9871681279030526 0.18383611026946053
38591597440072 PointCloud16.pcd PointCloud27.pcd 0.14773827025509564 0.959234960169691 -0.016165528471761677 -0.2821470660444288 0.4142564557904054 -0.0036643188197083053 0.9975673321709924 -0.06961314928112217 0.06244327978636123 0.28258602930052673 0.06780924328199608 0.9568422244914174 0.12866536515757657
38591597440073 PointCloud16.pcd PointCloud27.pcd 0.14773827025509564 0.8809065349706245 -0.279468616885338 0.38196985328981653 -0.1432390787325996 0.07075203833629592 0.8757416611828269 0.4775674737039804 -0.011633681405530737 -0.4679720351872611 -0.39366716277197783 0.7912195265776458 -0.14432670533319314
38591597440074 PointCloud16.pcd PointCloud27.pcd 0.14773827025509564 0.9055571012791631 0.05082926442022688 -0.4211682825206316 -0.561588529498447 0.09949165475107945 0.9396604447403059 0.3273219504178465 0.26069316715598095 0.4123927096321805 -0.33831144596207474 0.8458591008987718 -0.5947576575536888
38591597440075 PointCloud16.pcd PointCloud27.pcd 0.14773827025509564 0.9925002485247985 0.11225713852926741 0.04838999408384126 0.3669139170285184 -0.11041079060940856 0.9931094268390679 -0.03928261244346559 -0.46930410540147544 -0.052466312956207115 0.03364522510846142 0.9980557523666613 0.1293626161970002
38591597440076 PointCloud16.pcd PointCloud27.pcd 0.14773827025509564 0.7572658964597246 -0.5048126717859412 0.4143821044198081 0.24651966166219885 0.6387792213211078 0.4403120688732616 -0.6309408755287192 -0.03598450280278519 0.13604950741347216 0.7424886857110263 0.6558971589537981 -0.25666512052877655
38591597440077 PointCloud16.pcd PointCloud27.pcd 0.14773827025509564 0.7665132972914587 -0.5115439161655231 0.3883042452889437 0.21356844476618475 0.5755142418228774 0.815452901326817 -0.06180552707254433 0.046795866942883506 -0.28502758205902556 0.2708493816712835 0.9194563012530116 -0.1551975598681172
38591597440078 PointCloud16.pcd PointCloud27.pcd 0.14773827025509564 0.9505141936081569 0.11025780565416562 0.29045823114823915 -0.04952583452186309 -0.1808954969154399 0.9564972736338717 0.22888814894329265 0.5438098218160272 -0.2525858011550763 -0.27010402037603787 0.9291093752791162 0.3559791880062281
38591597440079 PointCloud16.pcd PointCloud27.pcd 0.14773827025509564 0.982793812814077 -0.056125696230193006 -0.1759722356425713 -0.9844121320642345 0.09222898950763514 0.9745622892860216 0.20426002495835704 -0.20569443498639609 0.1600316687058192 -0.21697523020903609 0.9629702043609482 -0.09706491355632207
38591597440080 PointCloud16.pcd PointCloud27.pcd 0.14773827025509564 0.929013213502248 0.24744547035842304 -0.27514575834878124 -0.6362235669481711 -0.240158134550413 0.9688508722203806 0.060432258000788275 0.6352502289836348 0.28152889646978135 0.009936125849992778 0.9595013047701397 -0.4373081048531816
38591597440081 PointCloud16.pcd PointCloud27.pcd 0.14773827025509564 0.6731177645260149 -0.4436156504974503 0.5917073852109879 0.8126235392793081 0.20427522428751194 0.880509197186228 0.42775598933591913 0.6932002017320704 -0.7107630461847233 -0.167058996477856 0.6833060689574071 -0.7688960897066334
38591597440082 PointCloud16.pcd PointCloud27.pcd 0.14773827025509564 0.37019939972489607 -0.2036160029805481 0.9063624704132182 -1.405876318031646 0.3997382934784462 0.9156467363011362 0.042430543574374924 0.5632070460797018 -0.8385473756266045 0.3466000254346539 0.42036498569508746 -0.5439718117957484
38591597440083 PointCloud16.pcd PointCloud27.pcd 0.14773827025509564 0.7929546506199469 -0.08262913685548548 -0.6036516775448535 -1.687743918967085 -0.03878184673365082 0.9819071363379854 -0.18534924864283858 1.0626823045581577 0.6080451384758585 0.1703842755393074 0.7754033197148563 0.6517157477842622
38591597440084 PointCloud16.pcd PointCloud27.pcd 0.14773827025509564 0.059338822497962906 0.579099854963236 -0.8130942516867982 -1.3064962230723685 -0.42979813392020705 0.749985992377389 0.5027868090119416 -0.10322451343349007 0.9009730674239175 0.3196316148619563 0.29339932269430186 0.30669234543112184
38591597440085 PointCloud16.pcd PointCloud27.pcd 0.14773827025509564 0.5306290895618906 0.45158509296268423 -0.7172891140430073 0.12766103062601014 -0.7551172984302071 -0.1325345858028829 -0.6420533071151672 0.2825355731753123 -0.3850073180112086 0.8823295797942748 0.27067300880929007 -1.1972811258213534
38591597440086 PointCloud16.pcd PointCloud27.pcd 0.14773827025509564 0.5959147301226255 0.21349541004233194 -0.7741481410645739 -0.19788601139753043 -0.33631250584887734 0.9417500744001063 0.0008341325095241603 -0.9798471844290445 0.7292321529064167 0.2598586293703774 0.6330039177676721 -0.2047387066835859
38591597440087 PointCloud16.pcd PointCloud27.pcd 0.14773827025509564 0.7623738575290133 -0.6150243671390839 -0.20132344419242665 -0.20376977281852324 0.41756567902893443 0.7051823947213486 -0.5730241651729613 -1.2267485644586664 0.4943935730300676 0.3527928825815986 0.794425690009034 0.7875369548337059
38591597440088 PointCloud16.pcd PointCloud27.pcd 0.14773827025509564 0.13266651879866997 -0.41806422861878423 -0.8986778597134919 0.6526603025468335 0.0712735968198456 0.9083689731933838 -0.412050825670765 -0.056680222079380026 0.9885947952453542 -0.009386654834283137 0.15030709073366355 -0.663262896309021
38591597440089 PointCloud16.pcd PointCloud27.pcd 0.14773827025509564 0.7929403868346333 -0.13899417552367338 -0.5932336488239993 1.8428309419120696 0.3286164962597963 0.9174460569615702 0.22428537837229212 -1.1858286694931524 0.5130855107216312 -0.3727912978278345 0.7731558102681253 -1.3559055357065375
38591597440090 PointCloud16.pcd PointCloud27.pcd 0.14773827025509564 0.9060820094230827 0.10828242900023072 0.4090113785332128 1.7326241037944312 -0.16032637073944916 0.9824751707734376 0.09506836308268725 1.6554913652087537 -0.39154929069702804 -0.1517150433658935 0.9075636057991415 -0.03809946635742607
38591597440091 PointCloud16.pcd PointCloud27.pcd 0.14773827025509564 0.9553495777929912 -0.004989450266261242 0.2954357622170922 0.45948729458477316 -0.279994379120611 -0.3347051898658566 0.8997641821820453 -2.617831361713247 0.09439455424767539 -0.9423096843728721 -0.321157479852924 -1.1031351768692974
38591597440093 PointCloud0.pcd PointCloud15.pcd 0.15847688737571353 0.9960053473037499 -0.08120916112447771 0.03712708299604655 0.1060694418919616 0.08343859463567266 0.994515147347033 -0.06306839638466627 -0.13863744100714012 -0.031801714852513964 0.06591429167311219 0.9973183830079898 -0.187893731385008
38591597440094 PointCloud0.pcd PointCloud15.pcd 0.15847688737571353 0.9764346015818904 -0.18458235953855637 0.11182495866662936 0.16525759751822805 0.18799026389198278 0.9819538511964638 -0.02064690781339732 -0.009728360480133036 -0.1059958938612102 0.041182358694122366 0.9935134039442804 -0.1487749818835494
38591597440095 PointCloud0.pcd PointCloud15.pcd 0.15847688737571353 0.9972057202746537 -0.026277230883246287 -0.0699303838729475 0.0062912005480954825 0.03208308704912768 0.9960129767041519 0.08323956848958777 0.014630040769769896 0.06746426444353576 -0.08525055644418542 0.9940728925230029 -0.09477407396055391
38591597440096 PointCloud0.pcd PointCloud15.pcd 0.15847688737571353 0.986782732242823 0.160412880066095 -0.0229683969029175 0.06285344575389658 -0.16003733723561442 0.9869582902148974 0.017360416660345226 0.08631380322045995 0.025453684171913994 -0.013455158304055637 0.9995854484120352 -0.05447867632238806
38591597440097 PointCloud0.pcd PointCloud15.pcd 0.15847688737571353 0.9860144922766745 0.16434092408251894 0.02770345992968409 -0.0023702605771744392 -0.1643417987288484 0.986400862549844 -0.0022608740544766475 -0.06739509378395579 -0.027698270901602314 -0.002323581852930561 0.9996136287368406 0.10893863835902357
38591597440098 PointCloud0.pcd PointCloud15.pcd 0.15847688737571353 0.9792227660498855 -0.19960878748780575 -0.03576459712143841 0.10222820801849475 0.20245900063577177 0.9723465729022871 0.11641518469143709 -0.12411774740727888 0.011538089580834913 -0.12123726375510475 0.9925564963094037 0.08714529226642079
38591597440099 PointCloud0.pcd PointCloud15.pcd 0.15847688737571353 0.9978122695248941 -0.044636513385419824 0.04876737083719945 0.11417927901634756 0.034953044610477976 0.9823148120375272 0.18394535798474243 0.050324587038822005 -0.05611559015137978 -0.1818383670309166 0.9817259540307017 -0.24844733294616167
38591597440100 PointCloud0.pcd PointCloud15.pcd 0.15847688737571353 0.9927534798448376 0.11978957878147592 -0.009538609506727256 -0.25787741869738606 -0.11745335347344546 0.9504801964631022 -0.28773617410625363 0.23404843993765226 -0.02540153565844261 0.28677142979526216 0.9576622103014056 0.011787092700513523
38591597440101 PointCloud0.pcd PointCloud15.pcd 0.15847688737571353 0.9773253682011928 -0.05302106734475054 -0.20499729531880906 -0.08656111592518023 0.012128132948283122 0.9805695861232601 -0.1957963103872179 0.017157906898862277 0.21139544238604663 0.18887046668995772 0.9589785783586231 0.05811138336414517
38591597440102 PointCloud0.pcd PointCloud15.pcd 0.15847688737571353 0.9755520722557413 -0.19978191754791796 0.09157150068883893 0.0035806974303943372 0.18074845166090975 0.9663939231582556 0.18279163685732325 0.0018664911414934746 -0.12501260552325466 -0.16177135316140706 0.9788778666190254 0.08974992607385157
38591597440103 PointCloud0.pcd PointCloud15.pcd 0.15847688737571353 0.9849732847259698 -0.09398537388461639 -0.14489436797854635 -0.37622047449053764 0.02705973518852485 0.9125826664694524 -0.4079958916349905 -0.515621628996304 0.1705737351049699 0.3979442503106093 0.9014127659053129 0.12643711923363818
38591597440104 PointCloud0.pcd PointCloud15.pcd 0.15847688737571353 0.7986122829164699 -0.5906653198654697 0.11546818385670918 0.10635472210252281 0.6016347200671432 0.778420092290821 -0.17915865462678612 0.3472065583154181 0.01594004970740478 0.2125479706470337 0.9770206113430531 -1.2548858107164882
38591597440105 PointCloud0.pcd PointCloud15.pcd 0.15847688737571353 0.9315747287473504 0.04823106067335062 0.360336356125251 -0.49663764646444175 -0.1292283896686897 0.970359804084581 0.2042103668293324 -0.19627848888616703 -0.33980663334157774 -0.23680290412758198 0.9101954935802558 0.47375526682716146
38591597440106 PointCloud0.pcd PointCloud15.pcd 0.15847688737571353 0.9489350075489896 0.18512123818484882 0.2554456470971998 -0.48666799932848637 -0.18218712622175476 0.9826293763018068 -0.03531798221558158 -0.1867583064062365 -0.2575465054840718 -0.013024438630137383 0.9661781210063248 1.204945123244845
38591597440107 PointCloud0.pcd PointCloud15.pcd 0.15847688737571353 0.9738376925108084 -0.07838771689826303 -0.21329677560784133 -0.15878479983749472 0.11742775792583864 0.9771776760233858 0.17701556753586808 0.26901564350476387 0.19455300129716502 -0.19743139396006046 0.9608173470359768 0.5186199499003378
38591597440108 PointCloud0.pcd PointCloud15.pcd 0.15847688737571353 0.966415721622337 -0.10577198474695002 -0.2342070456751218 0.19035055066848827 0.1091820182849505 0.9940204794823634 0.0016041361778257063 0.22136688617051561 0.23263692717279932 -0.02712146036523931 0.9721854177590067 -0.2997695666725579
38591597440109 PointCloud0.pcd PointCloud15.pcd 0.15847688737571353 0.7982773203707101 -0.37536046840309 -0.4710178749707612 0.47020536685740333 0.317644546549431 0.926822309245372 -0.20025570936300996 -0.1535045079609213 0.5117179514431413 0.010243331747475312 0.8590924352626708 -0.2863237172814178
38591597440110 PointCloud0.pcd PointCloud15.pcd 0.15847688737571353 0.7682410396538353 -0.009490321801076063 -0.6400903364242474 -0.1435244444844346 0.21425441468935136 0.9460370683795858 0.24312324248800715 -0.3442480624384576 0.6032418675603657 -0.32391943295188524 0.7288178443057026 -0.024357204899092325
38591597440111 PointCloud0.pcd PointCloud15.pcd 0.15847688737571353 0.9785799337862123 0.20210468237441578 -0.039179210728505456 0.5952724747889315 -0.20532414976387772 0.9719749974559067 -0.11448405061112593 0.2950285442814527 0.01494345056246537 0.1200762327978632 0.9926522007240806 0.16524599705668375
38591597440112 PointCloud0.pcd PointCloud15.pcd 0.15847688737571353 0.944422841729742 -0.22952249211259151 -0.23534001281877998 0.6497957843778219 0.2665635255217556 0.9536464787386347 0.13965056552271704 -0.05261009119930584 0.19237822870722798 -0.19462224745343915 0.9618278421399753 0.3189475592429032
38591597440113 PointCloud0.pcd PointCloud15.pcd 0.15847688737571353 0.8265221364854253 -0.5373050252570901 -0.16782272710525864 0.2762328595024893 0.41424557921925426 0.37871961653026476 0.8276303837779725 0.5502909647471037 -0.38113220540499176 -0.7535746558162949 0.5355963779885746 0.42825202292862663
38591597440114 PointCloud0.pcd PointCloud15.pcd 0.15847688737571353 0.6686726096531852 -0.26752407928703886 0.6937635102116723 -1.2824275160565914 0.6817577716243755 0.5930032352427392 -0.42843144588301446 -1.007657181925919 -0.2967882779514126 0.759459037732297 0.5789116409931385 -0.814580199991685
38591597440115 PointCloud0.pcd PointCloud15.pcd 0.15847688737571353 0.4039466533416187 0.8818430767686685 0.24326917028113962 -1.8088260534332807 -0.8608527469137899 0.4564032943355084 -0.2250079577496705 -0.3063080000635948 -0.30945056048598196 -0.11852772196774577 0.9434996183041349 0.7162203882273639
38591597440116 PointCloud0.pcd PointCloud15.pcd 0.15847688737571353 -0.47140962481212123 0.833750817945764 0.28745876088452116 -1.4731446373252277 -0.6525250012866706 -0.5490181433065352 0.522293213641605 -0.2436273449169452 0.5932824692592269 0.05864001956866921 0.8028556905040035 1.2809890466922993
38591597440117 PointCloud0.pcd PointCloud15.pcd 0.15847688737571353 0.9415828947786788 0.09319249873368958 0.323630669807382 -0.13573248803362337 -0.11948323562630518 0.9908799137400826 0.06229568966401606 1.1548572693874226 -0.31487363920225564 -0.09732499538257286 0.9441305188422361 -0.6290109215909213
38591597440118 PointCloud0.pcd PointCloud15.pcd 0.15847688737571353 0.6242675444082615 -0.5019796401453072 -0.5985870645762963 0.46434065485007286 -0.10748984476907866 0.7037487277748603 -0.7022703620592178 0.18505025172279907 0.7737803087892574 0.5027466250854932 0.3853697765719932 -0.9714845779008416
38591597440119 PointCloud0.pcd PointCloud15.pcd 0.15847688737571353 0.7658258867058111 0.4087164225294107 0.49644898751635935 0.02229423131112307 -0.6354961992401138 0.36306709892265676 0.6814153376841875 -1.1701139053704352 0.09826134541429668 -0.8373369498801816 0.537783916050607 0.41270246819270034
38591597440120 PointCloud0.pcd PointCloud15.pcd 0.15847688737571353 0.7020164995953728 -0.4806489307584865 -0.5254992289781055 0.7669257896250019 0.7117636753280832 0.44890305269202024 0.5402578271226102 0.4622887792497597 -0.023776138864811336 -0.7533011712751472 0.657245799207703 0.1765578432163821
38591597440121 PointCloud0.pcd PointCloud15.pcd 0.15847688737571353 0.6029247041773897 0.2707942027732673 0.7504347412247098 0.9808301693101897 -0.23380495779316404 0.9593072228644522 -0.15831896245058052 -1.1958258129705845 -0.7627693247659763 -0.08000094939737976 0.6417030507108206 -2.136334928437765
38591597440122 PointCloud0.pcd PointCloud15.pcd 0.15847688737571353 0.5835030578797218 0.8088834165188814 0.07233118225050794 2.538048137747876 -0.4287899031944302 0.23122303351754603 0.8733127318947407 -2.3891132396574144 0.6896835508865827 -0.5405955301810086 0.4817603889744245 0.11924089746387352
38591597440124 PointCloud15.pcd PointCloud30.pcd 0.12700170920107687 0.9995013829031156 -0.011200278878107565 0.029521844925610694 0.0009490305930312314 0.015003247888200654 0.991146227730662 -0.13192443976793616 0.0319088204368103 -0.02778287471742964 0.13230158354430693 0.9908200658364283 0.05114087654789077
38591597440125 PointCloud15.pcd PointCloud30.pcd 0.12700170920107687 0.9709849727812617 0.06090451089410616 -0.23125488791747126 0.037572555982582745 -0.09959858369815046 0.9821567464893087 -0.15952506840888173 -0.13983417467342493 0.21741275205998153 0.17792910351678162 0.9597254447827355 0.02690317520064714
38591597440126 PointCloud15.pcd PointCloud30.pcd 0.12700170920107687 0.9775146397202972 0.20245648059241608 -0.05896187411056432 0.04865805705666992 -0.20939917929563087 0.9649288977201474 -0.1583167901863138 -0.1247270253933312 0.02484175603321188 0.1671035481691329 0.9856263446897473 0.15850531797053846
38591597440127 PointCloud15.pcd PointCloud30.pcd 0.12700170920107687 0.9885598973172984 -0.0658310716046206 0.13570408773282994 0.056412414848047515 0.0319493344544733 0.9707017060048829 0.23815423151211443 0.041779433047351135 -0.14740613774171174 -0.23109406736348062 0.961700037738106 -0.08714040699708908
38591597440128 PointCloud15.pcd PointCloud30.pcd 0.12700170920107687 0.9994344301487565 -0.013516006330068357 0.030791839927421794 0.13364298291972468 0.019451658094767964 0.9792957988751987 -0.20149781959800658 -0.11321363454729312 -0.027430873675380135 0.20198281084852768 0.9790048474298446 0.0805001998601071
38591597440129 PointCloud15.pcd PointCloud30.pcd 0.12700170920107687 0.9585252618359201 0.23200576490245958 0.16553745036820272 -0.16242325790975792 -0.18611468852942467 0.9494090273119997 -0.2529502353667171 -0.10465486921967389 -0.2158486625762962 0.211650239571107 0.9532122171654731 0.08273408642232766
38591597440130 PointCloud15.pcd PointCloud30.pcd 0.12700170920107687 0.9682493065357093 -0.14233957682093318 -0.2055060224508174 0.10743060747864717 0.1676216874046293 0.9795495630770977 0.11129071563743217 -0.08343784196530847 0.18546226113347947 -0.14220442449482615 0.9723073852179425 -0.0817265808116433
38591597440131 PointCloud15.pcd PointCloud30.pcd 0.12700170920107687 0.978317999836099 -0.12452067682051889 -0.1654946894642072 0.027226682580012797 0.14136934023761688 0.9854625261943045 0.0942248327540065 -0.11148153617680619 0.15135587480331048 -0.11557772497717486 0.9816991334678997 -0.11656455147547945
38591597440132 PointCloud15.pcd PointCloud30.pcd 0.12700170920107687 0.9552696601231063 0.28586056119738734 -0.0757866479018561 0.008682872825078165 -0.27669683331855577 0.9543872370340812 0.11217782409164494 -0.07937905239216851 0.1043970252438666 -0.0861901464111033 0.9907938836013596 -0.12887433186356276
38591597440133 PointCloud15.pcd PointCloud30.pcd 0.12700170920107687 0.9968055527815451 0.03236791065125483 0.0730137542107726 0.006821891423923531 -0.0552733987356982 0.9394756927825518 0.3381276002679304 -0.043053460835154836 -0.05765016336562496 -0.34108318784545383 0.9382636717006047 0.06894818423987319
