id source target overlap t1 t2 t3 t4 t5 t6 t7 t8 t9 t10 t11 t12
38591597440000 PointCloud15.pcd PointCloud29.pcd 0.13997109762985893 0.9901471114771082 0.10329218026377965 0.09454852262142373 0.16989066990220422 -0.09071182373259754 0.9875051851579549 -0.12885990191389698 -1.189006014466079 -0.10667737655494335 0.11901359074705649 0.9871452287018597 -1.2304421369346235
38591597440001 PointCloud15.pcd PointCloud29.pcd 0.13997109762985893 0.9908030599401343 0.13531163073783053 -0.0002428998471489001 -1.8796190946976732 -0.1353118081737198 0.990802556662666 -0.001004131208128835 -0.31324263818222003 0.00010479515832144039 0.0010277634911182716 0.9999994663599483 -3.3924288856918428
38591597440002 PointCloud15.pcd PointCloud29.pcd 0.13997109762985893 0.9016290605220557 0.4313039108808117 0.032279617114083885 -1.0980027624983852 -0.43210834179515206 0.8950628168703008 0.11020405984920148 0.29047985603042115 0.018639156986276943 -0.11331147477250114 0.9933846644234657 -3.8021903154814694
38591597440003 PointCloud15.pcd PointCloud29.pcd 0.13997109762985893 0.8440595531439252 0.28296065666408426 -0.455518097913472 0.6169452764159384 -0.2896721645916374 0.9554418681704757 0.056752740970868944 -1.0877259438394582 0.4512798553085131 0.0840482202496963 0.8884156622131253 -1.0918050242329251
38591597440004 PointCloud15.pcd PointCloud29.pcd 0.13997109762985893 0.9758530599770898 0.18232174806665283 -0.12028959021989517 0.45151845653296907 -0.18821367171666412 0.9813338125393389 -0.039491292026690786 1.8012265994655705 0.11084412078356758 0.06117784361127446 0.9919530494629231 0.5305085242802706
38591597440005 PointCloud15.pcd PointCloud29.pcd 0.13997109762985893 0.9198132267560689 0.005773508561569144 0.3923140253463773 -0.14579225701405732 -0.03654759247522012 0.9968051576070631 0.07101937237277683 0.4240022384087565 -0.3906506129124256 -0.07966269118506725 0.917085576303705 -0.434921456376185
38591597440006 PointCloud15.pcd PointCloud29.pcd 0.13997109762985893 0.9522080635068334 0.27596371829291483 0.1309344491664252 1.1830888135981399 -0.28895400365286245 0.9527915489522639 0.09324080661452565 -0.0969271864203693 -0.0990221569425146 -0.12661868120895337 0.9869966170171799 0.7853821661259619
38591597440007 PointCloud15.pcd PointCloud29.pcd 0.13997109762985893 0.9993279340597657 0.029163042661139994 0.022208042475306375 0.6497838242388352 -0.029904217060479684 0.9989808774178335 0.03380746005684411 -1.1522039811023292 -0.02119948135781155 -0.03444885333708399 0.9991815943530584 -0.08037505049958939
38591597440008 PointCloud15.pcd PointCloud29.pcd 0.13997109762985893 0.8389410198594851 -0.420152156001542 -0.3459048004934059 -0.3520994836832775 0.412530948223351 0.9055105072806743 -0.09934252846711156 -0.1698493150194556 0.3549594088837059 -0.05935391319493529 0.93299567578493 3.8575578257273877
38591597440009 PointCloud15.pcd PointCloud29.pcd 0.13997109762985893 0.9706725466098576 0.2401834817728081 0.010329682542322348 -0.13873896436246225 -0.24026790858490768 0.9677674915389323 0.07548121901955102 0.31586432581362545 0.00813261103019487 -0.07574943830771383 0.997093718380523 -1.2454260066375027
38591597440010 PointCloud15.pcd PointCloud29.pcd 0.13997109762985893 0.9994617337759459 -0.013616587026940605 -0.029846796734622316 -0.8040194041631081 0.013496801757222024 0.9999000463152199 -0.004211142499053356 0.4640599520411463 0.029901154825631014 0.0038060394846661386 0.9995456142685709 1.8373541690925084
38591597440011 PointCloud15.pcd PointCloud29.pcd 0.13997109762985893 0.9883110706137889 0.046874748462443466 0.1450654530162476 0.4272498520045305 -0.0355362925237695 0.9961781075529332 -0.0797894099860488 -0.373550688479657 -0.14825113698009726 0.07370166883347593 0.986199606770997 3.5210021121684534
38591597440012 PointCloud15.pcd PointCloud29.pcd 0.13997109762985893 0.9992341386763418 -0.017541572403056253 0.03497755482273376 -1.6657390369579406 0.025716215761705713 0.9681280151979629 -0.24913213850434898 1.1799781967639622 -0.029492581281508896 0.2498408281816266 0.9678376662554895 1.762358298277142
38591597440013 PointCloud15.pcd PointCloud29.pcd 0.13997109762985893 0.9277728711952445 0.353698055707919 0.11889148355778081 -1.1127858614727895 -0.35692371014320956 0.934112210446653 0.006312165402935159 0.0026830150018340186 -0.10882538587911558 -0.04829144523521396 0.9928871898183378 -2.624092684979006
38591597440014 PointCloud15.pcd PointCloud29.pcd 0.13997109762985893 0.9094081192104589 0.3825246961427892 0.1632535744017951 1.5450729960313956 -0.4145586199829649 0.8652696297650527 0.2818680868847487 -1.3558434542027293 -0.03343685559252492 -0.32401130327060396 0.9454621367569244 1.1341803224686577
38591597440015 PointCloud15.pcd PointCloud29.pcd 0.13997109762985893 0.9951260100632559 -0.06818389453418665 -0.0712403019486566 1.120956456216636 0.06408534553704186 0.9962390708572931 -0.05831622574202968 -1.1540982905903086 0.07494859960654904 0.05346653367807127 0.9957530000926278 -0.07963281978032935
38591597440016 PointCloud15.pcd PointCloud29.pcd 0.13997109762985893 0.9033840325117157 0.4244119537913986 -0.061414845777212144 -0.4790565588305731 -0.428533802599701 0.8987931457594517 -0.09235616473884885 0.7616216708824405 0.016002182110936965 0.10975142192608052 0.9938302448370605 1.50041555982055
38591597440017 PointCloud15.pcd PointCloud29.pcd 0.13997109762985893 0.9999209553961046 -0.004183094207946276 0.011856841172462258 -0.018854641651316752 0.004379242557132763 0.9998531899144455 -0.01656565279527633 -1.752188451360224 -0.011785804782336552 0.016616267353268467 0.999792475699271 -2.256461220414366
38591597440018 PointCloud15.pcd PointCloud29.pcd 0.13997109762985893 0.9813495569342372 0.19188937520375085 -0.011467989749312069 -0.4880246943914885 -0.19126330936384492 0.980647299230121 0.041823689505584696 -1.2016476911339764 0.01927157482320391 -0.038850253494456574 0.9990591895414656 -0.3605151296689144
38591597440019 PointCloud15.pcd PointCloud29.pcd 0.13997109762985893 0.9252819787057222 -0.37793038859772443 0.031966877495254585 0.5783672490902241 0.37717551457881204 0.9257402854852302 0.027268205513618273 -2.6084006337579555 -0.039898509804652725 -0.013173655684644504 0.9991168919156911 0.02852042032619095
38591597440020 PointCloud15.pcd PointCloud29.pcd 0.13997109762985893 0.9971436607987624 0.032896677553638155 -0.06798770723281217 -0.3042333137451058 -0.031930380296232054 0.9993737286521314 0.015251271883813677 -0.0636848974470865 0.06844684465320966 -0.013036835730650629 0.9975695817190655 -0.5181922880253584
38591597440021 PointCloud15.pcd PointCloud29.pcd 0.13997109762985893 0.9267777231443021 0.3558770346491204 -0.12014403061663928 -0.12326995945858764 -0.3389257474495639 0.9302019338847956 0.14090315792323763 -0.8961407146933775 0.16190240763873046 -0.08986600250559244 0.9827063203187649 0.3499046032714442
38591597440022 PointCloud15.pcd PointCloud29.pcd 0.13997109762985893 0.9992624185956314 -0.035542597040189985 0.014537626286559533 0.41934687095410283 0.03638770809911951 0.9973674272778725 -0.06272280051473131 1.8719979504344266 -0.012270023704225736 0.06320552824521114 0.9979251012563725 1.3033737930414957
38591597440023 PointCloud15.pcd PointCloud29.pcd 0.13997109762985893 0.8820360906995033 -0.4593824810594561 0.10478583300807512 -0.5904829464547663 0.4597295563618342 0.8877799518324238 0.02225965255278657 2.0579992077215428 -0.10325245619784987 0.028539327603818526 0.9942456623335267 2.9230072661064135
38591597440024 PointCloud15.pcd PointCloud29.pcd 0.13997109762985893 0.8572823494232839 -0.4989385785421526 -0.12699318174465507 0.9770114418611052 0.5145541742699892 0.838633530269502 0.1786835293166161 2.9320988625446334 0.017348634200549037 -0.2185271075863325 0.9756766514277807 -2.0269564686140416
38591597440025 PointCloud15.pcd PointCloud29.pcd 0.13997109762985893 0.9468179258381964 0.2760018832545862 -0.16540488430326844 -0.5313798759510697 -0.27714501552997495 0.9606847752712111 0.01659526827118788 -1.6481170884064178 0.16348227940160903 0.030128441745708508 0.9860861125275164 2.8001748225837804
38591597440026 PointCloud15.pcd PointCloud29.pcd 0.13997109762985893 0.983428818463747 -0.18114980682489698 -0.007246137060602462 -0.3104208937601753 0.1809026959421106 0.9831452872382654 -0.026449173561091742 3.048469841779931 0.01191526818308379 0.024700033775098003 0.999623896630945 2.453317655062228
38591597440027 PointCloud15.pcd PointCloud29.pcd 0.13997109762985893 0.9712578307719962 0.018125179209447548 0.23733879590724677 -0.19439096658949098 0.10843603451860119 0.8539302740170462 -0.5089643538943107 1.614245377574697 -0.2118958531495061 0.5200716921692603 0.8274210430139212 1.6874788749062588
38591597440028 PointCloud15.pcd PointCloud29.pcd 0.13997109762985893 0.9934258407821486 0.005923098716693112 0.11432416965748622 -2.3505669736152357 -0.018022288006462196 0.9942992602152421 0.105091285416226 -2.640357286641113 -0.11304997125737588 -0.10646078168515791 0.987869326359358 -0.6964277435742969
38591597440029 PointCloud15.pcd PointCloud29.pcd 0.13997109762985893 0.9988601347243539 0.047728715139995166 0.0006332531332453206 2.099566824354904 -0.047726685821499866 0.9988562081191386 -0.002904989217185725 0.13710644777128975 -0.0007711802262847996 0.002871454847515049 0.9999955800042905 1.8140891562523247
38591597440031 PointCloud29.pcd PointCloud11.pcd 0.1437778409629419 0.9942413076785928 0.1065632105726831 0.011335971859700722 -2.627255748795861 -0.10632317565860978 0.9941302840952325 -0.020009012034599358 1.0471785960793845 -0.013401657488174202 0.018688509763336747 0.9997355326181997 1.6671209944480014
38591597440032 PointCloud29.pcd PointCloud11.pcd 0.1437778409629419 0.861657189884028 -0.5032996534111579 0.06508721838708975 -0.22333995504202664 0.5042950574818897 0.8347896814049375 -0.22093592469125675 -2.000747645638039 0.05686283602229097 0.22319419055175124 0.9731140586711564 -1.364100810902596
38591597440033 PointCloud29.pcd PointCloud11.pcd 0.1437778409629419 0.9876506901251666 -0.0552924919618793 -0.14659077265615264 -0.20118165118988385 0.02424568194004674 0.9783233776559022 -0.20565873586893724 0.10503049772196907 0.15478456383807918 0.19956479916205844 0.9675823632812159 0.0845673768304437
38591597440034 PointCloud29.pcd PointCloud11.pcd 0.1437778409629419 0.9762727031786997 0.19773785268257146 0.08826862774870928 0.06903538760648845 -0.16868153600996497 0.9500431535984918 -0.2626110159722006 -0.0017950786338496874 -0.13578714385932653 0.24149067873754085 0.9608559224178245 0.6722817521856785
38591597440035 PointCloud29.pcd PointCloud11.pcd 0.1437778409629419 0.9622699873454648 0.26444042229303855 0.06409161030617434 0.01640895296684016 -0.26090421646878015 0.9635885496165632 -0.05853287005315895 0.05123185779451646 -0.07723639869239741 0.03960265275619218 0.9962259626268036 0.603811368072477
38591597440036 PointCloud29.pcd PointCloud11.pcd 0.1437778409629419 0.8765527550870545 -0.47424512750596715 0.0821390685736267 -0.06627190751442479 0.4508358340791674 0.8687725464522509 0.20489341922329518 -0.21024938572400406 -0.16852987349261095 -0.14256865562850934 0.9753316667538504 -0.3419226402741512
38591597440037 PointCloud29.pcd PointCloud11.pcd 0.1437778409629419 0.8975250751807571 -0.4210337339517936 0.13106995954980055 -2.80896917029222 0.4404318926819512 0.8705174804286279 -0.21958839718160753 -0.11205090194582751 -0.021644568149312822 0.2548134830475097 0.9667479513952052 0.7899762529874482
38591597440038 PointCloud29.pcd PointCloud11.pcd 0.1437778409629419 0.9519721900624749 -0.18921174895224657 0.24072362452839396 -1.8857709387605888 0.13373816641053987 0.9641985613746294 0.2289874168775257 2.195812135603045 -0.27543248209461774 -0.18579571658552038 0.9431950484950984 0.09828238094886615
38591597440039 PointCloud29.pcd PointCloud11.pcd 0.1437778409629419 0.9742141754703887 -0.12319549342486208 0.1890227782896954 -0.6324744190680077 0.1182481952271559 0.992284192909433 0.037275257579194664 0.9339793942464029 -0.19215645874669687 -0.013962481938382176 0.9812649715851725 -0.28356181135724784
38591597440040 PointCloud29.pcd PointCloud11.pcd 0.1437778409629419 0.9773947673469888 0.07296111702754235 0.19843423133325347 -0.9609509167896483 -0.033547679426624746 0.9801969770097966 -0.1951625975076807 2.8025441385658114 -0.2087439148042747 0.18409389360581688 0.9604870724633602 -0.3261579700933116
38591597440041 PointCloud29.pcd PointCloud11.pcd 0.1437778409629419 0.9149062426568704 -0.10036223687327613 0.3909910338579137 1.2973897731736628 0.1915129117656294 0.9605690610535855 -0.20156855799871995 3.484223699272026 -0.35534401890919454 0.25929616340475514 0.8980512946758867 -0.8756493768382481
38591597440042 PointCloud29.pcd PointCloud11.pcd 0.1437778409629419 0.9218219327389108 0.34070673201771207 0.18483302486111614 0.3529194229188378 -0.38662703192777403 0.8422064656095257 0.37577627315762074 0.967380561238451 -0.027638062598870125 -0.41786025420386863 0.9080908244511995 -1.622712520986952
38591597440043 PointCloud29.pcd PointCloud11.pcd 0.1437778409629419 0.8649100473592792 -0.357917243717226 0.3518889833837272 -0.6089202173645406 0.37308900627128805 0.9274229188415447 0.026293022019773404 0.6373282083190239 -0.33576063404823375 0.1085448122081078 0.9356723894431397 -1.220168290427726
38591597440044 PointCloud29.pcd PointCloud11.pcd 0.1437778409629419 0.8444592769484083 -0.5188605751561983 0.13293695168895137 -1.2177351822136908 0.5251962136273978 0.8508430739250221 -0.015329734024574666 0.6512174902596368 -0.10515449000026718 0.08276331978840928 0.9910059364758544 -0.0995042061050536
38591597440045 PointCloud29.pcd PointCloud11.pcd 0.1437778409629419 0.9415719651010677 0.31039699310318336 0.13075144820695578 -0.5878610839278254 -0.30901762768116237 0.9505433925890195 -0.03123082752127447 -0.0010250006647167477 -0.13397888011929499 -0.010998430699850936 0.9909231525219906 0.8494741880588292
38591597440046 PointCloud29.pcd PointCloud11.pcd 0.1437778409629419 0.9209735313162618 0.3896122559717086 -0.003169323506743786 2.0894275104750597 -0.38953481983484955 0.9205544172970547 -0.029020491572533343 -0.05519658663981645 -0.00838920443700629 0.027961666465287645 0.9995737924022409 -1.0427516096677096
38591597440047 PointCloud29.pcd PointCloud11.pcd 0.1437778409629419 0.9388140049449548 -0.31421353713169664 -0.1410606862396549 0.256624867317073 0.3352611064789345 0.9275229367975806 0.16523072413117393 0.23804719732103793 0.07891929169559903 -0.2024130796109269 0.9761151011026752 1.0358019453610692
38591597440048 PointCloud29.pcd PointCloud11.pcd 0.1437778409629419 0.9994359956277397 0.02481899413762527 -0.02262096756518393 -0.0072845515087563515 -0.025873125032203265 0.998533041192923 -0.04756413614352951 -0.002793713358916011 0.021407289521482114 0.04812258488494519 0.9986120091303401 3.2899779136738063
38591597440049 PointCloud29.pcd PointCloud11.pcd 0.1437778409629419 0.9903479487018582 -0.13765109542228182 0.016220864066611447 3.1360833489988984 0.13752372671637936 0.9904600226999967 0.008727429355802096 -1.9989611038993853 -0.01726745760267627 -0.006412438082958776 0.9998303433812017 1.1627251736401347
38591597440050 PointCloud29.pcd PointCloud11.pcd 0.1437778409629419 0.9987119100092055 -0.03282699467260461 0.03868991117241829 -0.040422715677104544 0.03525987678653204 0.9973284406103539 -0.06397439049118421 -0.11743362375175627 -0.03648646180110381 0.06525618721994668 0.9972012676158971 0.2993692683334126
38591597440051 PointCloud29.pcd PointCloud11.pcd 0.1437778409629419 0.9393326854072641 0.3430074334601307 -8.195530330506106e-05 -0.36352260556653887 -0.3429411472666685 0.9391558031519971 0.019435712421939637 -0.9730872360903562 0.006743562634016726 -0.018228494096363852 0.999811105342394 -2.106629906843523
38591597440052 PointCloud29.pcd PointCloud11.pcd 0.1437778409629419 0.9960097153141539 0.0042321354643313075 -0.08914446718237527 -0.150408209538699 -0.04853116072684442 0.8639570152989353 -0.5012215100674157 0.08874826414767226 0.07489575046905682 0.5035477780163137 0.8607149712979959 -0.4185416627124072
38591597440053 PointCloud29.pcd PointCloud11.pcd 0.1437778409629419 0.9318287401123081 0.3080941391966913 -0.19176339716785964 -0.8561336451079661 -0.2517101754298165 0.9293681383883154 0.27003120362974325 2.063239029492557 0.2614138226754651 -0.20335403792717424 0.9435623713210027 -1.2758191707235034
38591597440054 PointCloud29.pcd PointCloud11.pcd 0.1437778409629419 0.9854891695909003 0.16963797711023926 0.005835524053923975 2.3769087411264 -0.16973796062224994 0.9849750776589049 0.03182956353194139 -2.210604062203213 -0.00034834298833379433 -0.032358200085608864 0.9994762756285825 0.04026460576773437
38591597440055 PointCloud29.pcd PointCloud11.pcd 0.1437778409629419 0.9253245690734793 0.30320673483097127 -0.22768425027243536 0.4216799477545831 -0.3465258346344199 0.9199842142693709 -0.1831635646794608 0.257126475392514 0.1539294897019365 0.2483842214157522 0.9563529634772886 0.38130840561872276
38591597440056 PointCloud29.pcd PointCloud11.pcd 0.1437778409629419 0.927566295942952 0.2846114014195993 -0.24210972060750408 2.472990324511905 -0.3498569478406215 0.8890688667895805 -0.2952230786255298 1.200373388961699 0.13122836080023498 0.35854274541184455 0.924243591827512 0.17183831498890562
38591597440057 PointCloud29.pcd PointCloud11.pcd 0.1437778409629419 0.9113602564264475 0.11479679180041988 0.3952773451624201 -2.633987875400367 -0.10301740604651677 0.9933724245296742 -0.05097685980407163 -0.42385833842566434 -0.39850959468721325 0.005737837255267587 0.917146215260067 -1.5451840042728855
38591597440058 PointCloud29.pcd PointCloud11.pcd 0.1437778409629419 0.95914000812271 -0.15135919020556923 -0.23904150342290365 -0.9715105670591136 0.08425722413566983 0.9593433833698873 -0.26937147763890845 1.1907723966629868 0.27009473337945566 0.238223987718978 0.9328977257320059 0.05615844352523363
38591597440059 PointCloud29.pcd PointCloud11.pcd 0.1437778409629419 0.8754286662158166 -0.23705177295954333 0.42122572013628706 -0.2383907947692834 0.34092828726465935 0.9205919035334127 -0.1904690265936009 -0.20513153661947237 -0.3426259670696055 0.310349809224148 0.886730197187483 -2.7534735949167106
38591597440060 PointCloud29.pcd PointCloud11.pcd 0.1437778409629419 0.9584187640692174 0.27829487083884963 0.06313032191286223 0.03852262529836557 -0.27997793737834153 0.8742407778330317 0.396630075706905 0.14850782118305347 0.055189013955705926 -0.3978128042668859 0.9158051897100786 1.1968100638201586
38591597440062 PointCloud11.pcd PointCloud19.pcd 0.16582568088507224 0.9502079410449596 -0.016876403508450794 0.31115921291152293 2.9231776789134902 -0.09951188634146574 0.9298155787057096 0.3543167708039368 2.267490563600729 -0.2953002764168393 -0.36763864949265906 0.8818387438456943 -1.4473256861737742
38591597440063 PointCloud11.pcd PointCloud19.pcd 0.16582568088507224 0.8938487716321335 -0.434815704225763 -0.10940601816344481 -0.09150028779445898 0.43427411833663265 0.9002813908827605 -0.029990121259219325 -1.6006984783568867 0.11153637789827411 -0.020705569029999687 0.9935446219553893 0.20474913566488578
38591597440064 PointCloud11.pcd PointCloud19.pcd 0.16582568088507224 0.9360346935698719 -0.351683973661246 -0.012547314588867993 1.4570947468644253 0.3513066422106958 0.9359247882672975 -0.0250685828370979 -0.38825700393936746 0.020559561576116152 0.019057108297177393 0.9996069882964742 0.05344991876479443
38591597440065 PointCloud11.pcd PointCloud19.pcd 0.16582568088507224 0.878028604556461 -0.2756459743211126 0.39126086747999533 1.1844682368772435 0.22773795859912027 0.959639745998909 0.1650060002310671 0.9266181856370845 -0.4209527191903377 -0.055775036886711885 0.9053661985442945 0.9748642796692657
38591597440066 PointCloud11.pcd PointCloud19.pcd 0.16582568088507224 0.9948381858154195 0.0430029023362961 0.09191155767442893 0.35422641104175406 -0.049406642047306354 0.9964220193400665 0.06857217435573626 0.8979315720766957 -0.08863389738183827 -0.07275925896351015 0.9934033030295333 1.207648282019388
38591597440067 PointCloud11.pcd PointCloud19.pcd 0.16582568088507224 0.9347533303615521 0.35229615074049386 -0.04608289868724006 0.13070198289552767 -0.3535234609116055 0.9092853357333185 -0.21959358097500656 0.4800922445896776 -0.03545946930042417 0.22155721697515854 0.9745024503012575 -1.0193137830485886
38591597440068 PointCloud11.pcd PointCloud19.pcd 0.16582568088507224 0.9603059425359501 0.09350489830737047 -0.26281044637279716 0.771097374738732 -0.1737547461451897 0.9375563850679265 -0.30132592488928456 0.021153141178191292 0.21822416209522094 0.3350296387051307 0.9165878879119822 2.2349988997982915
38591597440069 PointCloud11.pcd PointCloud19.pcd 0.16582568088507224 0.8481890013322275 0.5098104241528715 -0.1437663014899802 0.8176936299286289 -0.4599013853812466 0.8434485960510816 0.2776421825729469 2.9520940038333423 0.2628043640114234 -0.16937472433786793 0.9498663427093428 2.1827772053896166
38591597440070 PointCloud11.pcd PointCloud19.pcd 0.16582568088507224 0.952068064336242 0.2853177158219237 0.11027330551498579 0.32364901092590753 -0.2897209367858889 0.9567614015686016 0.025872751233530042 -0.5133798000062023 -0.09812328805614076 -0.056581105562238276 0.9935644915325862 1.0545895084263912
38591597440071 PointCloud11.pcd PointCloud19.pcd 0.16582568088507224 0.9973341417692255 0.06799853049573165 -0.026472807026520342 1.4567363551202912 -0.06471515157664653 0.9918621494094231 0.10964226249640725 2.8623204840803527 0.033712888008208305 -0.10763678004910988 0.9936185207426468 2.3194851942640526
38591597440072 PointCloud11.pcd PointCloud19.pcd 0.16582568088507224 0.9460706428941226 -0.3081312678622377 0.10002729837155269 -0.03612187743833948 0.31819582155593723 0.8258444205301202 -0.4655452848258826 -0.031448831057439314 0.0608420725998374 0.4722669952949072 0.8793532437859521 -1.2943369137434129
38591597440073 PointCloud11.pcd PointCloud19.pcd 0.16582568088507224 0.9995645275389134 0.029192725149799453 0.004305819810087725 0.83111100047933 -0.029268666453331177 0.999395197158769 0.018777248467998064 -0.3132906937645417 -0.003755056584436995 -0.018895097097224877 0.9998144202079374 0.17479937939143295
38591597440074 PointCloud11.pcd PointCloud19.pcd 0.16582568088507224 0.9884703938569751 -0.14645029173225418 0.03845247091896993 0.4740728405455842 0.14714847806120965 0.9889852068031736 -0.015987061291985516 2.302937869198106 -0.03568761511373779 0.021460959345323875 0.9991325344274763 -0.7401127647967729
38591597440075 PointCloud11.pcd PointCloud19.pcd 0.16582568088507224 0.8641850025854371 0.40140404036757765 -0.30341238880934357 -0.036860672309710324 -0.3879827176131608 0.9155325799380618 0.10615792907485974 -0.0251543133016421 0.320396148759492 0.025978672955727748 0.9469273554035414 1.7578515468041191
38591597440076 PointCloud11.pcd PointCloud19.pcd 0.16582568088507224 0.9475115412134064 0.2749671522133954 -0.16314087308535108 -0.4720439527512656 -0.30092196988209285 0.9393555529052261 -0.16449046558508412 1.861964432751565 0.10801781015034517 0.20494928745856217 0.9727938847775266 -1.683773873298099
38591597440077 PointCloud11.pcd PointCloud19.pcd 0.16582568088507224 0.8996568378667823 -0.28032990650415773 -0.33471288830714674 -0.7002162246847954 0.17389561226524675 0.9332810310984926 -0.31424008819154453 1.3166458578223899 0.4004720840638424 0.2245031414281433 0.8883808020069198 2.6217409143661574
38591597440078 PointCloud11.pcd PointCloud19.pcd 0.16582568088507224 0.9983266020724074 -0.05775211365026514 0.002947704783062729 -2.501129047264241 0.05774043404675458 0.9983239939216539 0.0039045404864301585 -1.6050794737974776 -0.0031682598778535213 -0.003727804882856228 0.9999880327284432 1.727882437402244
38591597440079 PointCloud11.pcd PointCloud19.pcd 0.16582568088507224 0.9021226515631964 0.19367435309387887 -0.38557096167924154 0.801713999103974 -0.1449363441915632 0.9776969310361182 0.15199397085062438 1.0790831948060629 0.4064088799091038 -0.08123395839316988 0.9100730005525953 -0.24431011363098437
38591597440080 PointCloud11.pcd PointCloud19.pcd 0.16582568088507224 0.9958576535897148 -0.03811995667312262 -0.08254939545524834 -1.177360301006812 0.03594950070101901 0.9989718016721957 -0.027621963419621545 1.7505583329961822 0.08351746635366253 0.0245399341288181 0.9962041078247058 0.48812587785334366
38591597440081 PointCloud11.pcd PointCloud19.pcd 0.16582568088507224 0.9933799192110079 -0.07446551639446333 0.08747126943423873 0.3128177316662315 0.06809125207586977 0.9949511474228347 0.07372784842055782 0.326047283184546 -0.09251982219541734 -0.06728373585117209 0.9934349406935704 -0.15084770968638855
38591597440082 PointCloud11.pcd PointCloud19.pcd 0.16582568088507224 0.9731261199078756 0.008552045877723291 -0.23011392236096573 0.016876138009090314 -0.0531877460729927 0.9806356282180508 -0.18848031286334352 -0.09985642008218523 0.22404601853351042 0.1956543564061233 0.9547370079758026 2.869659632785962
38591597440083 PointCloud11.pcd PointCloud19.pcd 0.16582568088507224 0.9614963801356099 0.27481756324969203 0.0001338492432943626 -0.9130213771542315 -0.2748164908538758 0.9614937812512957 -0.0023674817521745018 -1.6699196650532782 -0.0007793207812234293 0.0022395411554072915 0.9999971885533143 0.703570754892399
38591597440084 PointCloud11.pcd PointCloud19.pcd 0.16582568088507224 0.9530784323108639 0.07235343558836593 -0.29394979541143806 1.9643023509641941 -0.12969356759289707 0.9749825080647059 -0.1805233710434262 1.4008316194093118 0.27353442267636585 0.21017632912965262 0.938618575505882 2.402025070512955
38591597440085 PointCloud11.pcd PointCloud19.pcd 0.16582568088507224 0.8309931028998544 -0.5558408328464892 0.022168253728996088 0.9243812102516632 0.5553659517072964 0.8266776580877486 -0.09040303812817456 0.23330861938092917 0.03192369992843599 0.08743579449559837 0.99565850532389 0.6217173481908879
38591597440086 PointCloud11.pcd PointCloud19.pcd 0.16582568088507224 0.8986337801324005 0.01364897168308573 -0.43848721164584353 0.1603999909469615 0.12827268996096203 0.9476603950489988 0.2923797063165539 -1.6770732569518965 0.4195276465444577 -0.31898821487254 0.8498488527716554 -1.4802270996447406
38591597440087 PointCloud11.pcd PointCloud19.pcd 0.16582568088507224 0.9363810585227691 -0.07190048837653112 0.3435416030279226 0.06191520522423019 -0.019010168889358168 0.9669664719671534 0.25419373629221165 0.027205492511250443 -0.35046986563551585 -0.24455298375324044 0.9040822481493653 -0.6748288308418942
38591597440088 PointCloud11.pcd PointCloud19.pcd 0.16582568088507224 0.9880131402609041 -0.15081902016382145 -0.03291895849828079 -0.0170468885696378 0.15093807839048126 0.988542552934617 0.0011478367909581156 -0.6224341149614606 0.03236867565371891 -0.006102802170688032 0.9994573650947246 -0.3062602742381611
38591597440089 PointCloud11.pcd PointCloud19.pcd 0.16582568088507224 0.9219463911629545 0.34989363345849894 0.16610026215155127 -0.013636421150998964 -0.37930985983757665 0.9023980027606756 0.20445506803095342 0.30263960861667033 -0.07835101819122962 -0.2515000792818035 0.9646806871030663 1.1671273289495483
38591597440090 PointCloud11.pcd PointCloud19.pcd 0.16582568088507224 0.8632752044910132 0.5047279982543664 0.002359891764395273 -0.23218470835641314 -0.5044577711057558 0.8629486808041265 -0.02901605537337594 0.2632523113648673 -0.016681681030767316 0.023858375396456008 0.9995761599004999 0.35800389015793915
38591597440091 PointCloud11.pcd PointCloud19.pcd 0.16582568088507224 0.921732898695047 -0.26414481226151043 -0.28396475418360934 0.07765509257363687 0.29472150180337553 0.9530039731674536 0.07016169540290883 -0.029076780117031683 0.2520866911163483 -0.14836086169330182 0.9562642704188168 2.9148885669926217
38591597440093 PointCloud0.pcd PointCloud11.pcd 0.15633416332130698 0.9951692987265202 0.09123708239489374 -0.03624722980082053 -1.6767987638567032 -0.09369522256810213 0.9929077313608206 -0.07318088733967706 -0.4829419804120929 0.02931334406170548 0.07622356459767593 0.9966597694599417 -0.24274341913726447
38591597440094 PointCloud0.pcd PointCloud11.pcd 0.15633416332130698 0.8561201835371777 0.4930665239692878 -0.15473730733444027 -0.7226532852533422 -0.4869956052957543 0.8699462625722004 0.07764522302937832 2.408065060136796 0.17289740241799792 0.008882746056474433 0.9848997842722909 2.3460566352218355
38591597440095 PointCloud0.pcd PointCloud11.pcd 0.15633416332130698 0.9575820709423406 0.040540063760640246 -0.28529472592401967 0.5595769883251434 0.073611208371832 0.9227920690052022 0.3782012524875308 -1.671814751976751 0.2786000133018967 -0.3831596281073745 0.8806649374062768 -3.2643807281297534
38591597440096 PointCloud0.pcd PointCloud11.pcd 0.15633416332130698 0.9369594509364814 -0.34833454363470495 0.02774946867256095 -0.7421716859831624 0.34598228245210205 0.9359042325705546 0.06617800001326327 0.4682225310217035 -0.04902292861551136 -0.05240527804833586 0.9974218963420821 2.4714093531029118
38591597440097 PointCloud0.pcd PointCloud11.pcd 0.15633416332130698 0.9966571610239799 0.057537175174024305 -0.057999800453226544 1.3483291520489844 -0.05174268119959037 0.9939496419178095 0.0968855214866266 1.133314142563392 0.06322340011339167 -0.09356058360469793 0.9936041560267601 -0.06605190090492183
38591597440098 PointCloud0.pcd PointCloud11.pcd 0.15633416332130698 0.872607921891638 -0.16415445684003072 -0.46000948789292534 -0.06417256450454122 0.011596911589034253 0.9485271340486991 -0.31648347131399673 -0.7199727707484086 0.4882836535186828 0.2708312948551474 0.8295959760229863 0.4781430214728333
38591597440099 PointCloud0.pcd PointCloud11.pcd 0.15633416332130698 0.9955173496605579 0.0902561847740711 -0.028267076871291957 -0.10752712352707804 -0.09264777824874193 0.9907058376112023 -0.09959082542412288 0.4651308551534682 0.019015670127311646 0.10176327644644172 0.9946268847444727 -0.1176386872609759
38591597440100 PointCloud0.pcd PointCloud11.pcd 0.15633416332130698 0.8893063481485771 -0.4319799513568032 -0.15009177448619831 -0.12177993768127651 0.44327225121713243 0.8949548634877328 0.05065080078882349 -0.2794967933813706 0.11244523308498809 -0.11157559744598099 0.9873737669246815 -0.41036050964179405
38591597440101 PointCloud0.pcd PointCloud11.pcd 0.15633416332130698 0.9926564522288462 0.11824911589517802 -0.025501263467701683 0.9351756397211741 -0.09174311302435144 0.8733239303236394 0.4784229446177014 0.24808999274293236 0.07884395386484279 -0.47257005757250414 0.8777591763262169 -0.9789565052473473
38591597440102 PointCloud0.pcd PointCloud11.pcd 0.15633416332130698 0.9785432888016065 -0.10327152576727945 -0.17829196254187585 -0.6446925182852218 0.03949700047247463 0.9432927194491848 -0.32960405396147463 -0.2748177132125396 0.2022202237537405 0.3154898372370487 0.92713167549444 2.121697619116914
38591597440103 PointCloud0.pcd PointCloud11.pcd 0.15633416332130698 0.9246519099278069 -0.16579540541844032 0.3428275499562334 -0.18880052666447023 0.11181130438366646 0.9787704890680051 0.17177474186154662 -2.340353399491742 -0.3640289517042316 -0.12049984760037208 0.9235598026383592 -1.916250484846698
38591597440104 PointCloud0.pcd PointCloud11.pcd 0.15633416332130698 0.8730602792205368 0.4327006886579768 -0.22480183024671074 -0.8677925771700462 -0.46316655433988313 0.8800439926605849 -0.10487761402194679 0.5608233100598415 0.1524548844356205 0.19568516810665287 0.9687439409848159 -2.0714010383217003
38591597440105 PointCloud0.pcd PointCloud11.pcd 0.15633416332130698 0.9801783301541065 -0.1980601468376212 -0.004755978444797561 -0.39080664199912996 0.19809951169088674 0.9801293188263479 0.010153907860112811 -0.19621173259074162 0.0026503894317026076 -0.010894797458390813 0.9999371374362496 1.9843808065885065
38591597440106 PointCloud0.pcd PointCloud11.pcd 0.15633416332130698 0.9053837080231603 0.41798965319626147 0.07459886773337894 -0.0042364123168168516 -0.4061157969226431 0.9037779834547364 -0.13511223524306382 0.10167055832395251 -0.12389633059989975 0.0920326379245946 0.9880180630031624 -3.61891005938165
38591597440107 PointCloud0.pcd PointCloud11.pcd 0.15633416332130698 0.998685806817499 -0.04169397256844981 -0.02980389089938559 -3.1834993125810804 0.03969899380065757 0.9971176944823084 -0.06465518727450507 -0.682072461383704 0.03241371858482881 0.06338703338812542 0.9974624979645883 0.25840820420675653
38591597440108 PointCloud0.pcd PointCloud11.pcd 0.15633416332130698 0.9902408443480634 0.13681565623608 0.026543292816182083 1.4462321307470947 -0.13824903110632375 0.9883912004220607 0.063008256017768 -0.40406069339006434 -0.017614641154378607 -0.06606293315414213 0.9976599687669512 -1.1283250016999802
38591597440109 PointCloud0.pcd PointCloud11.pcd 0.15633416332130698 0.9966418530107067 0.08120503181177904 -0.010524240392193462 0.6598031749063323 -0.08187113106588595 0.9859251948793002 -0.14576909137470298 0.22098521627830253 -0.0014610699426269415 0.14614120880388917 0.9892626609571195 0.459521975442011
38591597440110 PointCloud0.pcd PointCloud11.pcd 0.15633416332130698 0.9558355593049775 0.14908444633651824 -0.2532828684073885 -1.420665767292745 -0.03139172950362733 0.9086512666806755 0.416374152509945 -1.9595888569907283 0.29222070920267057 -0.3900342336515317 0.8732012103134938 0.8572856291207199
38591597440111 PointCloud0.pcd PointCloud11.pcd 0.15633416332130698 0.9489833339123546 -0.2879831547208939 -0.12843805726339255 3.091165857781007 0.29127681402776645 0.9566114766364379 0.007231899977744136 0.21617927552745803 0.12078265424483257 -0.04427398067099712 0.9916911641580345 -1.6648255679925001
38591597440112 PointCloud0.pcd PointCloud11.pcd 0.15633416332130698 0.9339410461357823 -0.23449675995740246 -0.2697506105874108 0.17393819645338193 0.1729417277978956 0.9569469227586819 -0.23311745067447875 -1.7845134863764271 0.3128023035865931 0.1710668190859052 0.9342862849677026 -0.9162448336825348
38591597440113 PointCloud0.pcd PointCloud11.pcd 0.15633416332130698 0.9992065297919033 0.03934812797015635 -0.006167304635445957 -2.0955233517342737 -0.03932116415458944 0.9992167860230262 0.0044340251850237345 -2.5254170873064674 0.006336944906658432 -0.004188001320175738 0.9999711514709771 -1.4489269271428127
38591597440114 PointCloud0.pcd PointCloud11.pcd 0.15633416332130698 0.9810211564137507 -0.18512857550087555 -0.05766195627659491 1.0117051960401822 0.13152616329307135 0.8538432258007735 -0.5036393691159713 -2.2484066778918828 0.14247230972379038 0.48649682042860865 0.861987520022664 1.0555789066554704
38591597440115 PointCloud0.pcd PointCloud11.pcd 0.15633416332130698 0.9423807264479587 0.06995419686353685 -0.32714672054079247 0.3042482015094789 0.05195354607385995 0.9354270988553781 0.34968124310200305 0.14047642560697293 0.3304835782149684 -0.3465292961182191 0.877894100368628 -1.0450795819083074
38591597440116 PointCloud0.pcd PointCloud11.pcd 0.15633416332130698 0.9967904819467707 -0.030456723708108063 -0.0740346073217971 0.21479158566650086 0.020930045175652882 0.9917832539621932 -0.1262058254166933 2.715758984175777 0.0772700997104951 0.12425121786578879 0.9892375683068241 -2.7282467955835026
38591597440117 PointCloud0.pcd PointCloud11.pcd 0.15633416332130698 0.9625243315288476 0.210457919968285 0.1710391041182335 1.3558476663799066 -0.20725886503783647 0.9776028819342474 -0.03655636876225226 0.6715472207787029 -0.1749018984407341 -0.00026297619062451427 0.984585830065287 3.3471624638092545
38591597440118 PointCloud0.pcd PointCloud11.pcd 0.15633416332130698 0.9613429320068908 0.24778549797590516 0.12009210662332102 0.41069307744735456 -0.2600114559423123 0.9604416572576545 0.09972896160558889 -0.6259974118115957 -0.09063007149480463 -0.12709905584622858 0.987740866899737 0.10118108262113744
38591597440119 PointCloud0.pcd PointCloud11.pcd 0.15633416332130698 0.9994544284774692 -0.03299695014279464 -0.0014306215605148346 -2.068857780259251 0.03299447308597534 0.9994540510369286 -0.0017218047657889999 -2.3216925903210033 0.0014866548201696896 0.001673662793566805 0.9999974943520106 -1.2975443591761022
38591597440120 PointCloud0.pcd PointCloud11.pcd 0.15633416332130698 0.9995974422514371 -0.017568537952904223 0.022277789804691406 -1.452398213979717 0.018152176404347638 0.999489999565897 -0.026272404906066697 0.5839260213463606 -0.021804860379513864 0.02666621911633212 0.9994065543220484 0.0468688411214379
38591597440121 PointCloud0.pcd PointCloud11.pcd 0.15633416332130698 0.9531314124707164 0.30248124059096987 0.006753491846802522 2.09452378488111 -0.30220232199259883 0.9528579954948303 -0.027118204288917702 2.716081659986819 -0.014637866779646118 0.023806291439903766 0.9996094203957963 -0.6811668305076648
38591597440122 PointCloud0.pcd PointCloud11.pcd 0.15633416332130698 0.9782337778091036 0.14574555510462914 0.14770548101060038 0.9358957820436076 -0.14963796393399473 0.9886188589773095 0.015531626575836925 0.5611498213599101 -0.14376075856442122 -0.03729590918111878 0.9889094293489854 0.2955156796525336
38591597440124 PointCloud29.pcd PointCloud15.pcd 0.1436757726208963 0.8793429877512663 0.47604253241549477 -0.011807507108569431 -0.5529241995417823 -0.4750370979263845 0.87866985538648 0.04773930067335348 -0.0342692882425043 0.033100838151849464 -0.03637021537666271 0.998790038970704 -2.1633907623788535
38591597440125 PointCloud29.pcd PointCloud15.pcd 0.1436757726208963 0.9883562819830857 -0.08412824792962469 -0.1267844539557697 0.34957649018080955 0.0737862293878029 0.993715101386984 -0.08417772643749824 1.7315708599240374 0.1330693511568371 0.07384263792516729 0.9883520691570139 -2.8237504096473796
38591597440126 PointCloud29.pcd PointCloud15.pcd 0.1436757726208963 0.9961894309909337 -0.052475549963424746 0.06966300480165798 0.11030727142430859 0.057881835305916514 0.9952715125082369 -0.07800198414902833 -0.39963091594176103 -0.06524040713835609 0.0817369747764292 0.9945163428676368 3.325414164910123
38591597440127 PointCloud29.pcd PointCloud15.pcd 0.1436757726208963 0.969400749446703 -0.20772744564739143 -0.13081091428845226 -0.01009738301103192 0.21139065972469295 0.9772923757611804 0.01461510383907206 -0.04082808459527193 0.12480455101209183 -0.041820098085464025 0.9912996032697645 -0.49195885484104424
38591597440128 PointCloud29.pcd PointCloud15.pcd 0.1436757726208963 0.9937996846957253 -0.07968004555380706 -0.07754532248447012 0.15252947529747624 0.07509593495406719 0.9953489865546501 -0.06034066222710733 -0.1490727988184797 0.08199260486197364 0.05414319260234459 0.9951611565182666 0.17771105446980598
38591597440129 PointCloud29.pcd PointCloud15.pcd 0.1436757726208963 0.9115251337968259 0.40309814442121555 0.0814482438168657 -1.0858953837669871 -0.3966076876352193 0.9140377202262544 -0.0850728400386149 2.538951104911842 -0.1087394710550086 0.04524303225651777 0.9930401781735282 -0.7471879795680393
38591597440130 PointCloud29.pcd PointCloud15.pcd 0.1436757726208963 0.9910261388210321 -0.13257862079448562 -0.017032365710855552 -0.5360273232791107 0.1329094421656466 0.9909257670324436 0.020030087727711015 0.17469807374959953 0.014222248651074151 -0.02211410272643109 0.9996542872933182 -1.0632257659488367
38591597440131 PointCloud29.pcd PointCloud15.pcd 0.1436757726208963 0.9839985940250854 0.06703437466439853 0.16508530997641274 -0.7322797582728133 -0.0978623905449141 0.9775971529539909 0.18635117132201315 1.8713380912752515 -0.1488949947899188 -0.19952493365392868 0.9685143681829947 0.5194252914228169
38591597440132 PointCloud29.pcd PointCloud15.pcd 0.1436757726208963 0.9706231794378781 0.1640641477813287 -0.17599317870500228 0.5436121799266959 -0.1950062953346491 0.964881185222825 -0.17600239538952894 0.6621398545589483 0.1409368238529595 0.2051517823850985 0.9685295854368399 -3.6661519501861344
38591597440133 PointCloud29.pcd PointCloud15.pcd 0.1436757726208963 0.8371635117369126 0.545313387373805 0.04231505839800519 0.08833608507691007 -0.5456938621972935 0.837979292611911 -0.0029856178326076142 0.7394618161390416 -0.037087240076894984 -0.02059161733686133 0.9990998558297017 -0.5885757395959994
