id source target overlap t1 t2 t3 t4 t5 t6 t7 t8 t9 t10 t11 t12
38591597440000 PointCloud7.pcd PointCloud10.pcd 0.4407 0.9943647092820843 0.09355131546541548 0.04986959303068722 0.4068193166876073 -0.0919252046354821 0.9951864799032193 -0.03396508458055547 0.4234876735944522 -0.052807023084820784 0.02918940891025131 0.9981780385885023 -0.5654946088406787
38591597440001 PointCloud7.pcd PointCloud10.pcd 0.4407 0.9484710037135974 -0.2745211055779675 -0.1582432232570211 0.24573238169052525 0.25839672546492065 0.9591491045690772 -0.11516999380630227 -1.049158957965471 0.18339543992021015 0.0683458689065237 0.9806604686739875 -0.04645857720237401
38591597440002 PointCloud7.pcd PointCloud10.pcd 0.4407 0.9849433783293566 0.12987987726616004 -0.11409539415103907 -0.048245663471989 -0.12522194122358357 0.9910093845016692 0.047115446149007534 0.3320994849369912 0.11918895469527006 -0.032118799961235345 0.9923519414843198 0.184189057184321
38591597440003 PointCloud7.pcd PointCloud10.pcd 0.4407 0.9776166147798597 -0.21039394684079166 -0.00037634973299863347 0.34096411589370135 0.21039358381454837 0.9776164128901457 -0.0008301430448594002 -0.7094809071261496 0.0005425827476166897 0.0007323800642052613 0.9999995846116155 -0.3962271329272244
38591597440004 PointCloud7.pcd PointCloud10.pcd 0.4407 0.8734886381332374 -0.40650125253532937 0.2679073174427129 0.16573977511632387 0.42286231870946794 0.9061862603962184 -0.0037310701908726887 -1.940343422543825 -0.2412572454203076 0.11654695687286395 0.9634374646939365 1.658952377122789
38591597440005 PointCloud7.pcd PointCloud10.pcd 0.4407 0.9954697090175048 0.07385774077275224 0.05987564243120292 0.04887239618658157 -0.07434599927169029 0.997214665564317 0.005965163513350121 0.2988079941215231 -0.05926829524204456 -0.010389654055458681 0.9981880204989988 0.5802431777157692
38591597440006 PointCloud7.pcd PointCloud10.pcd 0.4407 0.9623229363550523 0.23186968832282603 0.14202469433892528 0.12257791618548097 -0.21067483814636864 0.9660312925762384 -0.1496651406824015 0.9594737862510452 -0.17190310857279756 0.11410516815884005 0.9784831791412929 0.4841684853233995
38591597440007 PointCloud7.pcd PointCloud10.pcd 0.4407 0.9885759908406877 -0.15022083710075348 0.012296765188512214 -0.04185964804963671 0.15070918886770443 0.9863042685250578 -0.06701216516490903 -0.2399460510766963 -0.0020617284474733462 0.06809985308353707 0.9976763800380409 0.850526898172465
38591597440008 PointCloud7.pcd PointCloud10.pcd 0.4407 0.9082229870084172 -0.11893364436892032 -0.40123035043056726 0.7424656077797653 0.016062068143060965 0.9679655864291492 -0.25056862025369625 0.16058939341571035 0.41817821061896127 0.22112759150770975 0.8810389165283923 -2.4130806241149445
38591597440009 PointCloud7.pcd PointCloud10.pcd 0.4407 0.9995943550801961 0.020137612151949924 -0.02013955979222205 -0.06423438859832853 -0.0208560851097261 0.9991296281292118 -0.03612492087574315 -0.09522750441918194 0.019394561240273247 0.03653029935821059 0.9991443280242833 0.23340370370089247
38591597440010 PointCloud7.pcd PointCloud10.pcd 0.4407 0.9362858392701479 0.21716149333651097 -0.27606106750871473 0.5470234945777066 -0.1028285066216092 0.9210000782310851 0.37574612988599715 0.1006435768477412 0.33584985545354096 -0.3234188332645325 0.8846497232699754 -1.7654257104673894
38591597440011 PointCloud7.pcd PointCloud10.pcd 0.4407 0.9346865215050253 0.3554104922387012 -0.006669971775046614 0.2605572218668888 -0.339822673705751 0.8878715241136483 -0.31016883644812177 1.6281299242455525 -0.10431518083342653 0.29217723846109434 0.9506580901527837 0.811936754096312
38591597440012 PointCloud7.pcd PointCloud10.pcd 0.4407 0.996266189374702 -0.010484161099664466 0.08569575412380037 -0.37080813969671755 0.005665448439607606 0.9983988696749111 0.056281433224804736 0.24672459915556605 -0.08614860766599025 -0.05558578413494128 0.9947304348411761 -0.3272686531024744
38591597440013 PointCloud7.pcd PointCloud10.pcd 0.4407 0.890820429832167 -0.4191654656915498 -0.1753261936084262 0.4408017399803943 0.4146504800068902 0.9077657817060155 -0.06345285646621558 -1.4233319342287247 0.18575236532461356 -0.01617398946620192 0.9824634653975987 -0.39895330293130327
38591597440014 PointCloud7.pcd PointCloud10.pcd 0.4407 0.9512964801607368 0.0819801977645771 -0.29717714247275767 0.5045900236652008 -0.04834579478264453 0.9917376815725532 0.11882363012436288 0.10074957143457022 0.3044629549889893 -0.09866923595314704 0.9473999635401062 -1.38619176278874
38591597440015 PointCloud7.pcd PointCloud10.pcd 0.4407 0.9439191938421058 0.29562221551969176 -0.14705121960629214 0.1488520325002427 -0.3217987524515242 0.9233811623493864 -0.20931505425778318 1.7352393730024323 0.07390614600364256 0.24489739628980328 0.9667280625250119 0.2143047705617327
38591597440016 PointCloud7.pcd PointCloud10.pcd 0.4407 0.9605381723281751 -0.07854230045304933 0.2668286464006289 0.09808146254777927 0.12573085764355374 0.9783073580511252 -0.16464041004335417 -0.2559380785006524 -0.2481091915602188 0.19169199311022433 0.949576752474893 1.3462130079649983
38591597440017 PointCloud7.pcd PointCloud10.pcd 0.4407 0.9928486573377289 0.1193423957366624 -0.0029893481735583276 0.31943042471883665 -0.1188016772218065 0.9901919549949347 0.07352587131476146 0.8606332891500895 0.011734782143465433 -0.07264492303762887 0.9972888298005259 -0.17734219599440948
38591597440018 PointCloud7.pcd PointCloud10.pcd 0.4407 0.973517381184044 -0.22833733126100625 0.011223710846348442 -0.21443363665037163 0.2281102971695571 0.9734593129467848 0.018511033531116262 -1.0973972887266696 -0.015152585844577819 -0.015460568869716603 0.9997656575180244 0.31095772021177803
38591597440019 PointCloud7.pcd PointCloud10.pcd 0.4407 0.9867119073957129 0.13902569795048936 -0.08409201574996997 0.5816824714143332 -0.15487625048222786 0.9612421737822583 -0.2280939069307307 0.10552132013073356 0.04912187740793424 0.2380868300678093 0.9700008775811401 0.2203457366731898
38591597440020 PointCloud7.pcd PointCloud10.pcd 0.4407 0.9502394538579657 0.30231795440071474 0.07515873055528856 0.40476902928676584 -0.3111353654150283 0.9330211947637993 0.1807380272925137 1.1682712404201234 -0.015484337886132498 -0.1951289434412537 0.9806553577642495 -0.5438017200610086
38591597440021 PointCloud7.pcd PointCloud10.pcd 0.4407 0.9572747547128376 -0.23572818776865048 -0.16750303125849503 0.23689640228798625 0.22641306695454103 0.9712945564281344 -0.07296579859983855 -1.0017757686781903 0.1798948779196201 0.031923441925668566 0.9831677002189929 -0.6044107578508304
38591597440022 PointCloud7.pcd PointCloud10.pcd 0.4407 0.9948367003965949 0.02397702650876747 0.09861562626588863 0.3253701053596556 -0.017793278617525617 0.9978477028657612 -0.06311387423984259 0.4544821198747547 -0.09991665917180512 0.06103330308381993 0.9931221461303861 0.06296551855836452
38591597440023 PointCloud7.pcd PointCloud10.pcd 0.4407 0.9358640285212113 -0.35161482806894473 0.02292450222133391 0.43544787214314873 0.349879135720073 0.9350113331874726 0.057778864637165736 -1.8390526080059595 -0.04175057494004446 -0.04605235599870648 0.9980661651409412 0.7084175511825384
38591597440024 PointCloud7.pcd PointCloud10.pcd 0.4407 0.9977878464894467 0.05537825145285798 -0.036778562559950205 0.024520570228173 -0.04394156873599253 0.9645481541362584 0.2602229753295366 -0.146742380292125 0.04988538799059481 -0.2580312144263957 0.964847832793683 -0.30209846528680095
38591597440025 PointCloud7.pcd PointCloud10.pcd 0.4407 0.9394306127827079 0.2586074759604289 -0.22492731524668558 0.8334864276648664 -0.22310603980589083 0.9595962819267725 0.17146040567561438 1.1048197970706508 0.2601803581534124 -0.11089251142295492 0.9591710129802046 -0.6648879307350897
38591597440026 PointCloud7.pcd PointCloud10.pcd 0.4407 0.9175833013945739 0.33891123544357915 0.20779812196442338 0.009774787351113368 -0.3295173159605731 0.9408083128422299 -0.0793602984438483 0.9490235460092158 -0.22239429732790883 0.004346605234400391 0.9749471183294824 0.6867404019852051
38591597440027 PointCloud7.pcd PointCloud10.pcd 0.4407 0.9954320950651319 -0.05389001364374744 -0.07880869586358563 0.2640109602317766 0.011007081967547204 0.8847373008418968 -0.46596003331353936 0.0711896848812576 0.09483558541392637 0.4629641184027891 0.8812890767567281 -0.35495968832164404
38591597440028 PointCloud7.pcd PointCloud10.pcd 0.4407 0.9872441249914498 0.14813504515409756 0.05835277257389131 0.05952803124979855 -0.14965730546457248 0.9884791679796423 0.022619137723567388 0.5890330603346091 -0.05432981309511796 -0.031063529539759955 0.9980397429669733 0.1276163301014297
38591597440029 PointCloud7.pcd PointCloud10.pcd 0.4407 0.9343948864388825 0.2718124578831171 -0.23026980682757087 0.5589639398978314 -0.3203807397223411 0.923816730444481 -0.20956819931906362 1.542827557023581 0.15576385271247506 0.26959346485107527 0.9502931052563512 -0.4400852761034819
38591597440031 PointCloud10.pcd PointCloud3.pcd 0.4396 0.9372643109070183 0.19950342641475627 0.2858915779605345 0.7273285490274599 -0.22289502613197137 0.9734858934750389 0.05141033486307265 1.796124443634547 -0.2680548802495866 -0.1119088828193607 0.9568819065697202 1.0734056222669102
38591597440032 PointCloud10.pcd PointCloud3.pcd 0.4396 0.9390111562096513 -0.3033340692352863 0.16200768795022205 -0.4473442773108802 0.28473079423097747 0.9499754356809996 0.1283551573536955 -1.6061981239168506 -0.19283781613161552 -0.07439834705057426 0.97840608268026 0.7360260071418847
38591597440033 PointCloud10.pcd PointCloud3.pcd 0.4396 0.9260020217765899 0.09378985945948015 -0.36568253708406556 0.07582876617157908 -0.11551683353415096 0.9925805987997822 -0.03794227268507952 -0.006709803077312948 0.35941079120681846 0.0773771099798683 0.9299659488471888 -1.534914558580919
38591597440034 PointCloud10.pcd PointCloud3.pcd 0.4396 0.9838069633500462 0.17231046399707092 -0.04932507335093354 0.51594467831936 -0.15934687005574397 0.9668735844153729 0.1994092444276511 0.789456926645009 0.08205140990500219 -0.1883204071705533 0.9786740981428488 -0.7627127424769754
38591597440035 PointCloud10.pcd PointCloud3.pcd 0.4396 0.9854578343113277 0.11591053937077138 -0.12424815353640015 0.24532179411916388 -0.10438875187707748 0.9899349629622922 0.09556023015036735 1.1823317865676686 0.1340740290883136 -0.08120046777957673 0.9876389212441985 -0.8329889388323144
38591597440036 PointCloud10.pcd PointCloud3.pcd 0.4396 0.9837489711867367 0.17951421001548576 0.0035510690718762146 0.22659242259653833 -0.17954492914998152 0.9836709114640043 0.012456177427400916 0.5349388550971101 -0.0012570224999115106 -0.01289132817404181 0.9999161132576792 0.028485132305995253
38591597440037 PointCloud10.pcd PointCloud3.pcd 0.4396 0.9956782401651494 -0.09148503844303404 -0.01597904260923298 -0.1399880639027984 0.09130322620384398 0.9957536849906854 -0.011760940108711428 -0.41014944286894994 0.016987140618738603 0.010251174008257856 0.9998031558687198 0.24660227402355084
38591597440038 PointCloud10.pcd PointCloud3.pcd 0.4396 0.9511415533070763 -0.30857046703430235 0.010677661112556042 -0.4518290552426816 0.3001006278021302 0.9320583652489269 0.20299462298855445 -1.4031562511200295 -0.0725903489822814 -0.18987224821898155 0.9791216321739092 -0.5286685140283993
38591597440039 PointCloud10.pcd PointCloud3.pcd 0.4396 0.9984760363952779 0.03700869137386484 -0.040938508853760616 0.06802370136296698 -0.030789583156347985 0.9892006855988321 0.14329691266687763 0.2919829462685872 0.04579963224125 -0.14181805376465453 0.9888326619367767 0.042592510909026826
38591597440040 PointCloud10.pcd PointCloud3.pcd 0.4396 0.8801241268493772 -0.23342324010691562 0.4133946205692702 -0.2035284314412351 0.22688354224144125 0.9717076741289833 0.06563576996438764 -1.0894640831281284 -0.41701963934279856 0.03602481112831933 0.908183259802542 2.3308092396839397
38591597440041 PointCloud10.pcd PointCloud3.pcd 0.4396 0.9989937911685358 -0.04456511125355238 -0.005035480679547063 0.356533883468499 0.044446155001219206 0.9987765672048269 -0.02167736395757746 -0.13698699783048862 0.005995374243797431 0.021431744247731692 0.999752337244668 -0.04110292013615624
38591597440042 PointCloud10.pcd PointCloud3.pcd 0.4396 0.9673913544750645 -0.1880983963368741 0.169625943128981 -0.36828692527000406 0.20535214355336776 0.974492536657322 -0.09052509672579698 -0.6496937869581667 -0.1482715900802885 0.12240624695935287 0.9813420638494963 0.7651240049133786
38591597440043 PointCloud10.pcd PointCloud3.pcd 0.4396 0.9646439644076974 -0.2490105606869457 0.08634675789034467 -0.6058154454226892 0.2572483122003176 0.9608405874692377 -0.10299840455976965 -1.4376114911113598 -0.0573177791081337 0.12156934703346468 0.990926619916918 1.219746331742523
38591597440044 PointCloud10.pcd PointCloud3.pcd 0.4396 0.9661643106323412 -0.23548927953817128 -0.10522035964073748 -0.13194381893512475 0.24223935217976483 0.9685634799540485 0.056611673308881984 -1.4004929455946091 0.08858115553469026 -0.08018469007171339 0.9928362374340707 -0.8354729470002993
38591597440045 PointCloud10.pcd PointCloud3.pcd 0.4396 0.980150779557404 -0.15968520861512295 -0.11749503599113376 0.13398176572142528 0.1548231503519583 0.9867031124352402 -0.04946473517269229 -0.9006538509152421 0.12383150426328543 0.030291947117250834 0.9918407919075206 -0.8800781166170588
38591597440046 PointCloud10.pcd PointCloud3.pcd 0.4396 0.9993765297264671 0.020921729937667805 -0.02843999030061412 -0.003327481032013857 -0.021906072197009817 0.9991558563308539 -0.03475196052969246 0.05414839401082033 0.027688911729844567 0.03535330219616272 0.9989912252823062 -0.04757523536928221
38591597440047 PointCloud10.pcd PointCloud3.pcd 0.4396 0.9842117110150943 -0.149822957399376 0.09423581769606153 -0.3906142186356183 0.15955984759160158 0.9814762661498158 -0.1060424161416603 -0.5947009885254797 -0.07660263009378633 0.11940444054021165 0.9898861634763836 0.9444366157266657
38591597440048 PointCloud10.pcd PointCloud3.pcd 0.4396 0.9857611211588811 0.012804503665307007 0.16766352226250889 0.3305194421421884 0.040299071139725445 0.9500484332863621 -0.30948983711166367 0.20852341211613548 -0.16325133039844122 0.31183973302966683 0.9360047991474857 2.2038538861959984
38591597440049 PointCloud10.pcd PointCloud3.pcd 0.4396 0.8984998624569978 -0.19384656416845641 0.39385467716511957 -0.06355946412986668 0.1133203786166112 0.9692311344704222 0.21851658921776643 -0.5375822440680275 -0.4240949055989047 -0.1517053642204609 0.892820807055813 2.0040584192512454
38591597440050 PointCloud10.pcd PointCloud3.pcd 0.4396 0.9988063614011373 -0.01646466015604649 0.04598660011967305 -0.07537917305991293 0.001991952939233251 0.9544233301229181 0.29844955862015854 -0.19254864712923625 -0.04880455458365232 -0.29800171456390223 0.9533168904246195 -0.06219423614831654
38591597440051 PointCloud10.pcd PointCloud3.pcd 0.4396 0.9274785831092843 -0.17533625917530604 0.33021307377510667 -0.435221875697799 0.17889017308617006 0.9836687105885096 0.019853810272561674 -1.2376325472177245 -0.3283013613233948 0.040657890102029026 0.9436975956977197 1.4712922518769083
38591597440052 PointCloud10.pcd PointCloud3.pcd 0.4396 0.994884196843681 0.03040923836441692 -0.09633645775509754 0.09567064992003793 -0.028774226142032608 0.9994181105230647 0.018316229645708712 0.117599464899475 0.0968373831773184 -0.015450520399107784 0.9951802865002732 -0.4225390033733044
38591597440053 PointCloud10.pcd PointCloud3.pcd 0.4396 0.9740298765135191 -0.20710888557697218 0.091497044619612 -0.5959546251859944 0.21506029308364968 0.9726483717991086 -0.08777365877823416 -1.6340484056109064 -0.07081574682112249 0.10517154725308471 0.9919294711069728 0.3696570629317367
38591597440054 PointCloud10.pcd PointCloud3.pcd 0.4396 0.9978872800085661 -0.04237540037575644 -0.04924735363549987 0.7842956576863926 0.03771560370713594 0.9950466949561368 -0.09197612784780121 -0.10729537529151024 0.05290094171290258 0.08992441437042079 0.994542653718796 -0.17410193316259737
38591597440055 PointCloud10.pcd PointCloud3.pcd 0.4396 0.9913973556710244 0.13072221924921965 -0.006556261362981689 0.28627313951026157 -0.13077337378305096 0.9913792245401306 -0.008096780817585646 0.648044214868695 0.005441312148665899 0.008884511509842864 0.9999457273159041 0.5618745086754859
38591597440056 PointCloud10.pcd PointCloud3.pcd 0.4396 0.9548080335016984 -0.2970680636843386 -0.009601286343887946 -0.3335859792503868 0.27593756767794864 0.8979714559356345 -0.3427910778722433 -1.1008834212072132 0.11045396282885063 0.32465031936481226 0.9393625989104145 0.01056716431960969
38591597440057 PointCloud10.pcd PointCloud3.pcd 0.4396 0.9246682205735918 0.05239269518869123 0.37715207456957206 0.14331857575366147 -0.032192900852011375 0.9976989509411787 -0.05966925863125658 0.0711802981967006 -0.3794104624229539 0.04303264785876082 0.9242271864764983 1.7835997666641572
38591597440058 PointCloud10.pcd PointCloud3.pcd 0.4396 0.9067054505668244 -0.4155351421455001 0.07222029877071284 0.4593270887874281 0.41729112603405366 0.9087122069625185 -0.010499573826609406 -2.045875096754701 -0.06126452518091962 0.039656910613762066 0.99733343842214 0.634683605226201
38591597440059 PointCloud10.pcd PointCloud3.pcd 0.4396 0.9999909636820531 0.004198202245729372 -0.0006690681151777613 0.38333310470791115 -0.004198394708540589 0.9999911456567182 -0.0002865135869813166 0.39011957381983225 0.0006678593490346938 0.0002893200099878641 0.9999997351288757 0.5600426137399975
38591597440060 PointCloud10.pcd PointCloud3.pcd 0.4396 0.9943004180372438 0.10387603665070003 -0.024009325286323976 0.08304115824691038 -0.10534073616998135 0.9918931297600788 -0.07107283896061617 0.7029264971131498 0.016431919976937423 0.0731969134902403 0.9971821317399213 -0.23740323946822017
38591597440062 PointCloud11.pcd PointCloud22.pcd 0.4220 0.9974962510663451 0.07066585788591316 -0.002750570456313569 0.2013718863170748 -0.07026280883168877 0.9858941586553324 -0.15190735869067015 0.3976334046590941 -0.008022892475209854 0.1517202836094841 0.9883909088704677 0.5119851146365914
38591597440063 PointCloud11.pcd PointCloud22.pcd 0.4220 0.9972706463501394 0.0007510006471746107 -0.0738288150142142 0.2032270461327368 -0.02465673779994857 0.9459280471688403 -0.3234380541315583 0.5151503932747188 0.0695938446232115 0.32437565503189686 0.9433647922268396 0.015886941403288724
38591597440064 PointCloud11.pcd PointCloud22.pcd 0.4220 0.9973811101658843 -0.07193624958537474 0.007489798385709059 -0.07168707519751027 0.07110618068087195 0.9942320204716538 0.08029072510465889 -0.22538797939703936 -0.013222411022468307 -0.079547881583631 0.9967433483010104 -0.12321151087551008
38591597440065 PointCloud11.pcd PointCloud22.pcd 0.4220 0.9541671395685775 -0.06728862645758076 -0.29161157473078975 0.2610967422631276 0.08718346625144087 0.9946305140415282 0.05576005514585696 -0.44370800264408544 0.28629375295298126 -0.07862812020477981 0.9549102082044991 -0.7564720392373718
38591597440066 PointCloud11.pcd PointCloud22.pcd 0.4220 0.922866548649035 -0.07957920538465454 -0.3768082847483128 0.4922787117923386 0.039692123662097005 0.9928617450343743 -0.11247262140845646 -0.21973509387317913 0.3830690129778333 0.08884089890159907 0.9194375595865902 -1.605855913944614
38591597440067 PointCloud11.pcd PointCloud22.pcd 0.4220 0.9841212226861321 -0.17099565227854213 -0.04760153317476531 -0.31111486459320137 0.15115183746513866 0.9479411437110085 -0.2802868353861406 -0.5844340307350578 0.093051282042026 0.26864116393751175 0.9587353044238197 0.25113344919957026
38591597440068 PointCloud11.pcd PointCloud22.pcd 0.4220 0.9977968191686443 0.032149453706020216 0.058033785705742046 0.07987139790265374 -0.035086182866249684 0.9981169086572563 0.05031497216890909 0.10429099345812015 -0.056306903917828895 -0.052240303204388765 0.9970458782284302 0.06389591200909517
38591597440069 PointCloud11.pcd PointCloud22.pcd 0.4220 0.9928246745902727 0.03963832177735377 0.11281830069361085 0.13106992836390852 -0.04770986272392158 0.9964217349430912 0.0697674360419295 0.18640536113585776 -0.10964914283104812 -0.0746493776241646 0.9911632236401536 0.6421022598026804
38591597440070 PointCloud11.pcd PointCloud22.pcd 0.4220 0.985184782860165 0.14172486630772207 -0.09656607008068455 1.0186633855265441 -0.13112295111472266 0.985411364479291 0.10849522775692899 -0.20376432037702663 0.11053377452948682 -0.09422581931254376 0.9893956638590773 -0.3287416395912418
38591597440071 PointCloud11.pcd PointCloud22.pcd 0.4220 0.9677766500481662 -0.2383565816476602 -0.08120649978167724 0.013409707531526927 0.21293170956182608 0.9467823190637517 -0.24137797615222162 -1.1515349587472743 0.1344189074670204 0.21630853032995861 0.9670274954839009 -0.6920279586643965
38591597440072 PointCloud11.pcd PointCloud22.pcd 0.4220 0.9845888793007355 -0.13434612119862607 0.11196364801222664 -0.32776399091406283 0.08400241846049336 0.9248247752059034 0.3710023299901744 -0.9642243942121392 -0.15338947959397303 -0.35587955109030106 0.9218575880610063 0.2347423521509047
38591597440073 PointCloud11.pcd PointCloud22.pcd 0.4220 0.9701362025143706 -0.24255345751275648 -0.001889131970822817 -0.0541109577017016 0.2425502116877183 0.9701371942766512 -0.0017941826188622443 -0.7888092140211895 0.002267902387406698 0.0012823921530511955 0.9999966060388039 0.3519293109399052
38591597440074 PointCloud11.pcd PointCloud22.pcd 0.4220 0.995609718288272 0.09258420042819272 0.013764253740034454 -0.37681122397350464 -0.09299111922106269 0.9951314379838331 0.0326507715413113 0.3725391896632004 -0.010674296040578943 -0.03378737881666818 0.9993720390508918 -0.2554820076823344
38591597440075 PointCloud11.pcd PointCloud22.pcd 0.4220 0.9982173860902336 0.021363234682175658 0.05572846948459925 -0.4619256621951102 -0.04329792200409448 0.9018701810618377 0.42983190489029016 -0.7306614938598917 -0.04107724500631675 -0.43147860748292305 0.9011874784012973 -1.46035748776856
38591597440076 PointCloud11.pcd PointCloud22.pcd 0.4220 0.9986347105852099 -0.026123156959469013 0.04523599766629435 0.5664796167355624 0.027539529272661255 0.9991406677489719 -0.030975803098203237 -0.2377863319075279 -0.04438793914831231 0.03217929024402759 0.9984959710171876 -0.3093384540781787
38591597440077 PointCloud11.pcd PointCloud22.pcd 0.4220 0.9206670950845008 -0.33395426214736534 -0.20210554376927778 -0.09794848985567217 0.2991920579479139 0.9362604182538791 -0.1841209973684793 -1.8002261306657532 0.25071141276287917 0.10904577022828647 0.961900622468746 -0.7909648562674867
38591597440078 PointCloud11.pcd PointCloud22.pcd 0.4220 0.9999643168234627 0.00425711790307702 0.007296713434480785 0.2671850217542122 -0.004278169134030295 0.9999867247772315 0.0028718527410300093 0.06665874017387521 -0.007284390753265624 -0.002902966838396922 0.9999692547448091 -0.05859103311905822
38591597440079 PointCloud11.pcd PointCloud22.pcd 0.4220 0.9389644158943482 -0.130777270592866 -0.31818725804228215 -0.2816157326505322 0.07716524444641147 0.9814222380365047 -0.17565852025149156 -0.33362012334019975 0.3352481927374272 0.1403841023182412 0.9316120185370036 -0.7914080415856619
38591597440080 PointCloud11.pcd PointCloud22.pcd 0.4220 0.9455396478623422 0.32082091897663373 0.055033737537497865 0.5992649863255952 -0.319800012647315 0.9471090898312156 -0.026689396206429204 1.1330283252403137 -0.060685469687027704 0.007636092330164768 0.9981277292324816 -0.42509055685763814
38591597440081 PointCloud11.pcd PointCloud22.pcd 0.4220 0.9344522103811392 -0.10944811341212513 0.33885126085692757 -0.512364485988611 -0.0090023001769306 0.9440273955042102 0.329744196505506 -0.044549405417312726 -0.3559747534662078 -0.31118063405048835 0.8811632016185246 1.5479768050987035
38591597440082 PointCloud11.pcd PointCloud22.pcd 0.4220 0.9066969876856051 -0.4209054829465724 0.027187257076839763 -0.46775348622134283 0.42172266260819413 0.9035960899814438 -0.0752602286264239 -2.0858689608622556 0.007111143684721655 0.07970370503156685 0.9967932338452825 0.6811915162943124
38591597440083 PointCloud11.pcd PointCloud22.pcd 0.4220 0.912765975589452 0.3966353100573874 -0.09766629214788447 1.5082920988995632 -0.36960203866675423 0.9037389553947078 0.21598665124368543 1.3448281747318778 0.17393276522729945 -0.16104760574986038 0.9714993885034733 -2.194904631516647
38591597440084 PointCloud11.pcd PointCloud22.pcd 0.4220 0.9905286832497449 -0.029003395860229677 -0.1342077892229119 0.07657320816978608 0.0016433338760281357 0.9798701374521457 -0.1996291892066017 -0.06442169944613638 0.137296129272819 0.1975178897165725 0.9706371392691573 0.4786458327528975
38591597440085 PointCloud11.pcd PointCloud22.pcd 0.4220 0.94133273757502 -0.33708760619610234 -0.01626723450681372 -0.9528596280639596 0.3372806988059659 0.9413394560668177 0.011034430877347503 -1.2257264786524593 0.01159341979217397 -0.01587369524745451 0.9998067905434095 -0.20150081459805158
38591597440086 PointCloud11.pcd PointCloud22.pcd 0.4220 0.9483918586009903 -0.28263814214756733 0.14376565355720639 -0.5714998891252376 0.21324085341357552 0.9040068658204744 0.37054004504896987 -1.4023428552969326 -0.23469388780879902 -0.3207604513539881 0.9176227503023106 0.052877675168541194
38591597440087 PointCloud11.pcd PointCloud22.pcd 0.4220 0.97174666777791 0.23352255578629075 0.034287455454829495 1.2201723822729695 -0.2321564067950552 0.9718729206221022 -0.039578137215813936 0.9735782335989296 -0.04256543722948276 0.03049987049978535 0.9986280295750561 0.7069861434120951
38591597440088 PointCloud11.pcd PointCloud22.pcd 0.4220 0.9928588258772343 -0.05020799700929689 -0.10821510483289387 0.36171556950734995 0.047113847592709354 0.9984095019542463 -0.0309637170327585 -0.5599768490444985 0.10959761513231359 0.025644169781613498 0.9936451777739984 0.3715751170435331
38591597440089 PointCloud11.pcd PointCloud22.pcd 0.4220 0.9737817679645354 0.13322541890437403 0.18439104137028484 0.33790241623592365 -0.18006838845741271 0.9467486030555257 0.26691282863654414 0.5027341408924223 -0.13901238742721578 -0.29311784382764033 0.9459162149850382 0.2608590528080659
38591597440090 PointCloud11.pcd PointCloud22.pcd 0.4220 0.9950146122936264 0.09868225056922886 -0.014413006097140479 0.19936875561171696 -0.0989160579356736 0.9949585633442082 -0.016524851300264883 0.09317118958288034 0.012709634323250216 0.017868146255874857 0.9997595683686893 -0.3102743897529918
38591597440091 PointCloud11.pcd PointCloud22.pcd 0.4220 0.9152610290846539 0.40255380930327367 -0.01573782876777274 1.4338495782388732 -0.3997287206893597 0.9123130485324327 0.08889235812772046 1.6210735147316349 0.050141783922672864 -0.07506884901796902 0.9959168988485783 -0.4922619172478404
38591597440093 PointCloud28.pcd PointCloud20.pcd 0.4218 0.9189164676808951 0.3468624780663685 -0.18782690631143514 0.0007874893891068879 -0.334057890101785 0.9375435386516081 0.0970434912467824 0.0303099481688342 0.20975664825127785 -0.026429802161171467 0.9773963444131102 0.2297743319877068
38591597440094 PointCloud28.pcd PointCloud20.pcd 0.4218 0.902385757858364 -0.12427476001033973 -0.4126205618225523 -0.033412353970609154 0.0933869302175701 0.9911553526004081 -0.09428652223992212 -0.5101281917955842 0.42068851336698626 0.04654944721404435 0.9060101123525841 0.07059718649845736
38591597440095 PointCloud28.pcd PointCloud20.pcd 0.4218 0.967645136121968 -0.25187519038704026 0.014892246539401013 0.2032110284833044 0.25213870459297366 0.9674894211726969 -0.019755848883233538 -0.2564754831085814 -0.00943208278564414 0.022871562832745312 0.9996939168705152 -0.002171323831939187
38591597440096 PointCloud28.pcd PointCloud20.pcd 0.4218 0.9063669549709515 -0.3223037872762388 0.2731651728242056 0.1326772036802124 0.361055013334924 0.926655202392772 -0.10463944392115622 -0.3579897158738598 -0.2194042394358025 0.1934693892733524 0.9562590523136464 -0.010036259683023907
38591597440097 PointCloud28.pcd PointCloud20.pcd 0.4218 0.9952937570475621 0.08988029624223762 0.036219739501492924 -0.028894222194019603 -0.09035936001758524 0.9958391888624412 0.011810841756943174 0.1041248961326057 -0.03500747404999139 -0.015028049547520753 0.9992740537447354 -0.07695520303398784
38591597440098 PointCloud28.pcd PointCloud20.pcd 0.4218 0.9176695603289929 0.2756351467165668 -0.2861954645694606 0.060804155698256146 -0.30434673240730786 0.9506509664811792 -0.060297648390251646 0.4528394409750927 0.25545184383477687 0.14243597095866123 0.956272110676912 -0.3826797105767554
38591597440099 PointCloud28.pcd PointCloud20.pcd 0.4218 0.8706250719665971 -0.27401078346999613 -0.40857077062036207 0.953066098729708 0.24941747782347018 0.9617216608806226 -0.11350052312300282 -0.36675872152839306 0.42403172737347894 -0.0030882900083115394 0.9056420687255469 -0.17807753008579308
38591597440100 PointCloud28.pcd PointCloud20.pcd 0.4218 0.9020839030647363 -0.21893920973622602 -0.37190086618824636 0.8246525609516008 0.2361007671476785 0.9717283747852397 0.0006272077120965183 0.4740494932674396 0.3612493039215007 -0.08837187379089143 0.9282722404224516 -0.05976013523517243
38591597440101 PointCloud28.pcd PointCloud20.pcd 0.4218 0.9972205811070133 -0.007920572634578038 0.07408358216049832 -0.3551245499397383 0.006027401911207273 0.9996504158438524 0.025743281248009592 0.1733811522771438 -0.07426158524292156 -0.025225198361038134 0.9969197090663093 0.707908936035397
38591597440102 PointCloud28.pcd PointCloud20.pcd 0.4218 0.9668494860009029 -0.24488485909556712 -0.07234277576603143 0.2680365371494091 0.2238497298002271 0.9491701745236316 -0.2212855129988049 -0.46477100398944127 0.12285507676997062 0.19775587369411607 0.9725221049062698 -0.14551476050432732
38591597440103 PointCloud28.pcd PointCloud20.pcd 0.4218 0.9392101521106659 0.31265404685088893 -0.141886352973152 -0.448398973248061 -0.33040269626253926 0.935411064059213 -0.12585785449488288 0.9056275056379701 0.0933720968743017 0.1650866082496488 0.9818493078379814 0.1275549958702904
38591597440104 PointCloud28.pcd PointCloud20.pcd 0.4218 0.9798765120390368 -0.031362041149139354 0.19712545124658787 -0.06152422101093924 0.040115305860113575 0.9983711519263376 -0.0405685252015279 0.08431411045001867 -0.19553205207832486 0.047659892742610704 0.9795385399430704 0.27718790899427026
38591597440105 PointCloud28.pcd PointCloud20.pcd 0.4218 0.8891526756291622 0.4538203343951182 0.058776045384194356 -0.318931159747332 -0.4556008970066952 0.8899397306038164 0.020859015784579063 0.6482074886593445 -0.0428408924766569 -0.04532526869539458 0.9980532440453734 0.14462018399179732
38591597440106 PointCloud28.pcd PointCloud20.pcd 0.4218 0.998162976761844 0.017447471583152168 -0.05801945843671583 0.1224446031717481 -0.01351977259618259 0.9976335734329616 0.06741267616945246 -0.11359507753037454 0.05905834040067676 -0.06650442763256481 0.996036783223583 0.15028543487100943
38591597440107 PointCloud28.pcd PointCloud20.pcd 0.4218 0.9550258935710292 0.29351256739047915 0.042141611178343086 0.010869189863625284 -0.2959721227048294 0.9522319076378262 0.0751990469223117 0.06423896006098584 -0.01805672147580035 -0.08428977909732625 0.9962776660897651 -0.0640634205535473
38591597440108 PointCloud28.pcd PointCloud20.pcd 0.4218 0.9261480617946366 -0.33411880461902455 0.1749696889006558 0.41152732855619933 0.35325642226431153 0.930985872009782 -0.09206088337184522 -0.23375219183007184 -0.13213503609208496 0.14707117500768183 0.9802603744509942 -0.42320803523979544
38591597440109 PointCloud28.pcd PointCloud20.pcd 0.4218 0.9765851641795287 -0.1789876948401142 -0.11935167447616792 0.6292095958544393 0.15682892529356143 0.9720781147763893 -0.17455322100736925 0.6101369798515973 0.14726202937522462 0.15174829115546284 0.9773875131367739 0.10354525882570287
38591597440110 PointCloud28.pcd PointCloud20.pcd 0.4218 0.9729229221411584 0.1367909424659664 -0.18630412134889032 0.5513672585258667 -0.07978304540796945 0.9552756119221976 0.2847510683598938 -0.5135117132207018 0.21692315053432923 -0.2621769313382542 0.9403231377756888 0.2253460280102808
38591597440111 PointCloud28.pcd PointCloud20.pcd 0.4218 0.9124500899150796 -0.3389903559438033 0.2291732357651229 0.026100583714126158 0.3428235421946609 0.9390895252037735 0.024142961078887026 -0.20124082516142272 -0.22339841613375103 0.05653673345396486 0.9730861963049762 0.020069513496532965
38591597440112 PointCloud28.pcd PointCloud20.pcd 0.4218 0.9717549641204779 -0.0943345066413177 -0.21631756878244443 0.3948828983340841 0.1318648181809936 0.9772344145059424 0.16620640430296663 0.03842739984924237 0.19571397352591327 -0.19003657532687462 0.9620717959719695 -0.16407663873870848
38591597440113 PointCloud28.pcd PointCloud20.pcd 0.4218 0.960646126667129 -0.2774948620188267 0.012474809521368682 0.19343073413882528 0.27768616470731095 0.9582330410635747 -0.06840930451479241 -0.22131227129279663 0.007029455852786271 0.0691812154215706 0.9975793433021796 0.5210195131891137
38591597440114 PointCloud28.pcd PointCloud20.pcd 0.4218 0.9751618320278616 -0.21000515164248326 -0.0704076532749286 0.2815320517552278 0.21760750487137895 0.9676442006454462 0.12771716713460363 -0.4427820039671839 0.041308294321089206 -0.13986614043739504 0.9893083885116053 0.12896323361379713
38591597440115 PointCloud28.pcd PointCloud20.pcd 0.4218 0.8802862042615357 0.3870503249323243 -0.2743870342355846 0.08790260291207785 -0.36219143232569595 0.9217874961759408 0.13829381129880888 0.330264122820857 0.30645320187049524 -0.0223575012797034 0.9516231277138285 -0.3653643242767537
38591597440116 PointCloud28.pcd PointCloud20.pcd 0.4218 0.9398750859897811 0.3403595580371895 -0.02811038933260389 -0.28982823232797716 -0.3070370009722116 0.8781550343800237 0.36684058612292253 0.11186312531248686 0.1495429796737101 -0.3361533977899796 0.9298590164022501 0.1755943454196669
38591597440117 PointCloud28.pcd PointCloud20.pcd 0.4218 0.9997848359042002 -0.015911505664770686 0.01330811344598552 -0.8414566469294568 0.016165561886668612 0.9996848571276817 -0.019205755348192324 0.15492515773237076 -0.012998327003870054 0.019416756090714565 0.9997269792688471 -0.2158066160593155
38591597440118 PointCloud28.pcd PointCloud20.pcd 0.4218 0.9849221905872609 0.16237089818704906 -0.0596989942186802 -0.05928592574090996 -0.14272035928805196 0.9576581044220799 0.2500437043386572 -0.03591700856865544 0.09777104649885071 -0.2377533311157583 0.9663923509682182 0.03626970994198486
38591597440119 PointCloud28.pcd PointCloud20.pcd 0.4218 0.9829643005261773 0.18241040438946365 -0.02253060721674692 -0.9673944173774126 -0.18196114789643358 0.9830896078644313 0.020614644434740884 0.5067456291922849 0.025909931441345346 -0.016163764395427986 0.9995335953199741 -0.4079414305319099
38591597440120 PointCloud28.pcd PointCloud20.pcd 0.4218 0.9674096618927103 0.25303308698434335 -0.009633429701095465 -0.14963364541382118 -0.2530496845682062 0.9674531419232649 -0.0005247120492369805 0.331774841452811 0.009187122322225391 0.002945347853315575 0.9999534597717334 -0.007536680845240951
38591597440121 PointCloud28.pcd PointCloud20.pcd 0.4218 0.9928771806837018 -0.09177539243387252 -0.07597487361748446 0.05570580501446387 0.08695838400253032 0.994124459779629 -0.06445772195423483 0.04289742806217919 0.08144411291955066 0.0573919490126417 0.9950241306919537 -1.057431277357838
38591597440122 PointCloud28.pcd PointCloud20.pcd 0.4218 0.9730628606478283 -0.2305397325332039 -0.0003177284747763621 0.2154575465595725 0.22905266742935057 0.9669407108130423 -0.11207380298654804 -0.14161570561419537 0.026144689161743576 0.10898207878310578 0.993699834825763 -0.11682970427706951
38591597440124 PointCloud22.pcd PointCloud8.pcd 0.4374 0.9996502839454082 -0.012552898538364509 0.023275191645838935 0.027277862579460077 0.01206582919491871 0.9997077097728775 0.020950197767740993 -0.031036394760842283 -0.023531374241723576 -0.02066203666035705 0.9995095570665357 -0.17488333220419094
38591597440125 PointCloud22.pcd PointCloud8.pcd 0.4374 0.9992467208088854 0.004552490799830891 0.03853914607521937 -0.018636465091262044 0.004441302913759272 0.9731545423987893 -0.23010978127196483 0.0999720394873099 -0.03855211772546191 0.23010760838381836 0.9724012663416074 0.5852923549082677
38591597440126 PointCloud22.pcd PointCloud8.pcd 0.4374 0.9486563177167854 0.19872617305411158 -0.2460875840006902 0.8633031703552196 -0.16213331606767087 0.9735221607968778 0.16114400472334853 0.11882892516405405 0.2715952478909198 -0.11297128210587468 0.9557580817039554 -0.1470594566869351
38591597440127 PointCloud22.pcd PointCloud8.pcd 0.4374 0.972759693232334 0.11358209952198141 -0.2020833637158535 0.5887261080715498 -0.1170510305976299 0.9931119764967685 -0.005259122998594533 -0.24971953767185615 0.20009406652514194 0.028769928864360278 0.979354203408844 -0.18613644025505127
38591597440128 PointCloud22.pcd PointCloud8.pcd 0.4374 0.9360766939932814 -0.3372409706217723 0.1001446488669952 -0.7842162334541902 0.3503269337304369 0.9195887010361202 -0.17784167236542545 -0.38509191980202695 -0.03211638936180319 0.20155681248914945 0.9789501462656691 0.5414193295108037
38591597440129 PointCloud22.pcd PointCloud8.pcd 0.4374 0.9611543194662333 -0.02579796860016364 0.2748032732474392 -0.237083837918876 0.0830981278661182 0.9764750630824436 -0.1989752555552674 -0.12358009915510462 -0.2632053861845309 0.2140815638821864 0.9406869876261759 0.7777297864814434
38591597440130 PointCloud22.pcd PointCloud8.pcd 0.4374 0.9909362435931706 0.13071932721242918 -0.03094864498789182 0.5307023304130307 -0.1309267674898436 0.9913805902679117 -0.004765164709389839 0.7370244228448618 0.030058986811220385 0.008773980463680935 0.999509617051635 0.20448449165263194
38591597440131 PointCloud22.pcd PointCloud8.pcd 0.4374 0.9255088210320721 0.36975570578029865 -0.08193985742443777 1.0351926032784877 -0.37210598912515264 0.9280691501293298 -0.014992846141252276 0.23294998350352042 0.07050216343500226 0.044366323051800036 0.9965244976064801 -0.021388745402918352
38591597440132 PointCloud22.pcd PointCloud8.pcd 0.4374 0.9057831374082803 -0.3686475913337503 0.20893985113098124 -0.9900667513953956 0.3525703115603798 0.9291811499760464 0.11098002493876413 -0.4930603603446107 -0.235055490029544 -0.02685784676805355 0.9716108133784611 0.008701244589138568
38591597440133 PointCloud22.pcd PointCloud8.pcd 0.4374 0.9887043990199054 -0.1438601060356058 -0.04204617997050371 -0.22506324455513127 0.1476124553226171 0.9832523554302199 0.10688951573729198 0.3905450796562802 0.025964868424779325 -0.11188867428095069 0.9933814726354299 -0.5712563902964743
38591597440134 PointCloud22.pcd PointCloud8.pcd 0.4374 0.8979949642367804 0.36427252809003996 -0.2468006675118099 0.7849094848226695 -0.36500043500746715 0.9299429529560299 0.04450602983618234 0.11530199267838231 0.24572286554112865 0.050116160330880226 0.9680437199961303 -0.7762295842990783
38591597440135 PointCloud22.pcd PointCloud8.pcd 0.4374 0.9805290977819436 0.06232898235461965 0.18621972602698475 0.004247983712090342 -0.03827986596664985 0.9907674172678771 -0.13005605230790193 0.22289589075730734 -0.19260669838949804 0.12039527747788911 0.9738622268557905 0.5775106658280181
38591597440136 PointCloud22.pcd PointCloud8.pcd 0.4374 0.9671358731438233 0.2524338471641312 -0.030419659502540625 0.430841702430379 -0.25401337344055164 0.9645269145034044 -0.07186819402136814 0.6236252653739464 0.011198615614677502 0.07723330890527887 0.9969501527177055 0.8883992949524128
38591597440137 PointCloud22.pcd PointCloud8.pcd 0.4374 0.994865224960258 -0.09639386924936347 -0.030844872116967396 0.014662897374515094 0.09812075958781866 0.9933349676100722 0.06048106034955529 -0.6572111692729439 0.024809286621846734 -0.06319702599200122 0.9976926556826413 -0.12315886613537375
38591597440138 PointCloud22.pcd PointCloud8.pcd 0.4374 0.9376043011887012 -0.27512103759405676 -0.21261841186881436 -0.5609339729351767 0.2678259996632691 0.9614073126652013 -0.0629699377341788 -0.4519267743728589 0.2217372505846002 0.002096145759568853 0.9751041984711873 -0.07541469852138827
