id source target overlap t1 t2 t3 t4 t5 t6 t7 t8 t9 t10 t11 t12
38591597440030 PointCloud29.pcd PointCloud15.pcd 0.1436757726208963 0.23077054141304254 -0.7366141911966061 -0.6357235960255849 -13.245255824196022 0.9730081807492427 0.17483431744100852 0.15062550129372476 0.17974488010937426 0.00019341918321613694 -0.6533241881123846 0.7570782441837258 2.2815898045104825
38591597440061 PointCloud29.pcd PointCloud11.pcd 0.1437778409629419 -0.18477421675526517 0.5350944146619409 0.8243375863201152 -5.290193121825228 -0.46354653602884177 -0.7870683390328727 0.4069988189512312 6.768877825051593 0.8665928096621505 -0.30691594466503397 0.39347109824258986 6.320950643429814
38591597440092 PointCloud16.pcd PointCloud27.pcd 0.14773827025509564 0.43358491966307955 -0.7355875003739396 -0.5204950977044644 6.054007385684669 -0.6182758099140335 0.1773577801495945 -0.7656887361686563 0.3822925217643276 0.655544918610393 0.6538006172481236 -0.37789629869855285 -6.640345200276943
38591597440123 PointCloud0.pcd PointCloud15.pcd 0.15847688737571353 -0.6938500713267364 -0.7111883569404488 -0.11306281206580435 -12.938512325893509 0.46213065306123513 -0.5601609735860229 0.6874990495792377 -10.896098282001873 -0.5522746943515328 0.42477147341070776 0.7173296713195526 7.819380258769359
38591597440154 PointCloud15.pcd PointCloud30.pcd 0.12700170920107687 0.10279915889340054 0.702430814162771 -0.7042892049757943 -0.8397313663499605 -0.08001609908281537 -0.6999061231794895 -0.7097385734363226 6.580429951322411 -0.9914785710333727 0.12931500319175637 -0.015743987142321378 -7.266214594449847
38591597440185 PointCloud16.pcd PointCloud29.pcd 0.11477456579073736 0.5873124853894652 0.7678429453712095 -0.2558930552971594 1.3082060812360834 0.04856299083472404 0.2821653401184026 0.958135875936734 3.0406738066055956 0.8079020240269457 -0.5751520947362811 0.12843047727713325 -7.814389275875925
38591597440216 PointCloud11.pcd PointCloud19.pcd 0.16582568088507224 0.40417799220674644 -0.2571343998841096 -0.8777938545079716 1.4166599347626174 0.6005426348871842 -0.6492561003502617 0.46670661002468045 12.955461408387867 -0.689919338979914 -0.7157851748633871 -0.10799485704101255 -18.148937273261282
38591597440247 PointCloud17.pcd PointCloud30.pcd 0.16938511725241584 -0.4581271372566076 0.34947337930981215 -0.8173052570874884 -2.3729542477612586 -0.8438003316689875 -0.46009796929432234 0.2762442016161559 24.489570399009942 -0.2795004944259884 0.8161974122753766 0.5056691189014878 10.774728957903196
38591597440278 PointCloud30.pcd PointCloud10.pcd 0.16375658492279746 -0.5649982141641217 0.811834801097488 -0.14731352184492702 19.889442333087 0.7597880704396146 0.5815357795699838 0.29075457880758915 -5.851431392489463 0.3217127694217325 0.05234876127410809 -0.9453890739711697 6.247583475328293
38591597440309 PointCloud30.pcd PointCloud15.pcd 0.1278692098092643 0.6182676387113506 0.3406018219749307 -0.7083329201651214 2.052939942428153 0.10288678617186522 0.8583958991239472 0.5025642144029109 16.337738808088446 0.7792043609692618 -0.3835972878352344 0.49567497880358713 -3.0136996605499986
38591597440340 PointCloud13.pcd PointCloud29.pcd 0.17982228178169088 -0.6470747976780274 -0.7622638212982071 0.01575033173602597 7.3454053613190915 -0.1377295290974389 0.13718501948950756 0.9809234665570303 -4.580700510264713 -0.7498831795850189 0.6325615678868883 -0.19375520588604578 12.340876614772696
38591597440371 PointCloud12.pcd PointCloud19.pcd 0.19421492753081343 0.9317297492119808 -0.012972849706523584 0.3629206243848256 -3.8998616816903593 -0.09378433667574866 0.956865709245535 0.2749772948160074 -3.230904665731291 -0.350833539770173 -0.29024079596178687 0.8903235972003658 -13.739158710789866
38591597440402 PointCloud13.pcd PointCloud28.pcd 0.23005053509590395 0.4053044799016342 0.6810722723583863 0.6098104938390692 -15.758300092940921 -0.5934469057756341 0.7034154660774677 -0.3911872340815128 8.15858077785198 -0.6953769111762276 -0.20334021222474066 0.6892776722739581 -11.424655401289138
38591597440433 PointCloud17.pcd PointCloud8.pcd 0.2342201637225334 0.3334189205150025 0.35665326135622394 0.8727143144274534 9.733330113346428 -0.07634698884761626 -0.9124284683408757 0.40205152338354133 -10.907837018899427 0.9396823722601766 -0.20068069494870044 -0.27699151239414216 0.012864942562078
38591597440464 PointCloud14.pcd PointCloud30.pcd 0.18406562385839062 0.015737044297256017 -0.5545257328296077 0.8320177624705933 7.988641949306199 -0.9945461999929882 0.07712351512633268 0.07021267331518899 8.904976675647854 -0.1031028686133093 -0.8285850439419872 -0.5502877642101103 1.7743654917606742
38591597440495 PointCloud2.pcd PointCloud11.pcd 0.178640428780655 0.29228583027716165 0.05591623289313789 -0.954694908501261 -7.796886581382702 0.022759842827964647 0.997599715585934 0.0653972248441064 -18.03638993445267 0.956060135647145 -0.04084338822752865 0.2903116164821153 -9.423680968462868
38591597440526 PointCloud3.pcd PointCloud15.pcd 0.20480185993830013 0.5192772177524441 0.06936526337899923 -0.8517861417983055 -0.5588798278486555 -0.6807341764201378 -0.5690083989500587 -0.4613354776926305 14.115880861203342 -0.5166741257087273 0.81940094102988 -0.2482537928460902 -9.896956283564347
38591597440557 PointCloud16.pcd PointCloud8.pcd 0.23902010180184838 0.7978897774801756 0.07391195372082543 0.5982549005982376 0.639217216359312 -0.1523264158879877 0.9849667824203996 0.08146840216381819 -3.279543515780152 -0.5832397157390401 -0.15613283006970818 0.7971536698523491 -0.5746892860494044
38591597440588 PointCloud18.pcd PointCloud9.pcd 0.2399354010518034 0.8695794821056162 0.04644406208654134 -0.49160398025019053 -3.01116815348279 -0.4913450217686481 -0.017626205397863248 -0.8707866480754277 -6.494112536654187 -0.04910798187764337 0.9987653708354999 0.007492672135574974 17.563285964446436
38591597440619 PointCloud19.pcd PointCloud28.pcd 0.2286166438361992 0.363213002218078 0.8888494452221536 0.2793259364040519 -4.351174503239788 -0.650555844179199 0.4565606489417382 -0.606901530268452 0.6400562746995757 -0.6669733192744821 0.03871740650106692 0.7440749651814734 -3.203470586136534
38591597440650 PointCloud12.pcd PointCloud26.pcd 0.2517665532583093 -0.0019319688447190786 0.23424861412947104 0.9721748064390502 2.6817229439372055 0.022332210050694884 0.9719442706947659 -0.23414868579146625 -5.2287013126350015 -0.999748738379116 0.021258444017409492 -0.007109055304608924 -13.336422651619017
38591597440681 PointCloud13.pcd PointCloud20.pcd 0.2786193335879918 -0.05478481443077926 -0.9344503477329685 -0.35185390679871625 -5.651572120893863 0.9818890942974007 -0.11442312778968239 0.15100051101455436 -0.1930483158406891 -0.1813627045663347 -0.33720897889670826 0.9237952554239626 1.9685800564787166
38591597440712 PointCloud7.pcd PointCloud30.pcd 0.3031162229056727 -0.10037807059910434 -0.6479427561059943 -0.7550459772441473 -1.0375333218032254 0.0861572405224807 -0.7616888049470972 0.6421892978895044 1.5086977775352792 -0.9912119717035064 -0.000590955185413633 0.13228181252015034 -2.5951459865681814
38591597440743 PointCloud0.pcd PointCloud16.pcd 0.31282924267832035 0.7487368329141577 -0.5805987529187315 -0.3198409653982587 8.064118739060179 -0.08983927920762536 0.3891762397077221 -0.9167719227585516 1.593787793050555 0.6567511392827048 0.7151551877433115 0.23923001169313596 17.615835477381395
38591597440774 PointCloud1.pcd PointCloud6.pcd 0.3078633874920137 -0.04442571123266104 0.4618060899032466 -0.8858676489802226 3.0221564861044348 0.22225795677951293 -0.8599505284632541 -0.45944149708528337 -0.6760255178611013 -0.9739752341972914 -0.21730214891722732 -0.0644361641183488 3.2008024938962834
38591597440805 PointCloud29.pcd PointCloud7.pcd 0.2684324489840555 0.29947946706902234 -0.1782559441398084 0.937302975127509 -6.260362023831412 0.33942037577882334 0.9380306174584876 0.06994547316739515 -11.281782061533786 -0.8916870848622944 0.2971924950083261 0.3414246089556365 -14.18111927070051
38591597440836 PointCloud13.pcd PointCloud18.pcd 0.2818380497335479 -0.016480177920614625 -0.10386225226157092 -0.9944551454393802 4.14555885145295 -0.42200566405664225 0.9023847134855278 -0.08725278432092734 14.850503246643703 0.9064433921871886 0.41822776261601247 -0.058701919367147026 -8.842801514950017
38591597440867 PointCloud9.pcd PointCloud16.pcd 0.2729913570253545 0.08714040228176367 -0.11459764157968866 0.989582705403922 -15.482135040839175 0.62929697887231 -0.7637343775207186 -0.14385796111172958 -0.04803354976742018 0.7722641145827999 0.6352772474576858 0.005563828738422094 -10.339449852830512
38591597440898 PointCloud12.pcd PointCloud0.pcd 0.24716167545269874 -0.8176826165378533 0.45331728492050066 -0.35482189589160795 -12.638420861355002 -0.14722675130939217 0.43119086645266813 0.8901678046226337 0.2820224004445478 0.5565244130410559 0.7801140146671527 -0.28583684473700244 16.73192274751061
38591597440929 PointCloud5.pcd PointCloud11.pcd 0.25757158400705166 0.1076033048816133 -0.6801304937431787 -0.7251510465132177 19.35531421248561 0.0675057244005382 0.7327008334155941 -0.6771945554161318 1.9506222608083614 0.9918994434677909 0.02391652551592749 0.12475373283205926 4.474263994908091
38591597440960 PointCloud22.pcd PointCloud11.pcd 0.36640114729310536 0.8320190892876571 -0.3787752184278351 -0.40530675909227487 8.019289376661678 0.2884440386552892 0.9194703505446912 -0.2671597107227218 -7.69986567514886 0.4738610256448229 0.1053736607230108 0.874272337433061 7.30678580055495
38591597440991 PointCloud23.pcd PointCloud27.pcd 0.3679842996662134 0.03311985748257773 0.9472043046211287 -0.318915475239973 -8.776900200622102 -0.18990676328990852 0.3192414873535388 0.9284504801059942 0.22159719402779154 0.9812433420396209 0.029814058085144812 0.19045373622854242 -4.640567546060139
38591597441022 PointCloud10.pcd PointCloud15.pcd 0.35283199959320394 0.09344806971467229 -0.3036160072211398 -0.9482008112344632 -5.1924778703956465 -0.5241245030058647 0.7947205634689796 -0.3061253523450855 4.403300710714141 0.8464992401741757 0.525582102205393 -0.08486748627067203 7.602637520108083
38591597441053 PointCloud0.pcd PointCloud30.pcd 0.36262005183190205 -0.7239604902544013 0.683282986689854 -0.09489767463325832 -10.943919830129529 0.34230171699228107 0.23638208908512887 -0.9093695852093837 -6.257603080935345 -0.5989246556076508 -0.6908312876961662 -0.40502023263698045 2.0291117592140773
38591597441084 PointCloud12.pcd PointCloud16.pcd 0.3519896312359018 0.2995255331756598 0.318294002736096 0.8994294762781965 -7.193608596690812 -0.12205250525115766 0.9477483696113144 -0.2947477122235411 0.29934939544225886 -0.9462492488439569 -0.02149315522042844 0.3227234161645506 -4.5748059175500755
38591597441115 PointCloud15.pcd PointCloud3.pcd 0.317141159469194 0.608281670349428 0.7433341610879732 0.278294330658296 2.6351229925802935 0.14978374921223703 0.2368178079270099 -0.9599386200797276 -0.6338304428391394 -0.7794602221979231 0.6255970354855312 0.032712554209042066 11.933893944657472
38591597441146 PointCloud11.pcd PointCloud2.pcd 0.31671420064562633 -0.1485650874993968 -0.9845575447458899 -0.09260051760245125 -0.05585037172966238 0.5079404137672869 0.00436960342405357 -0.8613811250705661 15.246190537934876 0.8484839131287135 -0.17500670744249147 0.49944739614089917 8.199444314418377
38591597441177 PointCloud21.pcd PointCloud13.pcd 0.37024882682104787 -0.2319563954131209 -0.48646555408366204 0.8423464223922528 27.304998906874147 0.19375593269817942 0.8255052750265173 0.5300940288737959 -17.52674651601192 -0.9532339005570514 0.28616831689317007 -0.09722564083265145 6.098591112222166
38591597441208 PointCloud16.pcd PointCloud0.pcd 0.33610862803909547 -0.2433590796011878 0.396131024672439 -0.8853567471181468 0.7009688700521979 0.8336974175053069 -0.38107565172069696 -0.3996623120968852 -18.73439617152281 -0.4957065406272593 -0.8353810860664788 -0.23751519240197183 0.8132331295406965
38591597441239 PointCloud15.pcd PointCloud25.pcd 0.32284094160107396 0.03082257212530154 -0.9993858050162696 0.016672785596985984 -10.935211303696178 0.11659926456484943 0.020161921442268527 0.9929743745065589 -3.431415626627042 -0.9927006500201945 -0.02866198973794859 0.11714909215928604 -4.29403448013899
38591597441270 PointCloud25.pcd PointCloud4.pcd 0.39371811840989873 0.61893342796411 0.014761937267606273 -0.7853047159903619 -7.898762790538358 0.29508497230725855 -0.9309510453502322 0.2150697800243775 -17.44879363186144 -0.727905399668817 -0.36484549657275056 -0.5805527476152038 -18.23105412429178
38591597441301 PointCloud10.pcd PointCloud25.pcd 0.4404520520953174 -0.3070668130164871 -0.9514362159529117 0.021888337467745433 9.829876894751328 0.23671265185162377 -0.054079615117546775 0.9700734589102569 6.762289488708591 -0.9217793080761086 0.303058611826066 0.2418230448091913 8.418475834176963
38591597441332 PointCloud28.pcd PointCloud21.pcd 0.4007481659039733 0.3615157950928197 -0.41021648998253046 0.8372746032484318 8.354852609159746 0.15829870537406268 0.9119781206263091 0.3784672077945469 -19.364029181043414 -0.9188296086736115 -0.004282387805596283 0.39463123467280237 -5.16577153399775
38591597441363 PointCloud1.pcd PointCloud21.pcd 0.41829695347313767 0.0004931829638334939 -0.6172330247582487 -0.7867802424555075 -7.264621599763238 -2.9690522211855974e-05 -0.7867803468308567 0.6172330880301132 -0.9385974265319346 -0.999999877944511 -0.0002810489274662764 -0.0004063526341674395 -0.5867643340483554
38591597441394 PointCloud21.pcd PointCloud4.pcd 0.41237844898485754 0.471887262953834 -0.3628681117653385 0.8035229583066041 -8.65762206477274 -0.8316761677157936 0.11929580723041694 0.5422944425594036 -2.1826134250878786 -0.2926382803317266 -0.924172734850526 -0.24549458862343332 6.027135652199176
38591597441425 PointCloud22.pcd PointCloud13.pcd 0.4093544917460367 -0.21780983766437992 0.9587003039368763 0.18290052446058594 -7.522669558293925 0.9706609174104138 0.19322372249275896 0.1431152559233824 17.07881099006735 0.10186391916959822 0.20870630152772626 -0.9726589441700659 1.2258700160512348
38591597441456 PointCloud28.pcd PointCloud19.pcd 0.44016851892206 0.18402724367695222 -0.6499189804470755 0.7373867997457628 2.9500277322492483 0.006127482419796604 0.7509433229370442 0.660338231284139 -5.298578956051651 -0.9829020437174087 -0.11700189994570165 0.1421763970046972 3.541470811299832
38591597441487 PointCloud23.pcd PointCloud4.pcd 0.39152707380393126 0.4000346991318395 0.04609581473258528 0.9153400544904815 -4.077957606068637 -0.30799239805082174 0.9474124926718981 0.08689218303233409 -9.919649144469249 -0.8631992366964898 -0.31667766671074177 0.3931950319793442 0.3525381117204447
38591597441518 PointCloud29.pcd PointCloud19.pcd 0.4286287118246174 0.33221389358436626 0.17164784101075686 0.9274540137310644 13.856070367922968 -0.2862202033928836 0.9552807932863316 -0.07427382545670641 19.010181672867315 -0.8987279477568569 -0.2407812797012735 0.36648663177006247 -12.205616150535974
38591597441549 PointCloud27.pcd PointCloud10.pcd 0.39936195318076534 -0.10094642637886048 -0.08005691283708163 -0.9916656239420287 -1.6128200939542192 0.36486370506673305 -0.930286768311439 0.037960577309033156 6.295713531499805 -0.9255724151714513 -0.35799080911617676 0.1231189866025208 0.8194379235047804
38591597441580 PointCloud25.pcd PointCloud8.pcd 0.48659300129385347 0.6761739959415263 0.7052029315606416 0.21325466590615494 -6.651019016278735 -0.001684570512718142 -0.28797573211127825 0.9576362252636231 6.172205775975482 0.7367400419650451 -0.6478879556167488 -0.19353373745188002 -3.799793840643195
38591597441611 PointCloud0.pcd PointCloud17.pcd 0.4649457120111117 0.27593187639786504 -0.48474605822052946 -0.8299896738075795 1.6475441282488743 0.9495266507364915 0.0034323281447849463 0.31366759262736627 8.000932970400868 -0.149200332200348 -0.8746482025152544 0.4612263898652593 2.709104711127799
38591597441642 PointCloud5.pcd PointCloud8.pcd 0.4914126737091465 -0.13426688243385543 0.9904328573410156 0.03186156588751493 -9.814098659503019 -0.4707073314603446 -0.09203870099605282 0.8774756324983847 -18.21821947686617 0.8720131950784771 0.1028184449321734 0.4785617567156355 10.410131302183128
38591597441673 PointCloud9.pcd PointCloud27.pcd 0.5113585920568191 0.15747938145435275 0.9643948669251886 -0.21246831543809624 4.668535075340451 0.2633256760952779 0.1663539240784288 0.950255734133014 -14.191216985714554 0.9517666902795661 -0.2055940480462804 -0.22775261728951557 -10.033533036144153
38591597441704 PointCloud25.pcd PointCloud0.pcd 0.5137118722208177 0.40008038380671646 -0.22333515312717733 -0.8888515600879208 9.057372204438272 -0.8662994207120748 -0.4086757920689429 -0.2872445136999933 -8.709336347883571 -0.29910031789851704 0.8849324868906567 -0.3569782815221728 -23.824053464827692
38591597441735 PointCloud2.pcd PointCloud28.pcd 0.48185628369324734 0.3643124522658627 -0.26024430378218844 0.8941752286173875 16.290817019434357 -0.690432923461236 0.5688686403950449 0.4468678195796423 -6.110934488845193 -0.6249630511676704 -0.7801675283706806 0.027564693924995665 -2.321083523861806
38591597441766 PointCloud24.pcd PointCloud2.pcd 0.477087199915501 0.7306362161031955 -0.14051089008841486 -0.6681522352615202 1.5790883179123871 -0.595373417323777 -0.6101423046799753 -0.5227397650686387 13.878896152025249 -0.33421731502513763 0.7797326835565952 -0.5294485135790054 -5.824779986907277
38591597441797 PointCloud17.pcd PointCloud1.pcd 0.5140256662768511 0.07040545405108939 -0.9768632925058931 0.2019435064427823 -7.969349826470703 -0.04613974841975793 -0.20541834293510267 -0.9775860207682792 -10.257556523108311 0.9964507994154159 0.059509765083914756 -0.05953479826148658 -0.9772320225128792
38591597441828 PointCloud7.pcd PointCloud21.pcd 0.49151061090244375 -0.38166426253607794 0.8171494979150298 -0.4319711665840753 -9.429121294471045 0.46038945048750013 0.573315536201831 0.6777542695029113 6.865685287067245 0.8014823420279513 0.05979961544042006 -0.5950210596361851 -7.052031000157406
38591597441859 PointCloud26.pcd PointCloud20.pcd 0.502232012177273 -0.2578554667293618 -0.9447473181810785 0.20239333750754318 -6.366166687479545 0.5528902554187348 -0.3160709366755859 -0.7709808872157746 -4.177898994306257 0.7923527773288791 -0.08690033244284529 0.6038422049513712 -4.839009314086273
38591597441890 PointCloud6.pcd PointCloud8.pcd 0.542912364994998 -0.0789024092238435 -0.11540946405317834 0.9901793097341672 15.497508286228012 0.4183957959216229 0.8977239744019824 0.1379732718283554 9.233220387522849 -0.9048311266605419 0.4251732839571034 -0.02254574982890295 2.7170366787896727
38591597441921 PointCloud7.pcd PointCloud3.pcd 0.5705603330375668 0.2494468116720783 -0.7607735444561528 0.5991660055462574 -4.545238588511546 -0.17695342941141373 -0.644116536014875 -0.7441783199285901 2.8793490058623954 0.9520839101498225 0.07960842975352223 -0.2952943039511666 0.9074783710847063
38591597441952 PointCloud13.pcd PointCloud9.pcd 0.5718042970486753 0.11824231420644818 -0.9154669115660243 0.38462850773033963 1.1437830267426983 0.6398442897074221 -0.22596720527411646 -0.7345325772689792 -14.594211249199878 0.7593536989176436 0.33295518612625585 0.5590373904952354 5.760896496586162
38591597441983 PointCloud26.pcd PointCloud28.pcd 0.5272012762718811 -0.1615413069573351 -0.9559303954713275 -0.2451560424720297 -3.2931600705135287 0.09185882299007908 0.23277514676608083 -0.9681826726847094 -0.18792077658003334 0.9825814789549993 -0.17892123982932012 0.05020783955265873 -6.083823773428398
38591597442014 PointCloud9.pcd PointCloud26.pcd 0.5269407525393633 0.39401949886553644 -0.7841547927967639 -0.47942663197575514 -2.683789790641789 0.6886984848994305 -0.09353035016762196 0.7189898959615159 6.42521134926263 -0.608640313659045 -0.61347643355828 0.5031934360239935 11.685408039621572
38591597442045 PointCloud24.pcd PointCloud20.pcd 0.5479078961266277 0.08135113049425317 0.5316207601705885 0.8430666408552483 -6.840914727981352 -0.2813091110756689 -0.7992321873300431 0.5311243684500379 -0.2407865098119485 0.956162735936265 -0.28036989512299704 0.0845313215062659 19.400823852159714
38591597442076 PointCloud5.pcd PointCloud21.pcd 0.5501122481303455 0.36576052769347356 0.9301899815010438 0.031077881145281178 12.873550798051813 0.7983134626660023 -0.29638962057296847 -0.5242602484862169 13.280332649365192 -0.4784504694402648 0.21656359604444209 -0.85099080909296 1.7828299223813093
38591597442107 PointCloud7.pcd PointCloud2.pcd 0.5369430193538057 0.2028683464764517 -0.5776108029123628 0.7907023424505875 4.803120372074438 0.32948514971110154 0.8006742256859398 0.50036019070473 -1.5419558845002825 -0.922108437288025 0.15901743514833985 0.3527456381035493 15.10726345499987
38591597442138 PointCloud5.pcd PointCloud0.pcd 0.5451265029542606 0.8378854320747577 0.5208664187299169 0.16323656623553312 -6.258832785919318 -0.23384981563249785 0.6127550929644993 -0.7548810898245595 8.180171367841243 -0.4932162471427148 0.5943310271940536 0.6352230818137182 6.963675459229082
38591597442169 PointCloud30.pcd PointCloud28.pcd 0.5958292461398729 0.8088633519397986 -0.4423605413127705 0.3873722103845161 5.52966000864293 0.24683541816925686 0.8533927349226623 0.45912211482178283 3.257179700298845 -0.533678137294307 -0.27574987120702504 0.7994683572871334 15.934136835096421
38591597442200 PointCloud29.pcd PointCloud28.pcd 0.6195621268126243 0.5508084037644735 0.7407105065448454 0.3846531526408058 -1.1287215405536506 -0.1566036634041592 -0.3609610673189063 0.9193380229754411 11.305072420305365 0.8198081452088831 -0.5666172017985991 -0.08282241046417427 24.15844769447133
38591597442231 PointCloud3.pcd PointCloud1.pcd 0.667141090031148 -0.25108982700633475 0.6690028816370366 -0.6995634661238891 28.68709714490508 0.08954705543963876 0.7356715864181826 0.6713930605830272 28.848014667906835 0.9638128571647188 0.10593611895050425 -0.24462688949844724 1.257600852993384
38591597442262 PointCloud2.pcd PointCloud0.pcd 0.6520753482284752 0.7357428674169967 0.6633034060640327 -0.13678824711527232 13.541895873755461 -0.0037921111031639088 -0.1979348988363091 -0.9802078329191425 -4.201135161943576 -0.6772503620806689 0.7216996378871984 -0.1431138698208173 -23.358570054382774
38591597442293 PointCloud4.pcd PointCloud1.pcd 0.6596475150742424 0.7245761134821231 0.28511680926897276 0.6274534730507293 -8.080282350745273 0.39457692479292283 -0.9180566123381972 -0.038485152501630454 -4.762372391028611 0.565065045983294 0.27546408407339396 -0.7777024059326965 -16.24980243046275
38591597442324 PointCloud17.pcd PointCloud18.pcd 0.6056271927125008 0.7223146297966153 0.4121862984177771 -0.5553053493155181 10.515060005656483 0.08940450636335387 0.7405751018161634 0.6659995141228738 19.326573096183363 0.6857611900827455 -0.530707993124873 0.4980769179651533 -13.76419173808793
38591597442355 PointCloud10.pcd PointCloud6.pcd 0.6398583841298696 0.01852221624794137 -0.5124371813172424 -0.8585249342383156 -0.7929091226529279 -0.07197772322575013 0.8557608761096612 -0.5123402485451073 18.912444423036348 0.9972342427256004 0.07128434697508737 -0.02103347360360508 -10.099703152945798
38591597442386 PointCloud30.pcd PointCloud29.pcd 0.6241307901907357 0.888823231783544 0.3847456864674371 0.24892573066390106 2.078160385119224 0.12831180477665016 -0.7304340864422099 0.6708219779630757 -18.657622346497963 0.43991970107829365 -0.5643020486477388 -0.6985941987270934 6.4376257069179355
38591597442417 PointCloud15.pcd PointCloud13.pcd 0.6351846010519289 0.5671759097866786 -0.30500420580969445 -0.7650385100085164 -5.570181123447683 -0.23052794275174437 0.8329775380946373 -0.5029963107622616 -11.257024173167927 0.7906758849037334 0.4616501440140517 0.4021328009047551 17.81421980141347
38591597442448 PointCloud19.pcd PointCloud18.pcd 0.6051406838930343 0.07418580342538944 -0.9909812041746208 -0.11159175391913245 9.1079391960223 0.38894276726407273 0.13179048828312395 -0.9117865928993809 1.2497900930367505 0.9182701075190758 0.02423881537358019 0.39521195511546797 9.047166706929513
38591597442479 PointCloud24.pcd PointCloud23.pcd 0.6300001508910115 -0.9340323614573738 -0.3026434398120903 0.1897116129525771 -7.070366378903572 0.28234519588790674 -0.9508915698734577 -0.12683222265107366 13.14653121708055 0.2187801136058356 -0.06490123791036359 0.9736134197967491 8.713004710393026
38591597442510 PointCloud15.pcd PointCloud14.pcd 0.6956301670322254 0.049611333561130455 -0.4639647655035163 0.8844633468683443 -12.63404443220364 -0.5025325535488697 0.7536979181979605 0.4235569391802151 -3.1527263809473767 -0.8631336792212074 -0.46548484881392993 -0.1957654395411359 -18.361600249271362
38591597442541 PointCloud9.pcd PointCloud6.pcd 0.6687730109408048 0.2335184742115266 0.4704429941051619 -0.8509715103922639 -7.025249299448134 -0.959663233032722 -0.02941890285620241 -0.27960866817736635 -8.944285749958645 -0.1565745872327427 0.8819398604508744 0.444596987372596 11.40790388643946
38591597442572 PointCloud13.pcd PointCloud14.pcd 0.7287135780977012 0.6815692452648703 -0.568115063358786 -0.46120346778175647 -1.6381938976009454 0.7162574021202183 0.6469687560358275 0.26154686505758395 4.268580635954223 0.1497955200166917 -0.508602697100887 0.8478706261480181 -6.647602767636537
38591597442603 PointCloud10.pcd PointCloud8.pcd 0.7022316576302859 0.014453540591411448 0.45765256892579836 0.8890136226852714 5.272107285240799 -0.20470952112137047 -0.8689193308471446 0.4506364481956715 -2.1909606105304538 0.9787160503060282 -0.1885028451662422 0.08112687740570389 -1.357006991279095
38591597442634 PointCloud8.pcd PointCloud6.pcd 0.6914251286820081 -0.1580736286617508 0.742866140159134 0.6505095124029912 9.891161067968406 0.9497325280345844 0.29467087525550495 -0.10572227990916871 13.664763732361699 -0.2702237093867689 0.6010981393094018 -0.7521038317971999 9.97829722845188
38591597442665 PointCloud5.pcd PointCloud4.pcd 0.6742738303469362 -0.07931008145640273 0.21648967019151014 -0.9730581347893609 -3.848349210519584 0.028439489291145176 0.9762270208844097 0.2148767068437371 -3.6249790695857467 0.9964442314691965 -0.010631387281143365 -0.08358150020333888 15.469419086591419
38591597442696 PointCloud10.pcd PointCloud9.pcd 0.7095222053430117 0.14853502433431706 0.9842800555120401 -0.09555165549177425 16.26033023252457 0.08620576607321245 0.08336803663271017 0.992783126550677 -3.728284242427848 0.9851425848280716 -0.15570016952213628 -0.07246754286605578 12.650955060886442
38591597442727 PointCloud7.pcd PointCloud6.pcd 0.7199935954314077 -0.7181623976416444 -0.04785511594418235 0.6942281026374355 -13.652576862473435 -0.13492854576291133 -0.9691231162278312 -0.20638476962015276 -16.047168423728653 0.682669069280212 -0.24188896930374162 0.6895307595584571 -3.798392351560336
38591597442758 PointCloud13.pcd PointCloud11.pcd 0.6718662917759923 -0.6652664922159436 -0.5370605732633217 0.5186390218454122 5.834295166386298 0.4410196800908026 -0.8431965234934283 -0.30744310781216466 5.251295955703626 0.6024301918955421 0.02419841760670352 0.7978046756431248 -13.94331792851478
38591597442789 PointCloud6.pcd PointCloud5.pcd 0.6923961643947488 0.1369586708257744 0.8694869165283949 -0.4745891112020813 -2.299405460563681 0.05774544974951057 0.4712810630286003 0.8800906900222611 -12.129975697171629 0.9888922011619186 -0.1479414127841721 0.0143371149315078 5.357115966208291
38591597442820 PointCloud22.pcd PointCloud21.pcd 0.8092781094604916 -0.027623541907297655 0.8677739019303747 -0.4961908857093488 -1.1675312439204957 -0.2731247739742331 -0.48404461286213707 -0.8313264524846228 4.3235048733358115 -0.96158192462942 0.11255784240858635 0.2503815774738709 -6.35459314905881
38591597442851 PointCloud11.pcd PointCloud12.pcd 0.7592753941141442 -0.2615289710105169 -0.685731493844343 -0.6792458433234512 -9.099631263267039 -0.5873863281165189 -0.4453434981186663 0.6757562210037159 15.162467841868054 -0.7658850428517152 0.5757095509312274 -0.28631907743388507 8.020761738462113
38591597442882 PointCloud12.pcd PointCloud13.pcd 0.7597487568699294 0.7540508771114547 0.2487902724812022 0.6078738973226067 8.739872176636755 -0.5826566749127052 -0.17382385032405306 0.793912128788943 6.134329099267886 0.30318059619163595 -0.9528319208429419 0.013887286114780795 6.002234232278811
38591597442913 PointCloud21.pcd PointCloud22.pcd 0.8001161084323749 -0.2848371406334314 -0.8772806786174461 0.38632423460130444 5.908802916414664 -0.07539264398250717 -0.3812677608160469 -0.9213852852068152 -0.15883058744443473 0.9556064841497767 -0.29157075554113865 0.042458708930816436 11.421066434876412
38591597442944 PointCloud12.pcd PointCloud11.pcd 0.7629142209095101 0.2659960842033081 0.6300745618963625 -0.7295561182250573 -14.83780546863098 0.19725864694517484 0.7052291207985253 0.6809852519571171 -0.6649900643937895 0.9435757041138065 -0.325050663172445 0.06330052904429917 6.304210827501601
38591597442975 PointCloud13.pcd PointCloud12.pcd 0.7424526116061644 -0.5371492915279921 -0.26517726247090745 -0.8007194627829473 -10.797273582787685 -0.6087287062295641 -0.5352571423550696 0.5856186077729821 13.006075580867742 -0.5838835507385505 0.8019855429035614 0.12609198289591023 -1.8887242294886657
38591597443006 PointCloud20.pcd PointCloud21.pcd 0.7588176892269377 -0.09597712037945982 0.9213370433220344 0.3767312635902134 -6.479452194128703 -0.04495488709659312 -0.3821044970951959 0.9230250329355973 -14.616444874124923 0.9943678647712826 0.07165337327885973 0.07809189207568956 4.731272063656754
38591597443037 PointCloud21.pcd PointCloud20.pcd 0.747931818548322 -0.18244666055061895 -0.9396964959037963 0.28928137105602575 6.344918080732185 -0.43324247137523453 -0.18728186410771042 -0.8816044829587815 11.544562176523076 0.8826177978324516 -0.2861747699614136 -0.372947481539862 -15.127248219375264
38591597443068 PointCloud21.pcd PointCloud5.pcd 0.4048717163083969 0.7872570696107928 -0.254190680961886 -0.5617948060101302 9.102378359168926 -0.541242056402188 0.15166095346327158 -0.827076774898281 1.4381724365605166 0.29543754454936466 0.9551890142305572 -0.018182529084209698 -17.119654251615007
38591597443099 PointCloud11.pcd PointCloud14.pcd 0.46707619017770396 -0.6605867622785325 -0.6688514149249773 -0.3409734802814163 -12.923055239375326 -0.74370728110953 0.6450666229311278 0.17546661222266915 23.120617471176743 0.10258951957698215 0.3694953812067019 -0.9235521391561378 -5.4967539202157365
