id source target overlap scale t1 t2 t3 t4 t5 t6 t7 t8 t9 t10 t11 t12
38591597440000 PointCloud16.pcd PointCloud27.pcd 0.15 61.94 0.9986060578479493 -0.04618136128881362 0.025558229572689894 -0.4323503358483092 0.04619217028187934 0.9989325579363562 0.00016762869183503914 0.019136400637883078 -0.025538688964551744 0.0010131950653894585 0.9996733210412947 -0.29166290246019433
38591597440001 PointCloud16.pcd PointCloud27.pcd 0.15 61.94 0.8019048890694425 -0.2974219580498388 -0.518158979229662 -0.08488062485852277 0.4008382593292715 0.9109506686255122 0.09745547285099994 -2.529675856306824 0.44303187102555625 -0.285847963436041 0.8497138948228767 -2.416573290534648
38591597440002 PointCloud16.pcd PointCloud27.pcd 0.15 61.94 0.8452375097416956 0.5276843788622146 0.08439637687990977 2.3680482955760094 -0.5298557033602546 0.8070153946465972 0.26072799316530454 0.699667107787169 0.06947291373094212 -0.26509498129575354 0.9617162602085593 -1.434736433012406
38591597440003 PointCloud16.pcd PointCloud27.pcd 0.15 61.94 0.8824082990021247 0.43094544184670525 0.18878988321338822 2.217228149900547 -0.44069935992111486 0.8975881020806574 0.010939523223748297 0.7536061538894063 -0.16474121529628358 -0.09285270677148419 0.9819565707443034 1.0181391154403432
38591597440004 PointCloud16.pcd PointCloud27.pcd 0.15 61.94 0.9977211993795114 -0.06356042111358275 -0.022638047101577005 -0.32757870442726844 0.06249583857595516 0.99703106416171 -0.04498141012970003 0.06506884846993766 0.025429873562354745 0.043464122727051 0.998731290971786 1.0624754807285544
38591597440005 PointCloud16.pcd PointCloud27.pcd 0.15 61.94 0.9198579491167581 0.3368071167800149 0.20105302666969424 1.1749722867369834 -0.32873293500242656 0.9415726979444616 -0.07331788274546422 0.6569554742024455 -0.21400002544719884 0.001349285707575934 0.9768327229043248 0.9538672210955591
38591597440006 PointCloud16.pcd PointCloud27.pcd 0.15 61.94 0.8536626431939641 -0.319686795273602 0.41116960556781024 -1.7158464123867008 0.4740639347900415 0.8038804200287392 -0.35922090143225405 -1.9105253114590475 -0.21569301645273053 0.5015741452887219 0.8377946642414298 2.724649108807584
38591597440007 PointCloud16.pcd PointCloud27.pcd 0.15 61.94 0.9997045627691943 0.01996693582423068 0.013860326556224663 0.6153761167090601 -0.020712390304745257 0.9982212747276847 0.05590423569730741 0.7474604148733808 -0.01271943655662576 -0.056174799998106435 0.9983399259665291 0.8308135511594166
38591597440008 PointCloud16.pcd PointCloud27.pcd 0.15 61.94 0.8760011796567831 -0.48229162850865775 0.004088803051185162 -1.35277447102139 0.47746325177311827 0.8683676166276697 0.13403926886782316 -2.0040220160820246 -0.06819660142678985 -0.11546630444786708 0.9909675857922843 -0.7209993216320111
38591597440009 PointCloud16.pcd PointCloud27.pcd 0.15 61.94 0.9771537504698368 -0.01205558243649588 -0.21219144863742465 -0.057311471085329746 0.007015874314920955 0.9996755121384789 -0.024487709943298915 -0.17800096985487646 0.21241780869392565 0.02243954907717087 0.9769212563901372 0.6599499929024077
38591597440010 PointCloud16.pcd PointCloud27.pcd 0.15 61.94 0.9333228605935705 0.05136845888234728 0.3553445079433301 0.3898366829045208 0.1307328325061849 0.8731487932952263 -0.46959568915397865 -0.4910648492320016 -0.3343910351644383 0.4847395859625485 0.8082141853509579 2.912018095909887
38591597440011 PointCloud16.pcd PointCloud27.pcd 0.15 61.94 0.9738294683376083 -0.1966175695198529 0.1140074469207906 -0.6519380003884669 0.19831650093620842 0.9801312604895973 -0.003643853385093451 -0.825476065185119 -0.11102581705941159 0.026158049758707447 0.9934732127134134 -0.06236507375915218
38591597440012 PointCloud16.pcd PointCloud27.pcd 0.15 61.94 0.7791154741372885 -0.4506603053152739 -0.4357572342175997 -1.588909421984309 0.5179538534725406 0.8543516942217178 0.04250868444713743 -1.992140680623102 0.3531329546116786 -0.2588213124795261 0.8990598670687073 -1.2292667725066997
38591597440013 PointCloud16.pcd PointCloud27.pcd 0.15 61.94 0.9952132562380723 0.07684287616265051 -0.06038002145630956 -1.0816040693375042 -0.07768540729442722 0.9969089265230892 -0.011729011556010437 0.11940726615092542 0.059292091390941846 0.016363514342390792 0.9981065490702155 0.29482673842181206
38591597440014 PointCloud16.pcd PointCloud27.pcd 0.15 61.94 0.8481492205223324 -0.4791699589463819 -0.22591823780005607 -1.0543084521809005 0.4883798486142331 0.8724655693248979 -0.0169986414198455 -1.8031076298900968 0.2052511222743952 -0.0959165303058051 0.9739979445662075 -0.42368171119107534
38591597440015 PointCloud16.pcd PointCloud27.pcd 0.15 61.94 0.9704168388913111 -0.2397886757505269 0.02815226061977138 -0.5065349229947382 0.23591675838129003 0.9665549586206746 0.10057233755188225 -0.6537722934993422 -0.05132681473712241 -0.09095549982048579 0.9945313746390039 -1.3533252155511244
38591597440016 PointCloud16.pcd PointCloud27.pcd 0.15 61.94 0.9983714968282367 0.05665624724412001 -0.006665130843367306 0.1958396744451676 -0.05696005855161752 0.9964697079607909 -0.06167392355227828 -0.4147790841755763 0.003147387923717846 0.0619531336152507 0.9980740970411507 -0.13976217700505011
38591597440017 PointCloud16.pcd PointCloud27.pcd 0.15 61.94 0.9272378766540638 0.3692940053389972 -0.062063336348795795 2.9106632827172523 -0.3724692979192698 0.9266434004860445 -0.0509767637574825 0.6205445279255828 0.03868516777253672 0.07038427350154737 0.9967695379765926 -0.000999591068393646
38591597440018 PointCloud16.pcd PointCloud27.pcd 0.15 61.94 0.8145359498538284 0.5749329461394155 0.07735175395021034 3.2353421057333898 -0.5490076776137838 0.7209017143398663 0.4229554210350799 0.20752183043744132 0.18740799427143318 -0.3869791024141924 0.9028429641847272 -3.066537811259316
38591597440019 PointCloud16.pcd PointCloud27.pcd 0.15 61.94 0.8931256174966329 -0.4474032887000578 0.046442745737424254 -1.1105014791741743 0.4382686964930103 0.8423275660481528 -0.313695427365004 -0.8308826310025992 0.10122836087567509 0.3005238239071366 0.9483871837064526 0.9757259885067014
38591597440020 PointCloud16.pcd PointCloud27.pcd 0.15 61.94 0.9992030629158173 -0.03916506285810123 0.00770304556461239 -0.14511855893267533 0.039013636166168264 0.9990596695461477 0.01891329900985841 -0.09170309963475412 -0.00843654270085574 -0.01859770248346401 0.9997914533589459 -0.9202103677145197
38591597440021 PointCloud16.pcd PointCloud27.pcd 0.15 61.94 0.9730278170431588 -0.2248038919469495 -0.051769464220997666 -0.4744731008255698 0.21699618084518918 0.9680941490563802 -0.12532508153360544 -0.4880799942226961 0.07829128149945473 0.11071101448504186 0.9907641225402067 -0.025922658668131038
38591597440022 PointCloud16.pcd PointCloud27.pcd 0.15 61.94 0.8170905043121998 -0.5761513454842999 0.020315877029204926 -0.4017007963448851 0.5721988671412108 0.8147786749970706 0.09340325054478946 -2.196825144522302 -0.07036735184124662 -0.06469418727094955 0.9954210656441832 0.5395553127630824
38591597440023 PointCloud16.pcd PointCloud27.pcd 0.15 61.94 0.9952192657877238 -0.092056684231034 0.03262177023601614 -0.21917410415329686 0.09039790710283951 0.9946935389367269 0.049122113034319126 -0.16982148684500625 -0.03697068293080515 -0.0459383335126311 0.9982599050937145 -0.5916384431435088
38591597440024 PointCloud16.pcd PointCloud27.pcd 0.15 61.94 0.9582487627022128 -0.259141426623693 0.12085127135084457 -0.7594450189962192 0.28324007416658137 0.9181657376893888 -0.277032017137749 -1.4320048877942766 -0.03917102456903308 0.29969551071168504 0.9532304189929498 1.363039764620039
38591597440025 PointCloud16.pcd PointCloud27.pcd 0.15 61.94 0.9653402657490852 -0.2507111855345477 -0.07254014592863074 -0.924212172562451 0.2533080909317628 0.9669511448625171 0.028991283475782767 -0.6678987207112861 0.06287433810380193 -0.04636145917601214 0.9969440469309597 -0.013777588903900129
38591597440026 PointCloud16.pcd PointCloud27.pcd 0.15 61.94 0.9694057160858742 0.1521932108020025 0.19258708213639492 -0.40852498611794585 -0.22609118897954666 0.8591183169644653 0.4591279687864369 -0.5149955351209161 -0.09557893013550744 -0.4886235197387879 0.8672437512442681 -1.1214745086999425
38591597440027 PointCloud16.pcd PointCloud27.pcd 0.15 61.94 0.8920167423546425 -0.4496843855718694 0.04571744450274328 -1.9870895763130945 0.43523143749331994 0.8818108996152144 0.181612590800595 -2.1086258608335435 -0.1219824871713536 -0.14210380252708343 0.9823068675983254 1.0853017117251307
38591597440028 PointCloud16.pcd PointCloud27.pcd 0.15 61.94 0.8653327538481874 -0.499815911314519 0.037192471205193645 -1.530661212730633 0.49447601365361743 0.8392609523910076 -0.22612944459527268 -1.8949374145659583 0.08180890561998631 0.21406799991725955 0.9733869705172165 0.051390091421629536
38591597440029 PointCloud16.pcd PointCloud27.pcd 0.15 61.94 0.96893341134077 0.02347321504505677 0.24620530571656404 -0.5938694607491555 0.020446097306787613 0.9844758900798173 -0.17432492350915552 0.8118698270083011 -0.24647515390493138 0.1739431804555731 0.9534116469188638 0.4313331882899366
38591597440031 PointCloud29.pcd PointCloud15.pcd 0.14 335.30 0.8858562527684508 0.20733432505964705 0.4150556313111524 0.666677540015268 -0.26169005632835246 0.961996827209335 0.07797704058270447 -0.06514981499978739 -0.38311488335733235 -0.17769238050978334 0.9064482357304603 0.7702773212085725
38591597440032 PointCloud29.pcd PointCloud15.pcd 0.14 335.30 0.709612145479217 0.7041165003114955 0.025895114934561418 -0.8073908598187729 -0.7022272013697903 0.7097610770116212 -0.05582267653611197 1.66964448724656 -0.05768501230592183 0.021428195173536634 0.9981048400878889 -0.3447830832286758
38591597440033 PointCloud29.pcd PointCloud15.pcd 0.14 335.30 0.9308520712369828 0.32675715867573424 -0.16353648133667267 0.6381930376504065 -0.3452577446083937 0.9330712946225227 -0.10087144759234148 0.05737059134437106 0.11963072875203946 0.15035863262749613 0.9813667868501794 -0.8211922810696431
38591597440034 PointCloud29.pcd PointCloud15.pcd 0.14 335.30 0.7680924543840926 0.21090100089771735 -0.6046112381841422 0.553781666212326 -0.28883716268579995 0.9568029936352767 -0.033183200903306675 0.4391155147810997 0.5714954723966212 0.20012196079119732 0.795829206450259 -1.0914172554255535
38591597440035 PointCloud29.pcd PointCloud15.pcd 0.14 335.30 0.9984363738449356 -0.04321778651055709 -0.035454623288143264 0.020805461472753306 0.04203385998611235 0.9985549104264939 -0.03348500377489397 -0.20806239802549661 0.03685053592614555 0.031942351076034936 0.9988101542383774 -0.253439940747865
38591597440036 PointCloud29.pcd PointCloud15.pcd 0.14 335.30 0.7119285303238021 -0.4386384029967891 0.5484105388551699 0.04824480875186321 0.4892558383222239 0.8700226674573907 0.06073946639496042 0.4543155844840453 -0.5037722624148824 0.22507089888911253 0.8340003585698497 1.1681678674270355
38591597440037 PointCloud29.pcd PointCloud15.pcd 0.14 335.30 0.9945936981772799 -0.06381604163032735 0.08192001206468388 -0.07780372281406378 0.07472995228047087 0.9876172066838711 -0.13794088333088994 0.03721263090667367 -0.07210277233366391 0.14331701187431994 0.9870468197249893 0.15775122483759374
38591597440038 PointCloud29.pcd PointCloud15.pcd 0.14 335.30 0.9815724369577714 -0.1895357659671479 0.02432579750035762 0.3251010471486455 0.19102724949229558 0.9699915943095323 -0.15041574691587314 -0.040320751393500845 0.004913344704997959 0.15229084144523689 0.9883235091080813 0.010910802493104721
38591597440039 PointCloud29.pcd PointCloud15.pcd 0.14 335.30 0.9037103256992312 0.024130518261305606 0.4274638760328531 -0.039549136796424245 0.06560067426054612 0.9788170905244272 -0.19394240081492503 0.08078215840695173 -0.4230888780872777 0.2033096686971284 0.8829841334096059 0.4164104662223732
38591597440040 PointCloud29.pcd PointCloud15.pcd 0.14 335.30 0.9985235059674081 0.016697692984371793 0.05169134433882962 0.2850898680603988 -0.012509943656660647 0.9966919719066646 -0.08030326547850934 -0.36935728736307705 -0.052861227192177146 0.07953804238101687 0.9954292493562428 -0.976978134818876
38591597440041 PointCloud29.pcd PointCloud15.pcd 0.14 335.30 0.9253814999220104 -0.04610242169175005 -0.3762228678805241 1.3130900687016545 -0.06954806280121167 0.9550716041088506 -0.28809945849575197 1.2042866877630447 0.37260186065382034 0.2927674806721246 0.8805992594240629 -1.4283536658090705
38591597440042 PointCloud29.pcd PointCloud15.pcd 0.14 335.30 0.7801595741202655 0.6253769819340695 0.01595836381087566 -0.5172248096044247 -0.6255673950103404 0.7800547811100967 0.01341539292214686 0.9394934072726753 -0.004058720052256021 -0.020449179306594897 0.9997826553092547 0.31006109247659386
38591597440043 PointCloud29.pcd PointCloud15.pcd 0.14 335.30 0.9987441292701602 0.020145848300025974 -0.045872748387923344 0.1544754863842681 -0.021516063226807786 0.9993309750243659 -0.029574674640142136 -0.03881968107377043 0.04524625146472792 0.030524533626619055 0.9985094038491916 -1.2067145550724991
38591597440044 PointCloud29.pcd PointCloud15.pcd 0.14 335.30 0.941946253075362 0.32506946114252655 0.08406605587151934 -0.5778631743250152 -0.3220252803647784 0.9455175659911035 -0.04791921543853652 0.6187866658441927 -0.0950630060710888 0.01806593022145337 0.9953073128647059 -0.468398921388582
38591597440045 PointCloud29.pcd PointCloud15.pcd 0.14 335.30 0.9879868560370341 0.15453272520674546 0.0012685181249693402 -0.32504347626945573 -0.15024905528058966 0.9586145696362837 0.2418332654295787 0.104647295756607 0.03615513359603571 -0.23911868124682198 0.9703169907784948 -0.03078380581724449
38591597440046 PointCloud29.pcd PointCloud15.pcd 0.14 335.30 0.9175474305576252 0.3136935922124352 0.24434206122147367 -1.7635717917597256 -0.2254624328996111 0.9166150609676781 -0.3301265232576872 0.24329436710372299 -0.32752618830879515 0.2478167875913138 0.9117639144865481 0.2738420196868232
38591597440047 PointCloud29.pcd PointCloud15.pcd 0.14 335.30 0.992513221710185 -0.121038158378855 0.016348362203124002 0.9830536371762939 0.11002117341745148 0.9441335543868923 0.3106560362855039 -0.195038137968097 -0.05303627183651193 -0.30653155742440036 0.9503817960023515 0.9996889607230853
38591597440048 PointCloud29.pcd PointCloud15.pcd 0.14 335.30 0.8599524999057854 -0.4287351709106661 -0.27688960097842613 0.5986495873348893 0.5066145373022568 0.7828027149465204 0.3613331150979338 -0.6272697133226927 0.06183371652917467 -0.451005612710705 0.8903766218874073 1.485789533022863
38591597440049 PointCloud29.pcd PointCloud15.pcd 0.14 335.30 0.8151703463328872 -0.5770524002784884 -0.05007827665122096 1.9003129156157368 0.5762007237160996 0.8167009462395043 -0.03150064127190649 -0.016288992703712535 0.05907649658336109 -0.003176750593560526 0.9982484038590308 -0.7575581144905369
38591597440050 PointCloud29.pcd PointCloud15.pcd 0.14 335.30 0.9969907735589892 0.03852430626381112 -0.06727016623392769 0.7845916913819648 -0.03325067682956842 0.9964121981131258 0.07782752688955605 -0.2688213129968988 0.0700270656862315 -0.07535654768008584 0.9946947274380794 -0.24799560040771906
38591597440051 PointCloud29.pcd PointCloud15.pcd 0.14 335.30 0.9186847257656472 0.3947863327946317 0.012732874124239308 -0.793275025997528 -0.3947770402568487 0.9166460746816992 0.06253848620389649 0.6001946869989896 0.013017800541563825 -0.06247979840875557 0.9979613277376339 0.8095252521435913
38591597440052 PointCloud29.pcd PointCloud15.pcd 0.14 335.30 0.9974483388816684 -0.05175641259242863 0.049174027878164786 0.2116028718162526 0.06722833435831584 0.9127247396620848 -0.40300608018761447 0.6297709044646664 -0.024024202829786498 0.405283633230287 0.9138752728431006 -0.34807698454846825
38591597440053 PointCloud29.pcd PointCloud15.pcd 0.14 335.30 0.9652759281600362 0.2602766273021178 0.022326213181258554 -0.7393766940523852 -0.260633408530311 0.9653232623310447 0.014873653230489624 0.15467608639700658 -0.017680748645137793 -0.02017613646819717 0.9996400925555977 0.5279459253905575
38591597440054 PointCloud29.pcd PointCloud15.pcd 0.14 335.30 0.9968851986043067 0.059553982384372144 -0.051703229935990185 0.647255447893236 -0.05996925008487968 0.9981789537979221 -0.006516535823801957 0.09051443495700653 0.05122099030582226 0.009596842035150327 0.9986412322626396 -0.23867197569905774
38591597440055 PointCloud29.pcd PointCloud15.pcd 0.14 335.30 0.9074777245645247 0.4087087415386025 -0.09716657866326371 -0.3759754766649067 -0.41177462837586887 0.911192891112858 -0.013006560318018022 0.6075096722514268 0.08322160083240114 0.05181389558142629 0.9951831416274943 -0.5845405122339984
38591597440056 PointCloud29.pcd PointCloud15.pcd 0.14 335.30 0.8080930211643822 -0.588568641913267 0.023929540359015247 0.4159763181429321 0.5783775382468654 0.7850907088472344 -0.2216122788413192 0.4569106455493623 0.11164717818609167 0.1929236445802314 0.9748412049995443 0.40508120147639715
38591597440057 PointCloud29.pcd PointCloud15.pcd 0.14 335.30 0.9012740552380437 -0.4298954672044829 -0.05380487553940821 0.6562234650481132 0.42628190875680605 0.9020975665024379 -0.06710972192636337 -0.10023685146743594 0.0773874125515636 0.03754820618110967 0.9962937923078488 0.7905673183540336
38591597440058 PointCloud29.pcd PointCloud15.pcd 0.14 335.30 0.8560361703378647 -0.014040357864684425 -0.5167252107496922 0.6363492107134425 -0.14173496426247206 0.9549443449856261 -0.2607537111634065 1.0424788218820844 0.4971048933362032 0.2964526375848342 0.8154768903471128 -2.0790577788721074
38591597440059 PointCloud29.pcd PointCloud15.pcd 0.14 335.30 0.9193597408696521 0.10434470502334599 -0.37932815529785957 0.6503021102187154 -0.01447357178503432 0.9725041705340493 0.2324352684376107 -0.07347978530994925 0.3931516025503007 -0.2082013948739816 0.8955914227953832 -0.29424390519667365
38591597440060 PointCloud29.pcd PointCloud15.pcd 0.14 335.30 0.7780321950718755 0.44244954882739584 0.4459868834103451 -0.20749793454950338 -0.46277490138213306 0.8837531506606796 -0.06942448666053605 0.4208691739051198 -0.42485914616775744 -0.15237705023971235 0.8923429500353819 0.7899728284343754
38591597440062 PointCloud15.pcd PointCloud29.pcd 0.14 48.42 0.9987063070045592 0.008317127944351833 0.05016510472502353 -0.011823219816479824 -0.008153644015832913 0.9999607631847938 -0.003462683951513309 0.18468176071760317 -0.05019193599153522 0.0030491758955949913 0.9987349358502382 -0.05536540711170823
38591597440063 PointCloud15.pcd PointCloud29.pcd 0.14 48.42 0.9162347015361828 0.3986836276092807 0.039564337189018826 1.336089737291028 -0.3734204387471966 0.8140275787357181 0.4448778225350367 0.9352266256461188 0.1451590425249257 -0.42238663110232166 0.8947169307883237 -2.5237301647432178
38591597440064 PointCloud15.pcd PointCloud29.pcd 0.14 48.42 0.9535031205174265 -0.29982929825547 0.030564539439725875 -1.31368304422986 0.2913292195145615 0.8909671021912591 -0.3482885422605041 -0.71880899853127 0.07719511008196453 0.3409985553056536 0.9368889476660991 1.8080340090639901
38591597440065 PointCloud15.pcd PointCloud29.pcd 0.14 48.42 0.9508946966498555 -0.22799761651055708 -0.20932358383298338 -0.49076279864869177 0.21460223619956584 0.9730018856145014 -0.08493062350395296 -0.8060522733169773 0.22303622150073482 0.03583877029320892 0.9741511312124754 0.5551880070567732
38591597440066 PointCloud15.pcd PointCloud29.pcd 0.14 48.42 0.9044827232553525 0.23281786573081145 0.3573609446052145 0.8070353160196118 -0.18228366595828185 0.9685060984784616 -0.16961309600039126 0.6597897754015389 -0.38559521321898027 0.08827105191725243 0.9184359275072109 1.3861136001774506
38591597440067 PointCloud15.pcd PointCloud29.pcd 0.14 48.42 0.989439723495743 -0.14323420780892784 0.02220349706726807 -0.7168330378444616 0.14479108610432853 0.9837799998966261 -0.10588887188049086 -0.5103969686428314 -0.00667644766295856 0.10798552457039305 0.9941300475943077 -0.059551876941451476
38591597440068 PointCloud15.pcd PointCloud29.pcd 0.14 48.42 0.962514019233298 -0.14457543743027568 -0.2294879205344082 0.48255328342267845 0.25147451088892514 0.792688420191215 0.5553428120250874 -2.8349001539808665 0.10162348720910075 -0.5922356046258956 0.7993307547322707 -1.4884592866468633
38591597440069 PointCloud15.pcd PointCloud29.pcd 0.14 48.42 0.9916339142953875 -0.12907140240603057 0.0016592468619547837 0.2115840413681651 0.12875019513976158 0.9880815367392534 -0.0843698050635947 0.004850084508908781 0.00925025787109152 0.08387758840081291 0.9964331301664865 -0.16850303893656582
38591597440070 PointCloud15.pcd PointCloud29.pcd 0.14 48.42 0.9986779794039726 -0.051403047615088925 -0.00014194886221720738 -0.4856601677459458 0.051350219808854465 0.9977694090703189 -0.04265397108182434 0.5178227537174714 0.0023341763388643093 0.04259029254827533 0.9990898951553217 0.130639663104818
38591597440071 PointCloud15.pcd PointCloud29.pcd 0.14 48.42 0.8738882165408527 0.3202121861750279 0.3657643241433709 1.1779338540787658 -0.4326386665524289 0.8554046923560996 0.2847921988027458 0.4535538593880244 -0.22168258658447648 -0.4071203361663179 0.8860642542643509 -0.21495497227973456
38591597440072 PointCloud15.pcd PointCloud29.pcd 0.14 48.42 0.9493641940332446 0.18272140280386748 0.2555787863751499 1.1470779083908687 -0.16310309147748273 0.9819133018180541 -0.09614389873130097 0.6287092755777359 -0.2685237580514909 0.04958988475640535 0.9619957560674323 0.3372130634728984
38591597440073 PointCloud15.pcd PointCloud29.pcd 0.14 48.42 0.8945423627502839 -0.006117338501729311 -0.446941315403706 0.5018690231364209 0.20322603761403985 0.896147124300925 0.3944863866382204 -1.2735948428679142 0.3981119677689137 -0.4437148969516776 0.8028847684084719 -3.236482763403197
38591597440074 PointCloud15.pcd PointCloud29.pcd 0.14 48.42 0.9318175089722958 0.32566377540692015 0.16018500354395332 1.2003964767396327 -0.35392528548773383 0.9130974406928899 0.20245976413233396 1.0751781135557472 -0.08033070561803483 -0.24534907619105734 0.9661008273193349 -1.3858328698141988
38591597440075 PointCloud15.pcd PointCloud29.pcd 0.14 48.42 0.9400688921421749 0.3367137645490541 -0.05379887349924704 1.1217982101512405 -0.34092678464204274 0.9252327053440659 -0.16647332661822759 0.8738660153679931 -0.006277383230456152 0.17483787268468196 0.9845772253789302 0.6275580609377278
38591597440076 PointCloud15.pcd PointCloud29.pcd 0.14 48.42 0.7352209763415608 -0.6591704748246002 -0.15793796588177622 -1.310625314590875 0.645895469103822 0.7519758057591522 -0.13172482888213397 -2.106942399454861 0.20559464715433562 -0.005164559263365703 0.9786236091517 -0.5757314132550505
38591597440077 PointCloud15.pcd PointCloud29.pcd 0.14 48.42 0.8415373389041899 -0.37290526776655153 0.3908408480468883 -1.034194893760938 0.399500864899076 0.9166201360584317 0.014373069161178614 -1.7956218189100166 -0.3636123845181081 0.1440457824588361 0.9203460470827681 0.46639811504449313
38591597440078 PointCloud15.pcd PointCloud29.pcd 0.14 48.42 0.998164332189674 0.04960060073698488 -0.03475264523561503 -0.33312789807836607 -0.04909233853976331 0.9986765998577595 0.015329422469289852 0.09560706658439397 0.0354670021433948 -0.013595194116852984 0.9992783708536304 -0.23505567284714124
38591597440079 PointCloud15.pcd PointCloud29.pcd 0.14 48.42 0.9168571149097104 0.14248596409980244 -0.3729219501101965 -0.056868742379440285 -0.1545331610581989 0.9879845828387401 -0.0024425818965863114 0.4389267472128042 0.36809310367460407 0.05986830636915142 0.9278595006355685 -0.338981849523305
38591597440080 PointCloud15.pcd PointCloud29.pcd 0.14 48.42 0.889178658174312 -0.2451778315243856 -0.38632776858042467 0.17061728469627102 0.30717053192867766 0.94563664732144 0.10685314949649223 -1.743608230945006 0.33912767236246494 -0.21368004626465825 0.9161513301121983 -1.4454864165187185
38591597440081 PointCloud15.pcd PointCloud29.pcd 0.14 48.42 0.9992881637838286 -0.03769147654880144 -0.0015869206391855534 -0.06539489488338734 0.0377154894026215 0.9990933826135008 0.01974727011597867 -0.06090219002294542 0.000841178140863816 -0.0197930647824896 0.9998037442447649 0.4412192209432373
38591597440082 PointCloud15.pcd PointCloud29.pcd 0.14 48.42 0.998325184674016 -0.04829954682475508 -0.031843043543532304 -0.5259314224605398 0.05140741499788595 0.9931051484680463 0.1053538882504818 -0.4281660191026143 0.026534945427249948 -0.106814408498026 0.9939248355929083 -1.704356510454722
38591597440083 PointCloud15.pcd PointCloud29.pcd 0.14 48.42 0.9993317129738769 0.024914624861879696 -0.02674675518055686 0.4708476138556881 -0.019417219785199724 0.9817763840021372 0.18904524165262976 0.7539256480603356 0.030969323862656214 -0.1883995575464012 0.9816040483289635 0.27706869008085466
38591597440084 PointCloud15.pcd PointCloud29.pcd 0.14 48.42 0.9408204130080752 -0.21928539672237227 0.2584005906564973 -1.0596018791562631 0.24287938560781072 0.9680201550972346 -0.06282183833905437 -1.1902524434514006 -0.23636106810151125 0.12186424459142113 0.9639930245474161 0.15656869324510886
38591597440085 PointCloud15.pcd PointCloud29.pcd 0.14 48.42 0.9087256058995697 0.3918053012942236 -0.14389711275839634 1.7401923660391283 -0.4173481088985855 0.8478079339739932 -0.327173139315445 1.7591576104245974 -0.006191056552346155 0.35736579714417527 0.9339439800385642 2.426717677100287
38591597440086 PointCloud15.pcd PointCloud29.pcd 0.14 48.42 0.9903405746546041 0.07150193214946216 0.1187982318541912 1.1427798647923786 -0.04877406910839448 0.9816689459375898 -0.1842475800774353 -0.5560754291910168 -0.12979459301295265 0.17667358116219606 0.9756740282204538 1.517910712351034
38591597440087 PointCloud15.pcd PointCloud29.pcd 0.14 48.42 0.9759203920940541 0.10786801037234663 0.1895887144143848 0.04611228415710311 -0.09483505342815181 0.992545645314987 -0.07654707445445334 0.105548862737471 -0.19643243351409012 0.05672419505438005 0.9788752038738979 0.39068545889983974
38591597440088 PointCloud15.pcd PointCloud29.pcd 0.14 48.42 0.9270568267935466 -0.1849335191045285 0.3261368323374332 -0.6702233510912698 -0.010585547399833986 0.8566241576877167 0.5158323357953198 -0.5628856388603112 -0.37477137841853114 -0.48165822527745206 0.7921816508483703 -1.3059349974081638
38591597440089 PointCloud15.pcd PointCloud29.pcd 0.14 48.42 0.9966142649502896 0.03173229487557888 0.07584898390567424 0.314658206993347 -0.032804179822160925 0.9993781873107969 0.012927664660765122 -0.4797183885990958 -0.07539159557795053 -0.015372058720782195 0.997035509461371 0.21200728495298182
38591597440090 PointCloud15.pcd PointCloud29.pcd 0.14 48.42 0.8842698266160779 -0.015398093848151209 -0.46672237191098437 0.5286148861031266 0.023132610697543035 0.9996735623190968 0.010846710218455199 -0.16663951940082605 0.46640299748038455 -0.020387925497478913 0.8843373657350581 -0.3984962225323463
38591597440091 PointCloud15.pcd PointCloud29.pcd 0.14 48.42 0.9993023286944619 0.033711143341440895 0.01607528165968923 0.05820095170938844 -0.031048448686881176 0.9890783878759104 -0.14408308877494327 0.05157180526262492 -0.020756919327386276 0.14348345358055367 0.9894350149699743 0.7787961923499922
38591597440093 PointCloud30.pcd PointCloud15.pcd 0.13 340.19 0.9818453717781529 0.17886673611922677 0.06313760074532161 -0.0960255469813287 -0.1841535627547778 0.9786513478527276 0.09126338077652968 0.2614716828607636 -0.045465715022892324 -0.10123354214930261 0.993823243188326 -0.06719376382712261
38591597440094 PointCloud30.pcd PointCloud15.pcd 0.13 340.19 0.9977231325190528 0.06252957854603025 -0.02527058850175017 -0.07173096174229543 -0.0626248346861483 0.9980326447641037 -0.0029950067948412576 0.30316978732410527 0.02503359576452315 0.004570753988608651 0.9996761612097561 -0.4658685644468713
38591597440095 PointCloud30.pcd PointCloud15.pcd 0.13 340.19 0.9745990721392378 -0.19722097126944937 0.10611567780903901 0.44963829811241984 0.2009953271998694 0.979246363534587 -0.026027638158405857 -0.14660113098688798 -0.09878019553105873 0.046695267381421886 0.9940130909475102 0.3082874096215069
38591597440096 PointCloud30.pcd PointCloud15.pcd 0.13 340.19 0.8467387326418014 0.5315507974389005 -0.022074156523521175 -0.805711023466794 -0.5314909442372918 0.8433552682181931 -0.0791787077589157 0.7201810847153967 -0.023471149053848728 0.0787758929539279 0.9966160062187459 -0.3439129005851811
38591597440097 PointCloud30.pcd PointCloud15.pcd 0.13 340.19 0.9349623758795579 0.10094059461430516 -0.3400828605627796 0.23304230943438242 -0.19118964594689142 0.9508999749936707 -0.24338396997283707 0.5387870289871932 0.2988174609562747 0.29257517652040654 0.9083544963898722 -1.5223108122013786
38591597440098 PointCloud30.pcd PointCloud15.pcd 0.13 340.19 0.8509471134380078 0.23676247943070355 0.468863027402831 -1.1613690710523814 -0.1994538338396119 0.97143780610325 -0.12855643523365354 0.896943647672569 -0.48590861105582667 0.015878199114816027 0.8738653812199378 1.8566815613250427
38591597440099 PointCloud30.pcd PointCloud15.pcd 0.13 340.19 0.998594215769039 0.008179370084671941 0.05237069922806224 0.3828429279618253 -0.008868740732077472 0.9998768856952008 0.012944454036128495 -0.3916732287588828 -0.05225837416572941 -0.0133907190801774 0.9985438152490207 0.5070486767662227
38591597440100 PointCloud30.pcd PointCloud15.pcd 0.13 340.19 0.9981980396887442 -0.047747215871664084 0.03634387070818246 0.017001236389935448 0.05175452482323638 0.9915724606293296 -0.11876668085712364 -0.15303753836980905 -0.030366802957660574 0.12043362777065864 0.9922568208786117 -1.1908076125378588
38591597440101 PointCloud30.pcd PointCloud15.pcd 0.13 340.19 0.9822425743309214 -0.10672503490139164 -0.15430259912607078 0.1059598363113593 0.06994411880199615 0.9714557251059576 -0.22667508553846488 0.23873943244994597 0.17409004973511957 0.2118573602312529 0.9616699607968778 -1.7896104715206032
38591597440102 PointCloud30.pcd PointCloud15.pcd 0.13 340.19 0.8409142590949443 -0.5371695282276618 -0.06566663379885115 1.2954304072986829 0.5411262698072288 0.8331219531811394 0.11441228628149147 -0.4120872745783689 -0.006750479635947455 -0.13174486354812867 0.991260673058994 -0.1373012892859291
38591597440103 PointCloud30.pcd PointCloud15.pcd 0.13 340.19 0.9801852822321218 -0.19763586079524884 -0.013299587334079531 0.5298017822218886 0.19333258773015674 0.9691363011528433 -0.15296189168988006 0.4377185896829032 0.043119868008808106 0.1473597513417635 0.9881425912627168 -1.7080381321940663
38591597440104 PointCloud30.pcd PointCloud15.pcd 0.13 340.19 0.9534102601513121 -0.25637124467170197 0.15900522237866738 0.3470766934884444 0.2796502163868852 0.9487722808830836 -0.14706092445880836 0.1397347963974555 -0.11315755526245434 0.1846752390912041 0.9762635011889111 -0.08020265921253833
38591597440105 PointCloud30.pcd PointCloud15.pcd 0.13 340.19 0.9615336049766289 -0.25599804457932496 0.09958979702866318 0.44856855908820603 0.19779205384534287 0.8968385732845209 0.39567521643972875 -0.30032770981398227 -0.19060805317795304 -0.36075694676686015 0.9129748054700981 1.2520755757341255
38591597440106 PointCloud30.pcd PointCloud15.pcd 0.13 340.19 0.993248452218639 0.05312146535224539 0.10312915244540888 0.049953786520194 -0.05977278777383546 0.996252701010606 0.06251215538450274 0.8154993842443434 -0.09942195938032108 -0.06825441852292334 0.9927016713721577 -0.02806472474231536
38591597440107 PointCloud30.pcd PointCloud15.pcd 0.13 340.19 0.9999531897130035 0.008188232132030114 -0.00515472960899475 -0.4810258085078014 -0.008576333187393986 0.9967245375573782 -0.08041543844367852 -0.18306941651959482 0.0044793852087828 0.08045588285254368 0.9967481056026989 -1.1975215000396382
38591597440108 PointCloud30.pcd PointCloud15.pcd 0.13 340.19 0.9999659667071715 0.000755741104729804 -0.008215490415955413 -0.055573280939865466 -0.0010274604909606957 0.999450844520691 -0.03312029154185206 -1.220768467471154 0.008185948468659466 0.03312760544108771 0.9994176064115582 -0.6917071800395214
38591597440109 PointCloud30.pcd PointCloud15.pcd 0.13 340.19 0.9928618014712475 0.02362807646525238 -0.11690661735685072 0.10055174792823163 -0.06822905972560393 0.9164781015960948 -0.3942241554037221 0.6045376212862688 0.09782759625089894 0.39938653369557947 0.9115482203999965 -1.7247108860355393
38591597440110 PointCloud30.pcd PointCloud15.pcd 0.13 340.19 0.992778181116686 0.06584629038983458 0.10027835828603202 -1.0117692247000982 -0.0012674286555349398 0.8416106366109474 -0.5400832620697653 0.35674762804584026 -0.11995781226434299 0.5360557829043664 0.8356161324983734 -0.990073755620891
38591597440111 PointCloud30.pcd PointCloud15.pcd 0.13 340.19 0.8136548212454953 0.3062881348158303 0.49411882208128927 -0.156985798823301 -0.17342758991036566 0.9391353060459573 -0.29655985567141074 0.07898129680877858 -0.5548771962532278 0.15560351991200488 0.8172507826054076 0.26165021999827787
38591597440112 PointCloud30.pcd PointCloud15.pcd 0.13 340.19 0.8475570604075475 0.4338084308147427 -0.3057078257215006 -0.8580891803490958 -0.5298739871459603 0.7239361758794396 -0.441757819397796 2.5132515464191707 0.029674687856140913 0.5364015833376182 0.8434410200443994 -0.08394042249259426
38591597440113 PointCloud30.pcd PointCloud15.pcd 0.13 340.19 0.9982751560430322 0.054124840982686634 0.02274234851237983 -0.30656335342519725 -0.054487864360842894 0.9983916622112808 0.015657632783721096 0.5128351285395653 -0.021858304249278947 -0.016869807811423245 0.9996187393800455 0.5390489524524411
38591597440114 PointCloud30.pcd PointCloud15.pcd 0.13 340.19 0.9145667343174732 0.40059015862896674 0.055634641092502185 0.2931891048464861 -0.3605908912446625 0.7453747303371384 0.5607055559972792 -0.5694443995220203 0.18314447201936576 -0.532863994077717 0.8261440952910638 0.747706424817586
38591597440115 PointCloud30.pcd PointCloud15.pcd 0.13 340.19 0.9966854361009319 -0.08134956046574854 -0.0006248810485148235 0.10667715998132565 0.08128314259762168 0.9961288123722286 -0.033472972550224946 0.04458285339365927 0.0033454736211738496 0.033311231948442495 0.9994394276955093 0.6292343945766422
38591597440116 PointCloud30.pcd PointCloud15.pcd 0.13 340.19 0.9924788314983678 -0.058858242526836066 -0.10733814007279424 -0.008824219927236143 0.05861913040940049 0.9982659003991242 -0.005384203782531113 -0.12204060098520562 0.10746890981898136 -0.0009483601521940491 0.9942079933471374 -0.05209510165257902
38591597440117 PointCloud30.pcd PointCloud15.pcd 0.13 340.19 0.9629363547100253 0.2343236773525654 -0.13358888804739377 0.44161579712717736 -0.21568081317659918 0.9663276915605276 0.14033025101802776 1.186536925737481 0.16197334226732862 -0.10631654036542293 0.9810511860445804 -0.6293262513386444
38591597440118 PointCloud30.pcd PointCloud15.pcd 0.13 340.19 0.9119533935809009 -0.3339605612075242 -0.23835131947240007 0.9331548858068118 0.3361225252343462 0.941247868881818 -0.032773424531508 0.16511092624301293 0.23529270274780079 -0.05022741167322524 0.9706258553893172 1.110782136357516
38591597440119 PointCloud30.pcd PointCloud15.pcd 0.13 340.19 0.9676623821155264 -0.2508216125725436 -0.026796136009020588 0.8353005269602733 0.19944666216769563 0.8258136366326394 -0.5274967928828952 0.6835994726238598 0.15443621074304492 0.5050944032733721 0.8491343242345383 -0.992248122268404
38591597440120 PointCloud30.pcd PointCloud15.pcd 0.13 340.19 0.8901455343638182 -0.4505950614898337 -0.06786028450519346 1.5872777135940062 0.4449194830945598 0.8916076720837579 -0.08415707126707708 -0.803981902378955 0.09842551099700997 0.04471967846882582 0.9941391095528948 -0.6027850768589081
38591597440121 PointCloud30.pcd PointCloud15.pcd 0.13 340.19 0.999600766089079 -0.02817748238778427 -0.0020827674888668265 0.042227497251440704 0.02773837641483481 0.99269964944282 -0.1173796765627314 -0.8021920941888202 0.005375026325099179 0.11727504202680383 0.9930849276922976 -1.2143399440368454
38591597440122 PointCloud30.pcd PointCloud15.pcd 0.13 340.19 0.8625179740847703 -0.49573181799897437 0.10155150911796203 0.8040385369834948 0.5017205898095038 0.8116566507239744 -0.29914867724384786 1.4674168711664441 0.06587255985543088 0.30897159409721153 0.9487873101486554 -0.3384838417292868
38591597440124 PointCloud16.pcd PointCloud28.pcd 0.13 61.94 0.992563055623618 0.1216932898380462 -0.0030534929998177886 0.8886504671885711 -0.12169662441397869 0.9925669075322985 -0.0009304181923623629 0.2580197037412407 0.002917570453246919 0.0012950985147685285 0.9999949052382654 0.28846149231570883
38591597440125 PointCloud16.pcd PointCloud28.pcd 0.13 61.94 0.9779163127609413 0.20894618495058492 -0.004601850784278024 1.6190515818896039 -0.20897486885852345 0.977895748297721 -0.007029199584822578 1.76256766487183 0.0030314058797410995 0.007835640103801429 0.9999647060384461 0.12105648378475187
38591597440126 PointCloud16.pcd PointCloud28.pcd 0.13 61.94 0.9506238611362162 -0.31016483667495304 0.010585307216689176 -0.74172607742902 0.3081558065873519 0.9474121380185621 0.08631477047177813 -1.3228862739957559 -0.03680045522776192 -0.07879095649563422 0.9962116801511276 -0.2040496356748437
38591597440127 PointCloud16.pcd PointCloud28.pcd 0.13 61.94 0.9984544484394411 -0.022675732966988472 0.050739782477866514 -0.2945314716125633 0.019358900722130708 0.9977018865186658 0.06493210761962091 0.04848559302587527 -0.052095559833080445 -0.0638494852877075 0.9965988640742938 0.8341373437950454
38591597440128 PointCloud16.pcd PointCloud28.pcd 0.13 61.94 0.9577403748712033 -0.014533712860571452 -0.287266680163317 0.582420770556888 0.006451350541203202 0.999556791064942 -0.029062028699841768 0.3805495436666086 0.28756174018419334 0.02598062020896286 0.9574096578559232 -0.8499965962722363
38591597440129 PointCloud16.pcd PointCloud28.pcd 0.13 61.94 0.9879458670088853 0.14364464705780913 -0.05769904012805936 0.5510200888901231 -0.1475638502196974 0.9865267482008843 -0.07063911942067076 0.7740144707869145 0.04677471505419005 0.07830191859607603 0.9958317807620787 0.0349183450746654
38591597440130 PointCloud16.pcd PointCloud28.pcd 0.13 61.94 0.9996680007207782 -0.01967307725756848 -0.01663906145609543 0.9277379965897814 0.01977944706210517 0.9997848164690519 0.006252538033595407 0.4772024210975333 0.016512474340308836 -0.006579573630708901 0.9998420112207721 -0.8272151521880088
38591597440131 PointCloud16.pcd PointCloud28.pcd 0.13 61.94 0.7949745981211412 0.6053690243940187 0.03929036327605051 2.9502623891067743 -0.6065061171426319 0.7917524773617746 0.07265221579594656 0.6641241192549405 0.012873158536198808 -0.0815865117266739 0.9965831239257342 -1.4213810256265185
38591597440132 PointCloud16.pcd PointCloud28.pcd 0.13 61.94 0.9380158769828076 -0.33006087336995193 0.10576405059583568 -1.1949386274401845 0.3241236632868094 0.9434498570449215 0.06961478391445258 -1.4540623941544197 -0.12276019479339773 -0.031019141061310172 0.9919514844296092 -0.06514804356381468
38591597440133 PointCloud16.pcd PointCloud28.pcd 0.13 61.94 0.9946654891942757 -0.03933616810624774 -0.09535843163889181 -0.9747704535730508 0.02993379555618951 0.9947263281520413 -0.09809943916637687 -0.41131220524001744 0.09871439859266952 0.09472168685087087 0.9905974306198322 -0.18651284549310032
38591597440134 PointCloud16.pcd PointCloud28.pcd 0.13 61.94 0.9801664124477334 -0.042536175654877106 0.1935574273180884 -0.7076930270457944 0.034415504297929445 0.9983882574094165 0.045127159570570854 -0.31954927782003933 -0.19516499935505555 -0.037570749628481004 0.9800505404309999 0.6957413355545029
38591597440135 PointCloud16.pcd PointCloud28.pcd 0.13 61.94 0.9989811132008793 0.03739634871130185 -0.025263581911416113 0.16134901759954712 -0.026513578041201618 0.9393197708841944 0.3420166636371943 -0.14435768301383994 0.036520756391198006 -0.34099835942292644 0.9393542213795004 -0.30046414009164923
38591597440136 PointCloud16.pcd PointCloud28.pcd 0.13 61.94 0.9851905198971354 0.17121067950649582 -0.009302834392590375 0.5946969723423603 -0.17132779376078572 0.9851184090441609 -0.013729794148598547 0.8851618659831201 0.006813706030764066 0.015120297127542918 0.9998624655545887 -0.24739098593599895
