id source target overlap t1 t2 t3 t4 t5 t6 t7 t8 t9 t10 t11 t12
36535719080030 PointCloud15.pcd PointCloud30.pcd 0.12887787158845473 -0.4719658390893498 0.8785038509350327 0.07402182532878224 -9.388983983508615 0.7846887215440503 0.38031907713849583 0.4895109905263493 7.313177412338367 0.4018853779552706 0.28911655687082616 -0.8688496760250928 -6.5917331201839096
36535719080061 PointCloud28.pcd PointCloud13.pcd 0.1526233931122044 -0.5051492648994061 0.44091092844000085 0.7419041537515246 3.041148390024647 -0.591365973921538 -0.8029508318082555 0.074540234680751 5.854372751339781 0.6285781614560121 -0.4010829276852943 0.6663497430478775 2.3464026934697184
36535719080092 PointCloud3.pcd PointCloud14.pcd 0.15227342668102786 0.8155524939707411 0.10204467069590814 -0.5696147950682704 -5.1771592017993004 -0.05356901626104732 -0.9667898763791961 -0.24989536895973477 -3.716829335147522 -0.576198307941743 0.2343164956063956 -0.7830014622028557 -8.488288088232402
36535719080123 PointCloud4.pcd PointCloud13.pcd 0.10354934055289237 -0.39349318617754725 0.9055763635469047 0.15841263275700673 0.13807993038773933 -0.5832624541738549 -0.11272248805226065 -0.804424359550604 0.4807399636152644 -0.710611020167105 -0.4089316452323934 0.5725442232217474 9.886696468467662
36535719080154 PointCloud24.pcd PointCloud12.pcd 0.1350804579403298 -0.09976343442843805 0.4111743657626725 0.9060810659597223 -5.922227833394903 0.7412524090732207 0.6381884833492354 -0.20799116751330854 9.259683801626807 -0.6637711376628161 0.6508848597563677 -0.3684518640823303 2.6825435555642327
36535719080185 PointCloud10.pcd PointCloud15.pcd 0.16933587187814986 -0.19573131349472567 0.7024810139223331 -0.6842584877049611 5.272226501943188 -0.9570924292430635 -0.2888842853656273 -0.02280244623724642 -13.006138077628473 -0.21368980977866286 0.650435465474817 0.7288829607346554 -1.295452312093656
36535719080216 PointCloud11.pcd PointCloud19.pcd 0.156864769377244 -0.7313497631570893 0.5515300436335693 -0.40117594008068624 -0.7279999393276999 -0.12847768399173562 0.4662837515796366 0.8752559327013667 -8.225465386022876 0.669791765137635 0.6916603747377557 -0.27015720862386433 5.480037238945469
36535719080247 PointCloud5.pcd PointCloud14.pcd 0.11500770416024653 -0.8795449863944511 -0.1821699663973572 0.4395619640632828 2.1443599441205703 -0.19192204057967513 -0.7094985510062772 -0.6780691236590313 2.809683077503148 0.43539240605242363 -0.680753927247415 0.5890734617083871 6.995222340386635
36535719080278 PointCloud9.pcd PointCloud21.pcd 0.13498591814295877 -0.5575342875211888 0.14152259969809697 -0.8180017555072439 -2.3845685486200296 0.4057859710508328 -0.8131610964583771 -0.41726104168127515 -5.662870741577765 -0.7242190717846178 -0.5645709742639117 0.39593730700973934 -3.6050574987076307
36535719080309 PointCloud20.pcd PointCloud30.pcd 0.1380668433451119 -0.12762350927929517 -0.6116956097295642 0.7807308889219218 8.762514515422502 0.9598279676084113 0.12215187677184824 0.252604813093143 -2.4345238270261866 -0.24988499850119877 0.781605655070824 0.5715331027030403 9.959085899069706
36535719080340 PointCloud14.pcd PointCloud26.pcd 0.2410538878178647 0.8063424178693759 0.44871432185922844 0.38531462793797666 4.387286286474306 0.21378306274497438 0.38630868128343 -0.8972526984347472 -1.0124956734534702 -0.5514605219124457 0.8058666515767171 0.215569554085411 -5.964783295297799
36535719080371 PointCloud3.pcd PointCloud16.pcd 0.23510027183669283 -0.9463961056217433 0.3223006358193167 -0.02137080752950124 6.661085947041882 0.2616478739197133 0.8037297203842649 0.53437713896117 -4.391743312117694 0.1894064448145644 0.5001408168920989 -0.8449759534692168 -11.689451014113814
36535719080402 PointCloud9.pcd PointCloud16.pcd 0.25047478495034603 0.617857533988816 -0.7795790938299094 -0.10251099529609622 -6.961212070336982 0.783996612038788 0.6008469702854624 0.1559879181554858 -2.065929742389072 -0.06001149893946098 -0.1767465834524613 0.9824251957441448 5.784163323332431
36535719080433 PointCloud2.pcd PointCloud15.pcd 0.2289549977799253 -0.527501484737706 -0.8457373064154572 0.08043999090404302 0.09932285276159727 0.848729227917481 -0.5204502078662361 0.09375648676538728 -0.6109171404211012 -0.037428348589167784 0.11772845734621051 0.9923402284764884 5.551935895763159
36535719080464 PointCloud17.pcd PointCloud27.pcd 0.21151289204056625 0.4979116461996846 0.8669853826131548 0.020502168515579462 5.568618049342995 -0.8662991068715127 0.4983332249013081 -0.03449426608990766 0.27535226937511387 -0.040122936237757346 -0.0005859134606998537 0.9991945789950409 11.869595688181004
36535719080495 PointCloud2.pcd PointCloud18.pcd 0.2071590879410766 0.3736021846849541 0.40492060013061854 -0.8345422189371183 -1.3848038078554485 -0.8857122473780301 0.42300110129689816 -0.19126913798668743 2.0524304006442016 0.27556346354912264 0.8106228320812775 0.5166772703200135 -13.53681653284883
36535719080526 PointCloud19.pcd PointCloud11.pcd 0.22333625684367192 0.16331530170631706 0.9860891791088413 0.03092318018940604 -5.606531690759854 0.032273118799185374 0.02598743518877239 -0.9991411807223658 8.354737656943781 -0.986045920853359 0.16417303084478035 -0.027580027405543106 -9.746615760315178
36535719080557 PointCloud13.pcd PointCloud0.pcd 0.204675038633013 -0.3212376266161395 0.3860386104727084 0.8647430707848027 6.229302243363171 -0.031535929124243994 -0.9169951166909484 0.39764989769799375 0.15558290170075373 0.9464733870639472 0.10046963316970356 0.3067474211634792 -10.618579556732282
36535719080588 PointCloud30.pcd PointCloud18.pcd 0.220556586270872 0.40374419799578515 -0.7457050751518253 0.5300137389516907 3.8023138646275876 -0.8557890278313514 -0.10301950233452398 0.5069636298416461 -8.978448413684113 -0.3234436000730433 -0.6582635665381745 -0.6797597476610626 2.6392848004995786
36535719080619 PointCloud10.pcd PointCloud24.pcd 0.24995431798221054 0.6809345339286433 -0.28858125131836687 -0.673089163403265 -3.608379688610871 0.6660470879753351 0.6261562729672349 0.40535120380154066 2.04655120287839 0.3044822443147675 -0.7243267102705157 0.6185801319843169 2.8489681904254405
36535719080650 PointCloud3.pcd PointCloud11.pcd 0.27813253321023745 0.5964580691742882 0.3584992767012123 -0.7181337203624322 2.148875815828395 0.30456637514338514 0.7267061289218808 0.6157414435616575 4.716644803513947 0.742615038124666 -0.5859833366163945 0.3242629093174528 -3.10102464678812
36535719080681 PointCloud25.pcd PointCloud15.pcd 0.3177966101694915 0.06770027023337037 0.6625430288715497 0.7459580472815084 0.7745663626252723 0.994608916166078 -0.10368119376375802 0.0018204237587408634 1.0485692051114168 0.07854792991077453 0.7418132817316192 -0.6659904486952477 14.25861345486829
36535719080712 PointCloud15.pcd PointCloud3.pcd 0.2561174651482427 -0.09740387353008523 0.13913292884940537 0.9854717213249303 -2.712440657431312 -0.5888646450922346 0.7902009636978293 -0.16976709554980904 -1.512974442951319 -0.8023408971140206 -0.5968454281309422 0.004961828036173455 -8.118883676015873
36535719080743 PointCloud3.pcd PointCloud15.pcd 0.27383058932143406 0.998896234526681 0.04518736741380974 0.012822420778751266 -4.435088953731531 -0.015306149355326936 0.05505489900262256 0.9983660049739892 4.123229066352873 0.044407594399273775 -0.9974603049354999 0.05568577590057627 3.482609233169003
36535719080774 PointCloud14.pcd PointCloud3.pcd 0.27155053704213716 -0.6788362317253143 -0.6854573363917966 -0.26330516607852394 -1.0578728569351932 0.13438221533172318 -0.4685005354631757 0.8731830669872477 2.5835390215291008 -0.7218883505775072 0.5573647712740565 0.410148413434826 -9.760681262231502
36535719080805 PointCloud20.pcd PointCloud12.pcd 0.2893551236749117 -0.6323176141931237 0.7608805046465371 -0.14572334209023424 -6.39478244484132 -0.7105089319786783 -0.6445404567047015 -0.28239096524041535 1.542351297345557 -0.3087903696031249 -0.07502304525761683 0.9481666785542717 12.71604137398831
36535719080836 PointCloud9.pcd PointCloud18.pcd 0.3153101242378452 -0.2054338522095115 0.9763777344595398 -0.06695858434896323 -3.1297420323540726 -0.2536050601789829 -0.1191906053029822 -0.9599364942844519 3.0436928012559115 -0.9452414537132696 -0.18022241608403028 0.27210011929960565 -3.6868505091221087
36535719080867 PointCloud16.pcd PointCloud20.pcd 0.3061801289152986 0.7293281108976464 -0.6291123267920798 0.2688832217389653 0.2723788421357859 -0.6655492918248073 -0.7434480555277536 0.06579611602138388 0.36087069520190723 0.15850756072177713 -0.22694199481421926 -0.9609228294633105 -4.87842506477487
36535719080898 PointCloud4.pcd PointCloud11.pcd 0.26192220759543977 -0.651827580974131 0.7390823510810567 0.16993552601475226 9.269613453868766 -0.7567721749200833 -0.6484415152353129 -0.08258012222113931 2.034120349306183 0.04915973909755526 -0.18243047892232578 0.9819890225516938 1.3129614242241852
36535719080929 PointCloud30.pcd PointCloud7.pcd 0.3033889919604205 -0.20362039188415287 -0.9790233364679797 0.007214059886708212 6.277172140107451 0.977814602398887 -0.20372798551882482 -0.04871869509693569 0.0691880561999835 0.0491664453102994 -0.002866106687919253 0.9987864867367815 6.0049007592376835
36535719080960 PointCloud16.pcd PointCloud26.pcd 0.3828935441635613 0.8447949282882099 -0.09806549041569088 -0.5260272699471464 9.687428839905955 0.006599375024289429 -0.9810785335178607 0.1934976984869139 -2.2807493543350392 -0.535049509286577 -0.16693732554457047 -0.8281629984201293 5.508591756722498
36535719080991 PointCloud12.pcd PointCloud3.pcd 0.348269841980393 0.04594536638997093 -0.37574441377296236 -0.9255836854794406 4.800033543222581 0.2290152995296823 0.9058459830538529 -0.3563636451246516 -4.449483143478339 0.9723379123990903 -0.19559956672654366 0.12767064505111259 1.7740251456962435
36535719081022 PointCloud17.pcd PointCloud20.pcd 0.3742863101910994 0.6863492443010296 0.1659443734746323 0.7080869860119712 -1.661065723908598 -0.7120959553012214 0.3511995766632642 0.6079294431060114 -1.4905819790299806 -0.14779737917516172 -0.9214777926047137 0.35921388119795383 -8.428291413945523
36535719081053 PointCloud8.pcd PointCloud23.pcd 0.33434671862711723 0.10558489225003931 -0.8802000920030957 0.46270901068197223 3.553828634870374 0.43313262638393546 0.45955897687465525 0.775371958956264 -0.40339771672197283 -0.8951245491496151 0.11854680430809611 0.4297658626485312 -6.025436600875729
36535719081084 PointCloud2.pcd PointCloud10.pcd 0.3366286206806488 0.04175345504463651 0.9681678525145064 0.24679476969596487 -5.583573630534908 -0.5359593274926112 0.2301670561622365 -0.812262719525695 7.127665559350009 -0.8432106784579423 -0.09835718385079295 0.5285088609658668 9.191449527264194
36535719081115 PointCloud26.pcd PointCloud10.pcd 0.39829150428682775 0.6759273135190227 0.7148193900309846 -0.17931956523114753 1.7322690103325111 -0.33717022026215193 0.08358755964221248 -0.9377256328166739 -0.8945423438922544 -0.6553155800126597 0.6942955851139994 0.297514925816976 9.75153142958742
36535719081146 PointCloud17.pcd PointCloud11.pcd 0.3862723883515395 0.6854233875401496 0.677261903345274 -0.2674155831101145 -1.0704489429134347 -0.7046113813335559 0.7095359132289436 -0.009032670346417013 0.6819137307551956 0.1836234764625808 0.19461526691271075 0.963538954467483 6.6721327207928285
36535719081177 PointCloud15.pcd PointCloud26.pcd 0.3472474474769291 0.26537328354426337 0.9606906542334421 0.08155051961488077 9.984353522475404 -0.8924219849287407 0.276764800182672 -0.35634848981817246 3.3402515476520214 -0.3649109770845247 0.02178789224240582 0.9307874443474465 -5.276891172161811
36535719081208 PointCloud4.pcd PointCloud21.pcd 0.39803407764337695 -0.25946338229304505 -0.663669538858338 0.7015849887509096 3.725140974285888 -0.8429323130647848 0.5101684080495841 0.1708605016362893 -0.6017424135045164 -0.47132140715259735 -0.5470566137244973 -0.6917985201921014 2.483545130318051
36535719081239 PointCloud0.pcd PointCloud9.pcd 0.39358207509925586 0.7318757648573491 -0.414230530898886 -0.5410831101463964 4.616302206698561 0.03758328506182107 0.8173596315087142 -0.5749006257292655 -3.261588330288912 0.680400882934783 0.400420154401806 0.6137738495980434 -4.454685128628097
36535719081270 PointCloud6.pcd PointCloud8.pcd 0.4435332289708742 0.4893255141988737 0.7528895713791379 -0.440133882429592 3.9508365370159773 -0.25740969483358606 -0.35751064093827034 -0.8977340311147769 9.206156551119637 -0.8332471363045229 0.5525788947511886 0.018861996603405262 -5.55327731182947
36535719081301 PointCloud6.pcd PointCloud31.pcd 0.4690352250383234 0.8231853052278923 -0.5662490104682913 0.04156935650863741 3.2816375748930406 -0.4620426150325176 -0.7106449216056638 -0.5305661290451855 -10.835271619607083 0.32997359765710665 0.41754742669517264 -0.846623630256955 -2.128785641481866
36535719081332 PointCloud27.pcd PointCloud10.pcd 0.47843937317222607 -0.3875136148477576 -0.8183462892537768 -0.4244320312749708 13.282222930506046 0.8383212034469117 -0.12130722257079446 -0.5315092827067854 -5.650007129174904 0.38347197832298713 -0.5617774547066959 0.7330452463690907 -3.255814441289498
36535719081363 PointCloud18.pcd PointCloud12.pcd 0.4771425524306623 -0.7080165389297154 0.27771040356280075 0.6492992471541712 -1.6935932085155898 -0.2054754476033184 -0.9606641635665342 0.18682667173406375 -1.2332516749226603 0.6756422285753039 -0.001138679936591086 0.7372287856383521 4.331539129659844
36535719081394 PointCloud0.pcd PointCloud4.pcd 0.42003292389515007 -0.08228236284235595 -0.23955599093056726 -0.9673895492377168 -3.458684565826654 -0.6810078617244653 -0.6951931816252213 0.23007549302625382 -2.6275096883006666 -0.7276385813263001 0.6777310435792919 -0.1059373755308927 7.269565931693791
36535719081425 PointCloud10.pcd PointCloud31.pcd 0.4629032543280028 -0.24557194414000394 -0.9091495330427208 0.33636519858555775 3.3349105294837167 -0.8697459551948297 0.05341736292769629 -0.4906002025683278 -0.4774762379345021 0.428061203186568 -0.41302991647827847 -0.803846934696161 -10.559919308814289
36535719081456 PointCloud8.pcd PointCloud24.pcd 0.44802389867712133 0.39824694505021563 0.0694755291036532 -0.9146433849396922 -5.516981342969063 -0.13329932422233395 -0.9821592655173826 -0.13264413790373367 0.40295561349619186 -0.9075409968260606 0.17474646781587047 -0.38188088596555525 -8.512710769029809
36535719081487 PointCloud0.pcd PointCloud31.pcd 0.4411355019404241 -0.275323726251037 0.6978511406253933 0.6612114875673907 3.5868495059058176 -0.8888585868655257 -0.446808358222575 0.1014529623907944 0.5411292914872631 0.36623388472213336 -0.5597911008137632 0.7433079208047297 10.956355157573583
36535719081518 PointCloud10.pcd PointCloud28.pcd 0.4806868217693972 0.6123109366858892 0.5415671122349931 0.5760038018627129 3.9828250246246792 -0.5815452570915199 0.8020784056533252 -0.13592404179900622 5.672358225303041 -0.5356122018486948 -0.25174450168786283 0.8060671653781233 0.644870524549717
36535719081549 PointCloud31.pcd PointCloud5.pcd 0.4167524821730429 -0.0005845689702951296 -0.33391165429322645 0.942604193395234 -4.357485481478234 0.9947426107513072 0.09633330519918637 0.034742375639462975 1.7697739054984727 -0.10240506156822576 0.9376688655578584 0.3320998372909067 -2.273130872004803
36535719081580 PointCloud7.pcd PointCloud29.pcd 0.5223243364875588 0.45667045312649884 -0.17351771839819377 0.8725501123964878 0.5918291031485821 0.5264055985755272 0.8433730377883086 -0.10779176647620756 6.156106061389109 -0.7171814575332935 0.508540579043212 0.47648424573831966 -2.2302685162557543
36535719081611 PointCloud1.pcd PointCloud4.pcd 0.5084905913257921 0.27382933441957347 -0.45649236247376945 0.8465413271745511 2.6020718524722537 0.21089178685456147 -0.830264357822813 -0.5159319241589555 -11.776456353543617 0.9383720743120098 0.3198059085323296 -0.13108024648736205 8.87758809249109
36535719081642 PointCloud17.pcd PointCloud19.pcd 0.5134851526448888 0.6714728140038042 0.7386342607505291 0.059528891299370223 -5.579739577486158 -0.4660058822366394 0.3584397500051585 0.8089248811460129 -1.384985420117313 0.5761621106725642 -0.5709118797693381 0.5848904579180421 -6.952610883251345
36535719081673 PointCloud31.pcd PointCloud3.pcd 0.5362206203327698 0.4168570245345402 -0.8464728984847315 0.33123081563626755 -2.6183342215604735 0.7053717547070432 0.5310785312329385 0.4694744735605669 9.882381486155426 -0.5733069934666037 0.03793712949502154 0.8184618900400686 8.236129267668321
36535719081704 PointCloud7.pcd PointCloud24.pcd 0.5341556426684984 -0.009842448946860316 -0.9595650324332506 -0.2813149031425514 -1.497346431373739 0.9739456637188914 -0.07294236680963789 0.21473065744643086 -1.4720541593454495 -0.2265678051310394 -0.27187195452194557 0.9352821339160289 -8.710605496565254
36535719081735 PointCloud26.pcd PointCloud8.pcd 0.5103663289166017 0.535278478023417 -0.6459956378901941 0.5442118951215374 -2.484202407014289 0.42118370380991266 -0.3543473023777096 -0.834890577825983 -8.695842256535935 0.7321756883493865 0.6761121394594842 0.08240835070319519 -11.447547828454358
36535719081766 PointCloud8.pcd PointCloud30.pcd 0.5424506708297631 0.13555619552995768 0.6282658393592865 0.7660982658560289 -7.384088927078116 -0.2639029952069115 0.7681970609741359 -0.5832910805348563 -10.5443304772267 -0.9549762965510005 -0.12310690721836356 0.2699351077960489 -3.9822007961511776
36535719081797 PointCloud9.pcd PointCloud30.pcd 0.5168776495352105 -0.8692652346264665 0.4390527460122797 -0.2271797484127287 1.4153209507642104 0.3515823041919276 0.8721379744023102 0.3402429087938943 1.251101759407497 0.34751666902306855 0.2158889525300264 -0.9124823970502659 -4.529239328605737
36535719081828 PointCloud31.pcd PointCloud23.pcd 0.5402037551570262 0.657168898586654 -0.13102588426428938 0.7422676447098884 2.0019452121209778 0.07915411113554366 0.991326571339596 0.10491070320240309 -0.3625368867322142 -0.7495756569024543 -0.01019051563178984 0.6618402284316148 -7.1811433192119445
36535719081859 PointCloud16.pcd PointCloud11.pcd 0.48115998589988923 -0.009395145417321782 0.6050652799817839 0.7961204294597349 1.4956892194688736 -0.9619582820216235 -0.22285666457634834 0.15802269047168993 5.599134286405773 0.27303478696421435 -0.7643499944491858 0.5841413280131236 4.727412063754553
36535719081890 PointCloud25.pcd PointCloud21.pcd 0.5960388922518159 -0.49635571916900545 0.8644707432067115 -0.07950681849913914 -3.9492542677069338 -0.8673213053421996 -0.49774118844607573 0.0027317803335259044 -0.5292179753364048 -0.03721227415412734 0.07031389239633772 0.996830578979374 1.1440699753913903
36535719081921 PointCloud14.pcd PointCloud9.pcd 0.5590195538419168 0.21438012058239864 0.5770724877943745 -0.7880536198317266 -9.820543903658326 -0.758996466571094 -0.4094048446039751 -0.5062726903037424 2.971111756933257 -0.6147890106627397 0.7066647133157324 0.3502277192381027 -7.915704222056458
36535719081952 PointCloud3.pcd PointCloud23.pcd 0.6063496948248448 0.23428321631961363 -0.9091257315651426 -0.34438608966838624 -0.043284595697632336 0.9575033078998234 0.2770836143599141 -0.08007550195998031 0.07163662020785258 0.16822244176040702 -0.31099047390457324 0.9354069356321749 -6.355739345043413
36535719081983 PointCloud29.pcd PointCloud1.pcd 0.6001313563785294 -0.6148766940454744 -0.19676729479491756 -0.7636814013833242 -2.384309048455446 -0.523842524155943 -0.6219627798721614 0.5820234620181762 0.8857634204729393 -0.5895045894695292 0.7579214551342265 0.27935534153042163 3.3008923841064353
36535719082014 PointCloud20.pcd PointCloud16.pcd 0.6306463486454652 -0.36441301601019493 0.6861330105792647 -0.6296226215407038 -1.908823363603516 -0.2978085710549854 0.5547426940441578 0.7768980617885579 0.724698649995007 0.8823339553528139 0.4706187790537739 0.002180833188013709 5.059652983370664
36535719082045 PointCloud24.pcd PointCloud21.pcd 0.6202822992531275 0.18092600778055917 0.7091098436152593 -0.6814902856215425 2.9806776328649454 -0.2671475556567071 0.7023069559263766 0.6598462875276887 8.099193471570851 0.9465188657471312 0.0626751094563785 0.3165025551862028 -1.8468705510379413
36535719082076 PointCloud6.pcd PointCloud28.pcd 0.6329402588116764 -0.08979580780642572 -0.972689459258316 -0.21403721346568752 -5.304742161519403 -0.7046047211642421 0.21392739032674657 -0.6765849973071 -4.63597329969949 0.7038955176824556 0.09005713472986265 -0.704571368046414 0.7275941847093744
36535719082107 PointCloud28.pcd PointCloud2.pcd 0.5943691477543247 -0.32823614832182485 -0.1051230927275178 0.9387279511712936 0.4509770794357532 0.1535514301214096 0.9746316433346507 0.16283463427191414 0.0649347198062898 -0.9320316460520655 0.197591232564099 -0.30376753541364027 9.232771412166374
36535719082138 PointCloud1.pcd PointCloud23.pcd 0.5990122232348684 -0.8294294952836584 0.5414306850970046 0.1374755454212996 -8.559016292169366 -0.5082281974409527 -0.8335515854812311 0.21655450507353974 -3.1095152106898905 0.2318422128936307 0.10974774520286958 0.9665426119646615 -3.6022999046197755
36535719082169 PointCloud21.pcd PointCloud22.pcd 0.5785228392510887 0.15524205838435795 0.3572882295874224 0.9210021847459826 8.139042324076529 0.9532292024287983 -0.29892298150612034 -0.0447117296069916 3.669552779827538 0.25933374432484624 0.884867318938708 -0.38698299307421546 8.966323763337499
36535719082200 PointCloud15.pcd PointCloud12.pcd 0.6462730708816022 0.3486401383412309 -0.0627681227854826 0.9351525098610353 0.9851728847085977 -0.5620608639731629 0.7844361701018037 0.26219740697755833 -3.270958332968621 -0.7500250923316824 -0.6170251678805333 0.23820642954137633 -4.544136251168192
36535719082231 PointCloud24.pcd PointCloud2.pcd 0.6402276435706611 -0.29402450111950956 -0.03434925577459798 0.9551804653410552 3.5827543609780665 -0.09052345044078187 0.9958626143438631 0.00794721790952791 -7.407318348096879 -0.9515014964054018 -0.084129554735167 -0.29591742151881456 -10.865207713652284
36535719082262 PointCloud24.pcd PointCloud26.pcd 0.6383969435268835 -0.5641679830264138 -0.6864698429664864 0.458774063810799 -12.636619628613756 0.012354386993371436 0.5485644622072432 0.8360169854287026 1.2815481226906045 -0.8255675962935595 0.47732188877197446 -0.301001592104143 2.420773359430785
36535719082293 PointCloud18.pcd PointCloud14.pcd 0.6617461621947165 -0.94456252704518 -0.282630395817934 -0.1670978511585983 -3.572264316526762 0.27164983387719216 -0.9585675897640348 0.08575863576609959 -2.84395678412721 -0.18441258161122578 0.035612290206705186 0.9822035250037111 7.773529296126861
36535719082324 PointCloud21.pcd PointCloud19.pcd 0.6518166502431737 0.6660052868597703 0.7447147339602488 0.04285933850808771 3.199381914557998 -0.744999425314873 0.6669555723122685 -0.012088045421950785 0.07229936619866249 -0.037587420174094374 -0.023879480399080687 0.9990079860844586 -13.350021522161343
36535719082355 PointCloud21.pcd PointCloud0.pcd 0.6644600909119807 0.8059380035616815 0.3846942498441369 0.4499714085937768 4.791070790855688 -0.10232032756359974 0.8391659517046951 -0.5341638850267124 -1.822562794997082 -0.5830904603766799 0.3844617531516107 0.7156777734297058 -3.8099005127394046
36535719082386 PointCloud26.pcd PointCloud2.pcd 0.6594855806703039 0.016263610000085083 -0.041866117167395744 -0.9989908524221287 5.966333133233066 0.8861956430439618 0.4632843619225116 -0.004988210896772816 0.8378375161794654 0.4630256766526717 -0.8852202145406405 0.04463624680636008 12.777748452954869
36535719082417 PointCloud26.pcd PointCloud22.pcd 0.664087295401403 -0.07552476266528046 -0.6582676390431903 -0.7489857980047799 -1.4837941702610196 0.059876243601243606 -0.7527695268397478 0.655555394237334 -3.4840616623890113 -0.995344586400387 0.004664209468513036 0.09626733336639298 5.26830685830532
36535719082448 PointCloud5.pcd PointCloud24.pcd 0.665079142737078 -0.4550007361721421 0.5435587444172232 0.7053497157087261 5.817787912392551 -0.10313747601469145 -0.8189274504764097 0.5645533561121806 -4.416330044351382 0.8844981577844737 0.18412420325361747 0.42867386980324895 7.471585106985096
36535719082479 PointCloud5.pcd PointCloud6.pcd 0.655380305364897 0.12293393310768327 -0.9919640935325033 0.02990794598287605 -4.324138759160752 -0.35734682602742807 -0.07236075005171419 -0.9311644150095493 1.3076260907479573 0.9258458262684984 0.10378419433705849 -0.36337081196349397 -2.9142428105117593
36535719082510 PointCloud8.pcd PointCloud5.pcd 0.7748758700832228 -0.6359075692194229 0.6108275730150097 0.4717109702498321 1.3617822753080944 -0.7540297665448821 -0.6220136672437553 -0.21104053858499713 0.24721443071916632 0.1645012904925537 -0.489886388672484 0.8561253714379201 10.560735495925735
36535719082541 PointCloud13.pcd PointCloud10.pcd 0.7165965055625618 -0.5296281211253155 -0.2167043042478768 0.8200812751390629 -0.3198752630084929 0.8291203416720828 -0.3363246458726142 0.44659287007769066 1.0841635433001475 0.17903494725565888 0.9164742097293868 0.35780093706146027 4.066002305113545
36535719082572 PointCloud30.pcd PointCloud26.pcd 0.7264687693259122 0.8044308607557787 -0.5101863568151965 0.30430391319099737 -3.94069144977529 0.5278392197124147 0.3788593425083599 -0.7601653482812293 -3.4557278921498606 0.27253760914249314 0.772124005528756 0.5740625154886212 2.6535684351731823
36535719082603 PointCloud31.pcd PointCloud29.pcd 0.7384861497011029 0.7924013801705188 -0.45802862970622854 -0.4028769378771781 -0.28718437636116106 0.19001941621586643 0.8129352225953578 -0.5504806493645508 2.0778022557127565 0.5796487506799599 0.35964718577137617 0.7312053252007202 -8.490418957401294
36535719082634 PointCloud15.pcd PointCloud16.pcd 0.7249533673669742 -0.4989704131830755 -0.5048219206431068 0.704402835887332 6.525824819790433 0.7134461265162984 0.2221302436367204 0.6645696196944164 -0.30802563641932107 -0.49195848536924425 0.8341540524987552 0.24932682441547116 -8.7825323783292
36535719082665 PointCloud22.pcd PointCloud23.pcd 0.7623595340785729 -0.8882426511168013 0.43795189171072485 0.1386475145251204 1.6237574618221353 0.4497809327945083 0.7677743676922666 0.4563108949052626 5.56226415833151 0.09339221183534488 0.4676758074368795 -0.8789523501912744 -0.7117112876442198
36535719082696 PointCloud16.pcd PointCloud15.pcd 0.7783827676503172 -0.08298203789013703 -0.7283757278096046 0.680134384166415 -0.9178659571626757 0.47294448851203935 -0.6295180968971048 -0.6164661194787047 -8.099783019053426 0.8771758615999902 0.2705101935544684 0.3967199806027404 -8.155498422396011
36535719082727 PointCloud29.pcd PointCloud26.pcd 0.7648101218764135 -0.7965651342096824 0.1226340296865818 0.5919838525875023 0.12734782606033848 0.5390189526861524 0.587478427099744 0.603595614909133 0.07140664220249514 -0.27375638002909525 0.7998937382272984 -0.5340668983733443 -11.589314102728094
36535719082758 PointCloud9.pcd PointCloud5.pcd 0.7333325493746949 -0.10295594813689118 -0.45665147110928567 0.8836682107425609 -1.438351312573328 0.9945040978253927 -0.0642428845583744 0.08267073963695393 -1.9442141180061996 0.01901767997773185 0.8873231010840102 0.46075594638693484 -3.698435231270584
36535719082789 PointCloud7.pcd PointCloud2.pcd 0.710926489572107 0.7170882969816816 0.6068736119444922 0.3427663832078016 -2.6874085508014294 -0.6911581795759207 0.6826063244426754 0.23737939387436408 2.1477960735093125 -0.08991521082225745 -0.4071277747296382 0.9089346675677422 -6.157206112383534
36535719082820 PointCloud9.pcd PointCloud8.pcd 0.8618096509228174 -0.6744437713262532 0.7337128660455454 0.08240770302861444 0.17995345621432005 -0.6832216921889565 -0.6625176636902161 0.30704798423197055 -1.3347878372884823 0.27988161540494133 0.15078387015091915 0.9481194575899343 -6.229314566351678
36535719082851 PointCloud7.pcd PointCloud5.pcd 0.7935146914267442 0.08719397619596075 -0.9961464800328883 0.0094552013847162 1.7905709188457846 -0.9951410223551322 -0.08666238763569406 0.0467330310943308 -10.56616263990054 -0.045733534098309304 -0.013484097573364311 -0.9988626647199862 -0.4251775618391694
36535719082882 PointCloud2.pcd PointCloud1.pcd 0.8111042912738005 -0.32040195242673897 -0.9158555845782421 0.24197342225537957 -10.49151569327616 0.9153491922170991 -0.3650944420666875 -0.16982904545312189 7.156534409565457 0.24388203129512856 0.16707661885751907 0.9553046415895307 -2.3465762939018013
36535719082913 PointCloud11.pcd PointCloud10.pcd 0.8318191724881563 -0.4853388335922607 0.854956890952257 -0.1830162048031665 -1.3634131826290732 -0.5765389993793667 -0.15558180952851478 0.8021203667396009 4.916930017054051 0.6573043426008554 0.49481614278142105 0.5684258843868513 3.342901819237281
36535719082944 PointCloud18.pcd PointCloud17.pcd 0.8229873087370845 -0.4315025119910333 0.8673036816185576 -0.24817313713680722 -13.556559981373928 -0.33469999162773834 0.10154909913255752 0.9368370701833689 -2.2512774230983497 0.837723998551922 0.48731109603236245 0.24646784361031274 4.487752594223489
36535719082975 PointCloud10.pcd PointCloud9.pcd 0.8292848259073038 -0.3200864759396518 -0.9460706073963328 -0.04995051292297931 -6.466108444696705 0.035148985000978905 -0.06454712112735461 0.9972954517130674 8.86793746973201 -0.9467360755637948 0.317465076779958 0.05391408212294549 -4.84742975248212
36535719083006 PointCloud5.pcd PointCloud1.pcd 0.8031320913293178 -0.6473681460568188 0.7288258081360359 -0.2229964682810272 -0.23774876647972562 -0.04945438971148042 -0.3321284411041572 -0.9419368142014555 -6.358869345543391 -0.7605713292053691 -0.5987517348656088 0.25105300871768377 -7.12548141395898
36535719083037 PointCloud13.pcd PointCloud12.pcd 0.8040048076638424 -0.6394888165544853 -0.08948986559156114 -0.7635742383410717 2.4996093497877934 0.00020569578789291637 -0.993222068478563 0.11623201097979628 -5.445675057633317 -0.7688003714820815 0.07417200714264759 0.6351728128355656 -12.004955438782515
36535719083068 PointCloud4.pcd PointCloud0.pcd 0.8049911825339658 -0.4956768163619658 -0.4601799902176833 -0.7365723795558177 -4.0554047413597765 0.5418006236977877 -0.8266732859121473 0.15186626524643995 -1.9058814681133018 -0.6787905257750397 -0.3237987877717684 0.6590885882456007 -13.479515374752252
36535719083099 PointCloud7.pcd PointCloud6.pcd 0.8307377097717825 -0.9734977216391107 -0.14600244144106986 -0.17602691003567478 -3.405729067260943 0.1853852809840433 -0.9545077848025625 -0.23355339078200665 -5.97965712009745 -0.13391969070277865 -0.25999649198508884 0.9562778574229982 6.50969009571347
