id source target overlap t1 t2 t3 t4 t5 t6 t7 t8 t9 t10 t11 t12
36535719080000 PointCloud16.pcd PointCloud31.pcd 0.12694505992547084 0.9726930641052708 0.22885085089001292 -0.03867157985416164 0.18425917270995473 -0.2260425938788864 0.9718878102417113 0.06586979623527257 0.025903895362472742 0.05265879597944252 -0.05532966971244792 0.9970785720571409 -0.10532331655786682
36535719080001 PointCloud16.pcd PointCloud31.pcd 0.12694505992547084 0.9826459794449521 -0.04815964815374032 0.17912991757486815 -0.11614659252305798 0.026082886987631594 0.9919871536874663 0.12361702926955502 0.11914753589586558 -0.18364792971079627 -0.11679955140644814 0.9760283308921884 0.12688318943397034
36535719080002 PointCloud16.pcd PointCloud31.pcd 0.12694505992547084 0.934501175514387 -0.02212736277584993 -0.3552716323868478 0.06674712321114125 -0.026281460080392414 0.9910529643073792 -0.1308560537139948 -0.02146922854921884 0.35498850378325253 0.13162219324317267 0.9255586207407855 0.08363934058378071
36535719080003 PointCloud16.pcd PointCloud31.pcd 0.12694505992547084 0.9397184851729774 -0.3339901121791214 0.07334693988696897 0.07748973889484934 0.34062324434825136 0.9331577653678524 -0.11485813137670094 -0.04937242254983453 -0.030082786338305568 0.13291798185442777 0.9906703972895677 -0.09811996885756619
36535719080004 PointCloud16.pcd PointCloud31.pcd 0.12694505992547084 0.9730426721359577 -0.22363898074950858 -0.05633439883265285 0.1729173442800318 0.21157517207215434 0.9628383323126903 -0.16786391033201847 0.0055620173179568065 0.09178183243514895 0.15141978773805814 0.9841992395425878 0.009117083435709562
36535719080005 PointCloud16.pcd PointCloud31.pcd 0.12694505992547084 0.9945023262896349 0.10310888077427377 0.018266956779419447 0.020156209105288873 -0.09917007092253888 0.983414966738449 -0.151856182712571 0.1356509319633731 -0.03362171973179228 0.14920979156976172 0.9882337871485598 -0.07130443462244446
36535719080006 PointCloud16.pcd PointCloud31.pcd 0.12694505992547084 0.9933311113613095 -0.018785569556089687 -0.11375590348706804 -0.1374355609459392 0.008783129640832835 0.9960994236416831 -0.0877997429063378 -0.05026052077731195 0.11496155807668121 0.08621508335065278 0.989621543605141 -0.15940472388216118
36535719080007 PointCloud16.pcd PointCloud31.pcd 0.12694505992547084 0.9417799399749355 0.22778499039744549 -0.24731466355726303 0.11469842899302869 -0.25135248617974204 0.9655118812232483 -0.06788766388679443 0.02868554309817392 0.2233214551987093 0.12609839557416838 0.9665540451943445 0.02296955300310882
36535719080008 PointCloud16.pcd PointCloud31.pcd 0.12694505992547084 0.9771661179082024 0.16184167004557928 -0.13767226245352168 0.031115800785271888 -0.15070382342662583 0.9846660068955225 0.08787043000363401 -0.12714948574153595 0.14978229406979285 -0.06511627063403583 0.986572417859888 0.010296446478655739
36535719080009 PointCloud16.pcd PointCloud31.pcd 0.12694505992547084 0.9940450739490888 0.032205607243686124 0.10410182428572574 -0.002221825300532638 0.001298839219881845 0.9517587699402114 -0.30684451577073535 -0.019330076476184288 -0.10896193819050569 0.30515249090243646 0.9460492869411229 -0.06435678112520381
36535719080010 PointCloud16.pcd PointCloud31.pcd 0.12694505992547084 0.8506441081857853 0.33518510405469054 -0.4050377108722793 0.3425086968271986 -0.30779262962737014 0.9420837690984512 0.1331986079068564 -0.10145784207906537 0.42622564253676526 0.011363011093113357 0.9045455121899721 0.6189365117987887
36535719080011 PointCloud16.pcd PointCloud31.pcd 0.12694505992547084 0.9730743053555726 0.09719795133486485 -0.2089951064333212 0.8135983281481513 0.049019227347086344 0.7987244127330827 0.5996969466776423 0.1618248593880417 0.22521880828888308 -0.5937944684488881 0.7724536346166273 -0.46540912823817326
36535719080012 PointCloud16.pcd PointCloud31.pcd 0.12694505992547084 0.9663387825205754 -0.18427959118712559 0.1795282419803607 0.5263660819313314 0.2174734492691637 0.95792556367326 -0.18730700287026245 -0.1555869068941838 -0.13745783447888862 0.22004464713592534 0.9657565412707291 -0.020659292112507138
36535719080013 PointCloud16.pcd PointCloud31.pcd 0.12694505992547084 0.9559572861332651 0.1856860731957713 -0.22730233019011778 -0.400421554356707 -0.17754473375935903 0.9825215214606822 0.05594039131883777 0.7620216812255182 0.23371678288698264 -0.013120292973902645 0.9722161916514444 -0.5106145526629212
36535719080014 PointCloud16.pcd PointCloud31.pcd 0.12694505992547084 0.9311728110720111 -0.35373300213591324 -0.08826187806841171 0.3798139722461674 0.3570504426024998 0.8358769674577367 0.41692286662045436 0.254718534266071 -0.07370330628681573 -0.4197411803404238 0.9046464304737073 -0.06987434103300182
36535719080015 PointCloud16.pcd PointCloud31.pcd 0.12694505992547084 0.8318684524996437 0.38613478404568796 -0.39861611393148383 0.3106044752908126 -0.39681166092987535 0.9159886980129582 0.05920482127832971 0.7256794000217129 0.38798889608585635 0.10892489918524242 0.9152048857231713 0.8191716634272752
36535719080016 PointCloud16.pcd PointCloud31.pcd 0.12694505992547084 0.9914483407675718 -0.12391876181755233 0.04091855396801856 -0.7302803526775126 0.12351901365214686 0.9922676146839023 0.012166927135459134 -0.6051413677043799 -0.04210986648791077 -0.00700866029448911 0.9990884034084505 0.38138285356306295
36535719080017 PointCloud16.pcd PointCloud31.pcd 0.12694505992547084 0.9701573763391174 -0.24010316648181831 -0.03383983717756922 0.005334784709292093 0.2414884505898138 0.9693336064202217 0.045559715715725924 0.8624294704609105 0.021863059404649016 -0.05237202411374749 0.9983882900573793 0.1481468735102247
36535719080018 PointCloud16.pcd PointCloud31.pcd 0.12694505992547084 0.9604360442785611 0.23150139434188766 0.15482154006568916 -1.0636680952487718 -0.07266489933613142 0.7449576241792735 -0.6631424813579978 -0.34130751260861636 -0.2688538957408277 0.6256558499646068 0.7323061792379236 -0.8793164070704116
36535719080019 PointCloud16.pcd PointCloud31.pcd 0.12694505992547084 0.9245998021849184 -0.37963759087218124 0.03147229569599268 -0.22338517169327413 0.3752401364078503 0.9218902425338488 0.09650502965907656 0.14050610243840356 -0.06565093927909592 -0.07741886280259938 0.9948347972674281 0.27910276836692327
36535719080020 PointCloud16.pcd PointCloud31.pcd 0.12694505992547084 0.9955560791971283 0.06750972429664487 0.06565462892311909 1.5604988518324188 -0.0478087466038046 0.9629928056999437 -0.26525304883888484 -0.35841967965359 -0.08113209550982071 0.2609354197795723 0.9619408972398689 -0.6781638227102523
36535719080021 PointCloud16.pcd PointCloud31.pcd 0.12694505992547084 0.3176298645068847 0.25452344745341887 0.9134161613797758 -1.1960952755809027 -0.1403868764885962 0.9653076459467818 -0.22016510528795896 -0.6048166890842153 -0.9377647861180933 -0.058300629268551854 0.342342288570631 1.7575179878102634
36535719080022 PointCloud16.pcd PointCloud31.pcd 0.12694505992547084 0.4436416355039891 -0.8857850536182951 -0.13626055200893494 0.6581331801745832 0.8544501746824075 0.37218736066757224 0.3624796098327597 0.8777718235440118 -0.2703645654159378 -0.2772388994094091 0.9219770031956929 -1.1492869310451652
36535719080023 PointCloud16.pcd PointCloud31.pcd 0.12694505992547084 -0.7866498817872669 0.42109771168561566 0.45150712142469857 1.526692715774909 0.4735834526167663 0.8807412185973849 0.0036904296737731296 -0.6087935804858192 -0.3961069008382238 0.21672937751198412 -0.8922598836838995 -0.03343999678765578
36535719080024 PointCloud16.pcd PointCloud31.pcd 0.12694505992547084 0.7206867099097461 0.6178773755418517 -0.31438545601375995 1.067581831439347 -0.669838090084865 0.7375024708758745 -0.08606415353351782 0.5441408945711951 0.17868295730406547 0.2726126450579544 0.9453860304254449 0.29456600035962427
36535719080025 PointCloud16.pcd PointCloud31.pcd 0.12694505992547084 0.9809760288826016 -0.15252952249033072 -0.12008653349394738 -1.7021131168402195 0.15558875823138282 0.24780790222884108 0.9562339577242369 0.8564024388460549 -0.11609551700964837 -0.95672670515765 0.26682549085207286 -2.0566959855875884
36535719080026 PointCloud16.pcd PointCloud31.pcd 0.12694505992547084 0.9236158564831259 -0.32416004059408665 0.20458254503984843 -0.3563521886551661 0.3832937868427022 0.7748503268913859 -0.5026856312687815 1.1221846204412464 0.004429742737754094 0.5427036382763177 0.8399125778204091 -0.9520426460616029
36535719080027 PointCloud16.pcd PointCloud31.pcd 0.12694505992547084 0.9674263610807169 0.07990634351782616 -0.24021076610288156 0.9846375824679238 -0.10659637161934196 0.9892370334472259 -0.10023624700737192 0.3885237422818034 0.22961587367539132 0.12257678378119934 0.9655317098025024 0.830145158200547
36535719080028 PointCloud16.pcd PointCloud31.pcd 0.12694505992547084 0.34345250091915003 -0.7699136152717871 -0.5378414307502798 -2.0561080179837123 0.14586016911145522 0.609456328532335 -0.7792867217389658 0.07864331767183505 0.9277743209849899 0.1891983314699508 0.3216190303601883 0.5294668338573062
36535719080029 PointCloud16.pcd PointCloud31.pcd 0.12694505992547084 0.9718010546595595 0.09745995882081586 -0.21471904104948988 0.24439762966227535 0.16914467309410774 0.3463365252790564 0.9227356559825336 1.3608111573804613 0.16429482562288764 -0.933034065661203 0.3200853676588021 0.48809230200045395
36535719080031 PointCloud20.pcd PointCloud30.pcd 0.1380668433451119 0.9885832865688242 -0.13228147316075026 0.0721435885938837 -0.04045131573945332 0.10060862120718639 0.9359389618476517 0.33748505897939945 -0.03754119729365466 -0.11216501618406124 -0.32637382179635904 0.9385622715571236 -0.059622937665429455
36535719080032 PointCloud20.pcd PointCloud30.pcd 0.1380668433451119 0.9966709725887034 -0.07235863444303414 0.037565947620519805 -0.018547341167710934 0.05796748946757416 0.9529368891281363 0.29757529383941933 -0.0333004334593835 -0.057330119168853666 -0.29440705385627125 0.9539589844829576 0.040072959867844614
36535719080033 PointCloud20.pcd PointCloud30.pcd 0.1380668433451119 0.974398072836114 -0.2225819711665426 -0.03171217061135147 -0.14580775571507243 0.22475543220994154 0.96796309877484 0.11194835908726784 -0.016237816419444516 0.005778524499336173 -0.11620974796386875 0.9932078851543541 -0.09793783578526505
36535719080034 PointCloud20.pcd PointCloud30.pcd 0.1380668433451119 0.9282967731789576 0.3718276884646161 -0.003044831127464613 0.07801521707350557 -0.3665495422014605 0.916434514842226 0.1605902024339998 -0.13264075933987654 0.06250227209817347 -0.14795928526778473 0.9870164719423945 0.09491094769567969
36535719080035 PointCloud20.pcd PointCloud30.pcd 0.1380668433451119 0.9691270610809152 0.015914537915802992 -0.24604769245736646 0.11585513056569832 -0.01566507518807449 0.9998728804983157 0.002971239363157517 -0.01942806438165222 0.24606370089881258 0.0009748471304121 0.9692531685648762 -0.12040357741065605
36535719080036 PointCloud20.pcd PointCloud30.pcd 0.1380668433451119 0.9768192847772588 0.18209848729026673 0.11253544247854247 0.10399402536892549 -0.18559131491934283 0.982396274756022 0.02129373551070849 -0.10209144342407186 -0.10667684244368167 -0.04168573223642915 0.9934195241760446 -0.06937563227474768
36535719080037 PointCloud20.pcd PointCloud30.pcd 0.1380668433451119 0.9699383837715213 -0.01384624618703037 -0.24295640175392985 0.1507070864442337 -0.005181446590955419 0.9969785762289344 -0.07750400732705134 -0.10425612188751786 0.24329546707226973 0.07643297722223502 0.9669360452972219 0.15371572018678725
36535719080038 PointCloud20.pcd PointCloud30.pcd 0.1380668433451119 0.9982345720859802 0.05351779797042846 -0.025760131845877252 -0.1306665983402622 -0.05409314743532006 0.9982894968400218 -0.022181341245233074 -0.1146811083167732 0.024528972519477898 0.023535628296120655 0.9994220348320554 -0.06078398515110918
36535719080039 PointCloud20.pcd PointCloud30.pcd 0.1380668433451119 0.9785288063363179 -0.019490024151127824 0.20518653495931366 -0.1806936852379251 0.02332575456371549 0.999595166759793 -0.016291462932936956 -0.030076815422619974 -0.20478594762349905 0.020727796531479346 0.9785872848688028 0.05558677784092289
36535719080040 PointCloud20.pcd PointCloud30.pcd 0.1380668433451119 0.9873210108864117 0.09197899877731787 -0.12937188738731412 0.07111693962864264 -0.07766634957521389 0.9907092800767529 0.11163807824153098 -0.19030602856067697 0.13843828807773664 -0.10017477803181636 0.9852917609725463 0.1210019740022445
36535719080041 PointCloud20.pcd PointCloud30.pcd 0.1380668433451119 0.9202343479483998 0.37091199572180555 -0.12487207968817866 0.02588215962990775 -0.322410934928671 0.8993401310097586 0.2953616728584983 -0.3705077217666274 0.2218556600459043 -0.23154183247313556 0.9471897623605201 -0.029867268692885043
36535719080042 PointCloud20.pcd PointCloud30.pcd 0.1380668433451119 0.6515275568602907 -0.1854676331917625 -0.7356042412125606 -0.8186637179149976 0.26730970187756975 0.9635907718843144 -0.00619254564105387 0.48115711720704 0.7099699753748646 -0.19259953628614376 0.6773832391553374 0.41843459686121864
36535719080043 PointCloud20.pcd PointCloud30.pcd 0.1380668433451119 0.6789505824143205 -0.3963101947981342 -0.6180326335545071 -0.7247101299792246 0.10191327525807314 0.8845195568083876 -0.45523492610921834 -0.17176042065775818 0.727076193370012 0.24609628831528163 0.6409343382219543 0.38511661130066616
36535719080044 PointCloud20.pcd PointCloud30.pcd 0.1380668433451119 0.8879965776942393 0.17894673799637056 0.42360375702273523 0.10931410273089169 -0.1000150418854942 0.9742830723839171 -0.2019145518846952 -0.11596467970101919 -0.4488419202792461 0.13693268355879373 0.883057399478327 1.2746511177314266
36535719080045 PointCloud20.pcd PointCloud30.pcd 0.1380668433451119 0.6097124981133921 -0.03962916105061795 -0.7916313531175676 0.4847821557872558 0.08759422552182858 0.9960006614956384 0.01760494122346807 -0.652576352996475 0.7877676823147532 -0.0800762879676307 0.6107453371134054 -0.013222757505031022
36535719080046 PointCloud20.pcd PointCloud30.pcd 0.1380668433451119 0.8583046747168426 -0.5124140510225945 0.02729332654385014 0.19456862197354313 0.5123069843265187 0.8526674280467585 -0.10246858522686053 0.02472714098813148 0.02923421231166456 0.10193182752575436 0.9943617366772399 0.7183485771842228
36535719080047 PointCloud20.pcd PointCloud30.pcd 0.1380668433451119 0.9064851558676364 0.24315722112063548 0.34519447853133134 -0.11591410698912073 -0.06608244563483051 0.8891611416937664 -0.45279749831548116 0.33640494351934913 -0.4170344980580708 0.38764291547599433 0.82207979996514 -0.866518456204981
36535719080048 PointCloud20.pcd PointCloud30.pcd 0.1380668433451119 0.9862193603060393 0.15303068793515825 -0.06287274375783436 -0.4234448064118319 -0.1654427398282172 0.9128489934154422 -0.37327659323689993 0.14507284056262945 0.0002705469994710788 0.37853444198712677 0.925587166631979 -0.06165933856809514
36535719080049 PointCloud20.pcd PointCloud30.pcd 0.1380668433451119 0.9949530145648073 0.09309663225864341 -0.03743682505903334 0.5136313026032944 -0.08188824176592914 0.9689624242834778 0.2332512297656111 -0.6856193240425156 0.05798978072804285 -0.2290083784248604 0.9716956045708599 0.3640773947218123
36535719080050 PointCloud20.pcd PointCloud30.pcd 0.1380668433451119 0.75408730072137 0.6560286808225608 -0.03128438634476473 -0.21327612364895376 -0.6272342424720059 0.7334778536527179 0.2618920450711908 -0.09128885238099511 0.19475509739497643 -0.1778668269779736 0.9645899874555305 0.3575240840730684
36535719080051 PointCloud20.pcd PointCloud30.pcd 0.1380668433451119 0.897998024147447 -0.055417425644808616 -0.43649565583426225 1.0220444272841234 0.03703951144789637 0.9980365015753241 -0.05050956458918138 -0.8081448664887456 0.4384377073416265 0.029189903360402548 0.8982874408132555 -0.5544125136561712
36535719080052 PointCloud20.pcd PointCloud30.pcd 0.1380668433451119 0.06867721192023213 0.6181502445263842 -0.7830540950373958 -0.3216684517509148 -0.03898671094772821 0.7859706824815061 0.61703332377517 1.2071848248610912 0.996876861469029 -0.01184742467909472 0.07807792002948954 0.5254402868233481
36535719080053 PointCloud20.pcd PointCloud30.pcd 0.1380668433451119 0.8203477718656497 0.5212665293907814 -0.23518235165920337 0.3033874164431707 -0.4258159000463809 0.831304713422489 0.3572300277261747 -0.18573355804722352 0.3817202541950769 -0.19290847254188354 0.9039225457741403 -1.6216135672402463
36535719080054 PointCloud20.pcd PointCloud30.pcd 0.1380668433451119 0.3779702312000193 -0.6463607415773831 -0.6628395703895013 -0.6193085608772003 -0.019151835824807395 0.7103384431017794 -0.7035996755515731 0.43655558777220504 0.925619636519852 0.27863432667077237 0.25610779076315066 -0.9677507860472429
36535719080055 PointCloud20.pcd PointCloud30.pcd 0.1380668433451119 0.7259848547392587 0.6723401666112113 -0.14458454637486817 0.033631787791155214 -0.6120601777438289 0.535820306485556 -0.581617518630515 0.4132377233936544 -0.31357348342838276 0.5107399529299952 0.8005100692506348 -0.8717078118742747
36535719080056 PointCloud20.pcd PointCloud30.pcd 0.1380668433451119 0.7327640533145002 -0.6521739917542255 -0.19423163143387315 0.5744941147238338 0.6111899646140073 0.7562569570387121 -0.23349998305283937 -0.5237234218758017 0.29917163857095974 0.05238797008767583 0.9527601121294175 -1.4148954584989049
36535719080057 PointCloud20.pcd PointCloud30.pcd 0.1380668433451119 0.9186901476700025 0.37509076808665043 0.12375511411750384 0.31439533588701457 -0.39413738841036694 0.8501298268939578 0.349191919268338 0.7826662171415707 0.025770751466056972 -0.36957569335850077 0.9288431919583944 0.906798698096232
36535719080058 PointCloud20.pcd PointCloud30.pcd 0.1380668433451119 0.38598666718220465 -0.19694627920417695 -0.9012360711074564 -0.11264959760015508 0.05537022010770565 0.9801297579169241 -0.19047256067721574 -1.8008995262956795 0.9208411543164207 0.023618229259235055 0.3892219774933836 -1.1531160098205757
36535719080059 PointCloud20.pcd PointCloud30.pcd 0.1380668433451119 0.30218344131814057 0.5516925799771334 0.7773805149290147 -0.25052590277657566 -0.8107355344707098 0.5776822889779363 -0.09482123257849279 0.03259334824493433 -0.5013911257088806 -0.6015966008874936 0.6218428007631794 0.7805169219959917
36535719080060 PointCloud20.pcd PointCloud30.pcd 0.1380668433451119 0.031561121010683146 0.7983666650979976 0.6013439645501153 -0.34875770520253574 -0.14806692748430939 0.5987399415971667 -0.7871382771289789 -0.3869382332393646 -0.9884736114969912 -0.06419618677556072 0.13710860285763266 0.37454408475719947
36535719080062 PointCloud22.pcd PointCloud11.pcd 0.11766863245606314 0.9682647205562149 -0.04192529409095529 0.24638526871869196 -0.04130045350056649 0.09598948028494765 0.972603453459608 -0.21172751827070063 -0.017072792448312914 -0.23075842476672606 0.22865868020661523 0.9457619982666612 0.07691484722383471
36535719080063 PointCloud22.pcd PointCloud11.pcd 0.11766863245606314 0.9921112534992477 0.009238605846334187 0.12501963382671985 -0.11142420441616581 -0.011304695484428053 0.9998108406720732 0.015826772716070754 -0.11389837522319196 -0.12484976788186428 -0.01711522820817442 0.9920280260271008 -0.15185715559222113
36535719080064 PointCloud22.pcd PointCloud11.pcd 0.11766863245606314 0.9805812343820568 -0.13854782379942185 0.13879821071687717 -0.1176296865608205 0.09625070106790758 0.9566372791814931 0.2749198403610891 0.023635358440872823 -0.17086908825676625 -0.2562218113289241 0.9513958892478079 -0.03387505431579845
36535719080065 PointCloud22.pcd PointCloud11.pcd 0.11766863245606314 0.9334975296891909 -0.26362668180014615 0.24307063727900757 -0.05619729462678627 0.3174187748741867 0.9228581136513762 -0.21812433019999017 0.00021226912954246102 -0.16681631641283995 0.28077370729979056 0.9451658277083356 0.09657880305116283
36535719080066 PointCloud22.pcd PointCloud11.pcd 0.11766863245606314 0.9569278392987216 0.14735751282446186 0.25014970275670584 -0.160217283897227 -0.17535682632587535 0.9800564313537202 0.09348462345823041 0.008707889659803323 -0.23138516338779486 -0.13332349671531604 0.9636834290303037 -0.06434176579782586
36535719080067 PointCloud22.pcd PointCloud11.pcd 0.11766863245606314 0.9702447772641274 0.025520581903729928 -0.24077743268624419 -0.08550995043474137 0.018029469953459564 0.9840538994242033 0.17695440441316324 0.09872760016989839 0.2414539508992991 -0.17603017618384365 0.954313033898104 0.016614542826164837
36535719080068 PointCloud22.pcd PointCloud11.pcd 0.11766863245606314 0.9897149224157294 -0.052590901780778146 0.13303597031446504 -0.12942615750497724 0.0441294636611483 0.9968583578246164 0.06577237164789305 -0.17814197715818164 -0.13607704723650518 -0.05922509168497521 0.9889264005629035 0.06744457733102723
36535719080069 PointCloud22.pcd PointCloud11.pcd 0.11766863245606314 0.9822504820548429 0.16741777814058617 -0.08458887672441624 -0.006523692556896554 -0.1649864056946569 0.985674293600812 0.035009611116071725 -0.016644451810538398 0.08923831261844382 -0.02043219266280418 0.9958007075032651 0.0855158036128581
36535719080070 PointCloud22.pcd PointCloud11.pcd 0.11766863245606314 0.9973334692136184 0.04257053089295432 0.05927648003905702 -0.154701675463822 -0.04284822714734293 0.9990757358636301 0.0034210289206668756 -0.0006852812866106797 -0.05907605789707373 -0.00595179872293727 0.998235741433507 0.009614006461279904
36535719080071 PointCloud22.pcd PointCloud11.pcd 0.11766863245606314 0.9351637905705776 0.34851492024740804 0.06329324743297102 0.1734686503726273 -0.3536679698523708 0.9286231015166991 0.11215213965862887 -0.049352839291653135 -0.019688877727566192 -0.12726541436874683 0.9916732639329245 0.023039497689539605
36535719080072 PointCloud22.pcd PointCloud11.pcd 0.11766863245606314 0.9681981271399047 0.06561018063627913 -0.24142843825791568 0.6483890050920184 0.18684832555213612 0.452099207902167 0.8721777395993299 0.5723400323697466 0.16637334474351453 -0.8895513534423453 0.42546245398125054 0.523610146263805
36535719080073 PointCloud22.pcd PointCloud11.pcd 0.11766863245606314 0.8326800815419334 -0.38440780882808095 -0.3985906651131114 -1.2162348747893095 0.4403544984967556 0.8960933491280362 0.05571916458607548 0.06473962105760983 0.335755562064115 -0.2219174309523542 0.9154347908958437 0.7045474944128983
36535719080074 PointCloud22.pcd PointCloud11.pcd 0.11766863245606314 0.9684475983386572 0.16981705005019232 -0.18240454704951214 0.1865269664409623 -0.20680870657808892 0.9560225470027907 -0.20796886427009997 0.49927879013590765 0.13906620062252772 0.23912979558086822 0.9609773840782454 0.5669243333967484
36535719080075 PointCloud22.pcd PointCloud11.pcd 0.11766863245606314 0.9193054824943973 0.39179090282905527 -0.0371122394384501 0.34061228081227496 -0.30325974783979137 0.7653487781026893 0.5676924988027112 -0.4228000654352372 0.25082056374206885 -0.5106281781464022 0.8224037381280538 0.7215502040459874
36535719080076 PointCloud22.pcd PointCloud11.pcd 0.11766863245606314 0.9467519364935313 0.27398963155713535 -0.1690871152540418 0.47714737295356885 -0.28566647381595117 0.9570949016515694 -0.048621137071576705 -0.22494271261810353 0.14851072851248442 0.09433467565936612 0.9844011034557678 -0.03702208885055808
36535719080077 PointCloud22.pcd PointCloud11.pcd 0.11766863245606314 0.9452884899522765 -0.32148103564789327 0.055494274321799146 -0.20150080455682695 0.3044797219336784 0.8083126853558052 -0.5039074335868415 -0.2626685076868035 0.11713995772124461 0.49323477818544514 0.8619731340902802 -0.3250000206900423
36535719080078 PointCloud22.pcd PointCloud11.pcd 0.11766863245606314 0.9775874789716357 0.20922135265161818 -0.023433876173375348 0.029485347236649157 -0.19424727868722969 0.9392982883214256 0.2828192360484799 0.28484776135380374 0.08118322290034795 -0.2719285772975457 0.9588869240783531 0.6906969636458773
36535719080079 PointCloud22.pcd PointCloud11.pcd 0.11766863245606314 0.915274016803123 -0.3616785813958025 0.17737552797552453 -0.04176614310343626 0.31464299849583494 0.9168177423840126 0.2458556705618807 0.026506828096253626 -0.25154176126962746 -0.16921533916699702 0.9529390910902814 0.042402221997243424
36535719080080 PointCloud22.pcd PointCloud11.pcd 0.11766863245606314 0.8931058529042714 -0.016294693660815276 -0.4495513524244302 -0.6576702662365782 -0.14440655619213988 0.9360682735117709 -0.3208160436346952 -0.42411864615047307 0.4260383574713202 0.35144084891086935 0.8336549931955947 0.9829684550177511
36535719080081 PointCloud22.pcd PointCloud11.pcd 0.11766863245606314 0.8812219635968347 0.16988725844846825 0.44111922457698666 -0.507738932595148 -0.07809984576574179 0.9726866429217211 -0.21858890359082514 -0.400192192007034 -0.46620624724032383 0.15817399943901986 0.8704210021222826 -0.13876510416487062
36535719080082 PointCloud22.pcd PointCloud11.pcd 0.11766863245606314 0.5649505330896027 -0.6967571980053334 -0.4419958169366883 -0.29462991587853304 0.42710182731887747 -0.2113901221883257 0.8791463162307402 1.322210070680312 -0.7059850736826166 -0.6854514010992767 0.1781613102454881 0.31712881808113763
36535719080083 PointCloud22.pcd PointCloud11.pcd 0.11766863245606314 0.547775499235748 0.6598275647470442 0.5143632833290223 2.5830198949027525 -0.7962642722446982 0.22252168294700225 0.5625364960294176 0.3604192495289095 0.2567201028039061 -0.71771281542022 0.6472890416173696 -0.8108126128007881
36535719080084 PointCloud22.pcd PointCloud11.pcd 0.11766863245606314 0.769927024898312 -0.32882086021146417 0.5468904992967303 1.9345977750376924 -0.13323129585636811 0.7552996315581572 0.6416945444466121 -1.2920855402160283 -0.6240687447194155 -0.5669209014120972 0.5377163689217841 0.78480861899595
36535719080085 PointCloud22.pcd PointCloud11.pcd 0.11766863245606314 0.3825443942304864 0.4176704662663888 -0.8241426867064022 -0.9993216025632323 -0.009920662253983609 0.8937954304640044 0.44836515134665267 -0.2157440724937695 0.9238838492490665 -0.16334353397206078 0.3460599991421222 0.3952119917732682
36535719080086 PointCloud22.pcd PointCloud11.pcd 0.11766863245606314 0.5664352039026692 0.37002407030607254 -0.7363649551505479 1.6273996437637983 -0.8025593570623414 0.04469289642882357 -0.5948958088610845 -0.20538614006265457 -0.18721548592844306 0.9279465137619352 0.32228190986409366 -0.15341894376426066
36535719080087 PointCloud22.pcd PointCloud11.pcd 0.11766863245606314 0.5427159546663657 -0.6242427781765114 0.5619433658697703 -0.6843641976954407 0.7486811760101482 0.6627985108350483 0.013214791822208416 -0.17529861342143485 -0.380704464432238 0.4135445416509734 0.8270701438403212 0.1701036659528603
36535719080088 PointCloud22.pcd PointCloud11.pcd 0.11766863245606314 0.5987880077235709 -0.2026493898530751 -0.7748458857079987 0.143102887333427 0.5776811013695812 0.7793819892739076 0.24258660291919276 1.5208081647472185 0.5547409007156983 -0.5928717733098978 0.5837513113351547 -0.4712728710165904
36535719080089 PointCloud22.pcd PointCloud11.pcd 0.11766863245606314 0.7689719096163119 0.017954226232086423 0.6390303967585971 0.18013532222959025 0.6380823249153293 0.03966888226469617 -0.768945593920999 0.988100363588759 -0.03915544472600252 0.9990515630037706 0.019047981731202646 -1.32964019616632
36535719080090 PointCloud22.pcd PointCloud11.pcd 0.11766863245606314 0.8678002398622073 0.4128634059776225 -0.27652586081531705 0.8811197336593599 -0.22185628235654872 0.8198560368826094 0.5278407608039309 -0.7512176611748866 0.4446375306629283 -0.3967113393787706 0.8030676058304651 -1.539768513593906
36535719080091 PointCloud22.pcd PointCloud11.pcd 0.11766863245606314 0.20955104822698664 -0.9722274884263014 -0.10422124992177512 0.01120002062020316 0.12816891576583417 -0.078356790105439 0.9886520836349775 -1.679197109562805 -0.9693611748045108 -0.220531005059738 0.10818959556704238 0.09202492518598157
36535719080093 PointCloud23.pcd PointCloud31.pcd 0.16718187705722506 0.9831927396638347 -0.12250180629150491 -0.135371134765287 -0.12767825712465392 0.09379077173803631 0.9750570290348929 -0.20116431409778268 -0.2064091225234734 0.1566375683196929 0.18508672989970515 0.9701585306566793 -0.07221157353731221
36535719080094 PointCloud23.pcd PointCloud31.pcd 0.16718187705722506 0.9944291102206596 -0.01711220201954696 0.10400921732130268 0.013383881305265258 0.006503928584590458 0.9948154059363171 0.10148895025926599 -0.009226187761770232 -0.10520667117019862 -0.10024709798195372 0.9893846954989161 0.143741912576618
36535719080095 PointCloud23.pcd PointCloud31.pcd 0.16718187705722506 0.9472510428559315 0.2864263796010616 -0.14378939765149032 0.09289153025920407 -0.3007164122075026 0.9494873913750986 -0.08968463106216815 0.0378648664274221 0.11083817590251657 0.12819369207702236 0.9855360348938358 0.0075167097188600365
36535719080096 PointCloud23.pcd PointCloud31.pcd 0.16718187705722506 0.9706944204879933 -0.23780292727128355 -0.0346714553298159 -0.005690758228516453 0.2365061435760717 0.970898185699756 -0.03770354168638042 0.17852083339383684 0.04262846565680453 0.028398605355381145 0.9986873049807011 -0.007392427198123984
36535719080097 PointCloud23.pcd PointCloud31.pcd 0.16718187705722506 0.9809950442701394 0.17070788463646377 0.09223633362385486 -0.2162112581280784 -0.13115709368233516 0.9337113449984622 -0.3331380209432211 -0.04166986644504305 -0.14299139797285162 0.3147092981532428 0.9383557522398758 0.1526479023689458
36535719080098 PointCloud23.pcd PointCloud31.pcd 0.16718187705722506 0.9467198336600998 0.30705202153498995 0.0971628150367665 0.13795157749802195 -0.29985682229187643 0.9504598478081558 -0.0819265758439543 -0.0933241824398875 -0.11750507512278292 0.048426581293471826 0.9918908324733201 0.0066680400052195506
36535719080099 PointCloud23.pcd PointCloud31.pcd 0.16718187705722506 0.9805492297311196 0.19445936053639223 -0.026622643998775043 -0.24768655382707913 -0.1943681811120962 0.9809103224444515 0.005995789614172685 -0.06212913418477983 0.027280363723445035 -0.0007045719973701042 0.999627573315891 -0.02178439151383873
36535719080100 PointCloud23.pcd PointCloud31.pcd 0.16718187705722506 0.983990687350849 -0.022143451230457332 0.17683889497055927 -0.10861485787759118 0.038746746760314685 0.9950972319823784 -0.09099554119021962 0.19585723774989405 -0.17395693956349134 0.09639069700242482 0.9800243959764935 0.019762659492839188
36535719080101 PointCloud23.pcd PointCloud31.pcd 0.16718187705722506 0.9203577139126046 0.2232030880321914 0.32112623675815993 -0.020745410878659918 -0.24051272511055505 0.970534148714913 0.014734152100258864 -0.1120309585445895 -0.3083752705737906 -0.09079563685063721 0.9469217733410867 -0.037009295139861856
36535719080102 PointCloud23.pcd PointCloud31.pcd 0.16718187705722506 0.9902219911656794 -0.06370779055814113 0.124103689042981 0.1545618855305212 0.0643128006498182 0.997929409000679 -0.0008708180821452314 0.04089571727689327 -0.12379124316547452 0.008843759028573192 0.9922688728574481 0.09092550854931061
36535719080103 PointCloud23.pcd PointCloud31.pcd 0.16718187705722506 0.9753561408205133 0.16121103625392286 0.15063665010100336 -0.39290899921776784 0.04853934703685211 0.5092279585966031 -0.8592617866359314 0.09184738773264198 -0.21523087685774034 0.8453980648034826 0.4888535380597911 1.3841414198009223
36535719080104 PointCloud23.pcd PointCloud31.pcd 0.16718187705722506 0.47308482179036737 0.37628538252197696 -0.7966178897638855 -0.6074709795305042 -0.22844190889763824 0.9256695791804647 0.30157938331236245 0.467681862887373 0.8508848603957998 0.03930828258969246 0.5238795789769528 0.5140741817783303
36535719080105 PointCloud23.pcd PointCloud31.pcd 0.16718187705722506 0.9139465779074043 0.3774119835353723 0.14920404624285835 -0.8344725294731505 -0.36100556512634385 0.9240166109886452 -0.12596937947322018 0.14731188153378835 -0.18540937052682707 0.06126579225762857 0.9807496459443109 0.17820241315940405
36535719080106 PointCloud23.pcd PointCloud31.pcd 0.16718187705722506 0.951049262666923 0.1562930025665981 -0.2666041960086512 -0.3583539394345402 -0.07017697163611761 0.9493719211859617 0.3062158518360203 -0.02324649551243947 0.3009659326779121 -0.2725168850042018 0.9138676352486289 -0.22616487626809212
36535719080107 PointCloud23.pcd PointCloud31.pcd 0.16718187705722506 0.7837702828249451 -0.6089572339462694 -0.12196405611906333 -0.3731807823887973 0.5592667157601388 0.7774460887974084 -0.28774697158524604 -0.7920663119710104 0.27004607829660066 0.15731708819489593 0.9499086531654007 0.3611310197030697
36535719080108 PointCloud23.pcd PointCloud31.pcd 0.16718187705722506 0.8640676568119093 -0.17027538675118153 -0.47370178078440056 0.27188765068223003 0.10166831230830949 0.9806899553533144 -0.16706515418091983 0.6565133816810155 0.4930016619890411 0.09619513571823696 0.8646940829797516 -0.838918473005835
36535719080109 PointCloud23.pcd PointCloud31.pcd 0.16718187705722506 0.9299598702355452 -0.11658609721697884 -0.34868656654250496 -0.16902993575973735 0.04511394663317565 0.9774093836419976 -0.20648396690239385 -0.5663368103734309 0.3648826819275842 0.176291175911567 0.9142111625467334 0.15167522212584292
36535719080110 PointCloud23.pcd PointCloud31.pcd 0.16718187705722506 0.8491592913875239 0.5120539337778292 0.12934166673152409 -0.2624906221083144 -0.4923005705460857 0.8561110326214749 -0.1572070229467822 0.29367070440743587 -0.19122930238390906 0.06981882787932084 0.979059081559086 0.21589481758758686
36535719080111 PointCloud23.pcd PointCloud31.pcd 0.16718187705722506 0.9207912552487838 -0.3460029466831724 -0.18007061154983434 -0.669553875587537 0.30926973945122166 0.9289450421917324 -0.20350267036865766 -0.5658302598092815 0.23768822544910173 0.1316930881783963 0.962372712626919 -0.5705311246837583
36535719080112 PointCloud23.pcd PointCloud31.pcd 0.16718187705722506 0.9349922211837596 -0.05497212029616766 0.35038209474230203 0.5494632540786655 -0.04703500515760167 0.95997038548166 0.276124188161808 -0.049720797619863824 -0.35153556664395175 -0.27465419164530663 0.8949792290304726 -0.23638960438032033
36535719080113 PointCloud23.pcd PointCloud31.pcd 0.16718187705722506 0.454004714194168 0.5828467528938279 -0.6739209019837511 1.4304609074237615 -0.798768557057427 -0.06887929771198692 -0.5976825533701811 -0.29383495141273075 -0.3947765339351716 0.8096575232700702 0.43428813392298415 0.5498701925627766
36535719080114 PointCloud23.pcd PointCloud31.pcd 0.16718187705722506 0.8386670382118666 -0.5405362349395061 0.06676958689671639 -0.7282999509110518 0.44235393870359513 0.7475378856936293 0.49548976010217805 -1.8757069033573637 -0.31774296519411893 -0.3860151398198276 0.8660437170833395 -0.19723083054439333
36535719080115 PointCloud23.pcd PointCloud31.pcd 0.16718187705722506 0.19367250395794383 0.7769764344375434 -0.5989979812481692 0.4951185789342755 -0.6039509801775491 0.5755761585113313 0.5513214119693854 0.43826018001774647 0.7731327019039087 0.25498961955746496 0.5807289549907955 1.7360296758740474
36535719080116 PointCloud23.pcd PointCloud31.pcd 0.16718187705722506 0.7032987034829737 0.044117410444453345 0.709524198160178 0.30434793364424073 -0.05617807934493323 0.9984002890377559 -0.006394235719724032 -1.4698772783478546 -0.7086712616441294 -0.03536264900994618 0.7046520602217217 0.19210178357063784
36535719080117 PointCloud23.pcd PointCloud31.pcd 0.16718187705722506 0.7344997104914476 -0.05633560066779447 0.6762665712464123 -0.644153216592485 -0.6737638009703315 -0.1794129459180121 0.7168356403939696 1.2304661608518321 0.08094761139151463 -0.9821595058514782 -0.1697356452710777 0.4766800757910824
36535719080118 PointCloud23.pcd PointCloud31.pcd 0.16718187705722506 0.2323814259058487 0.4932667274902731 -0.838264163879741 -0.215215952084617 -0.4892964679798236 0.8041454968483646 0.3375484947692204 -0.77839846687408 0.8405877939373341 0.331719694093573 0.42822214472634695 0.7367482655538616
36535719080119 PointCloud23.pcd PointCloud31.pcd 0.16718187705722506 0.5692169118059984 -0.4751372389489161 -0.6709968043724521 -0.7607163487659765 -0.4680104784366898 0.48374639039554407 -0.7395644812000793 2.3812571019986444 0.675986907704212 0.7350061455139557 0.05298741991468042 0.5269506924456411
36535719080120 PointCloud23.pcd PointCloud31.pcd 0.16718187705722506 0.7704936905742339 -0.1524386221386325 -0.6189522915910176 -0.11790803635797943 -0.38859622722721443 0.6573751425271341 -0.6456399106097805 0.12941747519866015 0.5053043092732062 0.7379840028536564 0.44726632621070705 0.9559424452513533
36535719080121 PointCloud23.pcd PointCloud31.pcd 0.16718187705722506 0.7947923346377489 -0.6052882139432183 0.043946818570916465 0.46319643901755014 0.5352441494495761 0.7332641575312778 0.41932967431359414 2.1697933786722228 -0.2860399365142498 -0.30975773330358336 0.9067697069143575 0.8253813096913276
36535719080122 PointCloud23.pcd PointCloud31.pcd 0.16718187705722506 0.27649260830641176 -0.9094576942385634 -0.3105455521210909 -0.4806759335222099 0.6448956468767953 -0.0639925693327138 0.7615868668179342 -0.32276630361237485 -0.7125036436336849 -0.4108426139782409 0.5688118356260261 0.1797398635323605
36535719080124 PointCloud24.pcd PointCloud12.pcd 0.1350804579403298 0.9060584782331771 0.06926345610208907 -0.41744533494886843 0.04467422969285779 -0.20336944992043948 0.9363868843103722 -0.2860427760503159 -0.09045535693696352 0.37107802530038997 0.34406711051814776 0.8625073464028324 0.07855629885677147
36535719080125 PointCloud24.pcd PointCloud12.pcd 0.1350804579403298 0.9838700272420545 -0.16236154913272707 -0.0750899251427212 0.060595201902609766 0.16555357590602357 0.9854528693578192 0.038401247104346975 0.0034944586504589248 0.06776269622326805 -0.05021324165657587 0.996437076469403 -0.03677824856172305
36535719080126 PointCloud24.pcd PointCloud12.pcd 0.1350804579403298 0.9632612061998816 0.21898893940768904 0.15547248324846621 0.031041709453897726 -0.16176129255758082 0.9351941738806752 -0.315031968805933 0.19935795630653588 -0.21438547726105392 0.2783086444161178 0.9362602018578026 0.19229069033178192
36535719080127 PointCloud24.pcd PointCloud12.pcd 0.1350804579403298 0.990522428727184 -0.06429374702337975 0.12137393576091579 0.025533481553176036 0.09698598111046022 0.9531262311811544 -0.2866079323787997 -0.0748658253564503 -0.09725758405616869 0.2956631555133355 0.9503285015274745 -0.019377487859428222
36535719080128 PointCloud24.pcd PointCloud12.pcd 0.1350804579403298 0.9831204701552383 -0.18249404422481066 0.01304089660322574 0.12374957905874176 0.17185735313164438 0.9455668185738249 0.27634840652111714 0.04433354279361956 -0.06276297743358307 -0.2694426013729978 0.9609690386422568 -0.040263087512537314
36535719080129 PointCloud24.pcd PointCloud12.pcd 0.1350804579403298 0.9449481772282635 0.24975055218755662 -0.21141807877992105 -0.0662079109766366 -0.23820225114303842 0.9680088515709828 0.07885778864903603 -0.062210345419024454 0.2243493479004813 -0.02415626134644481 0.9742093435881177 -0.09601206443561058
36535719080130 PointCloud24.pcd PointCloud12.pcd 0.1350804579403298 0.9933024838075377 -0.047456393496860594 -0.10534736056516544 -0.12288490797168368 0.052351820766987786 0.9976500767748009 0.04419967390846566 0.17326971752480683 0.10300224523842688 -0.04941877201534495 0.9934527278377859 0.08375607264086862
36535719080131 PointCloud24.pcd PointCloud12.pcd 0.1350804579403298 0.9927152668825061 -0.04434926377965818 0.11202473700302616 0.038491708176288955 0.07030480783983978 0.9683053649941341 -0.23967051157407782 -0.14430061002727598 -0.09784494311408272 0.24580045346943374 0.9643694853017815 -0.15004519057934093
36535719080132 PointCloud24.pcd PointCloud12.pcd 0.1350804579403298 0.9779174406327165 0.19194866200775218 -0.08266311426380867 -0.08359130665353535 -0.20002568503435025 0.9742475572641073 -0.10407412018104818 0.03235515465270527 0.06055744902897316 0.11831064330124345 0.9911283403519191 0.03458389201075742
36535719080133 PointCloud24.pcd PointCloud12.pcd 0.1350804579403298 0.9740306406594181 -0.14183510883138817 0.17648544687704756 0.03268479063186563 0.18903331224425107 0.9384560694916629 -0.28907890358209454 -0.18205441325283303 -0.12462230104828906 0.31493333824326486 0.9408965270126053 0.09144592912747057
