id source target overlap t1 t2 t3 t4 t5 t6 t7 t8 t9 t10 t11 t12
38591597440030 PointCloud15.pcd PointCloud29.pcd 0.13997109762985893 0.7713018919698656 -0.5275908225535644 -0.3560074653725104 3.428998229410379 0.6363600482739369 0.6496196747743401 0.4159809696450949 1.1307776164922452 0.011801711930842451 -0.5473958367610535 0.8367906055233696 7.41357310675159
38591597440061 PointCloud29.pcd PointCloud11.pcd 0.1437778409629419 -0.6976131812703784 0.23320609225498637 -0.6774590525286237 12.259224190421037 -0.4784955585365006 0.5521217387826178 0.6827910266139272 5.632811606536228 0.533270897179533 0.8004851679443019 -0.2735793232730107 4.197264057277765
38591597440092 PointCloud11.pcd PointCloud19.pcd 0.16582568088507224 0.21885618449056118 0.9482605283525298 -0.2300085669683074 0.05870916548377291 -0.2609126971760625 -0.1702678121669315 -0.9502280971388914 -0.024132905953437957 -0.9402268529256892 0.26797545131684614 0.21014904836564646 4.918040905121254
38591597440123 PointCloud0.pcd PointCloud11.pcd 0.15633416332130698 -0.29513574372697904 0.44353295715170965 -0.8462702929295006 7.727954370394834 -0.8158096953121843 -0.5780266149756601 -0.018432943726414075 -4.947637982534015 -0.4973423708164869 0.684955289270796 0.5324348015396779 -1.6060392106567631
38591597440154 PointCloud29.pcd PointCloud15.pcd 0.1436757726208963 0.33301249748328254 0.6564301301372932 0.6769063160939504 -14.58751725379528 0.9129861965620769 -0.04501746002389681 -0.4054992394322208 2.0015179836422674 -0.23570931548638352 0.7530424374103581 -0.6143030246157082 -1.9100574318632886
38591597440185 PointCloud16.pcd PointCloud30.pcd 0.10056072280789888 0.3095256337648136 0.7967460889255735 0.5190275058455887 7.172804491850837 0.9472202779420071 -0.3062634981206504 -0.09474394320677737 0.10616707576250148 0.08347231336171979 0.5209590574130605 -0.849490455156112 5.538052293255683
38591597440216 PointCloud17.pcd PointCloud30.pcd 0.16938511725241584 -0.07340264548861453 -0.9955800201976392 0.05858732813963313 -2.6254989843515792 0.9965181512989323 -0.07088900469664239 0.04388989798208425 -5.238389901698853 -0.03954270813982158 0.06160497054936152 0.9973170016782935 -5.168373872669138
38591597440247 PointCloud15.pcd PointCloud30.pcd 0.12700170920107687 -0.910750485324015 -0.05083329422019472 -0.40981645852844184 1.437376866078701 0.06569493844201642 -0.9975915246413481 -0.022255898697876402 -3.8278894390181306 -0.40769808503986216 -0.04719243755596421 0.9118964553568325 -1.7154844330601133
38591597440278 PointCloud16.pcd PointCloud29.pcd 0.11477456579073736 -0.9962322288097942 -0.08058091534894381 0.03206341158073551 10.833462475367138 0.07920313200541891 -0.9959672910607245 -0.042142840645758205 3.574190587687766 0.035330017848870084 -0.03944453344492662 0.9985969750705787 -3.076530352409758
38591597440309 PointCloud30.pcd PointCloud11.pcd 0.11917892824704814 -0.1095689258291111 -0.9907259719580499 -0.08035358722815114 -2.664759673227509 0.9939721618211383 -0.10890531849038038 -0.012608454668261528 1.221783677251638 0.0037405904971760454 -0.08125072364161526 0.9966866748835594 7.17602118322638
38591597440340 PointCloud13.pcd PointCloud29.pcd 0.17982228178169088 -0.08730413519431834 -0.7390311132200655 0.6679902706407355 0.2279001940506698 0.9636061351626846 -0.23272604299773464 -0.13153632649367647 3.0334805170636234 0.2526681702447039 0.6321958577872266 0.7324528606960765 3.00525551216769
38591597440371 PointCloud11.pcd PointCloud29.pcd 0.2150123797285862 -0.3060334856592327 0.7142867923169707 0.6293948553783971 1.7002068451131087 -0.19940728705422983 -0.6945435955639523 0.6912640072582756 -1.0876749714352296 0.9309029162726544 0.08604401305512371 0.35498758892732785 -4.667560689211495
38591597440402 PointCloud18.pcd PointCloud28.pcd 0.2253426642925173 -0.7159373066929406 0.3167578159438661 0.6221722100220567 -4.085225317077185 0.3544990510243107 0.9326595228156329 -0.06690767761759098 3.6002160607455758 -0.6014683663403434 0.17265775551589954 -0.7800160919827812 -1.2862724497134612
38591597440433 PointCloud17.pcd PointCloud9.pcd 0.2199098295069859 0.9153578354381084 -0.398164217714366 -0.05987728145104196 -0.41225647603634863 0.31378215698083683 0.6122266990917781 0.7257542468905287 -1.0048573771407845 -0.25231090159268543 -0.6831132590215856 0.6853433331450696 -6.879604900202181
38591597440464 PointCloud10.pcd PointCloud19.pcd 0.2036904027916378 0.315811824953026 0.8931102385106864 -0.3203388722700135 -2.015272641960291 -0.47606285317776753 0.44119695328684577 0.7607295237038247 -0.9130522955342901 0.8207478608221177 -0.08774594165994015 0.5645118233289076 11.795658385878511
38591597440495 PointCloud1.pcd PointCloud14.pcd 0.23488261126252538 0.6676457230865479 0.21220069096332195 -0.7135965633317818 -5.140977879904239 0.6360069099949449 -0.660795542015704 0.3985529602083694 11.296245102414419 -0.386968214305675 -0.7199445245342594 -0.5761384232198167 -4.399528470140372
38591597440526 PointCloud19.pcd PointCloud29.pcd 0.1972297142079246 -0.2536910611056716 0.9672508762335814 0.008160143408517229 0.8298218192056616 -0.4861910212254801 -0.13480238260190575 0.8633924996921007 0.3764622745252271 0.836217158634528 0.21506757094043388 0.5044668507790956 -9.602237165867768
38591597440557 PointCloud10.pcd PointCloud30.pcd 0.24137624184024356 0.5425433910843829 0.6049910579467082 -0.5827799658491887 2.493370545149972 0.8400228207520464 -0.3931229655919281 0.37391977019139205 1.833738689186478 -0.0028860711069153 -0.6924161709035475 -0.7214925618915522 7.731188604705578
38591597440588 PointCloud21.pcd PointCloud30.pcd 0.19471545370982568 -0.3554996368568469 0.4637771385009026 0.8114990905716191 -1.82193810947524 0.43271206907115506 -0.6879066010268199 0.5827047052700774 0.3990001977365445 0.8284807019326461 0.5582967616488944 0.043868581667837074 -4.279757220097875
38591597440619 PointCloud11.pcd PointCloud30.pcd 0.19923527752530792 -0.9509047551258709 -0.03440017656073881 0.3075658864887282 11.743111199166936 0.03681547737175579 0.9741731790093038 0.22278069468604375 2.3941628970652826 -0.30728613262706306 0.22316640686155367 -0.9250794493142771 4.046795901982585
38591597440650 PointCloud26.pcd PointCloud14.pcd 0.2569448510040396 -0.12375934997459516 0.7792485827053163 -0.6143738842477127 -1.8572862247134125 0.8979185367871049 -0.17560962714706518 -0.40361313178261865 4.738271249840869 -0.42240492964449455 -0.6016085980145437 -0.6779684138711809 3.823985591359489
38591597440681 PointCloud12.pcd PointCloud20.pcd 0.2575927518350968 0.12308914412617555 0.0831517998900659 -0.988905880644527 -1.929803804469459 0.085055851033514 0.9919328483976266 0.09399322568534031 7.741843698022524 0.9887439328780985 -0.0956817769735339 0.1150236182352854 -10.75209252445093
38591597440712 PointCloud11.pcd PointCloud27.pcd 0.2958535744507475 0.6766721500138762 0.6037116079960078 -0.4214820230644162 0.7003096350860437 -0.6501192468529863 0.22118327043622937 -0.7269270429351488 -3.5838432288281745 -0.34562952169469585 0.7659048604428677 0.5421530950599538 14.182698167549425
38591597440743 PointCloud27.pcd PointCloud14.pcd 0.25808119801302315 -0.2687732794876062 0.4838208421294672 -0.8328735299879628 -1.7916510664898802 0.5622424017768739 0.7808953143293594 0.27218741650308337 1.7496507712086449 0.7820769820661193 -0.3951201093080228 -0.48190838687738846 -7.762115389930235
38591597440774 PointCloud7.pcd PointCloud30.pcd 0.3031162229056727 0.17569388565560146 0.9234444954654373 0.3411479478727964 -0.8691601289624844 -0.9796124903224508 0.19829203854354666 -0.032243390865268395 9.940636468120491 -0.09742190383831706 -0.32852782415623244 0.9394564606237423 -3.694299711623543
38591597440805 PointCloud25.pcd PointCloud15.pcd 0.2821269761008908 0.46412122265921757 -0.21843806649624262 0.8584149939176833 -4.019968362215058 -0.2511777992144338 0.8968786861687708 0.3640306793087271 8.995205356165625 -0.8494122696659772 -0.38456915295114724 0.3613936395944602 -1.3342435406086504
38591597440836 PointCloud16.pcd PointCloud3.pcd 0.29696884627034376 -0.3800383334203801 -0.40639970414489035 0.8309092282566162 0.03838127771841092 -0.8216863316983991 0.5608257394288455 -0.10151877803695752 1.6152871939155626 -0.4247380809758978 -0.7213277829565656 -0.5470683614539205 -12.402872217996832
38591597440867 PointCloud30.pcd PointCloud13.pcd 0.28996911898274297 -0.33214741256337843 0.9372195973273444 -0.10628980531087426 -3.94494023085626 -0.9281020198197026 -0.3046398126253401 0.2140589296670108 -9.10871406603541 0.16824011749294956 0.16974690262024916 0.9710207268214157 4.312775408341687
38591597440898 PointCloud11.pcd PointCloud23.pcd 0.3085843231892688 0.14483012104690157 -0.2308662625862073 0.9621460413248166 -0.9471657962366362 -0.2828849742449085 0.9221489358144204 0.2638511541054713 -3.966628363196508 -0.9481562779331247 -0.3103902527074716 0.06824634525155643 -4.89972898077302
38591597440929 PointCloud26.pcd PointCloud15.pcd 0.2581742872197178 -0.4190129725643431 -0.6487820345712666 -0.6352243701562158 -0.593472160659417 0.7222677693384477 -0.6621185123254317 0.19982078222952682 3.5208084182412467 -0.5502339486051874 -0.3750745889200241 0.7460305989360082 -2.549784056150857
38591597440960 PointCloud6.pcd PointCloud10.pcd 0.3636747221636189 -0.582385765515163 0.3759339244176263 0.7207638341352041 1.0054335939681212 -0.7896849989358605 -0.4720662235987114 -0.39185594673670754 0.5204383375316716 0.19293631742361889 -0.7973877131039917 0.5717940297080747 -5.525315477947511
38591597440991 PointCloud9.pcd PointCloud15.pcd 0.34814084654150457 -0.34448004477355837 -0.23463679912083268 -0.9089989390814144 0.3479782938718689 -0.934973909756482 -0.0015093100758018785 0.35471327866006447 -3.265323027440199 -0.08460074956810232 0.9720819381520391 -0.21885935824426184 2.971875209228001
38591597441022 PointCloud18.pcd PointCloud6.pcd 0.3272185183651497 0.28122409003776855 0.9593617527640593 -0.02319565726382428 -3.2632768606142277 -0.9593299790305366 0.28166693420341776 0.018701056379727375 3.1991194610349867 0.024474527895329373 0.016993101833370224 0.9995560174269281 -0.4225097116597542
38591597441053 PointCloud23.pcd PointCloud15.pcd 0.339380640375819 0.6742846172747565 0.7157172745312828 -0.18190392476290057 -2.16492632631061 -0.12352654850472455 -0.13353987780286347 -0.9833149509953084 8.046638287540377 -0.7280669246169231 0.6855041093778419 -0.0016338007671637955 6.7436619612312105
38591597441084 PointCloud30.pcd PointCloud20.pcd 0.37773660308810175 0.679635162095977 -0.529135369177769 0.508047052474356 2.8346388177149326 0.7332320505417117 0.510430982072626 -0.4492560212159332 -0.003437866813529169 -0.02160570529216002 0.6778465708591291 0.7348858549960993 12.106105792212592
38591597441115 PointCloud0.pcd PointCloud4.pcd 0.3726053153107373 0.8901565759591736 -0.13922546255772222 -0.4338635048632551 4.985242739966333 0.12698975010636543 -0.8386475494829078 0.5296639416783402 7.591637712485771 -0.437601272443948 -0.5265800587962874 -0.7288474243856087 3.2348671149688055
38591597441146 PointCloud29.pcd PointCloud4.pcd 0.37545110561886225 0.46682825339830336 -0.16033481660750176 -0.8696919732942969 1.3393149865089333 0.679292188739691 -0.564672996926412 0.46872863029623457 -0.07479889003799815 -0.566245091940168 -0.8095907318673943 -0.15469112039185562 -10.373800264826109
38591597441177 PointCloud0.pcd PointCloud22.pcd 0.3747819164252926 -0.8304442228741055 0.32793118229431295 0.45035933694559616 -2.578559298073472 -0.5345233527756621 -0.6968298366034352 -0.4782394422846099 -0.3933690740160592 0.1569941974484663 -0.6378787647337727 0.7539651871732727 6.7348228056872745
38591597441208 PointCloud29.pcd PointCloud8.pcd 0.31340813484686103 -0.3076360437374759 -0.9249652816474959 0.22315755048916044 -2.892962565879116 0.9279697664735139 -0.23981950541417096 0.28523449534373374 -0.5715759263754076 -0.21031447193344974 0.29483187169922936 0.9321169402632286 -4.257561626812878
38591597441239 PointCloud1.pcd PointCloud30.pcd 0.3821543239330686 -0.11865312237306236 0.8884224976945945 0.443426320983792 4.487187788427467 0.3612765556938024 -0.3773444007020863 0.8526959912916243 1.3928461300690056 0.9248787417046332 0.2613745757507437 -0.27619312861469375 2.2613983271724005
38591597441270 PointCloud22.pcd PointCloud13.pcd 0.4093544917460367 0.9623216913438306 0.24331213116622452 -0.12139262414372019 0.17160233628791685 0.05861934132210711 0.25030430328502257 0.9663909812182444 -2.6486424524850594 0.26551974539026446 -0.9370949592140324 0.22661046362323994 -4.5069909649594715
38591597441301 PointCloud12.pcd PointCloud21.pcd 0.42576737578046137 0.18709313370207808 -0.10076058958689921 0.9771609196583932 4.4977387465753775 0.7056081767076561 0.7058568750442971 -0.062315109853045114 1.4258121695317265 -0.6834568459565196 0.7011514640495307 0.20315847059959408 10.24691862572352
38591597441332 PointCloud10.pcd PointCloud27.pcd 0.4149319570067439 0.12861479422500416 0.6153535160260507 0.7776877811955366 -8.98390292017018 -0.9357721673562608 -0.18431264185090668 0.30059823827711574 -6.866722598633637 0.3283118723223789 -0.7663999610962389 0.5521253608772717 -2.3378787226063737
38591597441363 PointCloud6.pcd PointCloud0.pcd 0.43124698003933604 0.8031795949328198 -0.16465079919804512 0.5725317917871431 -0.7545027702626824 0.44649839871219477 0.8026044230737582 -0.3955569744169424 0.7942578112575247 -0.39438777647259476 0.5733378187298346 0.7181518136042809 4.142633249016931
38591597441394 PointCloud17.pcd PointCloud21.pcd 0.400974025974026 0.598834049655714 -0.42842606692522633 -0.6766453178378753 0.16045585583031388 0.8008395404402203 0.3125933235910705 0.5108242794873642 -3.4592725813398473 -0.007335628155406337 -0.8477832973261915 0.5302920604103892 6.716516794560779
38591597441425 PointCloud24.pcd PointCloud3.pcd 0.448810224374934 0.8847983520159176 -0.2283874097903274 0.40616630500225104 2.218820708764967 -0.09635808535296797 0.7631328066548455 0.6390175575007377 1.7873423306167688 -0.45590239707313085 -0.604539089270796 0.6532116761713694 -3.299695516219687
38591597441456 PointCloud22.pcd PointCloud3.pcd 0.4424716684073514 0.2533327704696417 -0.6525712039889805 -0.714124170666802 -3.654059525437662 -0.5470058200185258 -0.7054892570173913 0.45063237910619436 -1.5787687574280955 -0.797876644771631 0.2764701285083456 -0.5356837945752538 4.816793217731726
38591597441487 PointCloud20.pcd PointCloud8.pcd 0.40681688149968026 -0.2492048072783199 -0.3476232798445382 -0.9039109576388048 -2.3505376128040236 -0.6939405956284797 0.7151493273007201 -0.08371313755987286 3.2478566789257046 0.675531948739781 0.6063987920267101 -0.4194485561548407 -9.482664022567153
38591597441518 PointCloud18.pcd PointCloud22.pcd 0.3870139550291938 0.6847328713062437 -0.08150292470899823 0.724222457685887 -6.001810319494953 0.26157391758829346 0.9549998663773118 -0.13983683655185147 5.667453905361748 -0.6802352391564405 0.2851885840688507 0.6752388399126522 -9.856895448651741
38591597441549 PointCloud13.pcd PointCloud23.pcd 0.44780231822707606 0.29496709290285295 0.7939181596727223 0.5316844645523484 3.403431829401111 -0.9075481806322501 0.4068571752788579 -0.10403623770206813 -1.2211490709675044 -0.29891589776312033 -0.45184200188338663 0.8405284596005546 8.841901518820965
38591597441580 PointCloud20.pcd PointCloud23.pcd 0.4776781206879144 0.6064046780359462 0.7825842659646325 -0.1408376125923676 1.9786860606910766 -0.7846384715735151 0.6176355500220332 0.053561145205817506 12.90239500740487 0.12890242582239675 0.07802688007076783 0.9885828091786361 3.8447355283175204
38591597441611 PointCloud29.pcd PointCloud1.pcd 0.4948783564080692 0.8166881382575317 -0.254177196740324 -0.5180872875169563 1.8502490185762601 0.47816957944809546 0.8006674621044523 0.3609507839271819 -10.879633986743446 0.32307017522494763 -0.5425178041174743 0.7754354222600846 0.8380199534591938
38591597441642 PointCloud11.pcd PointCloud4.pcd 0.46993449713229074 -0.2875742614849092 -0.09161248854022577 0.9533667689168088 -3.1355558017913965 -0.0027712901696957948 -0.9953309764835289 -0.09648091626399664 2.0660009375195436 0.9577543338885 -0.03038748419682001 0.2859776857063914 -11.058223165633803
38591597441673 PointCloud26.pcd PointCloud9.pcd 0.4923379778701481 0.393819766669374 0.8894315197897894 -0.23198612670783803 0.412914782700033 -0.5967477351235756 0.4393592354412403 0.6714578191199887 -0.13513571652181847 0.6991409957979595 -0.12599616596116747 0.7037945965675805 7.408256336277633
38591597441704 PointCloud14.pcd PointCloud9.pcd 0.45585998472319084 0.9892525961831703 -0.03881803191778413 0.14096971782225837 6.289290282895205 0.14219362731107948 0.03080238367252708 -0.98935948244923 -11.371676629237873 0.034062784633307495 0.9987714320895047 0.03599101478014455 -6.844658251581795
38591597441735 PointCloud30.pcd PointCloud1.pcd 0.5109391462306994 -0.6792033564230734 0.18853448804142853 -0.709321892685252 2.909902047494105 0.6626859664814051 -0.2578893593021655 -0.7030934420027858 1.0078019202439745 -0.31548393057688 -0.9476010896878894 0.05022015900101573 -9.132574815933596
38591597441766 PointCloud13.pcd PointCloud22.pcd 0.4901966923621244 -0.3419036441051497 -0.8901704479918254 -0.30116186954800933 -0.9604689027402082 0.8994321578569108 -0.4028275454778076 0.16956344540373772 1.8977579050708968 -0.2722566648596149 -0.21290031030122494 0.9383761326425357 10.890619920230723
38591597441797 PointCloud26.pcd PointCloud8.pcd 0.5080279257654704 -0.9852810229454578 -0.1518148444852359 -0.0785719976675853 -1.1818847608031708 0.14781731851229057 -0.9875149670364143 0.05444474471337873 -3.188833356530478 -0.0858565441383907 0.04202907175982571 0.9954206201177568 -2.3430710101333085
38591597441828 PointCloud3.pcd PointCloud23.pcd 0.4677044367278201 0.5821847967758838 0.47924660667281227 -0.6567979540129657 -3.3711091568943647 0.7276722144169028 0.05324047234555884 0.6838556868740823 -3.9768473275334273 0.36270375069555605 -0.8760640057079258 -0.3177386459566405 2.698068063889881
38591597441859 PointCloud15.pcd PointCloud11.pcd 0.5066864239552233 -0.6759763656557394 0.11479900839830376 0.7279266039551129 -0.2691408134731933 -0.674535983932159 -0.4941534885216341 -0.5484647082197476 -10.23912498262434 0.29674426608703297 -0.8617618681820778 0.41147214133134546 2.406646616524147
38591597441890 PointCloud18.pcd PointCloud2.pcd 0.53187295540188 -0.44330072380756386 -0.6223264614355497 -0.6451311833021228 -3.4281653465101836 0.5728517542925364 0.35687206222612694 -0.7378910480595592 0.34171431097668625 0.6894384206552847 -0.6966721657993654 0.1982991616844812 5.261838038677924
38591597441921 PointCloud7.pcd PointCloud2.pcd 0.5369430193538057 0.16496100072919112 -0.8749260071428722 -0.45529369670955744 -3.172835665071176 0.3429114378194156 -0.38194351250087927 0.8582137840136987 -2.170877974426555 -0.9247700330628393 -0.2976972208192769 0.23701635105079527 -2.1156828494612414
38591597441952 PointCloud9.pcd PointCloud5.pcd 0.584484424367444 -0.23521093369962792 -0.9706717690535727 0.04972055340155915 -7.503347284158114 0.9718233055584578 -0.23568103378710176 -0.003730024996691776 1.0919483421282392 0.015338821388299107 0.04744224989870419 0.9987562032262765 8.567987221644842
38591597441983 PointCloud6.pcd PointCloud22.pcd 0.5304786339909758 -0.19910567566771825 -0.0428972161186828 -0.9790386911487043 0.5728011683889348 -0.948476431503612 -0.24283313384166588 0.20353016481791947 -3.2054374792085736 -0.24647391099074806 0.9691191350695241 0.007662456722366873 5.591083096907646
38591597442014 PointCloud2.pcd PointCloud18.pcd 0.5454332990558101 -0.4371693983975902 -0.8683011596116307 0.23438432823417657 -2.8054733120570434 -0.8738336321639767 0.34840393835515254 -0.33915996084109123 -9.517460383133926 0.2128325642466409 -0.3530832649046344 -0.9110622962456973 7.208114848736013
38591597442045 PointCloud1.pcd PointCloud2.pcd 0.59245930011565 -0.3601820930209812 0.9326851875746391 -0.019162482769338116 -7.379968646031191 -0.9076481031728358 -0.355110720360915 -0.2237661661009206 -0.6230729210937281 -0.21550819166281832 -0.06320377491583823 0.9744544638733046 3.978651901699778
38591597442076 PointCloud7.pcd PointCloud9.pcd 0.5577111672993402 0.6420905717290252 -0.7590746830908366 0.1073560579904069 -5.470904194117859 0.7638712854682137 0.6216101092975348 -0.17349792867998642 4.870689768222029 0.06496427428850796 0.1934075942398663 0.9789653444103702 10.582784957912727
38591597442107 PointCloud8.pcd PointCloud24.pcd 0.5763513248025566 0.8177317836884277 0.323400797518031 0.47615822381897766 4.974326442113614 -0.5527867181559587 0.2106504168153791 0.8062587959990709 -8.547841826940905 0.1604418093144888 -0.9225173852346676 0.35102720658616293 1.0554561018305741
38591597442138 PointCloud0.pcd PointCloud1.pcd 0.5817199383437506 0.2934260942523005 -0.11598155872385035 -0.9489201258524483 -3.173432843627278 0.9500733911181369 0.14556642428235578 0.27599088320256693 -3.5739141421618195 0.10612105682249806 -0.9825266887762568 0.15290398013538067 -4.521761205765817
38591597442169 PointCloud20.pcd PointCloud18.pcd 0.5690270252078214 -0.7766079842697429 0.33813304479158024 0.5315506399097476 9.170623428646364 -0.6297399662717031 -0.4401595447487703 -0.6400680823527056 7.648220254326532 0.01753891811376379 -0.831820665279801 0.5547673090268281 0.031226885405359676
38591597442200 PointCloud6.pcd PointCloud3.pcd 0.6059453242501991 -0.5631620746390092 -0.5597446101491984 -0.6078934520927237 -12.727060558989578 -0.7872281458875489 0.5870719670752463 0.18872824853967396 -5.672360641409619 0.2512375847892565 0.5848354271787258 -0.7712633785588022 -2.287920087310753
38591597442231 PointCloud3.pcd PointCloud4.pcd 0.599002965767001 0.6201807313901103 -0.7511095037574017 0.2262970918455149 3.126060584809991 -0.4323078003483184 -0.08652885392960108 0.8975648852287104 0.30926943105860677 -0.6545882875292118 -0.654482444992178 -0.3783740253064872 13.170646011489172
38591597442262 PointCloud7.pcd PointCloud24.pcd 0.6157592415923359 -0.6610566180928306 -0.2592740495705008 0.7041172593361018 2.2483171909533635 -0.4841924148777015 0.8642748176218247 -0.13633321312013977 8.723938514033854 -0.5732031516404716 -0.4310522089539446 -0.6968731162165429 6.101149453737246
38591597442293 PointCloud10.pcd PointCloud6.pcd 0.6398583841298696 -0.11456484269766246 -0.7869869492520031 -0.6062395883845634 -0.7249939678037339 0.22456002905525418 -0.6149776378003903 0.7558937083718553 -2.9669626839823144 -0.9677022735161694 -0.04953833578630856 0.24718062852731745 -4.615497605101563
38591597442324 PointCloud7.pcd PointCloud4.pcd 0.6024831046146251 -0.2413223778462607 0.39079099667209816 0.8882825602648374 3.8368220010258174 0.03384762206043554 -0.9113889200805142 0.4101518923951559 -12.054172604556642 0.9698545501421747 0.12904508233366296 0.20671119537658728 0.08628318854819676
38591597442355 PointCloud5.pcd PointCloud25.pcd 0.6224468715137659 0.1780394477895098 0.13852523767107097 -0.9742241598107593 7.225352443218662 -0.4567251995934679 -0.8653079263484876 -0.20650492646614274 -9.291458465199105 -0.8716100315434152 0.48171874691219296 -0.09079097855091807 4.65643900354192
38591597442386 PointCloud12.pcd PointCloud9.pcd 0.6202128587629765 -0.03562523498487091 -0.9353993174033501 -0.3517939164249708 -2.162385764879392 0.9790585152428761 -0.10326979473180248 0.17544165191443584 -0.07270272751536463 -0.20043768698198308 -0.33817667941092266 0.9194896775602838 8.478896698920249
38591597442417 PointCloud7.pcd PointCloud26.pcd 0.6216701246889448 -0.3434932961272463 -0.606652892019607 0.7169272097778734 -7.84433890606364 -0.4304398130803327 0.7801692638763802 0.45393555381568773 2.7539880360725393 -0.8347058900181596 -0.1526701945594947 -0.5291104694316282 -9.150470663922494
38591597442448 PointCloud2.pcd PointCloud0.pcd 0.6520753482284752 -0.23535711657644653 -0.9120452626995494 0.33582803108753595 6.1294119044445186 0.9621383004243631 -0.2675123508308024 -0.052221001613296125 -0.17220263331312607 0.1374660632059388 0.31082242670098265 0.9404746145039605 -0.4525876737997703
38591597442479 PointCloud3.pcd PointCloud2.pcd 0.6618131417755854 -0.24818552392916643 -0.954540903034088 0.16509273196259358 -2.769592584405237 0.960022473443784 -0.2651373236386659 -0.08977221227420054 1.674423800138065 0.12946349367634094 0.13621256934876794 0.9821839643144876 6.3550770083495935
38591597442510 PointCloud4.pcd PointCloud2.pcd 0.6861303689537015 0.6351162946560361 -0.7710702623080533 -0.045584458388547675 1.7597043208401093 0.7519114623715913 0.6306862787670299 -0.19199992325313936 0.193634771051072 0.17679492361660787 0.08766680306242736 0.9803357009842146 -5.539653506860905
38591597442541 PointCloud7.pcd PointCloud8.pcd 0.6847217681946455 -0.4843340392190215 -0.792782597035759 -0.3700220159544897 0.18995105277173446 0.8324751242841081 -0.2875283941045549 -0.4736165010130186 2.4800523753041412 0.2690830836413657 -0.5374227166959851 0.7992315795044391 3.6856617997719634
38591597442572 PointCloud9.pcd PointCloud7.pcd 0.7111718933597933 0.2912554404137194 -0.9228183430873749 -0.2521439550948677 -2.84400081221138 0.33574485127666875 0.345410020883943 -0.8763374420359784 -9.9761601319736 0.8957933150401483 0.17058201292758385 0.4104340551111173 8.912656359800794
38591597442603 PointCloud4.pcd PointCloud3.pcd 0.6837928653013521 0.33736861510513116 0.060835224139771604 0.9394048610933998 -4.702721169529579 0.9039439059185774 0.25765607459589024 -0.3413191500289767 0.5873939942345698 -0.2628075959608321 0.9643196683298028 0.03193344293350253 -6.866150607060256
38591597442634 PointCloud10.pcd PointCloud9.pcd 0.7095222053430117 -0.3265623023642034 -0.28150907523071106 0.9022802797564292 -5.303683560521832 0.17834758315010601 -0.9558206846833189 -0.2336641999023964 3.241601892486913 0.9281967476020946 0.08461358811834464 0.3623414666397327 -3.603707551170618
38591597442665 PointCloud8.pcd PointCloud6.pcd 0.6914251286820081 -0.2318019143571886 -0.5956362052818106 0.7690808692574709 -1.558975240087326 -0.9085905709328811 0.41497388920200623 0.047537834326165096 -0.09613074741978798 -0.3474637346719849 -0.6877602650910021 -0.6373811817505679 -14.667722009751344
38591597442696 PointCloud8.pcd PointCloud7.pcd 0.7220861547327474 -0.5924461543162719 -0.6577371248298288 0.4651767716217674 -6.4019201197208195 0.7015939620946842 -0.7050423705302477 -0.10334973686164672 1.7755040191568499 0.3959462925551175 0.26513606012324864 0.8791640364767989 0.34246446105833545
38591597442727 PointCloud9.pcd PointCloud8.pcd 0.716779382197039 -0.3263259197315947 -0.33004871348783527 -0.8857647773739672 -8.990149401978313 0.09526377944889627 0.9208081118814431 -0.3782026353933087 10.397245739050431 0.9404446854740798 -0.20779862323498874 -0.2690418661569279 1.7194809236735051
38591597442758 PointCloud11.pcd PointCloud10.pcd 0.7071238286269471 -0.15330946142864207 0.987481123893293 0.0371111707023416 -1.6118565172689392 0.38930634574890305 0.025837849525470413 0.9207458795408939 -2.6723107942218047 0.9082603031048395 0.1556066691576482 -0.388393854634142 3.7833981171325024
38591597442789 PointCloud15.pcd PointCloud14.pcd 0.6956301670322254 0.034334538664666236 0.9968119489760281 -0.07202137067077158 -1.9384046334992735 -0.9993446119658753 0.035069840049840095 0.00896955147442878 -4.52946338216697 0.011466734036260355 0.07166620331432921 0.9973627571315518 -12.043148125638947
38591597442820 PointCloud22.pcd PointCloud21.pcd 0.8092781094604916 0.19780594693525844 -0.9778325198794025 0.06867583580375007 2.04811504632869 0.9774122362078732 0.19143155765381503 -0.08955042850460558 -1.5377431939904673 0.07441859893984921 0.08483820955519976 0.9936117704271109 5.4468856933680225
38591597442851 PointCloud12.pcd PointCloud11.pcd 0.7629142209095101 -0.08267453887438353 0.8344978767944523 -0.5447735440047169 -0.8901677029440382 -0.929368271535136 -0.26190589655019525 -0.2601536415582765 -0.013230630992202973 -0.35977706498010936 0.48478716461741195 0.7972087985819702 -7.454199344393226
38591597442882 PointCloud21.pcd PointCloud22.pcd 0.8001161084323749 -0.33154976157698224 -0.8308670872291579 -0.4469168143598775 -3.094959572697732 0.47018337122753473 -0.5562093646444268 0.6852435626132897 1.1905639249942257 -0.8179256402750538 0.017059485372600602 0.5750709703501521 8.96947930066116
38591597442913 PointCloud11.pcd PointCloud12.pcd 0.7592753941141442 -0.2894210730680354 -0.9558359211281321 -0.05111882574240724 -3.738010591491027 0.9392780256330001 -0.27330990216017753 -0.20750539256647665 6.6144432468285785 0.18436982678063235 -0.10807122309999923 0.9768973219896502 12.20109823832512
38591597442944 PointCloud12.pcd PointCloud13.pcd 0.7597487568699294 -0.14909733617751403 0.9887440796402597 0.012455092175709184 -6.6271539348703055 -0.9584331352102157 -0.1414049545779103 -0.24781154967421518 1.089297590585137 -0.2432609908634885 -0.04888541497374435 0.9687281902200218 7.697210403285591
38591597442975 PointCloud20.pcd PointCloud21.pcd 0.7588176892269377 0.37011238101897703 0.2033857787914528 -0.9064496954612857 -0.6588549757510453 0.8833391816269236 0.22505310629784026 0.4111727003928762 -0.38355673694694464 0.2876259995534835 -0.9528826393271561 -0.09636368636458581 6.706511038669051
38591597443006 PointCloud13.pcd PointCloud12.pcd 0.7424526116061644 -0.2823058525513892 -0.9470412310575316 0.15302389451411996 -5.110214584866398 0.7035959501879929 -0.3128310986772084 -0.6380356123128756 -5.0540368838528815 0.652116664788049 -0.07245419503000461 0.7546484248497876 8.34826972707551
38591597443037 PointCloud21.pcd PointCloud20.pcd 0.747931818548322 0.06908203412849417 -0.16698723353104458 0.9835359354890485 -3.4929579176761667 -0.4606637895516098 0.8691471847459211 0.1799223283647406 -8.870539569384679 -0.8848822212908447 -0.46550879163114395 -0.016882516325848307 -1.4912162717533854
38591597443068 PointCloud18.pcd PointCloud21.pcd 0.38690629011553274 0.6104296671701638 0.7715251732343278 0.17923316798032596 -0.07100987116030776 -0.6876767198112483 0.40394402208359403 0.6032660740109382 2.7594591983984835 0.39303479549292464 -0.4915059858116374 0.7771393153374533 -3.530122737642961
38591597443099 PointCloud0.pcd PointCloud13.pcd 0.23297254264274947 0.5646078451750071 0.7415027204830781 0.36247992590353134 1.2023260870333232 -0.7806210912691781 0.6223775531965378 -0.05724415378716308 -2.0420022814626813 -0.26804606513163526 -0.2506389770033486 0.9302319120381553 -13.273219903952207
