id source target overlap t1 t2 t3 t4 t5 t6 t7 t8 t9 t10 t11 t12
36535719080030 PointCloud16.pcd PointCloud31.pcd 0.12694505992547084 0.25059879619756525 -0.6816139969713544 0.68746098251251 -3.1351316761421275 0.968074170918622 0.1722477185960149 -0.18210744915760763 19.753426705943873 0.0057134004370199 0.7111491282222051 0.7030179759325104 -2.1047771863305615
36535719080061 PointCloud20.pcd PointCloud30.pcd 0.1380668433451119 -0.6237736414350802 -0.779232329182827 -0.06085574259777446 0.36265984324316924 -0.6440127672933383 0.46828648603472617 0.6049424125984431 20.047962841290527 -0.44289276333441785 0.41653900676113725 -0.7939403353101849 14.054659080184763
36535719080092 PointCloud22.pcd PointCloud11.pcd 0.11766863245606314 0.30648022101382144 0.11682443968612712 0.9446808585016112 -11.644005954756437 -0.2832479012425812 0.9586760525153725 -0.02666182242862314 22.303217629084067 -0.9087576687813929 -0.25940754928406556 0.32690552581050536 5.535513622551035
36535719080123 PointCloud23.pcd PointCloud31.pcd 0.16718187705722506 0.2660044719143617 0.4406175075551154 0.8573784654150576 -7.30506012403114 -0.9124943668667224 -0.1716688507453537 0.37132712817712193 -5.889997745907372 0.31079840951662024 -0.8811276966023069 0.3563963116002352 12.627245329798452
36535719080154 PointCloud24.pcd PointCloud12.pcd 0.1350804579403298 -0.19476585179175102 0.19261527901371928 0.9617513281853587 -2.2324981236533583 -0.9640381756665415 -0.21835475381363126 -0.15149784600619098 3.105094343355659 0.18082217461738687 -0.9566716028906973 0.22821653180517773 -2.4326433333868076
36535719080185 PointCloud28.pcd PointCloud13.pcd 0.1526233931122044 0.533332613754608 -0.54506461917478 0.6468855262173749 2.7796573650112717 0.8310417574860723 0.19488965055906632 -0.5209487704366189 2.5084387977920146 0.15787944901138365 0.8154278539692013 0.556912465788875 -5.341422103063882
36535719080216 PointCloud3.pcd PointCloud12.pcd 0.15951813099451198 -0.0349180470552829 0.423261323555706 0.9053345138520439 9.161160947798688 -0.012851427475078142 0.9056218714790334 -0.4238913383293712 0.6464545623006535 -0.9993075456543383 -0.026436298543566494 -0.026183034919916526 1.458506228688789
36535719080247 PointCloud1.pcd PointCloud13.pcd 0.10614244357476009 0.12617793639999358 0.8205054879057231 -0.5575391221093193 -8.737808517274889 -0.6228711335064293 -0.37190128148889307 -0.6882739192148248 11.163415898268912 -0.7720820418907923 0.4341200077668737 0.46414344705730187 17.41036476157783
36535719080278 PointCloud31.pcd PointCloud17.pcd 0.14952623363838316 -0.34196116867271953 -0.8234875300035891 -0.45269288380598127 6.743788399417467 -0.8568262919806995 0.07541161686215549 0.5100605781795339 4.991755230013379 -0.38589022336746603 0.562300076445685 -0.7313736114590024 15.695672330739942
36535719080309 PointCloud19.pcd PointCloud7.pcd 0.1739555094881199 0.4924342110791043 -0.6026437126500017 -0.6279562909648428 1.4623058518966925 0.2471483331425466 0.7886213282233798 -0.5630222927167743 -2.8713325027146013 0.8345215690344743 0.12205308793559638 0.5372865106641191 3.9278653855206453
36535719080340 PointCloud31.pcd PointCloud19.pcd 0.22437678512444867 -0.15860474327760565 0.9834998897971172 0.08702012513725155 -1.8686589099239492 0.015068730539640696 -0.0857142762548857 0.9962058001266729 7.839596647438862 0.987227161685581 0.15931424799797173 -0.0012254040444871217 -2.278404466118748
36535719080371 PointCloud8.pcd PointCloud13.pcd 0.18112403601234844 -0.6603078634044691 -0.2432912349252625 -0.7104948279437129 -2.2702579930641784 -0.7308408204501972 0.4258772953789277 0.5333856245198333 -17.42806295093976 0.1728155684245723 0.8714573450773541 -0.45901729272525416 -2.2960088373267276
36535719080402 PointCloud24.pcd PointCloud14.pcd 0.24538013557793079 0.9119071017963444 -0.3534506017963813 0.20856200464889926 3.174346661348695 0.2520209760461599 0.8833762996592791 0.3951350918774746 13.147063606100504 -0.3238994679312278 -0.3077644964742608 0.8946340868666989 -2.715861055168695
36535719080433 PointCloud7.pcd PointCloud21.pcd 0.19922545803380035 0.020240795436883757 0.9979442219229591 0.060808224202505146 2.790736420738459 0.28526292462711655 0.052528043971378474 -0.9570088131410939 3.3035871297418944 -0.958235552478234 0.03671695149547183 -0.28361327796775126 -12.716954191268236
36535719080464 PointCloud20.pcd PointCloud11.pcd 0.18369405182567727 -0.5434073728715776 -0.015800971043010537 -0.8393204134434646 23.41848952510134 0.7853581041405997 -0.3627235809489746 -0.5016415573736249 3.713647432330545 -0.296514882205756 -0.9317628094840719 0.2095160888639726 -8.987424758091102
36535719080495 PointCloud19.pcd PointCloud11.pcd 0.22333625684367192 0.13631928633171397 0.18243703565415176 0.9737216132939324 -3.7926176862361043 -0.10441005292289873 -0.9747769959615323 0.1972519936346615 6.081665315237489 0.9851474981050554 -0.12855557617597463 -0.11383264387430148 -15.721248756973123
36535719080526 PointCloud9.pcd PointCloud23.pcd 0.24661182875991464 -0.7537047617905196 -0.5121875879020803 0.41181671512135665 -4.841440877981055 -0.01945195674942557 -0.6089507990356929 -0.7929694481708669 11.95078813323607 0.6569252266680846 -0.6056754899720143 0.4490060661218797 -0.6762185213081929
36535719080557 PointCloud12.pcd PointCloud24.pcd 0.24904874882492503 0.16986560596126865 0.9761773097848547 0.13499457682668176 -3.514770371560031 0.19031295893208688 0.10191151625217587 -0.9764194900337131 -28.16631372670593 -0.9669160530128378 0.19155130570264028 -0.16846793080491268 1.5283415646050278
36535719080588 PointCloud4.pcd PointCloud18.pcd 0.1779513673281836 0.765796193356469 0.4665256530264704 -0.4426172221106709 3.8464533804725125 -0.6216989587416623 0.7130894324096183 -0.32402756994623383 8.984580660659795 0.1644584900218732 0.5233137457147039 0.8361196855748414 14.600626702034997
36535719080619 PointCloud0.pcd PointCloud12.pcd 0.1895582089996946 0.005217658367442313 0.7032942840925654 0.7108796846189138 -24.14931959981947 -0.017422316566903073 0.7108453933073977 -0.7031324837461953 11.817285570049025 -0.9998346057856784 -0.008716465819172181 0.015961964071502244 5.783592514567913
36535719080650 PointCloud15.pcd PointCloud20.pcd 0.2703588258393874 0.3416559857697158 -0.4565502866875396 0.8214822110753516 1.9556358612586884 0.001819274616157468 0.8743995368906592 0.4852031946775198 9.553343669655185 -0.9398233225599343 -0.1642780740419291 0.2995744260805313 14.688327343352231
36535719080681 PointCloud3.pcd PointCloud15.pcd 0.27383058932143406 0.10638152401483014 -0.9685361349971334 0.2249905032509082 12.604957692616573 0.5459517377006414 -0.13221960111514763 -0.8273177607078199 -8.9483623501903 0.8310353009649666 0.21084528044460948 0.5147082632562856 -1.170019372299891
36535719080712 PointCloud23.pcd PointCloud10.pcd 0.29225448500103485 0.4337110482024269 0.6339716239714877 -0.6402926726631398 -5.934470540337537 0.8925866765109658 -0.2051099642666141 0.40152076842133205 -14.171970687213975 0.12322236640424011 -0.7456607020337755 -0.6548330824418054 -6.854897563413371
36535719080743 PointCloud2.pcd PointCloud19.pcd 0.3065204899835453 0.04159961034966164 0.9811746160536247 -0.18858909096439969 -6.0040476351968595 0.11432917098774731 -0.1921872691835889 -0.9746757892884224 3.126746383802544 -0.9925715657220948 0.01898489862435465 -0.12017179595983499 0.0434009118258484
36535719080774 PointCloud12.pcd PointCloud2.pcd 0.3060622677828014 0.18464025232422498 -0.970130079072135 0.15733914611799285 6.369175006780482 0.8613718404704156 0.08265352369164325 -0.5012054942495776 5.525171286224043 0.47322989092644496 0.22807021879422906 0.8509038991759863 6.539331396044677
36535719080805 PointCloud30.pcd PointCloud7.pcd 0.3033889919604205 0.7989589150192111 0.5857757803415 -0.13613003811294314 4.139377309490529 -0.5249638437693547 0.5688959754136359 -0.6330642399417867 6.004010022677425 -0.29338986834284053 0.5772556663415909 0.7620356165103415 -11.56585299784389
36535719080836 PointCloud16.pcd PointCloud0.pcd 0.3235471850135965 -0.9166884639431427 -0.09025883014315877 0.3892757424432581 7.261817763863647 -0.11755155318810517 -0.8701441185876988 -0.4785716719889515 6.215587051647433 0.3819213170492392 -0.48446109902491136 0.7870410098050478 -5.093171064312976
36535719080867 PointCloud25.pcd PointCloud30.pcd 0.27138191081517354 0.02640941074792602 0.8106622920882937 0.5849181064132838 7.193417028768076 -0.21878086078550474 0.5756241883488507 -0.7879033752571953 -15.554841178835224 -0.975416566384794 -0.10716082294328116 0.19255928969597347 4.721831521415314
36535719080898 PointCloud16.pcd PointCloud22.pcd 0.3146842582334575 0.12195406123242927 0.09142401936463798 -0.9883161718964892 -6.887437613163812 0.15461353112634665 -0.9853428469478172 -0.07207031262186028 -13.433939851067862 -0.9804192281578115 -0.14401778588766298 -0.13430195235534034 -8.752413851573605
36535719080929 PointCloud9.pcd PointCloud19.pcd 0.2644155294366669 -0.8956125733850168 0.44198896404743393 0.05023817328430233 0.9458001711629948 -0.039436281070311385 0.033600553228686374 -0.998656989440353 1.8347106056153333 -0.44308339861702206 -0.896390962963707 -0.012662676928153711 -4.740727119153415
36535719080960 PointCloud0.pcd PointCloud9.pcd 0.39358207509925586 0.46948127117017713 0.20450542201754923 0.8589324003586419 9.801744352093229 -0.20259947923261024 0.9718020851061737 -0.12064061670087635 8.931557062614509 -0.8593839578646493 -0.11738074692519522 0.4976755702424759 1.7061781236744427
36535719080991 PointCloud15.pcd PointCloud4.pcd 0.33200593952483803 0.31071441428782903 -0.7956238789767212 0.5200376870533588 0.0857352512108572 0.6769105990754924 0.5693085978635934 0.46656163714759824 4.04443016806324 -0.6672695059816754 0.207051596469636 0.7154586240911112 -4.877877109251622
36535719081022 PointCloud11.pcd PointCloud31.pcd 0.39071658809089554 0.06373015314895031 0.6041880490248864 0.794289159560366 4.792271953677785 -0.1363192297238692 0.7937172169732858 -0.5928153566564154 3.9256655695690905 -0.9886129349685358 -0.07049667294052564 0.13294616924610586 -11.23923881667572
36535719081053 PointCloud22.pcd PointCloud14.pcd 0.3603922776750873 0.8455036884203966 -0.038597815774582406 -0.5325727382104122 -6.022224220920789 -0.12712581945179627 0.9541550335591017 -0.2709745337896877 -4.922259952651257 0.5186159840346363 0.29681371354986397 0.8018348212397146 -1.2118340113427752
36535719081084 PointCloud15.pcd PointCloud5.pcd 0.3544509621048498 -0.1707464371016329 -0.7666560507236615 -0.6189379242750408 0.322286304492453 -0.07279880008583017 -0.6166298193466169 0.7838800932531846 0.9383749919182656 -0.9826219969668708 0.17890267125271447 0.04947570409283446 14.95810618882663
36535719081115 PointCloud17.pcd PointCloud26.pcd 0.3627304012305446 0.2107885421533147 -0.6223391411632279 0.7538316681283004 15.599508735754917 -0.32454611679451595 -0.7719703914192241 -0.5465633841062261 -2.905298543348107 0.922083514965147 -0.12944384167763856 -0.36470026498654173 3.377247008497339
36535719081146 PointCloud27.pcd PointCloud19.pcd 0.3806886010068153 0.4968298603668061 -0.16863529395277133 0.8513061890303406 -10.346740963699968 0.3684389997866674 -0.8471640690396113 -0.3828390569997381 6.911298481416553 0.7857561920113005 0.503860276030678 -0.35876458709603576 -6.512834244357491
36535719081177 PointCloud4.pcd PointCloud9.pcd 0.3493703584113658 -0.4536509645679948 -0.8760518422469222 -0.16350526609960206 -11.924425061200674 0.878492596053496 -0.40875393220986067 -0.24732768058218982 3.2905843426727452 0.14983844975745372 -0.25583860654473245 0.9550366727909105 -1.1595839389649358
36535719081208 PointCloud17.pcd PointCloud20.pcd 0.3742863101910994 -0.6711837251551143 0.25397947470034093 0.6964243200218114 -6.0236663838931594 -0.29924001461299027 0.7666995560550074 -0.5680028207671785 11.22588067854454 -0.6782092750333932 -0.5896322728412963 -0.4385954423870426 6.739707813368321
36535719081239 PointCloud6.pcd PointCloud9.pcd 0.3645409586540493 0.6807991978636466 0.7077066959070437 0.18884831150039516 0.5125560767495534 -0.28061090717898407 0.49015148275070664 -0.8252327203458858 4.381720071037812 -0.6765870017672544 0.5088248780529689 0.5322849542434751 -11.127291966791471
36535719081270 PointCloud1.pcd PointCloud20.pcd 0.4667479761968584 0.7485863886149603 0.608404744607371 0.2635566078087425 14.020528037645645 -0.5106595583005094 0.7825762378133612 -0.35609162799231087 2.601118819091526 -0.4229009745753021 0.13197764488399283 0.8965136178297207 3.7389151887715775
36535719081301 PointCloud28.pcd PointCloud21.pcd 0.44455165846691 -0.35137373404812877 -0.9335276520927955 0.07115210326607979 2.100213720680004 -0.6605450214224571 0.19333076241965624 -0.7254677739060776 -0.34920226538904725 0.6634883372713345 -0.30190948822510777 -0.6845683948478581 3.72108800838293
36535719081332 PointCloud23.pcd PointCloud15.pcd 0.47184147098686713 0.4753641362812458 0.4330521601613897 -0.765829461771444 -3.7221985603507726 0.5048274062636288 0.5786456118747509 0.6405611178827767 6.310986710002981 0.7205402333129792 -0.6911114833640443 0.056450772710638086 -5.611489523710215
36535719081363 PointCloud11.pcd PointCloud28.pcd 0.46854101425834793 -0.005775383717857796 -0.44700376962628985 -0.8945134291237881 -4.493268707117291 0.0022147398384912698 0.8945204360275548 -0.44702157045999585 7.039166973270782 0.9999808697521965 -0.004562835627111794 -0.004176201704977511 -0.8133551187726014
36535719081394 PointCloud30.pcd PointCloud10.pcd 0.4492455163883735 0.4185046416326018 -0.8593395737771583 0.2939206727545022 -11.48677547902748 0.5742450609947896 0.5010969911047324 0.6474136354981055 -13.368775134413351 -0.7036309223272224 -0.10216311685865587 0.7031829226443619 16.180279680670125
36535719081425 PointCloud29.pcd PointCloud9.pcd 0.47006995346762254 0.8780777232395698 -0.12413445279788626 0.46213650535202516 4.8138408031781905 -0.2429858649307649 0.7163229546453227 0.6540942547462427 -8.173039850153906 -0.4122346193543928 -0.686638232460707 0.5988243117384051 5.245139680069418
36535719081456 PointCloud22.pcd PointCloud6.pcd 0.45422938121644224 0.28030028857227446 0.9591075473960438 0.03929962791484298 -0.2995701532784887 0.17822440492839625 -0.01176998657190248 -0.9839194727740763 7.243129444518822 -0.9432220362747143 0.28279706494948403 -0.17423550252958953 -9.8314994824787
36535719081487 PointCloud30.pcd PointCloud5.pcd 0.40965367965367966 -0.29069111769867817 0.7583136207175173 0.5834887545834816 2.1891783485362657 0.16688711874875406 -0.560291791207215 0.8113086948267902 -5.255078591837943 0.9421503933485526 0.3332169883725915 0.036319071753937796 -1.649712883260717
36535719081518 PointCloud27.pcd PointCloud5.pcd 0.45240997719822384 0.6325813296086102 0.45271136138866663 -0.6284053506298487 8.51377846363291 -0.21967698398891275 0.882931518835026 0.41493849635001273 -8.980740203773939 0.7426862622508498 -0.12443615357802812 0.6579762606253874 -19.513487986522048
36535719081549 PointCloud31.pcd PointCloud4.pcd 0.47649302789489706 -0.43483530793036435 0.871116714036391 0.22819711984060181 -0.6126490068591465 -0.7442852208907361 -0.20501956549260497 -0.635615046808091 7.185514803863927 -0.5069100166111671 -0.4462316083511612 0.7375090418209138 7.191189450694793
36535719081580 PointCloud2.pcd PointCloud28.pcd 0.5219460913626035 0.4025876070157224 0.8748548539824486 0.26935516171163787 -5.263652769530314 0.09138588753857319 -0.3311968864552086 0.9391257860165285 9.489709802888832 0.9108083433061762 -0.35346514236303966 -0.2132851492676752 12.024151222349866
36535719081611 PointCloud30.pcd PointCloud3.pcd 0.5249969078540507 -0.24551349931772945 0.9396663110283381 0.23822331030182048 -4.3976269004048865 0.07046085465979002 0.2623928063211698 -0.9623852051811232 3.677680689267908 -0.96682903846201 -0.21949314137187798 -0.13063066744577842 20.472034527289683
36535719081642 PointCloud22.pcd PointCloud5.pcd 0.5391030719126837 0.32954572406353516 -0.27748917220196234 0.9024407875656496 19.077047426429743 -0.40912169130376463 0.8194622664061626 0.4013739349300379 11.281714261854487 -0.8508930940230902 -0.5014791653171096 0.156523446475816 5.812714086237901
36535719081673 PointCloud7.pcd PointCloud24.pcd 0.5341556426684984 -0.5392610166275565 0.34287671355078186 -0.7691769076424677 3.776009369234222 0.31743010753751943 0.9287516816913711 0.19146394068902084 0.9015498333442626 0.7800228732380436 -0.14091086920484563 -0.6096789681179776 -0.6331981788552206
36535719081704 PointCloud10.pcd PointCloud29.pcd 0.507718787392942 0.15540599903432337 0.70627608843788 -0.6906685618768467 -9.81532920221641 -0.8209911745169032 -0.296491007711118 -0.48792066333759765 -0.4947841996132203 -0.5493837154753491 0.642858591952642 0.5337699541217797 -8.09858594233462
36535719081735 PointCloud0.pcd PointCloud21.pcd 0.5298289000290505 0.35089537866264997 -0.5684377166576979 -0.7441444722056183 -20.209756445205027 0.9107046755849308 0.022222904171746993 0.41245986034754845 -7.065118675647123 -0.21792068993315272 -0.822426109028134 0.5254768007133165 2.00804646162615
36535719081766 PointCloud1.pcd PointCloud30.pcd 0.4843255776550689 -0.8811607863403216 0.019122353110736998 -0.4724298934525783 8.942267656535183 0.156417576859409 0.95471104202296 -0.25310149720786945 10.453101972637867 0.44619413965844185 -0.2969194534734 -0.8442450046541706 -0.7049878255578724
36535719081797 PointCloud27.pcd PointCloud21.pcd 0.487553767346088 0.013065035158660962 0.6195870422871431 -0.7848192160530816 8.089479829709147 0.9962614106628692 0.05896596040436618 0.0631364960828612 -2.1251453267951717 0.08539617368672547 -0.7827099798414872 -0.6165002684315765 4.140940464939322
36535719081828 PointCloud12.pcd PointCloud14.pcd 0.5140225614396348 -0.13806046944492706 0.32439110338079485 0.9357936304677633 7.784260746940275 -0.21847217658719256 -0.9315426761480523 0.2906856559450081 4.487797889734261 0.9660275435172131 -0.16431267316404885 0.199479649598107 -7.878754088706776
36535719081859 PointCloud5.pcd PointCloud22.pcd 0.5474156044263903 0.25587547412400335 0.6453055761232925 0.7197975098359272 -7.8458690919190754 0.148097832143702 0.7096287071766074 -0.688835343217225 -19.446307111830563 -0.9552982643426878 0.2828565208282139 0.08600822500671568 0.6375986044668515
36535719081890 PointCloud21.pcd PointCloud1.pcd 0.6303363107536794 0.906747846005339 -0.0774839260408092 0.414493166373078 4.770136220649534 -0.395366706834964 0.1855347721625843 0.8995899151530398 14.657124767145213 -0.14660665363875316 -0.9795780160476653 0.13759869034611594 -3.267859274584572
36535719081921 PointCloud28.pcd PointCloud1.pcd 0.6168544675448342 -0.163436075878909 -0.6144065595869254 -0.7718764335292677 -18.57677962253561 0.5787396028125068 -0.6933390641160042 0.42934999045902633 0.37082704340804984 -0.7989675345329909 -0.37654418294179226 0.46889802415341086 5.747779310438185
36535719081952 PointCloud4.pcd PointCloud23.pcd 0.6296850550160205 -0.018443579000711308 0.9700010768679909 -0.24239996961340926 -0.894653627444167 0.11341092003382369 0.24290612922741103 0.9633974131171607 -5.5145593319736275 0.9933769665191182 -0.009722307272120423 -0.11448877294556142 20.298507820092926
36535719081983 PointCloud4.pcd PointCloud28.pcd 0.573545118104369 -0.004590055053863382 -0.6528913780676281 -0.7574376408916815 2.6700220154731182 -0.9961109673761058 0.06963197368718972 -0.053984524759091324 0.5178655786984258 0.08798790864454575 0.7542441492549875 -0.6506718767911973 -4.487776101620148
36535719082014 PointCloud31.pcd PointCloud1.pcd 0.6001515534225814 0.8747557776108996 0.4688740400080499 -0.12230888824153353 -24.73502482375688 0.45875696054761395 -0.7200772770560386 0.5206061526880718 5.357880652095774 0.15602685885918907 -0.5115132937413166 -0.8449909879048676 -0.8835095095491302
36535719082045 PointCloud0.pcd PointCloud28.pcd 0.5700601121796065 0.4487216136068575 0.00324365489529882 -0.8936657049394805 5.377470558921499 0.5326853967463647 0.8019609003076469 0.27037933070210207 -19.774275647692374 0.7175619705469531 -0.5973677201528961 0.358129341640845 -8.503142198584964
36535719082076 PointCloud2.pcd PointCloud23.pcd 0.5939679264502311 -0.7158041977705029 -0.3487669680260955 -0.6049677284517013 -12.575193695523648 -0.6891652371334521 0.49251080897165356 0.5314925954073869 -8.654734604905025 0.11258608431293637 0.7973673589130496 -0.592899374733275 -2.492469273581964
36535719082107 PointCloud18.pcd PointCloud13.pcd 0.5920477286842617 0.46358154927843653 0.7233800430579289 -0.5116771056771182 3.089212916139659 0.21250269048979958 -0.6513932628225061 -0.7283745078488438 11.605590767004987 -0.860194602228589 0.2289282211850647 -0.4556941033652302 0.014477251560887094
36535719082138 PointCloud29.pcd PointCloud1.pcd 0.6001313563785294 0.5029733050412353 0.8634207490298624 0.03901877190029429 27.49510571102984 -0.13121211596275317 0.12090152208480187 -0.9839543701728015 -0.727324828783298 -0.8542840482184324 0.4897830459522756 0.17410150159386228 -0.10355702304993787
36535719082169 PointCloud14.pcd PointCloud9.pcd 0.5590195538419168 -0.3190020376204554 -0.8358771620195504 0.4467069173497761 12.01401933672418 -0.00756894820856846 -0.4690702092066956 -0.8831284447110753 -7.784413720195625 0.9477238052391707 -0.2851008748652465 0.143307641575938 -0.5838486933232602
36535719082200 PointCloud27.pcd PointCloud22.pcd 0.640496207072972 -0.20667220946082654 -0.3654146600324651 0.9076115491056391 -11.037774385585696 0.5234786729238816 -0.8249978586271447 -0.21295213606460367 -20.929989991676305 0.8265934168806524 0.4311040007863343 0.36179091154364873 -8.144851650578268
36535719082231 PointCloud8.pcd PointCloud2.pcd 0.6820924254340145 -0.3058574722190404 0.9488302902104107 -0.07856390435185173 18.371570182507973 0.9455068890729699 0.31238857114362056 0.09181559417877626 3.9835978159853354 0.11165988269442859 -0.04620022725133595 -0.9926719546751542 -15.827171037792064
36535719082262 PointCloud24.pcd PointCloud26.pcd 0.6383969435268835 0.24851731090318363 0.7440503447821978 0.6201840296322879 7.393031135664926 -0.918772380503339 0.3838381717985788 -0.09233401699564381 23.91029641379532 -0.3067514612934672 -0.5468613556467643 0.7790033367672472 -5.459680884251301
36535719082293 PointCloud28.pcd PointCloud23.pcd 0.6641041104586574 0.6300227648515788 -0.7524995965621639 0.1918741070143461 10.623419251172223 0.340488538209319 0.045606007994165365 -0.9391419740289098 12.84224157052366 0.6979533445129791 0.6570117572833964 0.2849503108868807 -0.3391244661953179
36535719082324 PointCloud27.pcd PointCloud29.pcd 0.6412478445689453 -0.2882537516006382 0.07610624479018668 0.9545248106739258 -3.184844733461609 0.5771439380727489 0.8092316421695723 0.1097680466138313 11.787075481097052 -0.7640776462075282 0.5825392594628052 -0.2771883145994613 10.794126051341642
36535719082355 PointCloud23.pcd PointCloud0.pcd 0.673848454702658 0.4090041947253933 -0.8866296385779069 -0.21587832844508126 2.7865515831733005 0.7612853399003305 0.20108865353934502 0.6164478766859135 3.8478059172326966 -0.5031502757128038 -0.4164747740415296 0.7572242485797627 -1.2612346638827825
36535719082386 PointCloud26.pcd PointCloud1.pcd 0.6660327357755261 -0.44687793712865637 0.18309513523486504 0.8756576275925219 -5.308139340798732 -0.8192458266717491 -0.4769511447758971 -0.318361242895369 -12.676884284520852 0.35935551309053215 -0.8596474724852554 0.36313886911366666 13.668616513372607
36535719082417 PointCloud24.pcd PointCloud1.pcd 0.6446982661413353 -0.28267987937750716 0.325787238967313 0.9021944140378904 0.8306094377171757 -0.5419229184526492 0.7218242237146708 -0.4304524834572055 -10.606393162972463 -0.7914617086447586 -0.6106000859685227 -0.02749361315562915 -10.424168208735855
36535719082448 PointCloud14.pcd PointCloud11.pcd 0.667658129073717 -0.716566217664662 0.16407453837586325 -0.6779471967332762 0.6167850173795356 0.2678286881411014 0.9621564260734697 -0.05022753800600084 5.197509039384233 0.6440501917633259 -0.21756506526157865 -0.7333926594037795 9.0099757507857
36535719082479 PointCloud22.pcd PointCloud0.pcd 0.70111932635038 0.7213821610767999 -0.6924756730236752 0.0092314652452328 4.193818339957173 0.5711710400985313 0.5873700905634364 -0.5733759845548665 9.763293600944245 0.39162663422311794 0.4188959524534805 0.8192403556863904 3.7933338715708724
36535719082510 PointCloud23.pcd PointCloud24.pcd 0.7484526996801912 0.8238642953672454 0.1569534700203486 0.5446220993198897 -11.36555782643379 0.49995193341732896 0.25143518628040784 -0.8287511154577176 -3.1305771583179403 -0.26701252234924655 0.9550633253081746 0.12867928178220822 -10.1702034030864
36535719082541 PointCloud9.pcd PointCloud5.pcd 0.7333325493746949 0.9661925141974801 -0.08771803176802867 -0.2424408637410278 8.567745197494373 0.06803850389784699 -0.8202588882641968 0.567931437949095 2.4751951853520517 -0.24868210127810797 -0.5652264175764674 -0.7865597938984537 18.41733495247887
36535719082572 PointCloud30.pcd PointCloud26.pcd 0.7264687693259122 -0.1601619936080023 -0.9825006901763069 0.09508169964083729 -11.303229131165287 -0.37636741359064513 -0.028264235686904365 -0.9260392556301937 11.123751937799724 0.9125216193551791 -0.18410194671462682 -0.36525438727725945 -3.0152548158590076
36535719082603 PointCloud8.pcd PointCloud5.pcd 0.7748758700832228 0.32754880833225275 0.6847709152046131 0.6509996711596386 14.553950456895727 0.2589113740067004 -0.7276872978704562 0.6351661963045234 -1.3618687872610677 0.9086675291711945 -0.03949671135462418 -0.41564808579143697 -7.552146562452423
36535719082634 PointCloud25.pcd PointCloud26.pcd 0.7519610068603713 -0.791954112572372 -0.3731142728801406 -0.48331606941299843 -2.699066033794164 0.14668418312136028 0.6521239372659652 -0.7437863408713246 8.830524056363364 0.5926992778818999 -0.6599394743594742 -0.46172227169632507 5.662666233180244
36535719082665 PointCloud8.pcd PointCloud9.pcd 0.7149061542615004 0.4429822899622464 -0.18847894719125696 -0.8764943680626129 5.731735253260179 -0.5808363982335003 0.6843903302370662 -0.44072548640296916 22.10382675343631 0.6829317456868866 0.7043334170289482 0.19369736288702194 1.7189669217259598
36535719082696 PointCloud28.pcd PointCloud26.pcd 0.7620441199809554 0.3822079336874484 -0.9197488759979656 -0.0893258110897932 10.546958828845678 -0.6361371378586113 -0.19176718134839715 -0.7473652988965602 9.108659849710424 0.6702586346056459 0.34247241240451665 -0.6583813556582576 10.482558805057216
36535719082727 PointCloud8.pcd PointCloud6.pcd 0.7518516779547615 -0.2153226707776994 0.8429685087954152 -0.49299111617593394 11.863092704281629 0.03144729873643315 0.5105566967088327 0.8592688326990263 -5.711670395408193 0.9760364823362602 0.16951682106799826 -0.1364435140402807 -11.864605300244627
36535719082758 PointCloud9.pcd PointCloud4.pcd 0.7142000388059526 0.5944555394803245 -0.7725470538527497 -0.22314493309190947 10.547575861718343 0.04804519747328995 0.3111260498279748 -0.9491534333911418 -3.4242281560183963 0.8026918901925624 0.5535084739205687 0.22206777955663487 -1.5079041667106565
36535719082789 PointCloud25.pcd PointCloud22.pcd 0.7214424435028248 0.49792093305428486 0.6759163670606954 -0.5433339757145889 11.116221956877041 0.7391604135909728 -0.0031008306642237027 0.6735222845824876 -9.11140306086213 0.4535599490766045 -0.7369718105793891 -0.5011545899270651 -17.925725075744296
36535719082820 PointCloud10.pcd PointCloud8.pcd 0.8613624440763685 -0.2041420266796078 0.8283707434013226 0.521658839108361 -29.378634959600355 0.18160964700280502 0.5556771006860554 -0.811320464359587 -3.144915592529329 -0.9619480074612448 -0.07088632625464414 -0.2638771678100652 -11.848763465978926
36535719082851 PointCloud1.pcd PointCloud0.pcd 0.8227094837291589 -0.16001004700436083 0.06074318807367912 0.9852446650250423 -7.319705394571904 -0.4409201043494772 -0.8973986794674773 -0.01628102178838553 16.148732823435086 0.8831683001773264 -0.437019307574246 0.17037569770720895 -2.506058492228893
36535719082882 PointCloud10.pcd PointCloud9.pcd 0.8292848259073038 0.19287867629855215 0.6370298737061901 -0.7463181333956675 -5.376859276161099 -0.7505768877314907 0.5856898041874943 0.3059440943605931 6.894380168330565 0.6320064492017682 0.5011590498800651 0.591106974151619 -18.602381456691127
36535719082913 PointCloud5.pcd PointCloud1.pcd 0.8031320913293178 0.2983661860376788 -0.7285935604943284 -0.6165460588111213 -7.456373554864827 0.3513087326318457 -0.5167864952538395 0.7807137072575706 -0.6184246151244482 -0.8874456565930873 -0.4495365857518726 0.10176966475631949 12.844175756133712
36535719082944 PointCloud4.pcd PointCloud0.pcd 0.8049911825339658 -0.2610786364722978 -0.3553194873865386 -0.8975444320261436 -13.055444734829418 0.26207131579531817 -0.9209605617811141 0.2883578836812423 -11.263251807944602 -0.9290621997557946 -0.15993656719831684 0.3335621733016828 8.657886455798883
36535719082975 PointCloud11.pcd PointCloud10.pcd 0.8318191724881563 0.8939405419853571 -0.32221175929675344 -0.31152831262313324 16.98925269149956 -0.33564029065706275 -0.020658508878851012 -0.9417636759285974 -0.7074981591225249 0.2970116204503926 0.9464421842784656 -0.12661472716725525 -2.509630366933692
36535719083006 PointCloud4.pcd PointCloud2.pcd 0.8401865328730036 0.2776414319905426 -0.6357087105010145 0.7202705537750231 10.109868497584172 0.7663148338854368 0.5987131583662103 0.2330324641896338 2.830823148274431 -0.5793762254436894 0.48725454271078344 0.6533805935274851 -6.061020271594132
36535719083037 PointCloud5.pcd PointCloud2.pcd 0.8237680347387589 0.7802776594627061 0.10325345881077319 -0.6168512765545787 -3.4640431807645204 -0.1723896572300948 0.9835790878814626 -0.05342269145560296 -5.720341603676793 0.6012059382802967 0.14802331277836642 0.7852646169608218 -14.324652896156124
36535719083068 PointCloud29.pcd PointCloud28.pcd 0.8159957371137534 0.1632033290835524 -0.7405167460041853 0.6519199508094674 -3.528674097493418 0.2273224014372528 0.6712247317998545 0.7055365938241712 -11.982765157509995 -0.9600464567826111 0.03305008786048891 0.27788215579912245 -6.8994611163695705
36535719083099 PointCloud13.pcd PointCloud12.pcd 0.8040048076638424 -0.14806487843943839 -0.48424781946813655 -0.8623113365328495 8.100946356424641 0.24191749040456134 0.8276992115304034 -0.5063496253265202 -4.244166333741135 0.9589331152948434 -0.2835807902032565 -0.005405165920055466 -10.63896451552008
