id source target overlap t1 t2 t3 t4 t5 t6 t7 t8 t9 t10 t11 t12
3394309160000 PointCloud33.pcd PointCloud17.pcd 0.13009946587037893 0.9957632794122552 -0.07207643314617657 -0.05710060559290061 1.050515282593396 0.0654715316032016 0.9917588509490879 -0.11012656406914771 -1.2327353197341342 0.06456756092406021 0.1059215244842608 0.9922760002777695 3.4706446614082505
3394309160001 PointCloud33.pcd PointCloud17.pcd 0.13009946587037893 0.9447389987975929 0.25966720178736835 -0.20010289469880235 -0.3877259300593432 -0.28450691125825955 0.9526886221876345 -0.10695890145523948 -0.3004974883373614 0.1628620323992264 0.15797890197790634 0.9739192086270034 -1.2796489794452803
3394309160002 PointCloud33.pcd PointCloud17.pcd 0.13009946587037893 0.987529047469594 0.017275115906502502 -0.15648626385153883 -0.26437569561780183 -0.03768597932527519 0.9910032886521122 -0.12842215090471543 1.43812955607045 0.15285989456391577 0.13271794246112872 0.9792955633427496 -0.40239606095627006
3394309160003 PointCloud33.pcd PointCloud17.pcd 0.13009946587037893 0.9416088765145506 -0.26918605786571503 0.2022661363642513 1.3485027553366866 0.2554284363642977 0.9624602951163064 0.09179593793367236 -0.35492825351858126 -0.21938331195762348 -0.034771347045356116 0.9750189310260369 -1.6047786969289526
3394309160004 PointCloud33.pcd PointCloud17.pcd 0.13009946587037893 0.989514275110556 -0.12691739552037518 -0.06894544268300476 -0.2043594766447735 0.12433944531333908 0.9914130819573207 -0.0404944843535286 2.0431983205030635 0.07349286830435997 0.03149723223097018 0.9967982356877375 2.0783904939872406
3394309160005 PointCloud33.pcd PointCloud17.pcd 0.13009946587037893 0.9633899524541211 -0.15382931522613102 -0.2195821971096606 0.2361933899683766 0.22421238489729178 0.911327385428813 0.34526975399845317 0.5479102789984228 0.14699865975278448 -0.3818624599833601 0.9124540841523707 -0.6226558540201088
3394309160006 PointCloud33.pcd PointCloud17.pcd 0.13009946587037893 0.8929487277501063 -0.4490167924996643 -0.03203887736453962 2.7272975936439177 0.4380025763552815 0.8502047441675488 0.29207128599218496 -0.2798475670577115 -0.10390530648432914 -0.2748377940682583 0.955859756573155 -0.6095622816605006
3394309160007 PointCloud33.pcd PointCloud17.pcd 0.13009946587037893 0.9985537381884282 0.05278636228026197 0.010199603283104266 0.6087560184940961 -0.05262368381787144 0.9984924161680436 -0.015609060072243205 0.518202140320606 -0.01100817202593009 0.01504974458650839 0.9998261475559279 -1.8093569794856306
3394309160008 PointCloud33.pcd PointCloud17.pcd 0.13009946587037893 0.8950657040893141 -0.4453314083944084 -0.02318020838027472 1.6894170800095438 0.44577308969111645 0.8949300551688334 0.019660845931556155 0.7546398316818645 0.011989072955658934 -0.027930862016078813 0.9995379577968525 -0.1433502814723231
3394309160009 PointCloud33.pcd PointCloud17.pcd 0.13009946587037893 0.9628866843228041 0.2692187114797082 -0.019248858226979797 -0.3699877249161609 -0.2540929740999469 0.9282178989051111 0.2717504234867445 0.07905602049663438 0.09102743359493592 -0.25677386459954776 0.9621752380890567 -2.3907770583138404
3394309160010 PointCloud33.pcd PointCloud17.pcd 0.13009946587037893 0.9960699509435375 -0.08818111370620603 0.008291200930609475 -0.9138482345146708 0.08813031591075986 0.9960889979201029 0.006305207371272521 -0.9630523113344297 -0.00881477423467241 -0.005549721439698052 0.999945748701965 0.11733113939290708
3394309160011 PointCloud33.pcd PointCloud17.pcd 0.13009946587037893 0.8736758092522598 0.4854113716637283 -0.03265548326004401 -2.2292583366262813 -0.4801464224491969 0.8711256872618274 0.10295363034806722 -1.0809303547994213 0.07842189322278868 -0.07426868284914585 0.9941499732994046 2.170058759657641
3394309160012 PointCloud33.pcd PointCloud17.pcd 0.13009946587037893 0.9889228257857438 -0.14699028295856206 0.02062768420597047 0.5028127815929967 0.14696395063887954 0.989137899975761 0.0027950034265564793 -0.2070194768195219 -0.020814462581396492 0.0002674832767695695 0.999783319824923 2.4895424185789854
3394309160013 PointCloud33.pcd PointCloud17.pcd 0.13009946587037893 0.9715509200843095 0.1551734366124425 0.17891342669910432 2.153714978489833 -0.15571811827679008 0.9877393599178921 -0.011082621951876065 0.9783035421908856 -0.17843956210343914 -0.01709273058574518 0.9838023994875474 -1.907715914385873
3394309160014 PointCloud33.pcd PointCloud17.pcd 0.13009946587037893 0.8619485451037396 -0.08477360143884204 -0.4998581219632575 -1.0030929759451537 0.12011686972202508 0.9919977458280285 0.038889714325155735 -2.1166924716319624 0.492561309079112 -0.09356232559742478 0.8652337534025548 -1.3177020569755657
3394309160015 PointCloud33.pcd PointCloud17.pcd 0.13009946587037893 0.9003838177540593 -0.43250684016547897 -0.04740056894909284 0.6137473667184912 0.4232360760515322 0.8453636540413461 0.3259317664088067 -0.32414785258542694 -0.10089700022858211 -0.3135253189711098 0.9442042521133536 -0.2728189860786405
3394309160016 PointCloud33.pcd PointCloud17.pcd 0.13009946587037893 0.9962471987564626 0.08634353079323759 0.006026081650475623 -1.4363861335356864 -0.08639819135211724 0.9962154735932025 0.009491190892286665 -2.442849329982796 -0.005183772852267231 -0.009976214894844716 0.9999367998205625 0.2439173273388242
3394309160017 PointCloud33.pcd PointCloud17.pcd 0.13009946587037893 0.9967284458825647 -0.02959905970961258 -0.07520838272981342 -1.6850942077169757 0.006942188622733407 0.9584425299063036 -0.2852011971993291 -0.9138432807437306 0.08052459987887986 0.2837460352694131 0.9555124155568232 0.14580397525598152
3394309160018 PointCloud33.pcd PointCloud17.pcd 0.13009946587037893 0.9934712145897201 -0.01798006996078872 0.11265728057179171 -2.001549163236663 -0.013100870907423092 0.9629887264421373 0.26922310437036706 -2.151927980897328 -0.11332834139390414 -0.268941312983996 0.9564660251192151 -1.7867390944513166
3394309160019 PointCloud33.pcd PointCloud17.pcd 0.13009946587037893 0.982903867128947 0.11453442822781382 0.144159122963096 -3.191592041625724 -0.17146597966467372 0.854656957663595 0.49006214150334215 2.0793515515027288 -0.0670776102779084 -0.5064023592635957 0.8596843866976236 0.009855431958241123
3394309160020 PointCloud33.pcd PointCloud17.pcd 0.13009946587037893 0.9909380379100515 -0.07140186905559225 -0.11376984714037826 -0.23062676335675855 0.08503331861793424 0.9891428935291581 0.11985687675550934 -0.04776140875861547 0.10397663077729465 -0.12844496594313276 0.9862508560077753 -2.673054193321018
3394309160021 PointCloud33.pcd PointCloud17.pcd 0.13009946587037893 0.9892550278038038 0.14563901567061813 -0.01279715122160745 -1.179689634198768 -0.14608079544730943 0.988189870031416 -0.04627290750292452 0.068818415530745 0.005906874501509157 0.04764512442828036 0.9988468606106928 -0.8878873814284239
3394309160022 PointCloud33.pcd PointCloud17.pcd 0.13009946587037893 0.9622016236462342 -0.023143264083854767 -0.27135295240718454 -0.41261149266512265 -0.10696848621149242 0.8841899647256415 -0.4547151297637794 -0.02443584109890627 0.2504511497481546 0.46655385070323224 0.848293419745676 0.4891078666168807
3394309160023 PointCloud33.pcd PointCloud17.pcd 0.13009946587037893 0.9547510177645725 0.29740612822211665 0.0002982841644002107 -0.052055587609899596 -0.2974057868681528 0.9547471391822913 0.0027745559222000357 -0.8730367676486577 0.0005403839817327757 -0.0027377215271889603 0.9999961064254159 -0.05167723552335165
3394309160024 PointCloud33.pcd PointCloud17.pcd 0.13009946587037893 0.9445778108573368 0.17890408608253452 0.2752564026847224 -2.3380258481961147 -0.26223069781359176 0.9156144218315956 0.304770883875395 -1.3673931300615387 -0.19750397555532317 -0.36006049285775005 0.9117832094982207 -1.6426636678894397
3394309160025 PointCloud33.pcd PointCloud17.pcd 0.13009946587037893 0.9932462994322452 0.10667553897977974 0.045630231727708304 1.7980383273975622 -0.10383564473537343 0.9927439984062738 -0.06064249756329026 -1.2851935715032197 -0.051768209806213925 0.0554948917621959 0.997116026068061 -1.0481759122269465
3394309160026 PointCloud33.pcd PointCloud17.pcd 0.13009946587037893 0.8951750092059232 -0.3334082635706558 0.29580505857063294 -0.08848586290435838 0.3265815537926935 0.9422865796158111 0.073759681386825 0.1631302769676945 -0.30332522416628255 0.03057665218325897 0.9523963863464301 -0.2453287914624088
3394309160027 PointCloud33.pcd PointCloud17.pcd 0.13009946587037893 0.9989414152484363 0.010960187304664729 0.04467575624091578 1.3852048018689513 -0.020957780799402415 0.9729857544526364 0.2299119245628596 2.712133523849958 -0.040948996635024625 -0.23060484801165934 0.9721854677725357 -2.519535069189791
3394309160028 PointCloud33.pcd PointCloud17.pcd 0.13009946587037893 0.9310194338183351 -0.3648165725907874 -0.010567980682118693 -0.5270043647785557 0.3484879717247022 0.879999588095229 0.3227334171036996 -2.698843079776377 -0.10843868044102192 -0.30415389741928034 0.9464309057025093 0.9328614767494166
3394309160029 PointCloud33.pcd PointCloud17.pcd 0.13009946587037893 0.9998868302938436 -0.005839450799606508 -0.013864610318690495 -0.8182858173382315 0.005710300811047169 0.999940109618765 -0.009336468296919623 2.9187068507155836 0.013918299809154785 0.009256240595998251 0.9998602917110226 -1.3148736333830755
3394309160031 PointCloud4.pcd PointCloud19.pcd 0.12568981571596163 0.9780009572899999 0.1962501225264772 0.07071079796032793 0.6555639690118974 -0.19519970538965456 0.9805269738295698 -0.021539002029298603 -0.5696273532857475 -0.07356087652846237 0.007262437674001883 0.9972642851538379 0.46825586563035965
3394309160032 PointCloud4.pcd PointCloud19.pcd 0.12568981571596163 0.9795125250175425 0.08684341985617453 -0.18169599269505712 0.6874252933169902 -0.08912582236752062 0.9960105728261606 -0.004418891921801785 1.8117547343241591 0.18058737807795763 0.020522164753933675 0.9833448223450109 -0.4761732107106517
3394309160033 PointCloud4.pcd PointCloud19.pcd 0.12568981571596163 0.8237174780197369 -0.5368939150162323 -0.18230315527534624 -2.743015525021346 0.5381878308546201 0.8415342850771252 -0.046625162302459174 0.46661870864492505 0.17844712136877722 -0.05970737859154899 0.9821362704925027 -0.9771012766174667
3394309160034 PointCloud4.pcd PointCloud19.pcd 0.12568981571596163 0.9295003311306206 -0.27155808700522704 0.24957031035387242 2.464029743302605 0.25268944251023157 0.9617886090075046 0.10540738696731734 0.7567640117312651 -0.2686581100058866 -0.03491241849930944 0.9626026921646302 1.093164075751821
3394309160035 PointCloud4.pcd PointCloud19.pcd 0.12568981571596163 0.9917178463577943 -0.12703878511488725 0.01889074619997047 0.8475225933544793 0.1280884026731729 0.9890882172671602 -0.0727863968328271 2.0266575161525493 -0.00943791905524274 0.0746032542172536 0.9971686317489646 1.3367058182062417
3394309160036 PointCloud4.pcd PointCloud19.pcd 0.12568981571596163 0.9945966115871036 0.07621210981876063 0.07049322333689743 0.1111055159527723 -0.07605194234945385 0.9970915347863856 -0.004957148596284178 0.2605444213650042 -0.07066599100223443 -0.00043078336024688843 0.9974999409229902 2.5254979707040635
3394309160037 PointCloud4.pcd PointCloud19.pcd 0.12568981571596163 0.9666642507766876 -0.2534972520248455 0.036046768040937954 0.028203223265768112 0.2560460264481972 0.9565859012023225 -0.13922588107471173 -0.7126566040390945 0.0008115481713056663 0.14381431374099246 0.9896043575857845 0.2688753040708391
3394309160038 PointCloud4.pcd PointCloud19.pcd 0.12568981571596163 0.8578887554438027 -0.5137327327452563 0.010274365633669548 0.6104604483855564 0.501567009753132 0.832894874500238 -0.23391593096352853 2.767781746893353 0.11161280397151949 0.20582712974076994 0.9722025378758746 0.32047110139688717
3394309160039 PointCloud4.pcd PointCloud19.pcd 0.12568981571596163 0.9986792074923283 0.05110947443864697 -0.0052594814478722175 -0.6379730898758539 -0.05110967488860885 0.9986930418525362 9.637483759048485e-05 2.9367833599240605 0.005257533193040845 0.00017256284045635145 0.9999861641876803 -1.170646124373397
3394309160040 PointCloud4.pcd PointCloud19.pcd 0.12568981571596163 0.8759550649239342 0.48166947506610597 -0.02640532188116601 -0.27076666572713914 -0.4823708040103271 0.8740804428005177 -0.05746117778188443 -0.26928414844449705 -0.004596919896700682 0.06307056606050583 0.9979984829769384 -1.893543511701341
3394309160041 PointCloud4.pcd PointCloud19.pcd 0.12568981571596163 0.8484171299921136 0.4232546533027728 0.3178739876012106 -2.197825939244757 -0.3840788398353464 0.9054774064556046 -0.1805383925628177 -0.1114243088317497 -0.3642414286248605 0.031083192499827106 0.9307856986532074 1.838133410325663
3394309160042 PointCloud4.pcd PointCloud19.pcd 0.12568981571596163 0.9964509664813384 0.04053170896842476 -0.07377433135248063 0.011469404101651997 -0.06808062616620827 0.9034891229077092 -0.4231695087412079 1.7440977091634042 0.04950252255414553 0.42669026864407994 0.9030420338529204 1.990906010987107
3394309160043 PointCloud4.pcd PointCloud19.pcd 0.12568981571596163 0.9610885635210923 -0.18409690846170684 0.2059541244156217 -0.25422921189077813 0.15290085658667896 0.975460543822676 0.15842365827182858 -0.3142236192055292 -0.23006542792002296 -0.12076860411552014 0.9656525478327935 0.5800965576784618
3394309160044 PointCloud4.pcd PointCloud19.pcd 0.12568981571596163 0.8882868267944595 0.4592802086561212 0.002864136906601273 0.15171372105471842 -0.45928909850967414 0.8882668527489381 0.005960058528845924 -0.3808482795543599 0.00019321904886225876 -0.0066097083359389856 0.9999781369720605 -0.09488606969643212
3394309160045 PointCloud4.pcd PointCloud19.pcd 0.12568981571596163 0.9901421453484398 0.1395159279507997 -0.01240313882920205 2.8616450947865495 -0.14002168157338452 0.9881708707288624 -0.06254805298587324 0.013262459394166464 0.003529970842783661 0.06366817172645342 0.9979648807522538 0.0610769173022057
3394309160046 PointCloud4.pcd PointCloud19.pcd 0.12568981571596163 0.9990302662121183 -0.0424211691338641 0.011788621694670404 0.8111873610276751 0.04232328851091396 0.9990683855631902 0.008432094507445977 -3.5203641331971376 -0.012135338551762652 -0.007924984383369941 0.9998949585735281 1.5366507354336432
3394309160047 PointCloud4.pcd PointCloud19.pcd 0.12568981571596163 0.906760616801805 -0.3293842394616767 0.26323222943147245 -0.09224220712073822 0.37881165346841184 0.9105521084778588 -0.16551914977746163 0.11159091776663634 -0.18516726226236213 0.24980168242183381 0.9504273798904802 -3.303179214218824
3394309160048 PointCloud4.pcd PointCloud19.pcd 0.12568981571596163 0.9628529184213968 0.2415340310823485 0.12072932252154099 -1.5462386702007747 -0.270024891110892 0.8627461677774605 0.4274992493161326 1.135499262908935 -0.0009031433718251214 -0.44421882199476537 0.8959178659439898 -3.1920246176943654
3394309160049 PointCloud4.pcd PointCloud19.pcd 0.12568981571596163 0.9808460024705787 -0.1908621972098445 0.03889397271706632 -0.6746095015117302 0.1780116733392359 0.9593943623844279 0.21880196886669565 2.816950627428881 -0.07907568268722469 -0.20768745532941488 0.9749938242401035 -1.4811048330911376
3394309160050 PointCloud4.pcd PointCloud19.pcd 0.12568981571596163 0.990113259370839 -0.13985756462385096 0.01075152247540783 1.653506167074363 0.12700337772700432 0.9263692549016036 0.3545562658013253 -0.3275566838885912 -0.05954725572170152 -0.3496853802928191 0.934972865459464 2.0353756697909975
3394309160051 PointCloud4.pcd PointCloud19.pcd 0.12568981571596163 0.9762608282650568 0.036425256113029617 -0.2135134560451061 -0.8963448152450342 0.06607731023828707 0.8886819790077392 0.4537379521910873 -0.4093398875515874 0.20627308177970874 -0.457074983896503 0.8651785219416355 -3.059528464365936
3394309160052 PointCloud4.pcd PointCloud19.pcd 0.12568981571596163 0.9244598024928781 0.37895070318770857 0.04207657457980801 1.9055680951363312 -0.35614559911143323 0.8976493763888979 -0.25958796062641487 -3.27333037241354 -0.13614105115058875 0.22499324794794187 0.964802390424821 -0.1549601175169167
3394309160053 PointCloud4.pcd PointCloud19.pcd 0.12568981571596163 0.9802473279065123 -0.1977090228364486 0.0051301482629157215 0.8742903529105879 0.18834517143305052 0.9252784761969656 -0.3292200447792879 1.0299244525007765 0.06034295758410971 0.3236833078422151 0.9442392936614766 -1.380769453570735
3394309160054 PointCloud4.pcd PointCloud19.pcd 0.12568981571596163 0.959161727397864 -0.2825956117638186 0.012186094820674512 2.518675832733419 0.281630585655341 0.9501026257913872 -0.134123874413695 0.504850164519731 0.02632477765480604 0.13207846408913199 0.9908896434039871 0.38494143316930524
3394309160055 PointCloud4.pcd PointCloud19.pcd 0.12568981571596163 0.9975333864575534 -0.014000542293794509 -0.06878319357230615 -0.07155734494285731 0.0182128747582029 0.9979715592184232 0.06100047691773916 -0.8497985265957761 0.06778963118034854 -0.0621027520052798 0.9957649391788221 0.14710211293960276
3394309160056 PointCloud4.pcd PointCloud19.pcd 0.12568981571596163 0.9826891459209021 -0.1838093252853343 0.023155440557210145 3.438896556440714 0.1852507579554902 0.9763060557515553 -0.11184204119988912 -1.1896730455191176 -0.0020491867081132483 0.11419552285878586 0.9934561809122957 0.8960781713764581
3394309160057 PointCloud4.pcd PointCloud19.pcd 0.12568981571596163 0.9993617731771903 -0.010636871590501742 -0.03410136763986189 -1.3686779763720534 0.010841533213574324 0.9999242782401024 0.0058222799304930625 -0.10875656040665478 0.034036854580304685 -0.006188275105167387 0.999401419741588 2.54575107604576
3394309160058 PointCloud4.pcd PointCloud19.pcd 0.12568981571596163 0.9807962502079232 -0.18961699246203656 0.0456520727648705 -0.04476448665111628 0.18071868184490741 0.9715790231993573 0.1528887167557569 0.0076796147381966145 -0.07334489491652565 -0.14170249767959245 0.9871883956677413 -2.746965330721588
3394309160059 PointCloud4.pcd PointCloud19.pcd 0.12568981571596163 0.9463258857008929 -0.32320943978636163 -0.0017251334460988178 -0.13514359349625293 0.3232004852980611 0.9463215974544834 -0.004108587870856239 -0.167315936541595 0.0029604654225868767 0.0033304990888849218 0.9999900716608644 0.006357865803741301
3394309160060 PointCloud4.pcd PointCloud19.pcd 0.12568981571596163 0.9998067601603051 -0.019611323945045438 0.0013558432345099724 1.8625296047908948 0.01959023055503918 0.9997082478085539 0.014129477355910166 0.5516398904534604 -0.001632545421875985 -0.014100185696410398 0.9998992547045789 -3.2694286807550594
3394309160062 PointCloud23.pcd PointCloud2.pcd 0.1112552691224131 0.8922295426440973 0.011926337917371375 -0.45142464010838596 -1.5477163224274653 -0.061447484264042736 0.9935598232892482 -0.09520023226367856 -0.66405751222813 0.44738199551471153 0.11267936816169495 0.8872162701844213 0.516047238274535
3394309160063 PointCloud23.pcd PointCloud2.pcd 0.1112552691224131 0.9892843382300105 -0.12832877523565484 0.06962918626069574 1.594959815787096 0.13763180314048062 0.9788399968846729 -0.15142571532970595 0.9443907068898577 -0.04872355587505765 0.15938627903721808 0.986013199281612 -2.732190982359666
3394309160064 PointCloud23.pcd PointCloud2.pcd 0.1112552691224131 0.89252161455435 -0.21468222444005086 0.3966317058213674 0.9321569645012616 0.3046601764966245 0.935443658085203 -0.17924100927304354 -0.5031023515299836 -0.3325467552244973 0.2808143604904231 0.9003088084274267 -1.9663962776510269
3394309160065 PointCloud23.pcd PointCloud2.pcd 0.1112552691224131 0.9254743769928216 -0.37574355021413564 -0.048103658927633186 1.503370678176999 0.35768047586385465 0.9085960687248877 -0.2156799969479918 2.231876765488904 0.12474716315634274 0.182400571189228 0.9752785124846586 1.7013029418741652
3394309160066 PointCloud23.pcd PointCloud2.pcd 0.1112552691224131 0.9992587980614632 0.002726991223921759 0.038398151200605156 0.6227790043560368 -0.003105360998586553 0.9999471798791286 0.009797662213302563 -1.8892590354479688 -0.03836940486674687 -0.009909640288233124 0.999214485383158 -1.034123863158566
3394309160067 PointCloud23.pcd PointCloud2.pcd 0.1112552691224131 0.9589612423941475 -0.23554491915409875 0.15783512488214355 -0.030714722138577354 0.24047253454990208 0.9705740504676669 -0.012608437093181407 0.3340331341920958 -0.15022082316715915 0.05004601502093507 0.9873849809813319 -0.04704890091428239
3394309160068 PointCloud23.pcd PointCloud2.pcd 0.1112552691224131 0.9667344116424781 -0.17466318122863642 0.1868618486191446 0.17669466825379637 0.18825376901539523 0.9804354845695812 -0.05750460023605625 2.108232321196565 -0.1731620506859682 0.09076912316367794 0.9807017235032919 1.8928612518408685
3394309160069 PointCloud23.pcd PointCloud2.pcd 0.1112552691224131 0.9381951141844551 -0.2449163005545525 0.2445525167384081 0.26288607021973315 0.3263090677429974 0.8614688654124147 -0.3890935443228823 0.26550020134851116 -0.11537902768316788 0.44484536599555463 0.8881442902609732 0.6212402048616374
3394309160070 PointCloud23.pcd PointCloud2.pcd 0.1112552691224131 0.9998350887627804 0.01697366238314757 -0.006456784340993537 0.23249514479231234 -0.016944961877270404 0.9998464137610972 0.004474053648616948 -0.2803695865131456 0.006531733743886912 -0.004363905862386475 0.9999691459139742 0.09424077173937138
3394309160071 PointCloud23.pcd PointCloud2.pcd 0.1112552691224131 0.9942510419761097 -0.051528058866024525 -0.09386013359738929 -1.5875558551201503 0.052604487008531715 0.9985746074775204 0.009028911766389635 0.21112504862706621 0.09326110376780597 -0.013914469110086166 0.995544451078602 -2.869632371965764
3394309160072 PointCloud23.pcd PointCloud2.pcd 0.1112552691224131 0.8884390722146701 0.45076711795807034 -0.08651601198686547 -0.45395805944126555 -0.4477775935657824 0.892607253757281 0.05241676487844392 -0.04620993202189452 0.10085257390256995 -0.007829170304712214 0.9948705757180512 3.1049423697743403
3394309160073 PointCloud23.pcd PointCloud2.pcd 0.1112552691224131 0.9902082712288823 -0.13666774222011163 -0.028451851018260546 0.20178706236902272 0.13376049932396522 0.9872078762303108 -0.08676830025673388 -2.6399837237254857 0.03994631911092275 0.08211295479579545 0.9958221499063936 2.012481896364332
3394309160074 PointCloud23.pcd PointCloud2.pcd 0.1112552691224131 0.9485869196310412 -0.10041973314134738 0.30016451006192085 -1.9361445332431995 -0.02426494424168571 0.9224741879142425 0.3852954517158313 -0.9905105398446222 -0.31558527910192563 -0.37276970079095645 0.8726102691272779 -2.0131208795993327
3394309160075 PointCloud23.pcd PointCloud2.pcd 0.1112552691224131 0.9378898764340934 -0.3452272264710246 0.03436192348465219 2.0605081637248412 0.33693454175124143 0.8827742977798745 -0.32739067450697257 -0.4825620241329385 0.08269035165799049 0.3186341182020115 0.9442640544150267 3.131987893977281
3394309160076 PointCloud23.pcd PointCloud2.pcd 0.1112552691224131 0.9140417595365616 -0.40519957690456104 -0.0184652294778908 1.4532781590262265 0.4018368050525167 0.8983744327437813 0.17734305934395905 0.6854238265158652 -0.05527064255544878 -0.16951897082230638 0.9839758506197467 2.019978396762088
3394309160077 PointCloud23.pcd PointCloud2.pcd 0.1112552691224131 0.8576800918195748 0.3992591870220557 0.3240014840627324 0.47888802858403356 -0.29632361729600715 0.8987693680819017 -0.32311907531167006 0.1395093180980305 -0.42021086840891614 0.1811235064152258 0.8891665206781452 3.838261152731082
3394309160078 PointCloud23.pcd PointCloud2.pcd 0.1112552691224131 0.8979638624711398 -0.43868303710177464 -0.03490121280234841 0.06968246584331818 0.4338435685636955 0.8957650014369044 -0.09687528176300005 -1.3209297258949133 0.07376082775992834 0.07184883548051173 0.9946844148413427 0.2299588020805554
3394309160079 PointCloud23.pcd PointCloud2.pcd 0.1112552691224131 0.8741714693801383 0.4326917416641361 0.22045883701368463 0.2769948866396132 -0.4789920301115425 0.8430063068205494 0.24475906878071063 -0.16608366945750544 -0.07994296223804194 -0.31955942069736265 0.9441879576822472 0.1049205642280587
3394309160080 PointCloud23.pcd PointCloud2.pcd 0.1112552691224131 0.9982221066122795 0.05886160486245611 0.009377491325461193 0.19637480610989227 -0.058842274895093354 0.9982645863461592 -0.0023242917850220934 0.17425598762316433 -0.009498029043611236 0.0017683665196272288 0.9999533290729817 0.04222542663234296
3394309160081 PointCloud23.pcd PointCloud2.pcd 0.1112552691224131 0.9980585271080686 -0.044338689836193164 0.04374079389406058 -1.1577859055770738 0.04098683096632918 0.9963589944883245 0.07475850312541449 -1.6820102318586374 -0.046896227505103076 -0.07282056499248621 0.9962418928954778 -2.9126548014752647
3394309160082 PointCloud23.pcd PointCloud2.pcd 0.1112552691224131 0.8644049764058869 0.5020840156380284 -0.026752158894757447 -0.6979531876869416 -0.48593797913810277 0.8479012094054287 0.21196183505524835 -0.22079595195288945 0.12910583718761554 -0.1702209749989806 0.9769117168273096 3.6063721037701053
3394309160083 PointCloud23.pcd PointCloud2.pcd 0.1112552691224131 0.9880073192481251 0.14032153616462176 -0.06443138676556659 0.5696818919851527 -0.1441146061895661 0.9878269545022833 -0.05855670962041809 1.9192626440940044 0.05543029311630563 0.06713996162602742 0.9962026441231201 -0.5667801616959172
3394309160084 PointCloud23.pcd PointCloud2.pcd 0.1112552691224131 0.9967993320128886 -0.053971064778420244 -0.058976400918864386 0.2979897822723981 0.05621052248447145 0.9977332717505938 0.036995886310217885 0.11662332197782417 0.05684601006826945 -0.040192569071152984 0.9975736005582639 -0.1313722075053146
3394309160085 PointCloud23.pcd PointCloud2.pcd 0.1112552691224131 0.9983111203841984 0.054586538224923375 -0.01988005940297035 0.8341270723541835 -0.05393141955698985 0.9980279014473278 0.03212024154970084 -1.0346645440182816 0.02159418675974123 -0.03099383450401345 0.999286281963744 1.7638176964708157
3394309160086 PointCloud23.pcd PointCloud2.pcd 0.1112552691224131 0.9987004130356192 -0.04905129248531208 0.013836752075680074 0.05405641499877411 0.04910826131985653 0.9987862032631297 -0.003807734413359926 2.8269160189496674 -0.013633182776745627 0.004482284768103063 0.9998970174226111 0.7801747373369322
3394309160087 PointCloud23.pcd PointCloud2.pcd 0.1112552691224131 0.9370223465481998 -0.12091620566253758 0.3276711663809925 -0.7959881878565379 -0.01022044576871959 0.9282673364982489 0.3717731761151352 0.5366702051773615 -0.3491198426867109 -0.3517087192530512 0.8685714203471033 0.18023097207807953
3394309160088 PointCloud23.pcd PointCloud2.pcd 0.1112552691224131 0.9790900414933473 0.15799337859317136 -0.1281436029198114 0.963986311938895 -0.1179347311074963 0.9541064635093213 0.27526760704510594 2.1133442327439997 0.16575309905747773 -0.25439919145007345 0.9527890435675627 -0.14233282646355463
3394309160089 PointCloud23.pcd PointCloud2.pcd 0.1112552691224131 0.9914345286728051 0.12988608214977493 0.013681411444538414 -0.9796587735526091 -0.1302920319913789 0.9908633348556558 0.034840178505372285 1.033396940852897 -0.009031154682006062 -0.03632433485296918 0.9992992449424742 -0.8101678356086198
3394309160090 PointCloud23.pcd PointCloud2.pcd 0.1112552691224131 0.9998787551978335 0.00641115797675955 0.014190558742618018 -0.18820691213425286 -0.00572452857912707 0.9988352974542507 -0.047909063151194385 -0.31876984987911877 -0.014481183535105743 0.04782202016723474 0.9987508947232774 0.9824172832644352
3394309160091 PointCloud23.pcd PointCloud2.pcd 0.1112552691224131 0.971584995248255 0.20505423296952668 -0.11821742066940494 0.6355903084150535 -0.14117410159539667 0.9029347021782352 0.4059295464006459 -0.2365638415740695 0.18998018330126065 -0.37770581825486954 0.9062261554431315 -2.886073399808812
3394309160093 PointCloud26.pcd PointCloud7.pcd 0.1460900774996824 0.8919855862414985 -0.2691545044491332 -0.36320457964093966 0.330173685175352 0.36498894045435276 0.9028341678962967 0.22731814407347758 0.124591608023468 0.2667298020158585 -0.3353301626960255 0.9035534819272393 -1.2931542195311794
3394309160094 PointCloud26.pcd PointCloud7.pcd 0.1460900774996824 0.9948829185247913 -0.10103425367899556 -0.00024085498130615898 -2.42477724349555 0.10103180545405598 0.9948706986645052 -0.004986704873278149 0.883649851586799 0.0007434475687179527 0.004936853484534801 0.9999875373040331 -0.7568103531024223
3394309160095 PointCloud26.pcd PointCloud7.pcd 0.1460900774996824 0.8419764850349254 0.3869300998572309 -0.3759796490140197 -1.443885118657578 -0.3489626181272024 0.9220572233872806 0.16743825115291608 -0.8537603051988287 0.41146165045850924 -0.00977622748364837 0.9113746406270846 -2.02859612320029
3394309160096 PointCloud26.pcd PointCloud7.pcd 0.1460900774996824 0.9511759776423797 0.30279691917531043 -0.05981877041534187 0.08375144624467706 -0.30720370673789926 0.9475055741522115 -0.0886513932038448 -0.04882712052017208 0.029835249664744566 0.10269962360412252 0.9942648767753056 2.3653156210199042
3394309160097 PointCloud26.pcd PointCloud7.pcd 0.1460900774996824 0.9200790782591425 -0.3587349770172271 -0.1573648817692706 -0.07642453546087186 0.3228701927831701 0.9219445605267776 -0.21394640900759632 -0.07104070006339461 0.2218317568833768 0.14603918508241753 0.9640867326431258 0.5031957385403045
3394309160098 PointCloud26.pcd PointCloud7.pcd 0.1460900774996824 0.8884593128368823 0.38952092029997215 0.2427210375762221 1.9524132727821468 -0.35297497261239746 0.9179413888319607 -0.18108637546355724 -1.4471661730432186 -0.2933406179558029 0.07521342511755405 0.9530447117210157 1.9516123525071558
3394309160099 PointCloud26.pcd PointCloud7.pcd 0.1460900774996824 0.9759746595180225 -0.21593709531700553 0.02906260216730187 2.660881068403925 0.21590152824515904 0.9764052564781123 0.004393770967735971 -0.4328495365751728 -0.02932565566334681 0.0019864510984652583 0.9995679366265949 0.1330707794028841
3394309160100 PointCloud26.pcd PointCloud7.pcd 0.1460900774996824 0.9538275473419229 -0.08274559539000048 0.288732014808276 2.222175203526889 0.11687135811765614 0.9877913979832221 -0.10300116369287496 -0.07867358233903572 -0.27668410793434944 0.13198985004122923 0.9518532365352693 1.5520783819351955
3394309160101 PointCloud26.pcd PointCloud7.pcd 0.1460900774996824 0.9955740589407277 -0.055243761481472343 -0.07602907326584232 0.2665023937299549 0.04892300091562792 0.9953790296236723 -0.08262643261599831 -0.40088602277941954 0.08024234010604436 0.07854116247430282 0.993676231300463 -0.18272959621677995
3394309160102 PointCloud26.pcd PointCloud7.pcd 0.1460900774996824 0.9581391332826853 -0.23773879206755338 0.15952952083725908 -2.4689441681479543 0.2044200236639891 0.9581934251211897 0.20019444043164009 -1.0185774118869222 -0.2004541224258533 -0.15920309921852643 0.9666811873630816 1.1748786933431792
3394309160103 PointCloud26.pcd PointCloud7.pcd 0.1460900774996824 0.8896827922969137 -0.4484162911233141 -0.08594974663126076 -0.01106935938613948 0.4564697295411935 0.8776885773992473 0.14593884717742234 -0.09439807254508624 0.009995754266505154 -0.16907273866030736 0.9855528874385926 0.2847177816514299
3394309160104 PointCloud26.pcd PointCloud7.pcd 0.1460900774996824 0.9773544265128721 0.2116074849127753 -0.0007728548277179089 1.2447706435667016 -0.2111365749615221 0.9754103069445931 0.0632145538604248 1.1306963576801512 0.0141305233170156 -0.0616198461142557 0.9979996607592825 -2.2840203153472562
3394309160105 PointCloud26.pcd PointCloud7.pcd 0.1460900774996824 0.9042430316512108 0.42580617894987033 -0.03215023605416684 0.13559957384805899 -0.4241878542647463 0.8870458202226577 -0.18224811966048649 -0.11108315004277522 -0.04908364294241 0.17843433188045305 0.9827268110730869 -0.12950110307384388
3394309160106 PointCloud26.pcd PointCloud7.pcd 0.1460900774996824 0.9483956005052075 -0.26677085027647846 -0.17140332081127085 0.016837498785196484 0.28234419378752756 0.9564875777246146 0.07357492706738103 0.3426518519092014 0.14431750128393234 -0.1181728695651589 0.9824498112992328 0.590759433814519
3394309160107 PointCloud26.pcd PointCloud7.pcd 0.1460900774996824 0.9463531052404643 0.0574719610692145 -0.3179823483978144 0.012298876300577192 0.017428066737646967 0.9735458429657484 0.22782614892478506 0.03757868737038998 0.32266400898073283 -0.2211458010792177 0.9203165064115238 2.9205975934026833
3394309160108 PointCloud26.pcd PointCloud7.pcd 0.1460900774996824 0.9974466816820776 0.06684016988326263 0.02514972944961118 0.44228794002269073 -0.06808581644545686 0.9962997662547279 0.05245090427942962 0.0734944503922705 -0.02155084221944945 -0.05402932028770049 0.9983067633492629 0.23129580730040486
3394309160109 PointCloud26.pcd PointCloud7.pcd 0.1460900774996824 0.9117867152557109 0.3521935995172513 0.2111981400066847 -0.0637781923149627 -0.37995643877621205 0.9186242112923599 0.10845581155469802 0.021704378362902368 -0.15581428213004034 -0.17913466132095024 0.9714075780009792 1.22203712551243
3394309160110 PointCloud26.pcd PointCloud7.pcd 0.1460900774996824 0.9784708836884504 -0.17279088819572944 -0.1128629200865996 -0.06803184541781047 0.17901475330382702 0.9826998639713395 0.047483633499144154 -0.16756372584942106 0.10270563700943194 -0.06666548062709825 0.992475322524064 -0.14946655052040678
3394309160111 PointCloud26.pcd PointCloud7.pcd 0.1460900774996824 0.8902133078124678 -0.26175677409579434 0.3728319431172011 -2.520132849091165 0.29605392291849286 0.9544627016078724 -0.03678350124679213 -2.382792561130815 -0.3462258530470474 0.14312352166700262 0.9271695186035182 -0.4995533399358228
3394309160112 PointCloud26.pcd PointCloud7.pcd 0.1460900774996824 0.9585102553407668 0.20316246254816317 0.19995775608348948 0.42631101920256376 -0.24617648282431948 0.9436173429230721 0.22132204914795314 -1.0882541693706924 -0.14371927397125833 -0.2613643509474229 0.954480720781204 -0.0760087799043055
3394309160113 PointCloud26.pcd PointCloud7.pcd 0.1460900774996824 0.9952387361878486 0.025610848489921925 -0.09404223748316629 0.314132611371289 -0.027803101757999948 0.9993696335422563 -0.0220753954947755 0.16072982956081489 0.09341758680167392 0.024584954611361762 0.9953234320977825 0.3468997848019914
3394309160114 PointCloud26.pcd PointCloud7.pcd 0.1460900774996824 0.9971594772651374 0.007916274347647594 0.07490199931090326 -0.9315360729839799 0.0020070318002815266 0.9913154791219859 -0.13148989572016573 0.5220487930876466 -0.07529242142254712 0.13126672637648956 0.9884837367517633 1.4145632555490897
3394309160115 PointCloud26.pcd PointCloud7.pcd 0.1460900774996824 0.9483657172425506 -0.30478345699109904 -0.08780381941338034 0.22115423089912178 0.29994793424972815 0.951796960141367 -0.06413878237832199 -0.477083540758398 0.10311984822692172 0.034490448101001596 0.9940707750917179 0.47776451145541327
3394309160116 PointCloud26.pcd PointCloud7.pcd 0.1460900774996824 0.9778375606835339 0.174402698005564 -0.11583351779539486 0.42109102550362615 -0.16159499104197025 0.98047132788605 0.11208494128789682 0.06523335204595006 0.13311935917296763 -0.09088274930780742 0.9869242940021451 0.34392907791838373
3394309160117 PointCloud26.pcd PointCloud7.pcd 0.1460900774996824 0.876585046150645 0.4190700292020108 0.23659874786164312 0.0642005712853779 -0.42666318582230595 0.9041729381020959 -0.020732193993496434 0.10930753731055873 -0.22261442614761515 -0.08277444429562394 0.9713862304163667 -0.42302829681993354
3394309160118 PointCloud26.pcd PointCloud7.pcd 0.1460900774996824 0.8340243410683957 -0.5517269398503446 -0.0008845048348962649 -0.6519521724262708 0.5517258009574977 0.8340246251381668 -0.001251087905945386 -0.5143185831814748 0.0014279577151882768 0.0005554336278908185 0.9999988262144356 -0.8344382117792439
3394309160119 PointCloud26.pcd PointCloud7.pcd 0.1460900774996824 0.9332140399353286 0.35865210888920135 0.021913932940282103 0.2996831480917535 -0.3575267700787403 0.9207387758280835 0.15625208914976357 0.7134139080021615 0.035863133502892136 -0.15365146102764715 0.9874740827887196 1.315924125785132
3394309160120 PointCloud26.pcd PointCloud7.pcd 0.1460900774996824 0.9024315249863559 -0.22987810777461462 0.36438084235695345 -0.38493970987293 0.282040478329242 0.9545570571170462 -0.09630157471119913 -0.4448568514559924 -0.32568468077975765 0.18967572399758217 0.9262573122147973 0.5716019063136256
3394309160121 PointCloud26.pcd PointCloud7.pcd 0.1460900774996824 0.9460584625031464 -0.10661861827789682 -0.30595074074545897 0.5870759797706697 0.13118979786238832 0.9894883611591041 0.060844227889720257 0.3363743944108354 0.29624756954785064 -0.09769981252378453 0.9501011126031844 -0.9514701824150855
3394309160122 PointCloud26.pcd PointCloud7.pcd 0.1460900774996824 0.9105397539978665 0.20197632398551166 0.36072554794303713 -1.5881674563229382 -0.2772999395315585 0.945526500479133 0.17054143316941503 -1.341090937938656 -0.3066302332212184 -0.2553139272366153 0.9169474895727222 0.287992884391191
3394309160124 PointCloud30.pcd PointCloud15.pcd 0.1638592515826948 0.9985868600899708 -0.02869420195560686 0.0447317072084688 -0.781729506115862 0.030291012102190026 0.9989127091519058 -0.035438031556863106 -0.1713376868464496 -0.0436662047981996 0.036742921344540574 0.9983702821546677 0.6435193995218932
3394309160125 PointCloud30.pcd PointCloud15.pcd 0.1638592515826948 0.9640791573690053 0.011997063439512914 -0.26534401970931404 -0.86280427932168 0.11218831735381737 0.8871055991918178 0.447724733884387 0.011918736181960701 0.24075954763204657 -0.46141058326760803 0.8538940882057082 3.0475784266933457
3394309160126 PointCloud30.pcd PointCloud15.pcd 0.1638592515826948 0.9939884785948118 0.10744356433144085 0.021042454812285127 0.14690153858793384 -0.10825152508297302 0.9932354726641734 0.04201075051443925 0.13004674827048468 -0.016386327775984266 -0.04403607981339309 0.9988955460590895 -2.6263623005906718
3394309160127 PointCloud30.pcd PointCloud15.pcd 0.1638592515826948 0.9189780373947339 -0.12794735096524537 -0.3729729777974528 -2.3761416163014912 0.23254102394346263 0.9397509271933735 0.2505850494792551 -1.3344334825763882 0.3184400084308641 -0.3170136751311702 0.8933634707163596 -1.2429254274911854
3394309160128 PointCloud30.pcd PointCloud15.pcd 0.1638592515826948 0.9995011970310442 -0.03087199054062691 -0.00665412154753565 -1.0316480524594782 0.030857416135575435 0.999521191645688 -0.0022819554377897554 1.96147553114826 0.006721384005237659 0.002075488194033354 0.9999752573668065 -0.4853285790554214
3394309160129 PointCloud30.pcd PointCloud15.pcd 0.1638592515826948 0.9864507302859548 0.1541079278048249 0.056264583051948876 0.009934050077070338 -0.15143627125760295 0.9872502626820263 -0.049030343480990515 -0.23276401851064654 -0.06310318903114547 0.03984551947174343 0.997211272555684 0.4287584069377152
3394309160130 PointCloud30.pcd PointCloud15.pcd 0.1638592515826948 0.8940544180741418 0.42929651441519945 -0.12794999114133643 -1.5298684198593846 -0.42836458533840915 0.9028832167940506 0.03613417854995649 -0.18941549678489514 0.13103617649321292 0.02250332292324322 0.9911221523644055 0.22934366996902295
3394309160131 PointCloud30.pcd PointCloud15.pcd 0.1638592515826948 0.9754723169612527 -0.21866664855872697 -0.025271637270657486 0.06527440451619321 0.21933031098450767 0.9752657034964364 0.027404785476999476 0.18742478970260926 0.01865404850654818 -0.03227544564673575 0.9993049194728405 1.4376344285401546
3394309160132 PointCloud30.pcd PointCloud15.pcd 0.1638592515826948 0.8890301225967188 -0.45774091518067567 0.009934570208149461 0.047757498233107855 0.4577041025772349 0.8890853938986065 0.005840962260433074 0.12194434328491958 -0.01150632867735235 -0.0006456978528640409 0.9999335915322835 0.19288612463093593
3394309160133 PointCloud30.pcd PointCloud15.pcd 0.1638592515826948 0.8706027847872844 0.3825826880142929 0.3093239045925541 -0.0998529227757994 -0.4174343239311205 0.9071679955985379 0.05286599063575145 1.3006533880606048 -0.2603831337179765 -0.17514769365735097 0.9494861289569833 -3.5804164603014184
