id source target overlap t1 t2 t3 t4 t5 t6 t7 t8 t9 t10 t11 t12
3394309160000 PointCloud11.pcd PointCloud15.pcd 0.4160 0.9990653083141616 -0.0011642821177574145 -0.043210579379118076 -0.5607586391219215 -0.0004902705155240083 0.9992676934511131 -0.03826011578280549 0.022263332593215127 0.04322348155748681 0.038245539243712386 0.9983331154329235 -0.020607699880903496
3394309160001 PointCloud11.pcd PointCloud15.pcd 0.4160 0.9928278490153055 -0.11621877819307722 0.02803672261428496 0.5243829871849375 0.11762974287827133 0.9915093187262799 -0.055430266726223094 -0.8552030255009839 -0.021356633864769336 0.05833066495640848 0.9980688491861218 0.5639491302380248
3394309160002 PointCloud11.pcd PointCloud15.pcd 0.4160 0.9758070585365961 0.002648492530147894 -0.21861740552269332 0.2593925719392738 -0.004291876583036064 0.9999659900164697 -0.007042627760826362 0.06545669549890198 0.21859131800131493 0.007810524803067094 0.975785238357677 -0.7194582727883256
3394309160003 PointCloud11.pcd PointCloud15.pcd 0.4160 0.9955261293626023 0.08939708161172313 -0.030592279346629964 0.04633101403705009 -0.08882109569732696 0.9958527976897895 0.019698179929770025 0.5620386810530729 0.03222636677383307 -0.01689281304952567 0.9993378278399314 -0.20899200310705468
3394309160004 PointCloud11.pcd PointCloud15.pcd 0.4160 0.9990210676299053 -0.042188435718386 0.013305725205333458 -0.539563172391146 0.042291732638540344 0.9990765514485008 -0.007579821647061647 -0.7835436749618032 -0.012973657234352056 0.008135123687237643 0.9998827451159256 0.2717783102940554
3394309160005 PointCloud11.pcd PointCloud15.pcd 0.4160 0.9046806283181338 -0.41150159315049195 -0.11054139306392705 1.3054713891595355 0.38555464040806753 0.9010257614652534 -0.1987465633307056 -2.197942896177058 0.18138517030262521 0.13718241873712325 0.9737969007876952 -0.6567349036406291
3394309160006 PointCloud11.pcd PointCloud15.pcd 0.4160 0.9870838459538851 -0.027832828432711017 -0.15776823101728102 0.5292429967431245 0.027015375914457115 0.9996081880653004 -0.007323920876667401 -0.5489155854676985 0.157910260974667 0.002967155918112049 0.9874490090453634 -1.8746167427643265
3394309160007 PointCloud11.pcd PointCloud15.pcd 0.4160 0.8842766407797856 0.34248860445903284 -0.31742145231052404 0.8395102469571567 -0.3350798529803384 0.9388296734496342 0.07950054325052319 1.9494365146571588 0.32523270853020453 0.03606106024727516 0.9449461811319995 -1.3846271590420147
3394309160008 PointCloud11.pcd PointCloud15.pcd 0.4160 0.9554168160538912 0.29369318208291906 0.03038128370320082 0.09120248324317703 -0.2931328694090486 0.9558278268432927 -0.0215936635160884 1.9286051104147348 -0.035381188129607825 0.011725196375230632 0.999305104208169 -0.6437798344600266
3394309160009 PointCloud11.pcd PointCloud15.pcd 0.4160 0.978856499815562 0.1928050669496385 0.06830928873419857 -0.14719389857273235 -0.1979855715415456 0.9769710067335732 0.07955730930188741 1.4586973786987643 -0.051397142237620805 -0.09139944288962633 0.9944870414486414 -0.5251856893294266
3394309160010 PointCloud11.pcd PointCloud15.pcd 0.4160 0.9922610899302865 -0.019035674243745394 0.1227011512433611 0.1950489701800313 -0.00275283298887306 0.98456362870362 0.17500537975872557 -0.4083441579211662 -0.12413843611426535 -0.17398880463997216 0.9768917772911482 0.629639655762614
3394309160011 PointCloud11.pcd PointCloud15.pcd 0.4160 0.950903149879198 0.23934442912275888 0.1962076547887978 0.20496956463921645 -0.21705016481916506 0.9676662982718487 -0.12849576312404526 1.4655008474304596 -0.22061828007169462 0.07960012209009555 0.9721066788482883 1.3361719417342974
3394309160012 PointCloud11.pcd PointCloud15.pcd 0.4160 0.945141238227073 0.3260718988049247 -0.01962540731669292 0.9916350944214134 -0.3250298314416249 0.932722009619749 -0.15615780942343405 1.8908005678235122 -0.03261362407988476 0.1539700281894097 0.9875371294000688 0.5264410852758836
3394309160013 PointCloud11.pcd PointCloud15.pcd 0.4160 0.9976865916036941 -0.06356384577568448 0.024106066547835567 -0.6231737856738881 0.06342505214945744 0.997965567260787 0.006479916796854359 -0.15976337390164613 -0.024468912808751523 -0.004935997575014391 0.9996884055714046 0.42579228905963573
3394309160014 PointCloud11.pcd PointCloud15.pcd 0.4160 0.9996644519875532 -0.023112184842860754 -0.011696595411254555 0.008894539766428622 0.020219022708862597 0.978471223622408 -0.20539049555314462 0.34802168663328104 0.016191805122457534 0.20508508345234974 0.9786102053382743 -0.24028921445344875
3394309160015 PointCloud11.pcd PointCloud15.pcd 0.4160 0.9705208117294563 -0.10579805769819317 -0.21655513151917574 0.6205042743215392 0.11134424849840466 0.9936896962751033 0.013536832828202726 -0.7386498763220227 0.21375643224549576 -0.03724994636214906 0.9761765358631062 -1.3823838611063208
3394309160016 PointCloud11.pcd PointCloud15.pcd 0.4160 0.8867477805106824 0.2168166451839019 -0.40825104547395424 1.1685663131086033 -0.2184212296133459 0.9748922656918084 0.04332709023793768 1.6038803099359678 0.40739482104412256 0.050750494238877786 0.91184091108095 -3.0615173619593783
3394309160017 PointCloud11.pcd PointCloud15.pcd 0.4160 0.9243211788893501 0.26384741102771175 -0.27570800124511413 1.3000748812923542 -0.2703492671408955 0.9626473229972847 0.014879693630651794 1.0293637984973123 0.26933553796887416 0.06078384012330129 0.9611262626558916 -1.5273587490602738
3394309160018 PointCloud11.pcd PointCloud15.pcd 0.4160 0.9575115030714069 -0.2753483390220418 -0.08576137641000024 1.1597642197384639 0.2707405626600675 0.9606785822057606 -0.061613386708080795 -1.7111033134728704 0.09935426118916642 0.03577644321242898 0.9944087574506887 -0.4402928384772655
3394309160019 PointCloud11.pcd PointCloud15.pcd 0.4160 0.9665396621660334 -0.256450185612223 0.00586376665857629 0.26605776695134065 0.25645426742903643 0.9665563643131289 5.764739603473276e-05 -1.3137931255576902 -0.005682444668107212 0.0014480694881118293 0.9999828063108642 0.8126203788440776
3394309160020 PointCloud11.pcd PointCloud15.pcd 0.4160 0.945358798517993 0.060879784964656354 0.320297352232693 -0.25420967808622397 -0.15524368065120972 0.9479463602561137 0.2780235560074927 0.5484281067558685 -0.28669869494380656 -0.3125561547303835 0.9056006340863916 1.7616739145558964
3394309160021 PointCloud11.pcd PointCloud15.pcd 0.4160 0.991801627301929 0.1261093798665853 0.020638710979874686 -0.47040907815908195 -0.11809682490232866 0.9662522806651829 -0.2289315837915806 1.0735603375788918 -0.04881262161812491 0.22461735110849754 0.9732237017005739 0.5622536193186956
3394309160022 PointCloud11.pcd PointCloud15.pcd 0.4160 0.9783907723839553 0.048723623069757485 -0.2009415463981594 0.5063800095624229 -0.032211067877113364 0.9958905240238124 0.08464343604670466 0.11175899927979849 0.2042399168138869 -0.07634181498060405 0.9759395389394385 -1.2355446757581503
3394309160023 PointCloud11.pcd PointCloud15.pcd 0.4160 0.9950157845518235 0.04250732173994809 -0.09020374765615782 0.17980604628655428 -0.04026199199915262 0.9988358827822608 0.026567861540628002 0.29228468277617053 0.09122806855885654 -0.02280365902828638 0.9955688989929036 -0.15363530432329497
3394309160024 PointCloud11.pcd PointCloud15.pcd 0.4160 0.9024811396898885 0.4267469811662513 -0.05843634630545577 0.8409193221431988 -0.4283127990462242 0.9034715622936187 -0.016949404116861633 2.500592540477553 0.04556247005188352 0.04032555259657402 0.9981472392039925 -1.004144266073292
3394309160025 PointCloud11.pcd PointCloud15.pcd 0.4160 0.9864888905681319 -0.1637280831961889 0.005725692845232963 0.25400309999770165 0.16382408924670253 0.9856150502356706 -0.04152879159601049 -1.0691687806561014 0.001156100404180491 0.04190569796386021 0.9991209015479644 0.5296173732847054
3394309160026 PointCloud11.pcd PointCloud15.pcd 0.4160 0.9939046033218991 -0.08063400531378309 -0.07517843229673868 -0.30724358185472855 0.08487199438557999 0.9948732911395727 0.05498980947529688 -0.033081058573745326 0.07035896577233494 -0.061035168257097254 0.9956527126319074 -0.8140208570366567
3394309160027 PointCloud11.pcd PointCloud15.pcd 0.4160 0.9581143388105291 0.25738944607852615 0.12556905197162319 0.3214141273510487 -0.22115181451118507 0.9435400248865875 -0.24662541713178773 2.308848974768305 -0.18195820592672682 0.20852552477911998 0.9609413701217778 0.9168874133053555
3394309160028 PointCloud11.pcd PointCloud15.pcd 0.4160 0.9226293734626463 0.0027472392370873483 -0.3856779639809601 0.9524209777237793 0.11257257898150103 0.9545140752315431 0.2760983423462111 -1.4281660268496181 0.3688935533258588 -0.29815320367463116 0.8803534593861578 -1.806940349397061
3394309160029 PointCloud11.pcd PointCloud15.pcd 0.4160 0.9988838212467238 0.03298582798370279 -0.03380897519554403 -0.3176742426168371 -0.018858142591951836 0.934743402531125 0.35482269076613043 -0.24645235020023398 0.043306836752699376 -0.3537890707423916 0.9343221132530848 0.7630456796087082
3394309160031 PointCloud2.pcd PointCloud7.pcd 0.4175 0.9623353213245571 0.22525731484319103 0.15221652814591752 0.10578455229220718 -0.20374732959037997 0.968262127818164 -0.14476006879602757 0.5677715438208686 -0.1799937638251683 0.1082940161905406 0.9776884222702918 1.0620404591463277
3394309160032 PointCloud2.pcd PointCloud7.pcd 0.4175 0.9157929504321062 0.3839309332724573 0.11798436513113948 0.07942098004548126 -0.38081851803149835 0.9233617793524906 -0.0487881210469914 0.016022245009031155 -0.12767352216944391 -0.00025081376046473883 0.991816217264724 0.21411995733898737
3394309160033 PointCloud2.pcd PointCloud7.pcd 0.4175 0.9936788607977781 0.019599234429852903 0.11053592906106796 -0.03398093570860228 -0.024973088274577414 0.9985617065820314 0.0474432609546526 0.1691448713813779 -0.10944709436828345 -0.04990378901190539 0.992739112444249 -0.09722863073627264
3394309160034 PointCloud2.pcd PointCloud7.pcd 0.4175 0.9265924242072275 -0.37299731289089216 0.04795293502954091 0.4026425804150362 0.37497578105380164 0.9260689786515779 -0.042301423171271654 -0.29508089624693484 -0.02862940839180756 0.05717736751020869 0.9979534586441082 0.5237424190436799
3394309160035 PointCloud2.pcd PointCloud7.pcd 0.4175 0.976424734437449 -0.1913774570452787 0.0998469173967808 0.01041152244477761 0.17715946187116527 0.9747609024077744 0.13585178764631897 -0.46457403294303856 -0.12332584095912828 -0.11496021951990135 0.9856849825779329 0.14761964412014672
3394309160036 PointCloud2.pcd PointCloud7.pcd 0.4175 0.9383419602354239 0.3439337808040711 -0.03498456921785636 0.4460336723077061 -0.34311980068546033 0.9141736284987906 -0.21576695607744234 0.3690656998310858 -0.04222757439294587 0.21446708693683547 0.9758179648795752 -0.2408404492894618
3394309160037 PointCloud2.pcd PointCloud7.pcd 0.4175 0.9122225973672732 0.18440689912873903 -0.365847001362904 0.3775222126690293 -0.24710501028797172 0.9599151509774555 -0.1322951881759499 0.6848591673165019 0.32678593412674145 0.2110852872126612 0.9212241609832328 0.17355885427645057
3394309160038 PointCloud2.pcd PointCloud7.pcd 0.4175 0.9475826772715609 -0.31896312606049015 -0.01869743160385278 0.7755829976921742 0.3192552827653744 0.9428633957282679 0.09531359515913976 -0.43990794789927923 -0.012772398414617555 -0.0962867654949496 0.9952716838277169 0.08329551714991679
3394309160039 PointCloud2.pcd PointCloud7.pcd 0.4175 0.999441687567641 -0.009840737725822236 -0.03192918779044871 0.10567862772527348 0.009719536402920866 0.9999449667471778 -0.003948935185328535 0.003288664951030966 0.031966291058839726 0.0036363935426750233 0.9994823324491257 0.12032444507154505
3394309160040 PointCloud2.pcd PointCloud7.pcd 0.4175 0.9298808518630408 0.30978609545057545 -0.19837887086066536 0.1623079819962534 -0.32726023873103716 0.9429286431912847 -0.06153299923738177 0.5625628517453021 0.1679950519633545 0.12213987438559933 0.9781919615294842 -0.29522258639595256
3394309160041 PointCloud2.pcd PointCloud7.pcd 0.4175 0.8946761127889568 0.4465071757612966 -0.013638005664777082 -0.22526357359389282 -0.4461796143743407 0.8916916856686632 -0.0762213187116472 0.8205982286460748 -0.0218724694903554 0.07427839324492999 0.9969976506368232 0.13686469752145114
3394309160042 PointCloud2.pcd PointCloud7.pcd 0.4175 0.986518771430448 0.163619681464347 -0.003051795023511888 0.47885619693829895 -0.1636083396549526 0.9865185950684765 0.0036568811122552427 -0.003349953165224989 0.003608990261772105 -0.0031082827453652244 0.9999886568194989 0.38455986300325673
3394309160043 PointCloud2.pcd PointCloud7.pcd 0.4175 0.9980736715825707 -0.06183821935029176 0.004998071755378129 -0.22605616504682335 0.06168135326436324 0.9804320048599399 -0.18694516443544504 0.15807670492221115 0.006660086573276196 0.18689333448227616 0.9823576358806055 -0.6348453709414789
3394309160044 PointCloud2.pcd PointCloud7.pcd 0.4175 0.88989942171012 -0.4206607176940937 0.1764187626900384 0.6489974045887867 0.4354012946162396 0.8986452860466168 -0.053501051510198794 -0.4230483923804639 -0.13603209873591085 0.12442351246964711 0.9828601414536144 -0.6180913839637145
3394309160045 PointCloud2.pcd PointCloud7.pcd 0.4175 0.9927510929365674 -0.03719734712975598 -0.11428746580338237 0.22935491066961045 0.08244824019812921 0.9026553352571673 0.4223927478307391 -0.7071685700588864 0.08745030109429267 -0.42875366248963886 0.8991789264324639 0.1944730402008068
3394309160046 PointCloud2.pcd PointCloud7.pcd 0.4175 0.9905121595704001 0.13742468334828906 0.0003437292609304993 -0.07767970101398669 -0.13741786020116692 0.99048248137421 -0.007796524130686098 0.6037240453053001 -0.001411892671164196 0.007675317414303025 0.999969547567162 -0.10718129347315286
3394309160047 PointCloud2.pcd PointCloud7.pcd 0.4175 0.9761075072466966 0.16637016589174125 -0.13976802995604687 -0.03487371327027744 -0.150312069723678 0.9815028520312427 0.11856826367085131 -0.049227847650874824 0.15690894172106346 -0.09472655042642932 0.983059746227199 0.6250573947728106
3394309160048 PointCloud2.pcd PointCloud7.pcd 0.4175 0.8914504445302459 -0.29786995465626376 -0.34145218561301127 0.8380503187641091 0.3592911825010062 0.9238269404112426 0.13211218848929548 -0.7053771898594945 0.27609047633675365 -0.24045222869309799 0.9305679849385893 -0.5075696258081892
3394309160049 PointCloud2.pcd PointCloud7.pcd 0.4175 0.9674012413590587 0.24506240308009483 -0.06386905990823238 0.3818942346025418 -0.2502567207903836 0.8864193349979922 -0.3893999694927584 1.3568672184144486 -0.03881252267240873 0.3926896753650729 0.9188516784255647 0.38107264188847667
3394309160050 PointCloud2.pcd PointCloud7.pcd 0.4175 0.9844105850118927 0.12083144030867027 -0.12781065350539264 0.11616348105789664 -0.11960923230064 0.9926716384930476 0.017223521126064047 0.1692986923121555 0.12895515369691443 -0.0016676823620502823 0.9916490241867556 -0.6517034233079431
3394309160051 PointCloud2.pcd PointCloud7.pcd 0.4175 0.9762157892688522 -0.008168769731064375 -0.21664718780374914 0.3747282444735871 -0.013614244091454713 0.9950079012264508 -0.09886318250366018 0.1403537072955936 0.21637325421597375 0.09946128743392867 0.9712312119994782 -0.7906394468241483
3394309160052 PointCloud2.pcd PointCloud7.pcd 0.4175 0.995321226165096 -0.09475633787266355 -0.018891616610846096 -0.10424553815928173 0.09460598445231028 0.9954767646791682 -0.008701648677403443 -0.05032668832036635 0.019630701745449564 0.0068736756438863705 0.9997836706668717 0.7959710396915032
3394309160053 PointCloud2.pcd PointCloud7.pcd 0.4175 0.9925930964316708 0.002084822566829983 -0.12146850798068062 0.347963226874779 -0.0016639007011045725 0.999992255355042 0.0035666040421282823 0.18620994517682413 0.12147500298680672 -0.003338075014330644 0.9925888780882819 -0.3559295726136886
3394309160054 PointCloud2.pcd PointCloud7.pcd 0.4175 0.9977181234364418 0.04356721376073582 0.05157949254879472 -0.63622614346126 -0.03385837322048068 0.9837997019210897 -0.1760447586917529 0.7606524812462699 -0.05841366902812607 0.1738966485735169 0.983029907421728 -0.2394747632258607
3394309160055 PointCloud2.pcd PointCloud7.pcd 0.4175 0.9985452139860289 0.052675462162686704 -0.011521775537778979 -0.7656494560561063 -0.051550854947747235 0.9952610007071276 0.08245028699527403 -0.11632957028054308 0.01581028082457503 -0.08173638209141686 0.9965285740323023 0.555729144897076
3394309160056 PointCloud2.pcd PointCloud7.pcd 0.4175 0.9842678773872395 -0.17646288808309696 0.008808783854219049 0.662440694569967 0.17577666538686632 0.9729608711334998 -0.14983226337679967 -0.41981881659314674 0.017869231911069636 0.14902346249001674 0.988672189443192 0.42667601559711765
3394309160057 PointCloud2.pcd PointCloud7.pcd 0.4175 0.9271557670234067 -0.33309752041748214 -0.17154656967413684 1.4340082303444257 0.36840639834870886 0.8938832070417635 0.25543989082456237 -1.026751965377571 0.06825620360795671 -0.30003142178854697 0.951484228250039 -0.005282846886733861
3394309160058 PointCloud2.pcd PointCloud7.pcd 0.4175 0.9728525688920426 -0.2300329591107704 -0.025351862316131818 0.4855570054592955 0.2310655879912585 0.9716019722868059 0.050973537199638784 -0.6254430171206167 0.01290632582912138 -0.05544767958293311 0.9983781756340936 -0.8164828115038686
3394309160059 PointCloud2.pcd PointCloud7.pcd 0.4175 0.9894844159924366 0.05446698205936122 -0.13399230714280502 -0.4580498284084933 0.00028850175297305894 0.9256428846125241 0.3783981592620978 -0.2839223834373483 0.14463923145137736 -0.3744577386455655 0.9158934952785746 -0.4820252156034359
3394309160060 PointCloud2.pcd PointCloud7.pcd 0.4175 0.9031770336079603 -0.4258804855110052 -0.053824325579018034 0.24123275853534198 0.42881805971120546 0.8893683308612884 0.15855296820470838 -0.7270052822559928 -0.01965496447828635 -0.16628224235292444 0.9858822943178567 0.5883094964032602
3394309160062 PointCloud32.pcd PointCloud23.pcd 0.4397 0.9516405739064182 0.2797581473753206 -0.12694722160091285 1.6317638697945043 -0.26490614955140784 0.9565153358475015 0.12207843469830607 5.651164985523909 0.1555794010301815 -0.08254569198734607 0.9843684567830382 -3.353099987582398
3394309160063 PointCloud32.pcd PointCloud23.pcd 0.4397 0.9761881261457459 -0.21651342401866067 0.013367108579384541 0.1539293765219263 0.21670349083506743 0.9761232880630336 -0.014930624933596284 -4.5185907800200305 -0.009815265251293106 0.017471797867636318 0.9997991782589738 -0.7192494164375741
3394309160064 PointCloud32.pcd PointCloud23.pcd 0.4397 0.8888735359267853 -0.4217857138913874 -0.17888725132369407 2.590705789031041 0.41884286121852266 0.9063420162693185 -0.055810457363719375 -8.922972981219392 0.18567308565135446 -0.02531720960135265 0.9822853679876871 -3.7903745745442987
3394309160065 PointCloud32.pcd PointCloud23.pcd 0.4397 0.9871537998369526 -0.08732433777992113 -0.13379774100770092 0.09898799609671372 0.08535962882884171 0.9961421228486288 -0.020361847971869573 -1.3109739229934236 0.13505965064988118 0.008679350086578554 0.9907994548082909 -2.242399072967811
3394309160066 PointCloud32.pcd PointCloud23.pcd 0.4397 0.9993045584662298 -0.020017587062334155 0.03145942842480822 0.1503068466516737 0.012731046429846439 0.9761501495846779 0.21672287817074648 -0.18034053963820762 -0.03504739484490756 -0.21617164863601562 0.9757261390577647 0.219475600850346
3394309160067 PointCloud32.pcd PointCloud23.pcd 0.4397 0.8794560625599727 -0.12117141686597721 -0.46029829650043375 3.3734374675315664 0.1895440564608178 0.9762245324807264 0.10516041481073471 -4.371652148496292 0.43661205284198 -0.1797307706473186 0.8815139053898318 -9.346496316131475
3394309160068 PointCloud32.pcd PointCloud23.pcd 0.4397 0.9888268286716505 -0.14905088045272827 -0.0023103972456891882 0.28691108418139777 0.14785364838985685 0.9826234916969177 -0.11220682788122237 -3.7595921192303647 0.01899477709726998 0.11061152110708981 0.9936821875435833 0.029242634295219894
3394309160069 PointCloud32.pcd PointCloud23.pcd 0.4397 0.9997895298899188 -0.019240023812127274 0.007121615420970733 -0.2597967138759145 0.019207838965500778 0.9998051115585335 0.004560463101928867 -0.44691886565431854 -0.007207970919116054 -0.00442271241857755 0.9999642417457196 0.2641984355612397
3394309160070 PointCloud32.pcd PointCloud23.pcd 0.4397 0.9157164313631523 -0.3508323345907158 -0.1959083722998109 2.1126702443363428 0.291172765003947 0.9153339997679942 -0.2781763645399836 -6.145852006535737 0.2769148574047437 0.19768748537617054 0.9403392046884768 -5.952085881683029
3394309160071 PointCloud32.pcd PointCloud23.pcd 0.4397 0.9984176056186945 -0.05517473118450727 0.010864337501686418 -0.028481976634722628 0.05519518529448294 0.9984743151420022 -0.0015917041237152804 -1.186352772870205 -0.010759940099316656 0.0021888445415605942 0.9999397145071458 0.45697221041792635
3394309160072 PointCloud32.pcd PointCloud23.pcd 0.4397 0.9369743189319248 0.3461848744447984 -0.04727746151915261 1.7518464546510693 -0.34841481901610527 0.9155992013677599 -0.20071177430508408 7.815823233086086 -0.026196174377767105 0.20453394622986076 0.9785088784919685 1.0788401925702964
3394309160073 PointCloud32.pcd PointCloud23.pcd 0.4397 0.989379796304527 0.14535334747729672 0.00015179445648831087 -0.3777418081688566 -0.14535331883456487 0.989379794811955 -0.00018526098095037025 3.352563417965496 -0.00017711067195206128 0.00016122964356458922 0.9999999713184056 -0.344794192807095
3394309160074 PointCloud32.pcd PointCloud23.pcd 0.4397 0.9829616660484085 0.18128867112163854 0.030344370190979533 0.46109069816339243 -0.17870427503507774 0.9811838324224917 -0.07309630002194999 3.983815203682127 -0.04302493653132003 0.06642819217517527 0.99686315516264 1.4491870547027674
3394309160075 PointCloud32.pcd PointCloud23.pcd 0.4397 0.9792466199727554 -0.12487856880970447 0.15962894575851097 0.14898574586920077 0.07723651019369401 0.9581249294289238 0.275737449578252 -2.024226359459248 -0.18737817046025698 -0.25768578280312554 0.9478857835077531 3.9840337193423494
3394309160076 PointCloud32.pcd PointCloud23.pcd 0.4397 0.9738482035627835 -0.1609257976093169 -0.1603825554146846 0.7163616444497158 0.17525369243781092 0.9813070096303695 0.07951538302249947 -4.101239985502034 0.14458844941575516 -0.10554354795110307 0.9838469087116352 -3.2954360993282794
3394309160077 PointCloud32.pcd PointCloud23.pcd 0.4397 0.9891876507702302 -0.1452855573550125 0.019997459531566918 0.1838759818176321 0.1401199657515241 0.9765309215314383 0.16356574974838597 -3.2747429492069466 -0.04329187870103344 -0.15899517639539665 0.9863297354949468 0.24460586943142482
3394309160078 PointCloud32.pcd PointCloud23.pcd 0.4397 0.883760398351484 0.4442248323542221 -0.14707772307691358 3.2748419803227833 -0.42331620341287973 0.8929185667736511 0.1532965265066174 8.478418569043338 0.19942655348205635 -0.0732170159918571 0.9771736377612305 -5.014875517211761
3394309160079 PointCloud32.pcd PointCloud23.pcd 0.4397 0.967013686790628 0.18717867723470447 -0.1727676831709661 1.5903670449349363 -0.16284460793918223 0.9758269911119172 0.1457508733510589 3.291875938804279 0.195872824109755 -0.11280880376162455 0.9741190946538006 -3.531252004782047
3394309160080 PointCloud32.pcd PointCloud23.pcd 0.4397 0.9924265621203764 0.008545980692534275 -0.12254176843808474 0.15661986312868237 0.010163878297297379 0.9884436861013466 0.15124739662004127 -0.36682066973839 0.12241819462762911 -0.15134743347802493 0.980870908939462 -2.3073904784051367
3394309160081 PointCloud32.pcd PointCloud23.pcd 0.4397 0.997272651132783 0.0674472798304483 -0.029968712786235772 -0.2690004034788842 -0.06724646412847214 0.9977069891213408 0.007660086203620513 0.8526684814654386 0.03041664617949847 -0.005623904506834195 0.9995214851784274 -0.5637464553794251
3394309160082 PointCloud32.pcd PointCloud23.pcd 0.4397 0.9052774815439534 0.4107846609557469 0.10829886302685351 2.2234021249780085 -0.41633452033714685 0.9085807139321251 0.03386227172278193 8.939569453480228 -0.08448815647814165 -0.07574330725590048 0.9935414952687498 1.8355660913496898
3394309160083 PointCloud32.pcd PointCloud23.pcd 0.4397 0.9973157710989465 0.07321988980424296 0.00031694537109200165 0.17367914285015473 -0.07182895413473686 0.9791916570806298 -0.18980068506620357 1.9043818053653179 -0.01420753550844086 0.18926845072738574 0.981822590641523 0.47897536284887177
3394309160084 PointCloud32.pcd PointCloud23.pcd 0.4397 0.9976249385723982 0.02803344448010204 0.06291746918781317 0.22068365767034237 -0.0292491787280707 0.9994012093032058 0.018485356015585784 0.4255110127193177 -0.06236158659103984 -0.020281736460929914 0.9978475252682533 1.7004539006599484
3394309160085 PointCloud32.pcd PointCloud23.pcd 0.4397 0.9972070629554373 -0.024596591106347723 -0.07052007726695789 0.18489619676823565 0.01287191041541931 0.986686070347329 -0.1621262239886044 -0.004909401590805218 0.07356893035818854 0.16076568753466283 0.9842469233873475 -1.3440030107962486
3394309160086 PointCloud32.pcd PointCloud23.pcd 0.4397 0.9759196488070594 -0.05018413439297199 0.21227904212977344 -0.4330406136536631 0.032094375100049234 0.9956190362957844 0.0878218973399638 -0.9620977612584392 -0.21575632124979177 -0.07889415200559498 0.973254808680684 4.039344786042392
3394309160087 PointCloud32.pcd PointCloud23.pcd 0.4397 0.9963366508975159 0.08282592027702143 0.021287202930067205 0.11743529244850848 -0.08255278414787062 0.9964965208899912 -0.013406031611864693 1.8143118755920686 -0.022322990564806734 0.01159960276939374 0.9996835165730381 0.500163197790092
3394309160088 PointCloud32.pcd PointCloud23.pcd 0.4397 0.9579601341361341 0.223264985667095 -0.1801808191260985 2.011853550640314 -0.2453807290444843 0.9630141754705923 -0.11131934089048778 5.192758499644098 0.14866297191795047 0.15085239148839213 0.9773141136619052 -2.6256101861066403
3394309160089 PointCloud32.pcd PointCloud23.pcd 0.4397 0.9678023912835207 0.20709827472964776 -0.14306933993662857 1.2542887886400251 -0.21841805857634683 0.9734558995425546 -0.06838978968775679 4.998044006160381 0.12510828555151238 0.0974367294699459 0.9873469504872956 -1.7458617640493572
3394309160090 PointCloud32.pcd PointCloud23.pcd 0.4397 0.9473984509337068 0.31501658785972714 -0.056574946236189735 1.3854497139367403 -0.2993991100712236 0.9347708079071045 0.19121639462467288 5.77345442372539 0.11312094437800758 -0.16421962750510094 0.979916101452116 -2.874371681728254
3394309160091 PointCloud32.pcd PointCloud23.pcd 0.4397 0.9712579442197881 -0.23334373058110397 -0.04699690615821453 0.5715897189716266 0.23117633610396382 0.9717617110043114 -0.04729353710096319 -4.065161020533359 0.05670544431973021 0.03506965104568595 0.9977748303901214 -0.6922028716558533
3394309160093 PointCloud27.pcd PointCloud17.pcd 0.4275 0.9817610270265228 0.07527148193913495 0.17458376161176506 0.1564334980771669 -0.07052065513194138 0.9969554364481591 -0.033267024757591364 1.274228195724683 -0.17655628850762842 0.02034850714786931 0.9840801874061199 3.5403725714603276
3394309160094 PointCloud27.pcd PointCloud17.pcd 0.4275 0.9863832993912758 0.12535063387950987 -0.10646692100359666 -0.020813549038816603 -0.12463549910144182 0.9921124997022448 0.013370875001210659 1.694459266789682 0.10730321078940515 8.075003763455095e-05 0.994226339639881 -2.012524488497258
3394309160095 PointCloud27.pcd PointCloud17.pcd 0.4275 0.998836001225914 0.02824755753621545 0.039098825407727855 -0.2848205149183869 -0.0289961451256817 0.999404343499849 0.01871314408340148 0.6511926271392914 -0.0385469353240461 -0.01982507722239528 0.9990601083469651 0.20075509954461745
3394309160096 PointCloud27.pcd PointCloud17.pcd 0.4275 0.9962159923846279 0.07539274396654114 0.043239226106702104 -0.20341506836693313 -0.07025061905132718 0.991431389111879 -0.11013015575488429 1.7012245274696025 -0.05117174063891359 0.10667584000552956 0.9929761921209885 0.22499783234222248
3394309160097 PointCloud27.pcd PointCloud17.pcd 0.4275 0.9997458081181864 -0.013582947652659721 0.01799507385869011 0.007632337977508286 0.013729959584770057 0.9998731626377169 -0.008071359653153648 -0.21153902471666225 -0.017883158555333203 0.008316379615859385 0.999805496319244 -0.34483308082941866
3394309160098 PointCloud27.pcd PointCloud17.pcd 0.4275 0.8900937807827345 -0.4098704809085164 -0.19934705990237006 2.1200178885243233 0.44286282001507904 0.8811410056705821 0.16571979596332834 -8.366809116473837 0.1077292163722975 -0.23578956084962074 0.9658145261561113 -2.0336309928272396
3394309160099 PointCloud27.pcd PointCloud17.pcd 0.4275 0.990217131296158 -0.08623663213048778 -0.1096962905772043 -0.34732103959396454 0.1048697184422674 0.9785391463741592 0.1773794835012535 -2.4049164844388518 0.0920455052756357 -0.18714802241039796 0.9780098377145447 -1.401885244594681
3394309160100 PointCloud27.pcd PointCloud17.pcd 0.4275 0.9964990359480758 0.01765532127466622 0.08171879211811718 -0.3356598048528845 -0.012294040531762439 0.9977669275952001 -0.06565070269721525 0.2780482792986213 -0.08269539238651157 0.06441620780458192 0.9944908366848424 0.6386300527026438
3394309160101 PointCloud27.pcd PointCloud17.pcd 0.4275 0.999752698858977 -0.008288196429454293 -0.020636058832503988 -0.07587814341722776 0.012652900799314793 0.9751116475882946 0.2213530637669253 -1.0887584700173014 0.018287843655130143 -0.2215594289069833 0.9749753710924483 -1.147073896695583
3394309160102 PointCloud27.pcd PointCloud17.pcd 0.4275 0.9890549816214692 -0.09055496624513883 0.1164905207220611 -0.08040869350048041 0.10338035167337252 0.9886263848759417 -0.10922625149210356 -1.7224559741061223 -0.10527462285681675 0.12007359916096542 0.9871674551801669 1.2789263776644366
3394309160103 PointCloud27.pcd PointCloud17.pcd 0.4275 0.9976286947911742 -0.00234076454322071 -0.06878595896410261 0.8953192516122712 -0.0011029840260311688 0.9987494035342696 -0.04998412114040804 0.23372149637398737 0.06881693654541973 0.04994146334754185 0.9963784820454573 -1.6252743916363876
3394309160104 PointCloud27.pcd PointCloud17.pcd 0.4275 0.9804239999283613 0.13183341842724558 -0.14624886375715762 0.9127011666565998 -0.13673385949784936 0.9903186863865702 -0.023932218041809103 2.0744020675177834 0.1416779165265189 0.04346089252839948 0.9889582998232735 -2.378120789970283
3394309160105 PointCloud27.pcd PointCloud17.pcd 0.4275 0.927947326158354 -0.36863204162328267 -0.05499252462118752 1.1786769960350796 0.3619410447538004 0.926483215949159 -0.10308991554478886 -6.618799080486357 0.08895189710224842 0.07575795966863566 0.9931506892454722 -2.0948021778582344
3394309160106 PointCloud27.pcd PointCloud17.pcd 0.4275 0.897556101981731 0.36755942625064636 -0.2435017699517935 2.420546860295808 -0.41553148470640106 0.8898366388428526 -0.18847902108868447 7.901550552085037 0.14739955567454915 0.27035314747039735 0.9514108190680801 -2.6739901262769004
3394309160107 PointCloud27.pcd PointCloud17.pcd 0.4275 0.9176509359538948 0.3507166564522041 0.18685445306421647 0.9709321471936967 -0.36648056227535536 0.9286974642338393 0.05668348436693071 6.7924066114540835 -0.1536514146283081 -0.12049417750506997 0.9807509347281278 3.342030394330493
3394309160108 PointCloud27.pcd PointCloud17.pcd 0.4275 0.9998784949990035 -0.015573548264368797 -0.0006781098622523403 0.0800663046572474 0.01556913582622399 0.9998602627113531 -0.006087451060069072 -0.16942893347002014 0.0007728183179097531 0.0060761538197714425 0.9999812413773601 -0.5775797154737503
3394309160109 PointCloud27.pcd PointCloud17.pcd 0.4275 0.9952356838526875 0.09747054062955784 0.002329655694582792 0.194760423931843 -0.09741074722249732 0.9950701239938284 -0.018617052947814204 1.8100899223471723 -0.004132784996623982 0.018301421919859104 0.9998239735292823 0.12243765214984537
3394309160110 PointCloud27.pcd PointCloud17.pcd 0.4275 0.9863409858869324 0.16282003388765445 -0.02492180018412405 0.749194812786282 -0.15503593847665717 0.9687905477288565 0.19341337185387278 2.4378032571598705 0.05563557621033973 -0.18690776119799132 0.9808007807213951 -1.8404061715519355
3394309160111 PointCloud27.pcd PointCloud17.pcd 0.4275 0.948144686771941 -0.23015520315338742 -0.21920363912937446 0.5386726597184861 0.24674004525046625 0.9677296643575006 0.05117271531116075 -4.602068630269134 0.20035219743226157 -0.10260545396781895 0.974336244732855 -4.091636780886148
3394309160112 PointCloud27.pcd PointCloud17.pcd 0.4275 0.9692967225548381 0.24147756047296343 -0.046394519422833 0.9907368498614311 -0.24174376226343464 0.9703401137087476 -0.00013089849086417565 4.442383932673998 0.044986854203971 0.011342465151861662 0.9989231859523081 -1.6221707367064704
3394309160113 PointCloud27.pcd PointCloud17.pcd 0.4275 0.9989935606044241 -0.04483187403148251 -0.001403189837557355 0.12501378510924255 0.044834987961247665 0.9989918215693129 0.002272507896830696 -1.058829974668071 0.0012998943840627072 -0.002333132754830797 0.999996433376709 -0.8840876358815013
3394309160114 PointCloud27.pcd PointCloud17.pcd 0.4275 0.8890590810316537 -0.37344085728514864 -0.26479402664200163 2.667805094532685 0.37733088970382866 0.9252966898984549 -0.03804517496713512 -6.084250724880625 0.2592206591120178 -0.06609055736711617 0.9635541957339168 -4.373436361045119
3394309160115 PointCloud27.pcd PointCloud17.pcd 0.4275 0.9961339728990484 0.010708777416392961 -0.08719191546585159 0.341476854116447 -0.002565924129820955 0.995665471983203 0.09297141460591846 0.001162484392406113 0.08780958985052861 -0.09238825675761903 0.9918436801954077 -0.7491204268373868
3394309160116 PointCloud27.pcd PointCloud17.pcd 0.4275 0.999780229996985 0.02076056202390198 0.00291389286477839 -0.3161957759360092 -0.020791283015855096 0.999723965067198 0.010941490797623502 0.06799887259514009 -0.0026859370302192535 -0.010999669757387408 0.9999358944489881 0.1476719118579064
3394309160117 PointCloud27.pcd PointCloud17.pcd 0.4275 0.9797579181536005 0.17401852363804132 0.09895440993790715 0.33925840895078707 -0.19470767915756848 0.9432307490210986 0.26908116578120217 2.99232042849281 -0.046511734996625156 -0.282901586301551 0.9580205378673622 1.429660758253579
3394309160118 PointCloud27.pcd PointCloud17.pcd 0.4275 0.9524704432752678 -0.1435266955040903 -0.26870084176401643 1.1178315843957307 0.19983173414242766 0.9601297459332366 0.19549462653435912 -4.0200077613945755 0.2299289731996491 -0.23989780876834743 0.9431763931691147 -4.117279266828081
3394309160119 PointCloud27.pcd PointCloud17.pcd 0.4275 0.9344956024664761 0.35023133711650023 0.06368657215148327 1.2995993459335224 -0.34935496144312717 0.9366627948183096 -0.024777403379375493 6.209591858635209 -0.06833066577963981 0.000905154540138035 0.9976623180261794 0.8372768183892124
3394309160120 PointCloud27.pcd PointCloud17.pcd 0.4275 0.8834420010337001 0.4522295375832223 -0.12255070847137996 2.708354395220404 -0.4371913384444887 0.8897019531141762 0.13150729338685715 7.399229167242 0.1685050871596723 -0.062600958156288 0.98371091060292 -3.429187026695417
3394309160121 PointCloud27.pcd PointCloud17.pcd 0.4275 0.9340340752517291 0.17208759175722035 -0.31299553835773386 1.9591798698786853 -0.09873638757983447 0.9665372126599874 0.2367634733466018 0.9896300472876303 0.34326589116358774 -0.19024110309463244 0.9197699987806763 -6.1289345151579795
3394309160122 PointCloud27.pcd PointCloud17.pcd 0.4275 0.980757988556777 -0.19277435817062472 0.030851494517587355 -0.10675790060030366 0.19179445122167899 0.9809100015038403 0.03210073878139148 -3.4505805821111313 -0.036450738849027955 -0.02556591053805473 0.9990083722650778 0.6322954251121169
3394309160124 PointCloud34.pcd PointCloud24.pcd 0.4215 0.9714762151358437 0.22836697626478852 -0.0638943469879266 1.4341597424979824 -0.22613207219680448 0.9732602952495476 0.040356952495731645 5.444196661762565 0.07140202622695845 -0.024757258378928924 0.9971403255350993 -1.4731457240625652
3394309160125 PointCloud34.pcd PointCloud24.pcd 0.4215 0.9908186440300567 -0.03824918710475011 -0.12967426239723004 0.2905087987376831 0.03063978304184998 0.997717360212231 -0.06017701244067963 -0.666644224787919 0.13167998457468097 0.05565131460229098 0.989728908765147 -2.891145661658844
3394309160126 PointCloud34.pcd PointCloud24.pcd 0.4215 0.9167162721098605 -0.30779550848513304 0.25474144029854745 0.8063709795609206 0.30448635325426865 0.9510210405518059 0.053357671516634175 -8.00951526425904 -0.25868772126043543 0.02865144645805333 0.9655359949193735 6.1994272105012325
3394309160127 PointCloud34.pcd PointCloud24.pcd 0.4215 0.9142548449458189 -0.3887314543655933 0.11413121781488016 1.7544591080274081 0.40167961877017333 0.9064741922418755 -0.13022297287379003 -9.555325376487614 -0.05283523784128542 0.1649011679347671 0.9848939244690287 1.644100422497702
3394309160128 PointCloud34.pcd PointCloud24.pcd 0.4215 0.9372263265195718 -0.33721427852028557 -0.08884448908442392 1.6552993847604611 0.34701132337764456 0.9270560317284499 0.14195159556551445 -8.529643189466375 0.0344957146081193 -0.1638708161874557 0.9858784921458285 -0.7754499523615175
3394309160129 PointCloud34.pcd PointCloud24.pcd 0.4215 0.999999972613803 -0.00022941225826833263 -4.6286161895915155e-05 0.06684255654649363 0.00022942091968310748 0.9999999561594016 0.00018720907122358527 0.06870061194385033 4.62432118109044e-05 -0.00018721968511047153 0.9999999814051772 -0.10653016880288058
3394309160130 PointCloud34.pcd PointCloud24.pcd 0.4215 0.9892593585710252 0.13673365212334965 -0.05167039632763265 0.18200695080813745 -0.10551364008537671 0.9126282484384308 0.3949386685399842 2.1656531210918657 0.101157269810812 -0.38524484231357686 0.9172533010217025 -2.734667938910607
3394309160131 PointCloud34.pcd PointCloud24.pcd 0.4215 0.8810695718778779 -0.4680402690774476 -0.06822547935224348 2.398632957360359 0.46846267319617757 0.8834189496494185 -0.010662233453161703 -11.13644114833393 0.06526203592307138 -0.02256692097360343 0.997612951371897 -1.5294407687952645
3394309160132 PointCloud34.pcd PointCloud24.pcd 0.4215 0.9072126111940321 0.42061087544962744 0.007195105558907056 2.5415112220946483 -0.4172870499015949 0.8976146513105782 0.1419839981723751 9.546035982489332 0.053261581603719826 -0.13181209810213598 0.9898428030343924 -1.3698563483003794
3394309160133 PointCloud34.pcd PointCloud24.pcd 0.4215 0.9497442149439541 0.2482836537082353 0.19063355812076085 0.9363985154364336 -0.18077572227715394 0.9322205795054265 -0.31350427330698416 4.4174969403294035 -0.25555051245432026 0.26328695077397213 0.9302547592656961 6.467296666909735
3394309160134 PointCloud34.pcd PointCloud24.pcd 0.4215 0.9776779139885516 0.20989784888385993 -0.009422819796789978 -0.07182007574465388 -0.20853758971846936 0.9748634813306661 0.07844275901742305 4.662294445570007 0.025650929289322298 -0.07472674087488675 0.9968740863443145 -0.6605836886240875
3394309160135 PointCloud34.pcd PointCloud24.pcd 0.4215 0.9992112076607601 -0.008190574241011666 0.038857135493085095 -0.056704912008203934 0.01162739546519516 0.9959580732302781 -0.08906357303706139 0.10446054381898366 -0.03797059598981107 0.0894451276539672 0.9952677041776972 1.6710602253825417
3394309160136 PointCloud34.pcd PointCloud24.pcd 0.4215 0.9686513946802429 -0.24807924851811422 0.013082891068411038 0.5152114522769189 0.24817248733106587 0.9686970434282651 -0.006037763265456122 -6.140396204429234 -0.011175514123839199 0.009095301425762163 0.9998961862993789 1.1512601855085238
3394309160137 PointCloud34.pcd PointCloud24.pcd 0.4215 0.9822505622830502 0.18349931970516659 0.03888229111527013 0.4967594613364952 -0.17838096356532435 0.977920501471438 -0.10886562652810672 4.231247184704139 -0.05800055803298774 0.09999746231576004 0.9932957479010317 1.9251788446847522
3394309160138 PointCloud34.pcd PointCloud24.pcd 0.4215 0.9273160239580995 0.24220025774530213 0.2853489562950087 1.3040038497721618 -0.2654296962954998 0.9630729156197794 0.04514017638530221 5.797451909194526 -0.2638788889529064 -0.11759929569400773 0.9573600877502954 5.760607550257749
3394309160139 PointCloud34.pcd PointCloud24.pcd 0.4215 0.9972695250965865 -0.07285070916446844 0.012094150977346995 -0.054068692997297774 0.07353299805892492 0.9947163261465597 -0.07164027284954469 -1.584983815995865 -0.006811204746223083 0.07233398006279693 0.997357209237583 0.34752174372251976
