id source target overlap t1 t2 t3 t4 t5 t6 t7 t8 t9 t10 t11 t12
3394309160030 PointCloud33.pcd PointCloud17.pcd 0.13009946587037893 0.052489537707470085 0.12520001477504833 0.9907420475237656 -14.357822367172814 -0.7899905226539594 -0.6016788444649359 0.11788783754172028 0.26747803120711355 0.610868089318946 -0.788864706032452 0.06732498071409462 1.5248051584273543
3394309160061 PointCloud4.pcd PointCloud19.pcd 0.12568981571596163 0.8393028792323661 0.5106291536366758 0.18662407231799605 -6.026691075164896 -0.519680179469896 0.6526943343603626 0.5512917711702398 8.188844202524105 0.15969717586230886 -0.5596856022359119 0.8131720842917738 -8.85799418755737
3394309160092 PointCloud23.pcd PointCloud2.pcd 0.1112552691224131 -0.9530678055332908 -0.29553667530667266 -0.0657254258612002 -4.542089529641913 0.2793861046118246 -0.9421594787946896 0.18514567525910422 -6.539984641975297 -0.1166411702864319 0.1580936117178597 0.9805107074011046 12.025027587993067
3394309160123 PointCloud26.pcd PointCloud7.pcd 0.1460900774996824 0.44799092318118316 -0.48044832821409067 0.7539718407630067 0.9611815956037943 -0.6582025057688087 -0.7479661559696872 -0.08553415062763639 -1.4528694736681416 0.6050401591191552 -0.45794763176613906 -0.6513143422440905 -14.402887529464206
3394309160154 PointCloud30.pcd PointCloud15.pcd 0.1638592515826948 0.8746009357711843 0.17065256928833467 0.45381813950464683 -0.30540397564881644 -0.4021529231041345 0.7781738834133256 0.48240898997865295 -4.580669767696652 -0.2708250903940938 -0.6044196454192353 0.7492200362005256 -9.663415346773071
3394309160185 PointCloud18.pcd PointCloud32.pcd 0.11026390477400771 0.8415584773128552 0.2485230312951135 -0.479599449727329 10.841808580032797 0.3728522672434134 -0.9096953033556575 0.1828541546263156 -0.38119973061069046 -0.39084589811627163 -0.3327022061371796 -0.8582241699912317 -8.489671878793011
3394309160216 PointCloud19.pcd PointCloud31.pcd 0.13365502775541335 0.948622164373733 -0.159170808845766 -0.2734604959958181 -2.7048410534675558 0.316199321634127 0.5085016717277078 0.8009020157598834 7.83863930218907 0.011574897710656534 -0.8462214269690358 0.5327056582029861 -4.757438157696643
3394309160247 PointCloud35.pcd PointCloud18.pcd 0.13937958346331378 -0.1837607110604988 -0.13030514776590107 0.9742959352969951 0.651826225781689 0.7030247464980427 0.675325410567457 0.22291656657426417 -12.911242955719151 -0.6870139786655747 0.7259174597070952 -0.03249053416758657 -5.891127672845155
3394309160278 PointCloud18.pcd PointCloud31.pcd 0.11673973821324184 -0.9479771389268918 0.24366136360628304 0.2048621096189114 2.672874183133369 -0.29116802386438273 -0.9238149225267549 -0.24857025323999626 -4.446946472511804 0.12868770706984564 -0.2952882131112117 0.9467018248882236 -13.736576421428952
3394309160309 PointCloud19.pcd PointCloud32.pcd 0.11751557269375822 0.5684924479047881 0.8123489227801873 0.13002139951981245 -7.32637112178544 -0.6936533034540954 0.5582787133978111 -0.45515928286052243 -3.651345520796954 -0.44233633276325174 0.16856484160332363 0.8808657462365103 3.2709589005261064
3394309160340 PointCloud7.pcd PointCloud18.pcd 0.19500734833200764 -0.7707931573529525 0.5576922703923919 0.3079890259773001 0.2864692382319858 0.08155570008533461 -0.39308121464498746 0.9158798100606937 -0.22130333975739466 0.6318437911077845 0.7310721511846834 0.2575013269883122 7.556855967442138
3394309160371 PointCloud25.pcd PointCloud34.pcd 0.17166618417243468 0.9266316387321709 -0.12063354609511287 -0.35609177701408606 -2.260540057318931 0.375970084072619 0.29870221153444826 0.8771678771517213 -5.404264265510011 0.000549529761804668 -0.9466913627898734 0.32214152423444714 11.038320805704904
3394309160402 PointCloud21.pcd PointCloud4.pcd 0.2310306954761 0.9032985174943351 -0.19865835167422713 0.38024550964161985 -3.2127818658908414 -0.23787326363199418 0.5056836776515972 0.8292769914846421 -6.645271056325069 -0.35702674793578126 -0.8395349173601028 0.4095278058832702 -4.5576938398816305
3394309160433 PointCloud26.pcd PointCloud33.pcd 0.22330919408800237 0.761503742343212 0.41066857825755454 -0.5014612340243277 -6.44366817991976 -0.0605988710998209 0.8153884969275428 0.5757337717206362 -4.781796148959183 0.6453214913659006 -0.4080354370764397 0.6458074441125068 -4.196602450598302
3394309160464 PointCloud2.pcd PointCloud14.pcd 0.1970615012714658 0.9257583317197553 -0.3470855031104818 0.1500105489023989 0.8880929907722315 0.17981425014390684 0.05511871001607649 -0.9821551625132091 11.191484163255016 0.3326234307691504 0.9362123591027344 0.11343752450865985 -4.705673844652006
3394309160495 PointCloud34.pcd PointCloud19.pcd 0.19582988982528912 -0.8729515844572385 -0.4104303845628495 0.2636331364248205 -3.442347277237068 0.48243878539713914 -0.8063569856829701 0.34211289070248024 -2.7561552924184314 0.07216889591873842 0.425834840129205 0.9019181445086935 1.470871137932498
3394309160526 PointCloud22.pcd PointCloud7.pcd 0.22652660607432124 0.17627409015285334 0.7105154922586703 0.6812453158746876 1.8098599862850904 -0.6621429207158374 0.5976873227650539 -0.4520360790377715 2.03851077328084 -0.728350326207577 -0.3713995146286024 0.5758195922743117 -8.04980277758205
3394309160557 PointCloud28.pcd PointCloud34.pcd 0.22824624202502955 0.11399059851074866 -0.9778464732605945 -0.17556314585635102 -0.9910558518012064 0.9575174688756016 0.1552521320105027 -0.24301660911191714 -2.1030855434759004 0.264889486860506 -0.14040317032749122 0.9540023634733652 3.9224384755471924
3394309160588 PointCloud32.pcd PointCloud17.pcd 0.171406814950504 0.6702951647877096 0.6489031506605241 0.3600404048507092 -4.380258596301291 -0.7400624701697531 0.6203954384751746 0.25964791577333945 2.530330392336277 -0.054881074228376736 -0.4404931338648097 0.8960769312450234 -3.145975877402092
3394309160619 PointCloud16.pcd PointCloud27.pcd 0.17186102037683107 -0.6140295892157122 -0.14297280450760264 0.7762257666032575 2.29051279955507 0.4606257561157471 0.7336953042327483 0.4995148780062626 2.963064079698447 -0.6409302429831036 0.6642664960074729 -0.38465367008722806 14.240974706944165
3394309160650 PointCloud33.pcd PointCloud21.pcd 0.2561193590444547 0.677878836617376 0.5711351805136026 0.46290915787653997 3.544186247900068 -0.5040997336777181 0.8194265542562997 -0.2728068560093408 6.421637184703982 -0.5351296491247018 -0.04842238902968461 0.8433810116835281 -7.030467353351464
3394309160681 PointCloud26.pcd PointCloud11.pcd 0.28804048617287087 0.0364864989470286 -0.9412607856677007 -0.33570354296434124 -0.5328659406847677 0.6574398162893105 0.27560382333020683 -0.7012955300893124 -6.826650799311666 0.7526231615835818 -0.19511705699398757 0.6288781366194398 -0.6076502169907341
3394309160712 PointCloud5.pcd PointCloud14.pcd 0.2519465840589417 0.9627921928984513 -0.20443988285492942 -0.17673575640501915 -1.0354888434868008 -0.13445138820865543 0.20493150416721823 -0.9694977580214029 0.35827182989184986 0.23442273247822398 0.9571872402503202 0.16981922623607398 7.49118559866793
3394309160743 PointCloud31.pcd PointCloud20.pcd 0.28687871342907867 0.8663856025371302 0.29849265966109617 0.4003474988617006 3.9793702544344476 -0.0739591513793815 -0.7161573071394833 0.6940091896783254 9.350628910841476 0.49386843556114834 -0.6308889312384305 -0.5983921162559005 -4.852187396269492
3394309160774 PointCloud27.pcd PointCloud32.pcd 0.2893882301670396 0.06167634743536364 0.4623756446534408 -0.8845364839272305 0.9495320956736188 0.936405533573329 -0.3335423952873871 -0.10906029176194942 -11.212869853548526 -0.3454572402776955 -0.8215584177508424 -0.45354278889918537 -5.743367595502467
3394309160805 PointCloud24.pcd PointCloud10.pcd 0.3013001605987205 0.01300703111612117 0.0026730414121610147 -0.9999118321087878 -6.247654581896632 -0.9863564343601767 0.16415671204708654 -0.012391863708414441 -2.375024886815048 0.16410911473109058 0.9864306507502179 0.004771763057712819 13.382202742866212
3394309160836 PointCloud18.pcd PointCloud1.pcd 0.292873935697039 -0.6498463325993579 0.7521903776774601 -0.10913010463022993 -4.0670578281966705 -0.08442843897848878 -0.21412859012947813 -0.9731499296515504 -10.80789123887859 -0.755361888566547 -0.6231842284738935 0.20265693840226032 -0.8841594373234825
3394309160867 PointCloud23.pcd PointCloud28.pcd 0.29906903344701224 0.5079619258350427 0.5640408903493774 -0.6510242360433567 4.6441029726065235 -0.8536362077231521 0.22851638893842474 -0.46806568433348994 -0.6742131197017167 -0.11523847780142771 0.79349740642325 0.5975633516486647 3.338452532957938
3394309160898 PointCloud24.pcd PointCloud29.pcd 0.2996252696521421 0.5036589333859545 0.8635086053023416 -0.02608768654609448 12.689311586179047 -0.8611972495422512 0.5042406791301434 0.06387984730126525 3.183618981754194 0.06831527063097911 -0.009707011856195942 0.9976165584629395 -6.607365303880831
3394309160929 PointCloud14.pcd PointCloud20.pcd 0.2916653437053501 0.5374326316882454 -0.788623735955545 -0.2987285883275416 2.0939396604980822 -0.8219089295429016 -0.5691224617111972 0.02377677676701888 2.206714079487826 -0.18876408009546874 0.23274927854518895 -0.9540418729816873 4.800658798169049
3394309160960 PointCloud29.pcd PointCloud33.pcd 0.3113325097730931 0.8491180627090019 -0.5263890809084248 -0.04373843940626543 6.028736476454894 0.21861460377629344 0.4256099628966412 -0.8781023940855953 8.43845077632739 0.4808390277390616 0.736050742125503 0.4764694475194087 -4.79269541672387
3394309160991 PointCloud9.pcd PointCloud14.pcd 0.3672561942543451 0.8282868182793124 -0.5042753708447792 0.2442279611840015 -7.579560711193228 -0.07561788456607024 -0.5325029480519685 -0.8430436203718734 9.592924749665286 0.5551782436285542 0.6798139162118728 -0.47919740934837174 7.098447772189647
3394309161022 PointCloud14.pcd PointCloud19.pcd 0.33208445785045243 -0.19259899454365 0.9130688694923015 0.35945913100772037 -0.005765608747404124 -0.26455606307344276 -0.4010693180631567 0.8770139631724428 -0.0031143011234720077 0.9449421764276666 0.07381491497255077 0.31880345282907374 -6.422107608924098
3394309161053 PointCloud5.pcd PointCloud12.pcd 0.30335838077695915 -0.7341108213255054 -0.19668247963929086 -0.649920998441912 0.6203576146298693 0.6356311320196757 -0.535734578568569 -0.5558430761764901 1.8883855369452758 -0.238860557690418 -0.821160437143009 0.518306058667005 4.864539601871429
3394309161084 PointCloud35.pcd PointCloud24.pcd 0.31061010622267105 -0.2895635939672672 0.9064904019041071 -0.3072915168117887 -3.632879043254985 0.5451318466960364 0.420075176647211 0.7255123125644275 11.734822404634143 0.7867554860098076 0.04256756066002243 -0.6157952646886191 -5.020228415145506
3394309161115 PointCloud2.pcd PointCloud9.pcd 0.3102899779194006 -0.43098258393752026 -0.8995019805491388 0.07176488926149856 -5.050607045309193 0.8991866831583278 -0.4347706880028785 -0.049373653745987935 -3.1563368683176236 0.07561296961013565 0.043250847872389274 0.9961987969201007 4.031921817063571
3394309161146 PointCloud32.pcd PointCloud35.pcd 0.3605618952783118 -0.41001366347068213 0.5813839690743977 -0.7027670142164117 -1.9067381736734117 -0.6455186750612972 -0.72931355687634 -0.22673194724936585 -0.40419925005214874 -0.6443558302013399 0.36068603557620793 0.6743227326924852 -3.8023424455302
3394309161177 PointCloud3.pcd PointCloud10.pcd 0.3151552886024026 -0.36447891202898064 -0.07253146793426496 0.9283826306246099 -1.8706522227911346 0.8386866479424544 -0.45881363812016596 0.293419072382806 -3.089541176673558 0.40467249628461227 0.8855671807571899 0.22805906935823092 -3.817374341473462
3394309161208 PointCloud18.pcd PointCloud23.pcd 0.32803829372643706 0.6188610900641195 -0.4150886404370625 -0.6668675818967068 4.5132580075770345 0.6036030331481378 0.7945845203845091 0.0655653745485211 -1.7627367439217063 0.5026672155402797 -0.44309915430457647 0.7422862048263805 -10.376719496337067
3394309161239 PointCloud35.pcd PointCloud25.pcd 0.3222369680274519 0.03705942582579913 0.8131694441403945 -0.5808459813701595 3.808524720275425 -0.9243619084580839 0.24875237048095888 0.2892703240428105 8.080917112016557 0.37971260335837015 0.5261917077420599 0.7608814793082452 -4.9682687607271205
3394309161270 PointCloud5.pcd PointCloud10.pcd 0.39517226222371066 -0.5618772122405583 0.6398991429302665 0.5242357153436698 0.7887671395066403 0.7519495659403448 0.13096585985538028 0.6460803307905821 0.3948401270995886 0.3447692687101125 0.7572166337511687 -0.5547586150062412 6.953298566332938
3394309161301 PointCloud33.pcd PointCloud23.pcd 0.38809038146107583 0.8752661080088695 -0.45015977667615115 0.17682029191776424 3.4925207983370816 -0.09937305696321894 0.1904118593837027 0.9766618244591245 -0.5286224384184693 -0.4733225493474724 -0.8724101668761768 0.12192729395131657 5.408963767286772
3394309161332 PointCloud32.pcd PointCloud22.pcd 0.40475949582785303 0.43500333070686426 -0.719710258724852 0.5411000330439292 -4.240766190265693 0.02988876998698653 0.6121461867108562 0.7901795413221115 -1.9381198793841057 -0.8999326439809813 -0.32755791790394 0.28779688447903007 4.282553534534754
3394309161363 PointCloud22.pcd PointCloud13.pcd 0.3906837953192676 0.3449023399445563 -0.8561356981924033 0.3848039009435529 -4.285837786150054 0.7354914370033112 0.501209519265098 0.45589622052924883 -1.7736481456997557 -0.583176407269339 0.12578030083703617 0.8025488109303824 -3.820903036511278
3394309161394 PointCloud29.pcd PointCloud22.pcd 0.40729332114036354 -0.3464168568503251 -0.25638659087656424 0.9023642708510987 -2.5056367534259167 0.92788774039915 0.04776722493062466 0.36978728133805133 -0.1910560568963967 -0.13791193750687947 0.9653932920013069 0.22135060255616698 14.677676701738525
3394309161425 PointCloud24.pcd PointCloud13.pcd 0.41631110569303914 -0.7936332329414597 -0.20463723839913664 0.5729484202188372 -4.364036090657929 -0.5657486555041643 -0.09814876012181005 -0.8187156280918189 0.7696175151752533 0.22377388222515315 -0.9739047291942502 -0.037879124685728835 -0.8342615220557513
3394309161456 PointCloud8.pcd PointCloud13.pcd 0.3771372331403323 -0.5864566487948004 -0.051586938946122686 0.8083361842788813 -4.164069265929285 0.11560888172039713 0.9824210643424791 0.14657229889563203 4.535779027966832 -0.8016877107401185 0.1794091415350965 -0.5701834567767714 -9.653917191490157
3394309161487 PointCloud18.pcd PointCloud3.pcd 0.3820794679544203 0.031216006046580078 -0.28920585820639755 -0.9567578233521801 -5.629849971982022 -0.9001298935702201 -0.42425255749302204 0.09887336426912263 -2.1612067224134943 -0.43450170962582474 0.8581198861696024 -0.273566308767188 1.3344598134212575
3394309161518 PointCloud28.pcd PointCloud21.pcd 0.4361811673558785 -0.446973968778919 -0.8621144246437161 -0.23869015491900003 10.880667996607333 0.8943862165226889 -0.42563293048030376 -0.1375132873033686 -1.8875182637443775 0.016957798449437997 -0.27494604436504133 0.9613100986465111 5.533505111484559
3394309161549 PointCloud13.pcd PointCloud17.pcd 0.4127727660291161 0.8078596191560308 -0.008941710009824633 0.5893071198951978 1.9817668097906678 0.5213993095230265 0.4770167009725414 -0.7075293824444213 -8.376427506161814 -0.2747828156307888 0.8788487428536114 0.39002473180382125 -1.3909338260795083
3394309161580 PointCloud35.pcd PointCloud28.pcd 0.4490379683922784 0.48125857663513383 -0.6014309683812313 -0.6377075918374654 -13.616965396534134 0.8686077195786652 0.2293096426351452 0.4392467612662533 0.7522540373307001 -0.11794410499671404 -0.7653090082225326 0.6327648141529109 2.132526748154514
3394309161611 PointCloud8.pcd PointCloud12.pcd 0.4604382833031442 0.23594103315131737 0.211262107762706 0.9485252504278143 9.644673397291893 -0.9691601485263499 0.1226085610966074 0.2137656362800225 -3.419576243064279 -0.07113673723099995 -0.969708957661771 0.23367520631562388 8.531372975854742
3394309161642 PointCloud16.pcd PointCloud3.pcd 0.4947827053697635 0.6136853496192751 0.23061380811442503 -0.7551208930824462 1.3731862336731395 0.2406255394578101 0.8562682878672526 0.4570601371302487 4.686265837072234 0.751990453013405 -0.4621924823056374 0.4699877316237596 7.753583567110438
3394309161673 PointCloud23.pcd PointCloud16.pcd 0.5023618377851681 0.7093090693555094 0.6938994040304239 0.12403330688264055 -8.836078694203813 -0.6561943889190781 0.585728579181658 0.47574253066228345 -1.8990056632350103 0.25746760588691264 -0.418838451692366 0.8707954887933234 10.579107180942033
3394309161704 PointCloud9.pcd PointCloud13.pcd 0.4420561289268912 0.7433511641123635 0.364568320564641 -0.5608199233742246 -0.31590957071951403 -0.5602184651412 0.7974350749142076 -0.22417085584752114 6.3382479091226145 0.36549188517343595 0.4808193433476331 0.7970121962273342 0.49345235872690657
3394309161735 PointCloud24.pcd PointCloud14.pcd 0.47434395687685843 -0.743745726845938 -0.6657942303818952 -0.05966855611280618 3.2278728358720015 0.6539870733294731 -0.7432108785043725 0.14120374637632352 -1.426852391031233 -0.13835895965335077 0.06599721860001867 0.9881807352001474 7.725432334515896
3394309161766 PointCloud27.pcd PointCloud18.pcd 0.44346005240248937 0.5877862000403697 0.7726894730603535 0.23970473767494804 2.8885063713142194 -0.8046768866844856 0.5890289603956798 0.07443112152150053 0.13460473205567647 -0.08368088836685439 -0.2366344481196643 0.967988453900787 -10.916828472979958
3394309161797 PointCloud5.pcd PointCloud9.pcd 0.4599171131949096 -0.24292363032127828 0.8512718048285368 0.4651068953858858 7.87385914914371 0.9076906975743118 0.030346534898723625 0.41854113938381327 -7.661105559515749 0.342177888485786 0.5238467353373569 -0.780063388775427 0.8083655571266588
3394309161828 PointCloud30.pcd PointCloud25.pcd 0.4755279676534234 -0.015808198587465738 -0.8933718498829156 0.4490399076854934 -3.227867438672408 0.9617571855235457 0.10923336447111781 0.2511795934787454 -6.891816072804342 -0.2734469179772321 0.4358380546981838 0.8574800132514202 -1.2010472631468765
3394309161859 PointCloud34.pcd PointCloud30.pcd 0.4916487253317612 0.5107846268320839 -0.6944237815465384 -0.5068280542892375 1.4645532214067118 0.8134041095906157 0.1994929191874545 0.5464213847344971 -0.8172482359582411 -0.27833939622896775 -0.6913596653093622 0.6667450739902173 -4.704180984208485
3394309161890 PointCloud33.pcd PointCloud29.pcd 0.5688795895192833 0.7989691892634557 0.3439979417961725 0.4932683353385795 -7.276111897050514 -0.6012833536385991 0.4428806151519273 0.6650677329112951 -4.586701539407936 0.010322947486814865 -0.8279626662855322 0.5606882021164141 -4.615988714562127
3394309161921 PointCloud12.pcd PointCloud0.pcd 0.5590550766737183 0.46484986098226255 0.8704446735055915 -0.16198974384360026 -4.328481698164008 0.06536410280554805 -0.2161978678421972 -0.9741591327934638 1.7925962178977812 -0.8829734655181869 0.4422494231836056 -0.15739538393666808 -8.877435153758345
3394309161952 PointCloud18.pcd PointCloud6.pcd 0.5154932858897785 0.3541372876524833 -0.09335501001714966 -0.9305222316521191 -3.2972929498647185 0.5931362262945343 0.791696529961574 0.14630796801227677 -1.9103235054470502 0.7230326400317078 -0.6037395519191204 0.3357415001117354 -4.185271499112223
3394309161983 PointCloud33.pcd PointCloud35.pcd 0.5253133280060562 0.7440542893008336 -0.4655845944402488 -0.47918075920568853 1.6463575684913934 0.41930006257948693 -0.23298053925288648 0.8774437451200345 -3.6327490664323583 -0.5201640818951933 -0.8537863044985805 0.02186948003010991 -4.542603177898742
3394309162014 PointCloud21.pcd PointCloud14.pcd 0.5546839620431725 -0.4391239626219944 -0.6187621595982404 0.6513858574612127 -1.833522127568861 -0.8683303478419508 0.106213908395947 -0.48448014683775675 0.7377757651693201 0.23059174414500228 -0.7783649500797035 -0.5839310336157746 -6.552038213671879
3394309162045 PointCloud27.pcd PointCloud20.pcd 0.5232595836499981 0.9781155213595928 -0.2079222811300944 -0.007638840560594107 0.5363564226057181 0.13982730837454385 0.6297068201744067 0.7641450415062364 3.887468412152039 -0.15407255014499632 -0.7484902441819102 0.6449992276400975 12.662925127954212
3394309162076 PointCloud27.pcd PointCloud22.pcd 0.5650540234588832 -0.9498522513605974 -0.0153862421666274 0.3123202909469623 8.92918762438856 0.27848249280139137 -0.4959051725706527 0.8225117391385942 1.3795159741448748 0.14222588297608946 0.8682403603666796 0.47532144370100815 -8.558222561749451
3394309162107 PointCloud24.pcd PointCloud15.pcd 0.5102481064721814 0.4853296512790184 -0.16896625473361365 0.8578493657692371 0.38124782706960303 0.8731079486538182 0.1455428394605659 -0.46529538132166925 -0.7159885001122791 -0.046234614596729284 0.9748167451593411 0.21816203558373848 -6.791586474788501
3394309162138 PointCloud26.pcd PointCloud28.pcd 0.5612903908863761 -0.001874755210945822 0.9815589067485151 0.19115072031137903 -10.255226294388107 -0.9540040596286585 -0.059060407848396335 0.2939185642942962 1.9075121236695336 0.29978782414390726 -0.1818075378179934 0.9365219056101255 -6.771509965257222
3394309162169 PointCloud25.pcd PointCloud15.pcd 0.5310945600968497 -0.40182132488962785 -0.6738455942341972 0.6200578505229212 -1.7045589173483457 0.2327307637943142 -0.7300427067346369 -0.6425527510852937 3.771310958919083 0.8856500519097025 -0.11388486060370784 0.4501713274716803 2.4808199300855875
3394309162200 PointCloud17.pcd PointCloud8.pcd 0.6164847196050152 -0.9585906336144162 0.10243698624862083 0.265726665946441 0.4281061571885548 -0.2692111936811348 -0.6302980688251635 -0.728182448038984 1.6832239664896087 0.09289418896513463 -0.7695654671849361 0.6317750085061457 5.11475979766611
3394309162231 PointCloud1.pcd PointCloud4.pcd 0.5997800729231886 0.6504971954356208 -0.29260033811485786 -0.7008840423818068 1.1186602738351925 0.16641402733878088 0.9552979291710915 -0.2443608766278097 0.4810359509205027 0.7410531493997439 0.042319128730338676 0.6701114243976338 -12.369822398030827
3394309162262 PointCloud26.pcd PointCloud19.pcd 0.614677296404523 0.4071057013524952 0.4837584196421463 -0.7747533409748074 -11.499801962043556 -0.8574965389529419 0.4945706596315922 -0.14177287580950665 -3.331879147949896 0.31458644854796114 0.7220648544673152 0.6161637057901708 4.947220650099566
3394309162293 PointCloud12.pcd PointCloud1.pcd 0.5816993464052288 -0.5673447511226397 0.058917336673146026 -0.8213700023819553 -8.969699738586174 -0.821663616068231 -0.10672122220814015 0.5598923849813281 -8.810078058518778 -0.05467024239262963 0.9925418520998216 0.10895795715314771 -4.572075313170616
3394309162324 PointCloud19.pcd PointCloud21.pcd 0.6129126234162464 -0.37092107894790544 -0.9262464248697212 -0.06697099079587734 4.151777282522951 0.8528975788505994 -0.3683022998821684 0.37002585841031566 1.7200833738933523 -0.36740069839741374 0.08013099473714963 0.9266044196416978 -1.5813548727021698
3394309162355 PointCloud14.pcd PointCloud4.pcd 0.602714716621686 0.05212765759914684 0.8428118979806865 -0.5356778994278363 -9.60520101851812 -0.9495087754568197 0.208008620991447 0.2348733678468617 6.598813723023176 0.30937969009570876 0.49638746782672655 0.8111002953647924 -1.1695477687505156
3394309162386 PointCloud17.pcd PointCloud19.pcd 0.5808655556842227 -0.2962858730928835 0.9549332194732348 -0.017810888581727913 2.6431275750301855 -0.9157075657908628 -0.28931694106278744 -0.27888234359214015 7.501814834223862 -0.27146700602275886 -0.06631933323364042 0.9601600963800179 -0.2730646594881253
3394309162417 PointCloud11.pcd PointCloud1.pcd 0.6041738338828935 0.3591084440973665 -0.9166741547227519 0.1753556940657952 -4.410076793691866 0.9024584070294315 0.38895783160763414 0.18515028709939424 9.175171712432537 -0.23792845344739544 0.0917621888057137 0.9669383391642483 3.2878306160803628
3394309162448 PointCloud16.pcd PointCloud6.pcd 0.5839187679667109 0.5360029745078905 0.3177029001416348 0.7821545106692718 -9.40045267528931 -0.7611806639853435 -0.2188164578130874 0.6105107325550998 8.22737210112342 0.365109309787528 -0.9225964583888924 0.12454303222078372 -2.1956849619305334
3394309162479 PointCloud11.pcd PointCloud2.pcd 0.6258316176120335 -0.8600016741069623 0.5067527351362088 0.059989882190197796 3.325429506108533 -0.5085426591092513 -0.8413880680403407 -0.18289473154094602 -1.1053882634163297 -0.04220763437239884 -0.1877971895192109 0.9813005305253695 -4.991986618038045
3394309162510 PointCloud11.pcd PointCloud12.pcd 0.7058892023351452 0.3764727047041103 0.8578076563482102 0.34990616931280705 1.0250107615531932 -0.7055394020020247 0.02069677523458935 0.7083684039520074 1.8368887467621042 0.6004019110857304 -0.5135539584165231 0.6130088718438933 -8.718774700191403
3394309162541 PointCloud10.pcd PointCloud4.pcd 0.6836591737417574 -0.056857656502592224 0.4865039279590924 -0.8718263215672073 1.085849883400606 -0.9758772962834827 -0.2114464909490551 -0.05434964639968676 8.422787138068381 -0.2107859328690438 0.8477053199937497 0.4867904897990732 6.437211374272662
3394309162572 PointCloud31.pcd PointCloud28.pcd 0.6413287824074837 0.16593860850095937 0.9819528205470172 -0.09073608118341223 8.004473233531744 -0.9722987945795944 0.17827596998107226 0.15117120290047148 -7.50091546011263 0.16461905195885754 0.06313744330478749 0.9843344101397156 0.15075247023157246
3394309162603 PointCloud33.pcd PointCloud32.pcd 0.6839487740253186 -0.9924379619966949 0.11938500869738916 0.028532635457866974 3.3625761088322452 0.09132848547386771 0.5628750464577986 0.8214808517647753 8.682974475127882 0.08201219012376604 0.8178746247276875 -0.5695218159979895 9.914271730931636
3394309162634 PointCloud11.pcd PointCloud13.pcd 0.640682971752788 -0.34551009994945514 0.34329609835019287 -0.8733673681163341 -0.33424957958992507 -0.29291612930903416 -0.9236364284581644 -0.2471758265196234 0.6020153064704954 -0.8915284134695487 0.17042164440757068 0.4196826790491701 13.2184685851563
3394309162665 PointCloud6.pcd PointCloud0.pcd 0.6851473851693674 0.7442888674297172 -0.6118610481868448 0.26769411560937256 1.8707906687924853 -0.004682707873282732 0.39603409758521585 0.9182238647502237 -13.164203831980076 -0.6678414138604778 -0.6846773336846774 0.29189860340755086 -4.9362491014562835
3394309162696 PointCloud9.pcd PointCloud3.pcd 0.6902477701738027 -0.23191705462298462 0.5568404914869328 -0.7975858241064662 9.242664578989793 -0.005531540011162517 0.8191728430192852 0.5735200566020395 5.990706591729213 0.9727198372810666 0.13742096019273342 -0.18689996752167393 8.732601551926312
3394309162727 PointCloud19.pcd PointCloud13.pcd 0.6524058222806051 0.31439938680068635 0.8467805615069165 0.4290870613679509 -1.2092940099770657 -0.7539242958373266 -0.05193555944641626 0.6549052250602214 0.6295828428209342 0.5768458907936709 -0.5294009617662392 0.6220799305197342 -14.449636974880178
3394309162758 PointCloud15.pcd PointCloud8.pcd 0.6746586764215419 0.4872676429548266 0.5064131732491758 0.7114182610032918 -8.533677970632507 0.12048254633878128 0.7678983493935143 -0.6291391587132686 0.585044567879312 -0.8649012661321354 0.3922726385543813 0.31315807012531655 -1.4853474407774094
3394309162789 PointCloud21.pcd PointCloud18.pcd 0.6913066788816998 0.6414387914645904 0.5812430078496184 -0.5007123352089246 8.4384521959952 -0.6386458100696167 0.7661921711239608 0.0712817381162554 -1.7028881250128571 0.4250738830897154 0.27405496298056675 0.8626737918708041 6.491806275852773
3394309162820 PointCloud17.pcd PointCloud14.pcd 0.7431546146477035 0.7326704051459403 0.6781034127107436 -0.058050315187145096 -5.10786517353994 -0.6362248740703914 0.6521312210770849 -0.4122411674137179 1.4924621940776108 -0.2416857195562005 0.338969957616532 0.9092235043134599 -7.057715764152617
3394309162851 PointCloud24.pcd PointCloud21.pcd 0.7394749534899745 0.49909258139763557 0.4660362086090491 -0.7305592703259245 -2.8219766784053077 -0.36869346190437874 0.8771555485502684 0.30767397484422054 -0.46151678826763115 0.7842013302352966 0.11579462816892874 0.6096063301380741 6.396579024841922
3394309162882 PointCloud8.pcd PointCloud9.pcd 0.7242929985655802 -0.8347186017698002 -0.22374874002318249 -0.5031713000534793 -8.533374487114433 0.1407709160995629 0.796672751986729 -0.5877891419738733 0.06413354995929997 0.5323799442503071 -0.5614704155874383 -0.6335002504972748 -11.74527402866245
3394309162913 PointCloud7.pcd PointCloud2.pcd 0.7234235325723376 0.5135472201148044 -0.24267201445074982 0.8230307078808007 3.640441208810847 0.7011065020885134 0.6716565154300079 -0.23943098798950183 4.862018232307945 -0.49469073716976564 0.699991299005091 0.5150662635774151 -5.42647458217991
3394309162944 PointCloud11.pcd PointCloud6.pcd 0.7212274861198588 0.6157515409332223 -0.689220213101021 -0.38187110088529286 6.0307480614481745 0.7875247156684981 0.55406060083492 0.2698549106718248 2.0292712401363984 0.025590272558405652 -0.4668965072212798 0.8839416210898522 -0.19202431707996628
3394309162975 PointCloud8.pcd PointCloud4.pcd 0.740668418683056 0.8514523804722758 0.4316086247841431 -0.29789736286183477 -1.0860729927655424 0.05094306444554558 0.4972815688977429 0.8660922845860575 -3.2777936994694925 0.5219517678607783 -0.7526121419738989 0.4014241096153393 11.91346699770257
3394309163006 PointCloud4.pcd PointCloud1.pcd 0.7616617654021579 -0.5576090661255616 -0.22267278086625747 -0.799680537487231 2.862725349458047 0.011450326001864367 -0.9653217716635044 0.2608117466428304 3.4789276033413437 -0.8300247101195423 0.13627439162851032 0.5408218475406196 12.275297992109195
3394309163037 PointCloud6.pcd PointCloud2.pcd 0.7490160365113261 0.7134343844706634 0.6618405706916067 0.23017045431934627 -1.55589938354542 0.5743065512427047 -0.36408105359326903 -0.7332236845698087 -1.5146524599635196 -0.40147648032565575 0.6552953878984834 -0.6398473179941444 -12.579501626619194
3394309163068 PointCloud34.pcd PointCloud33.pcd 0.7502671460380795 0.17753769901504096 -0.9840583155447848 -0.0104688602820626 6.334644448850703 0.9840922375466323 0.17745298176468233 0.008538575014951163 0.4346934761602209 -0.006544725273635766 -0.011818243100559801 0.999908743686697 -0.4402323897198781
3394309163099 PointCloud4.pcd PointCloud3.pcd 0.7562852798981519 0.6796756597569448 -0.672074050206669 -0.2938664128014047 -2.3024507651615584 0.7285582636114128 0.6650256682295196 0.16414541455491194 14.705270791709278 0.0851108339606936 -0.325664446377993 0.9416468628460621 -1.7411108030969564
