id source target overlap t1 t2 t3 t4 t5 t6 t7 t8 t9 t10 t11 t12
3394309160000 PointCloud26.pcd PointCloud6.pcd 0.10388874772371151 0.9646648419715883 0.24669653483989476 -0.09253411458439996 -0.008765686286383132 -0.25978255243994136 0.9491712261611441 -0.1777273441976188 -0.1492588190804275 0.04398599904196089 0.19548606887893147 0.9797195663875158 -0.13385052647478166
3394309160001 PointCloud26.pcd PointCloud6.pcd 0.10388874772371151 0.9956389585719476 0.08943302049885102 0.026548051119063932 -0.054784782619152775 -0.09321440298464598 0.9422271705095817 0.32174374000083394 -0.006683206286436797 0.003760219406412229 -0.32281526295694307 0.9464545243972665 -0.004624961033914742
3394309160002 PointCloud26.pcd PointCloud6.pcd 0.10388874772371151 0.9994934522437618 0.03157155476459023 0.004009470238519507 -0.0952915501737035 -0.03147744135593487 0.9992690121893842 -0.02169359268853289 0.16502002604838262 -0.004691439814254853 0.021556395983530405 0.9997566264769995 0.23270596173287808
3394309160003 PointCloud26.pcd PointCloud6.pcd 0.10388874772371151 0.9754649387035282 0.17298726719465193 -0.1361747360880423 -0.07537402244487139 -0.15931183320442985 0.9815538509207428 0.10569662976511605 -0.011923070059901845 0.1519470077400861 -0.08140910963268301 0.9850302856804191 -0.13191741005594054
3394309160004 PointCloud26.pcd PointCloud6.pcd 0.10388874772371151 0.9604843727957773 -0.24612724282430778 0.12996595690720866 -0.03688687904420325 0.203364948397982 0.9393799458526858 0.27605799226410926 -0.055997962170371375 -0.19003280605776549 -0.2387188674351257 0.9523134121455511 -0.1802415519815076
3394309160005 PointCloud26.pcd PointCloud6.pcd 0.10388874772371151 0.9617068250440646 0.26394592041212445 0.07384127410507399 -0.13052168345640686 -0.21380302345514998 0.8910328999147736 -0.40043556089701227 0.015682686577609545 -0.17148833728595303 0.36931412424555965 0.9133448569996077 0.2651234884708235
3394309160006 PointCloud26.pcd PointCloud6.pcd 0.10388874772371151 0.9634979656821238 0.06035811585340593 0.26082286705163776 0.0793083315750902 -0.12409152223681223 0.963961534272032 0.23532839725129062 0.09121338723720573 -0.23721923243143717 -0.25910433862546056 0.9362649077425165 0.06226852697814755
3394309160007 PointCloud26.pcd PointCloud6.pcd 0.10388874772371151 0.9873759651274051 -0.14829103103611319 -0.055663934490582115 0.016876593135870883 0.14897409436635062 0.9888062139752987 0.008306046686695812 -0.08983168554986488 0.053809132091597336 -0.0164936750932719 0.9984150118990933 0.05134322604976931
3394309160008 PointCloud26.pcd PointCloud6.pcd 0.10388874772371151 0.9578380990786062 -0.28718935314623517 0.008273535696971132 -0.00033077431216849276 0.2697297329618191 0.9087786779300843 0.31838213784066743 0.04037189630892327 -0.09895477305227754 -0.30272692311569355 0.9479263488853324 -0.03451247315741382
3394309160009 PointCloud26.pcd PointCloud6.pcd 0.10388874772371151 0.9518437051202394 -0.23441847417400596 -0.19758932154573894 -0.13370554260192566 0.25048425058611473 0.9662400869350243 0.06031363534151299 0.17507581429359947 0.17678009285914242 -0.10690216726394003 0.9784276802109522 0.018742829803543658
3394309160010 PointCloud26.pcd PointCloud6.pcd 0.10388874772371151 0.8800898894392413 -0.4242071360864136 -0.2132840645716113 -0.31752862920995945 0.42474145686077414 0.9041618768463546 -0.045672697330733 0.5528870473452666 0.212218004256499 -0.05039450516713687 0.9759220832209651 0.593225660430335
3394309160011 PointCloud26.pcd PointCloud6.pcd 0.10388874772371151 0.9446808572977143 0.168525795267921 0.281384317588188 -0.360472359043978 -0.1809917967371263 0.9833064639106616 0.01871810741975672 -0.4739057612863164 -0.2735325343887309 -0.06861089097822282 0.9594125797956019 -0.31743238978349086
3394309160012 PointCloud26.pcd PointCloud6.pcd 0.10388874772371151 0.943900351401011 0.3047379593031107 -0.12722775948991513 -0.010125499119752324 -0.20746195080252433 0.8469630108765064 0.48950301038524163 -1.3441165307789904 0.2569273547021784 -0.4356471443344701 0.8626702151105963 -0.9514447769211534
3394309160013 PointCloud26.pcd PointCloud6.pcd 0.10388874772371151 0.9941598162726201 -0.007832518623344099 0.10763322610052031 0.6826926486540528 -0.04790517475609926 0.8616813104638394 0.505183544297425 -0.40852632175509446 -0.09670239883466361 -0.5073893680885871 0.8562737151228492 -0.1901346529647632
3394309160014 PointCloud26.pcd PointCloud6.pcd 0.10388874772371151 0.6276383807686771 0.7610727866763499 0.16382391878711927 0.03171503697154867 -0.7405114250729404 0.5187026185097636 0.4273060061449614 -0.42297065968529113 0.24023507721087756 -0.3895071333516372 0.8891407654278787 0.6150621126032146
3394309160015 PointCloud26.pcd PointCloud6.pcd 0.10388874772371151 0.9702408979830458 0.09364783362772806 0.22329953680625092 0.12348320157126388 -0.1460049401212641 0.9619429169286364 0.23097268676406826 0.1969247125067054 -0.1931713160415876 -0.25670198251602905 0.9469894058705732 -0.1747822634776028
3394309160016 PointCloud26.pcd PointCloud6.pcd 0.10388874772371151 0.8478534013611996 -0.4303429081474285 -0.30975731017597996 0.2932695662478284 0.38863894810351696 0.9017822262493381 -0.18907296062044154 0.06935709932552624 0.3606998444929471 0.03992239757330583 0.9318271429588013 0.019563620993657778
3394309160017 PointCloud26.pcd PointCloud6.pcd 0.10388874772371151 0.9903254548482628 0.03488428716426113 0.13430778081936343 1.5773599125880562 -0.0021175153957895577 0.9715715874565307 -0.2367364918548572 -0.8128145429544358 -0.13874800758255737 0.23416177518168427 0.9622459422806793 0.08379135564420008
3394309160018 PointCloud26.pcd PointCloud6.pcd 0.10388874772371151 0.9346678082823682 -0.3252546333436973 0.14354620039935334 0.09341737812610465 0.1687880131088697 0.7613216414445801 0.6260191410004093 -0.5985998828672132 -0.31290045508339276 -0.5608910605069289 0.7664819133234773 -0.3959791886137352
3394309160019 PointCloud26.pcd PointCloud6.pcd 0.10388874772371151 0.9544245583378116 0.13183955877112175 -0.26775379210145384 0.00591800421637688 -0.1516825756468973 0.9869126086120171 -0.05473480800867053 0.009328080406286734 0.25703338049132046 0.0928538297845527 0.9619313944390965 -0.5978860775221688
3394309160020 PointCloud26.pcd PointCloud6.pcd 0.10388874772371151 0.7379259828598977 0.1410830956076884 0.6599703053577528 0.055779004548314026 -0.1536026868330374 0.9873500083797501 -0.03932143881115177 1.738082328569072 -0.6571692768365891 -0.07235690075078648 0.7502619679124186 -0.4774497064490915
3394309160021 PointCloud26.pcd PointCloud6.pcd 0.10388874772371151 0.36860467110875533 0.35617542818798953 0.8586440827210707 -1.0569020731717373 0.08673757788337269 0.9064763098703894 -0.4132520928279586 0.08937232167772989 -0.9255307607096225 0.22680335976097044 0.3032376081250537 1.50479031820736
3394309160022 PointCloud26.pcd PointCloud6.pcd 0.10388874772371151 0.22563112753413206 -0.08981059879459571 0.9700642507750878 0.30038489710782945 0.2216064533241641 0.9743693395856343 0.038664840883416526 -0.6695358152472884 -0.9486733758953929 0.2062485064663766 0.23975066099518405 -0.4397857967588042
3394309160023 PointCloud26.pcd PointCloud6.pcd 0.10388874772371151 0.6119780643931283 0.08595241889916583 -0.7861901998797887 0.21713272024825966 0.49578262024290687 0.732808238536864 0.4660382806139164 0.6846400364281695 0.6161837730472275 -0.6749846422089026 0.4058488519330836 0.8714777141867285
3394309160024 PointCloud26.pcd PointCloud6.pcd 0.10388874772371151 0.6842243594644879 0.719529575939026 -0.11880326285256947 0.3654621691672834 0.707364642848218 -0.6944340374869336 -0.13189628360120348 -0.3905123699249617 -0.17740430649683872 0.0062094225658691354 -0.984118465992674 0.005173915529013985
3394309160025 PointCloud26.pcd PointCloud6.pcd 0.10388874772371151 0.8553802894341758 0.4725946149607856 0.21208227261506998 0.044904344850642056 -0.36842401141055814 0.26725052434585517 0.890416141505206 1.1351612139181624 0.36412677498868307 -0.8397806184634965 0.4027160346812735 -0.1099553889636988
3394309160026 PointCloud26.pcd PointCloud6.pcd 0.10388874772371151 0.009848538828170328 -0.9766694511550909 -0.214522235358864 0.5358642324521949 0.4117866062461644 -0.19153616919340982 0.8909240634346902 -0.2958932182958138 -0.911227083223066 -0.09711168349445537 0.40029304731615856 0.6985298754661132
3394309160027 PointCloud26.pcd PointCloud6.pcd 0.10388874772371151 0.18770223608352588 -0.6824913248359871 0.7063805363208017 0.8475782023180222 0.473687861180509 0.692905038338013 0.5436013410726941 0.31681937807476046 -0.8604578320519135 0.23256869817199327 0.4533476810253969 1.39444974091712
3394309160028 PointCloud26.pcd PointCloud6.pcd 0.10388874772371151 0.5503046471823754 0.042332819517772284 -0.8338901172703493 0.6612704922374103 -0.012444527401698526 0.9990188243125673 0.04250320466604972 -0.6684594945120337 0.8348712050533481 -0.013012342633494323 0.5502915135743589 1.4329268042275454
3394309160029 PointCloud26.pcd PointCloud6.pcd 0.10388874772371151 0.9223424096149314 0.0972501279566469 0.37393434188121577 -1.4585673565439865 0.24655928270429445 0.596989621279484 -0.7634211892506798 -2.3609086515183826 -0.29747772948250417 0.7963327223573035 0.5266509240141328 0.010535966232155925
3394309160031 PointCloud12.pcd PointCloud25.pcd 0.1273878311388968 0.9732903601582266 0.1825923055019767 -0.13916150615217462 -0.04077090251533714 -0.1344917902071298 0.9447421105753454 0.29895535264069556 0.14011989009866863 0.18605868211387047 -0.27225428275256586 0.9440655551035293 -0.21206539457273538
3394309160032 PointCloud12.pcd PointCloud25.pcd 0.1273878311388968 0.9720009604781035 0.23077519531005763 0.04423733784089838 -0.08538235475024453 -0.2142104475404133 0.9476352042088529 -0.2368573492813391 -0.02667477868027443 -0.09658165971953929 0.2207494710608639 0.9705367865424621 -0.015462858751912681
3394309160033 PointCloud12.pcd PointCloud25.pcd 0.1273878311388968 0.9870864014326735 0.0864224711449354 -0.13487621209056244 0.008250282240048645 -0.11476004053776676 0.9689508181136236 -0.2190078655498706 -0.007651670082244495 0.11176121510821947 0.23165808545816582 0.9663560225089882 -0.11028862211865041
3394309160034 PointCloud12.pcd PointCloud25.pcd 0.1273878311388968 0.9774690062425535 0.15226334277017298 -0.1461855542919611 -0.13470107553541621 -0.18334178760866945 0.9556317287027155 -0.23055105294298092 0.15368560372296772 0.10459507995911003 0.2521584294548022 0.9620166296396518 -0.08722897248070337
3394309160035 PointCloud12.pcd PointCloud25.pcd 0.1273878311388968 0.9897867409973893 0.08764396194212787 -0.11243106012510103 -0.10720532319218926 -0.07166913686032575 0.9876950332193136 0.13900379914086927 0.07014600969445432 0.12323044334685783 -0.12952628030243932 0.983888815132864 -0.2178026994331532
3394309160036 PointCloud12.pcd PointCloud25.pcd 0.1273878311388968 0.9573222509993037 0.09399965611562738 0.27330966391946265 0.11612991959124595 -0.08183549361751061 0.9950938576778674 -0.0555982589309975 0.037705622772103105 -0.27719498503040096 0.030859019134179516 0.9603180000458555 0.03279197617659975
3394309160037 PointCloud12.pcd PointCloud25.pcd 0.1273878311388968 0.999725119375171 -0.02049680634282783 -0.01138273341710337 0.00856310724664081 0.019969740962610113 0.9988038674502882 -0.04463231802442427 -0.045907707709873555 0.012283938138336609 0.04439273922717214 0.9989386315323489 -0.040802311072132634
3394309160038 PointCloud12.pcd PointCloud25.pcd 0.1273878311388968 0.9507100952790594 0.260956883867941 -0.16748677409400378 0.044457375400934515 -0.2455497303118882 0.9634300517455996 0.10727471900326914 0.04962309786995389 0.1893558678209917 -0.06086082611504155 0.9800205687465716 0.009624804646786814
3394309160039 PointCloud12.pcd PointCloud25.pcd 0.1273878311388968 0.98366842149881 -0.12576975256127396 0.12875715858434875 -0.09881277670236252 0.11582779805316469 0.9898772108118401 0.0820184656862518 0.08778768824432243 -0.13776921914634818 -0.06576531651294239 0.9882785869377914 -0.04735676438444565
3394309160040 PointCloud12.pcd PointCloud25.pcd 0.1273878311388968 0.9504503323663182 0.07100487649003666 -0.3026590048542908 0.06662694752693364 -0.09211555966529834 0.9941702544276189 -0.056037745126585735 -0.12203385380508924 0.2969156266893069 0.08114069710051769 0.9514501026862827 0.022846662808709572
3394309160041 PointCloud12.pcd PointCloud25.pcd 0.1273878311388968 0.978409425440208 -0.0943228805027772 -0.18389722788400426 0.10953743846208452 0.1392863883935401 0.9582944508132701 0.24954167497389584 0.09143344949585282 0.15269020341215894 -0.26976830754214326 0.9507422163908583 -0.3858128007417822
3394309160042 PointCloud12.pcd PointCloud25.pcd 0.1273878311388968 0.897326438681105 0.024798692716443905 -0.4406702704783255 -0.4630344361431056 -0.024604256499333798 0.9996783167790679 0.006155771591325834 0.40529567880010064 0.440681169334475 0.005318627767100795 0.8976479372185261 0.43390753124570813
3394309160043 PointCloud12.pcd PointCloud25.pcd 0.1273878311388968 0.734552131817696 -0.6274734004640535 0.25828336638691085 0.025350647904446213 0.6716257118321051 0.7265720625902188 -0.1449549622103808 -0.3543895722897873 -0.09670609519619702 0.2799467263131903 0.9551323267372074 -0.03710141552833276
3394309160044 PointCloud12.pcd PointCloud25.pcd 0.1273878311388968 0.9928626732723432 -0.11840630872475867 0.014270882126668483 0.4840347577807976 0.11924080358962007 0.9878630001767144 -0.09954056279307616 0.10278926180415282 -0.0023114458241057755 0.10053178072648383 0.9949311625847108 -0.10177299188016788
3394309160045 PointCloud12.pcd PointCloud25.pcd 0.1273878311388968 0.8613281751416605 0.21753144437282096 -0.4591229088340195 -0.20451605422006527 0.1081784076840912 0.804446992380067 0.584091147477514 0.08146777315704944 0.4963982341004767 -0.5527613473821581 0.6693606546714481 0.4904835649132328
3394309160046 PointCloud12.pcd PointCloud25.pcd 0.1273878311388968 0.8268939874636483 -0.5597818169625034 0.053764773733610126 0.4806888244345166 0.5617414636344736 0.8266790611797422 -0.032376810231697695 0.1472181040603758 -0.026322263015692175 0.0569740924029368 0.9980286024281039 0.23212523027998486
3394309160047 PointCloud12.pcd PointCloud25.pcd 0.1273878311388968 0.9717778817014799 0.10661385277453601 -0.210431069550944 1.2145424680419226 -0.057372531239915384 0.9720750931930301 0.22754868897202415 0.5562645938247461 0.22881464396954496 -0.2090538198415222 0.9507577815168062 0.37526086695598504
3394309160048 PointCloud12.pcd PointCloud25.pcd 0.1273878311388968 0.9719577107293609 0.18486093104677317 0.145343196353528 -0.3707948090817253 -0.23388335857630374 0.8241509657321086 0.5158233808813837 -0.9777995554205942 -0.02442914519192467 -0.5353518673315272 0.8442757813711339 -0.325588015334309
3394309160049 PointCloud12.pcd PointCloud25.pcd 0.1273878311388968 0.9179673568593378 0.24766927063078067 0.30983199338657436 0.09333984050410261 -0.337579288390478 0.8979383216294959 0.282395103709293 1.1685121282225366 -0.2082694307632774 -0.3638223507900813 0.907886083864666 0.3923485045362193
3394309160050 PointCloud12.pcd PointCloud25.pcd 0.1273878311388968 0.8084184911590381 -0.5601564946185118 -0.18078784441672271 0.8763664406458699 0.30143729598367 0.6578054564354081 -0.690237305623115 0.14320583855805838 0.5055641400872865 0.5035044021858253 0.7006341536331905 0.5146951876753985
3394309160051 PointCloud12.pcd PointCloud25.pcd 0.1273878311388968 0.8622275649184803 -0.46082424972544694 -0.21024898848680978 1.2391240299096007 0.5063805367295006 0.7744439851561821 0.3792298325250192 0.6619571154079863 -0.01193223852806767 -0.43344841067927575 0.9010993824009198 1.275102192524509
3394309160052 PointCloud12.pcd PointCloud25.pcd 0.1273878311388968 0.33379152519533706 0.7880334710364204 -0.5172876049491826 0.01418066596338643 -0.5801921163164038 0.6042505677777021 0.5461303502870141 0.026141586781156533 0.7429403245699233 0.11783250768194392 0.65890452590745 0.904462905425841
3394309160053 PointCloud12.pcd PointCloud25.pcd 0.1273878311388968 0.7041929244297601 0.6631579304248645 -0.2536412515693621 -1.8354385871968537 -0.2218078643802066 0.5448318206254865 0.8086776604636791 0.3514054539975827 0.6744728285721774 -0.5132054623136119 0.5307603573829888 -1.3618103289000136
3394309160054 PointCloud12.pcd PointCloud25.pcd 0.1273878311388968 0.31676301588522926 -0.9117275754772846 0.2615607384176888 1.0123800517694401 0.9177351577656564 0.36427226031201265 0.15832845785904426 0.3394841022760647 -0.23963174240517437 0.18989088572517093 0.9521124300997075 0.062289492803615495
3394309160055 PointCloud12.pcd PointCloud25.pcd 0.1273878311388968 0.3362760428338264 0.27828738385098295 -0.8997080387577951 1.3170243359892964 0.9184772966651624 0.11421951147688356 0.3786203358360947 -0.8310719133269986 0.20812947539134768 -0.9536823554975513 -0.21719135868161193 0.0073844109986448215
3394309160056 PointCloud12.pcd PointCloud25.pcd 0.1273878311388968 0.1543103619121613 0.9878442763441806 0.018761607089475163 0.27534218146390343 -0.15444086492954806 0.042872012453901875 -0.9870714309450788 -1.628207899736982 -0.9758772112547515 0.1494177909159231 0.15917912021196304 -2.6104492111006614
3394309160057 PointCloud12.pcd PointCloud25.pcd 0.1273878311388968 0.5489184240307579 0.24210217793059088 -0.800046935623688 0.008820707574983384 -0.6013347429079465 0.7791933373858755 -0.1767887721132057 0.26312638084438783 0.5805902950716822 0.5781386325222746 0.5732980296964671 -0.6711894059400345
3394309160058 PointCloud12.pcd PointCloud25.pcd 0.1273878311388968 0.026966406266674625 0.5828337820283294 0.8121438268309465 -0.14510997051371494 -0.17755004993339987 -0.7967290154355815 0.5776667341397599 0.2167118331978617 0.9837422389537352 -0.15977377284649294 0.08199724878731857 -0.24664690155672422
3394309160059 PointCloud12.pcd PointCloud25.pcd 0.1273878311388968 0.7145886416711591 -0.33310424566347857 0.6151460271476464 1.2691215421519737 0.09307277868073434 0.9168057904954031 0.3883356800279191 1.5493340343100863 -0.6933257034491186 -0.22024691606255065 0.6861419422406132 0.5580202797910047
3394309160060 PointCloud12.pcd PointCloud25.pcd 0.1273878311388968 0.17549119579337324 0.8994942978671437 -0.4001410355156121 0.24665270032907852 -0.8344905098814629 -0.07973406758824209 -0.5452229519963462 0.25550381223504537 -0.5223298087576357 0.4295957245717514 0.736626828396091 0.6986369231695547
3394309160062 PointCloud13.pcd PointCloud26.pcd 0.12592764134359308 0.9739478927756514 -0.12720931565474003 -0.18773196895713043 -0.12371141684969329 0.10636794908844123 0.9873915421905254 -0.11723396187681677 0.07537801176212872 0.20027821040888857 0.09421110561536188 0.9751989058721017 0.08008381066684779
3394309160063 PointCloud13.pcd PointCloud26.pcd 0.12592764134359308 0.9745182683199591 0.22429757632741087 -0.002177605179356317 0.06488379759416864 -0.21757125479843475 0.9428435441086156 -0.2524060229434698 -0.04581437223992024 -0.054560918211687556 0.2464480646837262 0.9676189630311837 0.01050314646363747
3394309160064 PointCloud13.pcd PointCloud26.pcd 0.12592764134359308 0.9055620525499378 -0.3090369338076408 0.29060891680111045 -0.0021614563226081502 0.2801079211037079 0.9500732042667674 0.13747894045720385 -0.0047995819885123785 -0.318585814995743 -0.043093851963456754 0.946913934001633 -0.08446869707369595
3394309160065 PointCloud13.pcd PointCloud26.pcd 0.12592764134359308 0.9152450110795268 0.031980910638269966 0.4016264322088176 -0.05887613923474745 0.008242391223663124 0.9951497767432034 -0.09802542953167138 0.20264136320438964 -0.40281339684890455 0.09302764751781904 0.9105422692639521 -0.023453897839183436
3394309160066 PointCloud13.pcd PointCloud26.pcd 0.12592764134359308 0.9961544364361593 -0.07528385087230992 -0.04481830615266476 -0.027802525645605952 0.06410185075299595 0.9749609386760042 -0.2129368939053203 0.059547977326216694 0.059726807202451576 0.20924509517272036 0.9760374985867913 0.29190693409287116
3394309160067 PointCloud13.pcd PointCloud26.pcd 0.12592764134359308 0.9724443246658295 0.183468883771579 0.14384437463046507 0.03959474681196473 -0.16571015457166577 0.9779522162650951 -0.12708110549575546 -0.14153448561780055 -0.16398835354089447 0.09974282625732799 0.981406739590241 0.029842289877406614
3394309160068 PointCloud13.pcd PointCloud26.pcd 0.12592764134359308 0.9941665408794934 0.020151061844610983 0.10595670673551799 -0.1133191030312753 -0.008081920655985916 0.9935479804041821 -0.1131242378682861 -0.042445598271527704 -0.10755264550076046 0.111607998554337 0.9879150181591948 -0.039410329862574645
3394309160069 PointCloud13.pcd PointCloud26.pcd 0.12592764134359308 0.8992248082591113 0.16674368130406944 0.40446419984534027 0.06211234676588539 -0.24992254748042184 0.954600923270328 0.16209811088453074 0.07318000651696743 -0.35907306286083435 -0.24684736586928419 0.900073837799508 -0.09625903318043938
3394309160070 PointCloud13.pcd PointCloud26.pcd 0.12592764134359308 0.9314951297076457 0.3630830462871235 0.022079964442895485 0.039575665152866396 -0.3632690629103804 0.9254058579997945 0.10797956247308572 -0.015688441829033468 0.018772620039596073 -0.10860340454390695 0.993907887713103 -0.1551079908539382
3394309160071 PointCloud13.pcd PointCloud26.pcd 0.12592764134359308 0.9567536208517881 0.23337668636069098 -0.17366010264391948 -0.030044348062022885 -0.24316234327129155 0.9692764780109004 -0.03708347326773864 -0.03853731273576929 0.15967023455173965 0.0777073448142979 0.9841072018637523 0.001898753129956286
3394309160072 PointCloud13.pcd PointCloud26.pcd 0.12592764134359308 0.8842749583303701 -0.451626965407846 0.11870502174012013 0.7303743113631203 0.41973476271984606 0.6573194134962979 -0.625902482504581 0.5415277051842793 0.20464732354550033 0.6032945157693571 0.7708146341425285 0.533478634868728
3394309160073 PointCloud13.pcd PointCloud26.pcd 0.12592764134359308 0.6375826511114614 -0.767018198616011 0.07191276655455543 0.8395588439883239 0.7648940665223842 0.619154509705995 -0.17772101763601134 0.0814889200907852 0.0917901410856903 0.16831748602738372 0.9814498427820397 0.013692137515383807
3394309160074 PointCloud13.pcd PointCloud26.pcd 0.12592764134359308 0.9971196424962571 -0.07541582018289227 -0.008054353746782206 0.15758716204291062 0.053755475413938006 0.7776351971206764 -0.626413480907067 0.3757452642073001 0.05350483539978562 0.6241762205220803 0.7794493430131386 -0.24778754158964322
3394309160075 PointCloud13.pcd PointCloud26.pcd 0.12592764134359308 0.9711627921389535 -0.06512334477931545 -0.22935078183783514 -0.9172327016884196 0.06369197007099858 0.9978763017830395 -0.013646218827178067 0.8676521938415152 0.22975239740500392 -0.0013551031542341123 0.9732481695755172 -0.08267167954219536
3394309160076 PointCloud13.pcd PointCloud26.pcd 0.12592764134359308 0.9859499911438262 0.02852890658820061 0.1645865014281861 0.09205809406747978 0.01806581524377684 0.9613161807309657 -0.2748541922263632 -0.09361578242702105 -0.16606095652821679 0.27396587771784764 0.9472942819225832 -0.029216030081329367
3394309160077 PointCloud13.pcd PointCloud26.pcd 0.12592764134359308 0.9840120674026002 -0.14588063379270438 -0.10217187426244104 0.1045356032257261 0.16413792544246286 0.9654680445667693 0.20231212606233923 0.07203191304630521 0.06913025847995719 -0.21584785290722308 0.9739767511382582 -0.6988250108725108
3394309160078 PointCloud13.pcd PointCloud26.pcd 0.12592764134359308 0.8719106875495797 0.41995698896405864 -0.25180921420206404 0.6101795528748285 -0.4586335346931889 0.8805527418798004 -0.11950794794823172 -0.33470775128808605 0.1715430960186126 0.21968840704098902 0.9603697048637789 -0.10935034664246801
3394309160079 PointCloud13.pcd PointCloud26.pcd 0.12592764134359308 0.9748250585345831 0.07743182207996838 0.20909428060667454 0.2485418331357056 -0.04798762492149788 0.9886465316824657 -0.14239109258175153 0.036772289354538044 -0.21774593706299153 0.12877246724982566 0.9674731823523339 0.697676007708197
3394309160080 PointCloud13.pcd PointCloud26.pcd 0.12592764134359308 0.9523686328414845 0.17523508231284568 -0.24957294145490294 -0.4248536530437798 -0.1588460320219935 0.983678582251601 0.08452446350228172 -0.3222792567432233 0.26031120853799217 -0.040854776297159376 0.9646600240308497 0.7640457846278392
3394309160081 PointCloud13.pcd PointCloud26.pcd 0.12592764134359308 0.9365874773909534 0.327185022867609 -0.1255143737010734 0.42702434342104534 -0.34952850465642593 0.8979216809825562 -0.26751911941785295 0.5615767167939799 0.02517382821688774 0.29442590856204015 0.9553426938749906 -1.171590577050019
3394309160082 PointCloud13.pcd PointCloud26.pcd 0.12592764134359308 0.731411033435545 -0.3695327393635024 0.5731347613844882 1.1376631819015337 -0.5593605847854038 0.1556385090122968 0.8141820378152301 0.37385753163136104 -0.39006875849942085 -0.9160907209719654 -0.09286632646866955 -0.15590647559240742
3394309160083 PointCloud13.pcd PointCloud26.pcd 0.12592764134359308 -0.14035161811602764 0.7494637470595593 0.646997306899849 0.42150364037272064 0.12750327011522294 -0.6343430035721319 0.7624643401032015 -0.6496245705372485 0.9818575962949704 0.1895073762747268 -0.006528011590972348 0.3303225440341799
3394309160084 PointCloud13.pcd PointCloud26.pcd 0.12592764134359308 0.9275254264562847 0.0800637968435734 0.36508406115862985 -0.44113339420898917 -0.15011362911935014 0.9743421023455588 0.16770022644425586 1.1616271086393921 -0.3422900548214998 -0.21035031740367666 0.9157457410976406 -0.07758833180059489
3394309160085 PointCloud13.pcd PointCloud26.pcd 0.12592764134359308 0.5037936833991575 -0.8542941782698179 0.12795851492341437 1.3440208804637221 0.8071812686188979 0.5183223505816366 0.2824895404759499 -0.7389405968664494 -0.3076529280827597 -0.039030729711642426 0.9506977847772029 0.873671271673177
3394309160086 PointCloud13.pcd PointCloud26.pcd 0.12592764134359308 0.08394899103486736 -0.6153056073194068 0.7838058283181644 1.6978541743010878 -0.013294915828239717 0.7858207963541013 0.6183113465160783 -1.8176256016643604 -0.9963813587765218 -0.06232724619860869 0.057788426730187414 -1.089040927182423
3394309160087 PointCloud13.pcd PointCloud26.pcd 0.12592764134359308 0.7223807908687585 -0.6392096768940039 -0.26377449070918624 -0.9204165315468326 0.5991507631241251 0.38814228226246367 0.7002599030130635 1.1308421125737165 -0.3452308735203242 -0.6638949899533432 0.6633694945377311 0.28955248892230767
3394309160088 PointCloud13.pcd PointCloud26.pcd 0.12592764134359308 0.6219328739688201 -0.7589992096723007 0.19266473469139705 0.3010596064116884 0.7512118253872077 0.5088244966916893 -0.42045026455559337 -0.7001930529448308 0.2210888818446171 0.4062238684312774 0.8866238633385777 0.017587777992906017
3394309160089 PointCloud13.pcd PointCloud26.pcd 0.12592764134359308 0.15486891522086427 0.26397659455648087 0.9520146934920053 -1.2873810335292597 -0.9619218054704497 -0.1793859409748106 0.20622105697782783 -0.9284334178128896 0.2252155839607542 -0.9477009241880825 0.226143536353068 0.7661184698009795
3394309160090 PointCloud13.pcd PointCloud26.pcd 0.12592764134359308 0.8267712892067071 0.19849822716783513 0.5263531981043769 0.8696842860839152 0.05117230764258873 0.9052577897463924 -0.42176975832082625 0.1834030073875704 -0.5602058820416037 0.3756418346173685 0.7382835375458983 -0.780755232369779
3394309160091 PointCloud13.pcd PointCloud26.pcd 0.12592764134359308 0.30647016014365525 -0.3078722123813255 0.900716793329041 1.1732473115219482 0.2865131616114133 -0.8725319481252383 -0.3957249142070899 0.18123659907614273 0.9077368832238528 0.3793450940030786 -0.1791955649307231 0.11026834042837469
3394309160093 PointCloud9.pcd PointCloud21.pcd 0.16372956541438152 0.9820881289795325 -0.1493735715830655 -0.11484965402647192 -0.1315771182019233 0.1491117029072643 0.9887600937713793 -0.010916822857834444 -0.006286990633356474 0.11518943950543921 -0.006404145355345751 0.9933228981296518 -0.06242573532557395
3394309160094 PointCloud9.pcd PointCloud21.pcd 0.16372956541438152 0.9961575461597267 -0.004228338167104915 0.08747722209453487 -0.11584200903870945 -0.0167052142766116 0.9713213740407346 0.23718289176833965 0.11728280229731713 -0.08597138503597851 -0.2377328531944292 0.9675184812017967 -0.11523845904029013
3394309160095 PointCloud9.pcd PointCloud21.pcd 0.16372956541438152 0.9481187561480166 -0.0845247856253326 0.30647411775764993 0.03106874789607529 0.05620021542139085 0.9933878068436045 0.10011094346295565 -0.025998178544539587 -0.31290950772855647 -0.07769315175384128 0.9465999229577547 -0.1474513993706828
3394309160096 PointCloud9.pcd PointCloud21.pcd 0.16372956541438152 0.9651414966207401 -0.1394587291562029 0.2214794671359287 -0.05350923999190062 0.18469215723764687 0.9624822266137231 -0.1987882554568917 0.219709161520368 -0.18544729320101278 0.23276431495146963 0.9546884701983107 0.1169353343763157
3394309160097 PointCloud9.pcd PointCloud21.pcd 0.16372956541438152 0.9830998266082964 0.133768350188016 0.1249830364918115 0.03717702813337295 -0.1344021447100833 0.9909210869695497 -0.003385689946761964 0.06118998056599987 -0.12430122453164727 -0.013469516957266933 0.992153101941868 -0.1559030282132013
3394309160098 PointCloud9.pcd PointCloud21.pcd 0.16372956541438152 0.9770824258477723 0.17882520238227428 -0.11546202879029971 -0.098741756815011 -0.16270934115528463 0.97718194024263 0.13653250881919268 0.18266405610559028 0.13724286283900722 -0.11461676429121694 0.9838838315284817 -0.13982359494733373
3394309160099 PointCloud9.pcd PointCloud21.pcd 0.16372956541438152 0.9143145325916474 -0.33271194616969746 0.23093656351407374 -0.2043933224736596 0.2396187188174338 0.9040904146595905 0.35384091300037857 -0.017150176269470352 -0.3265146322663183 -0.26818516550439964 0.9063470151765101 -0.07402075654469219
3394309160100 PointCloud9.pcd PointCloud21.pcd 0.16372956541438152 0.9942214797933308 -0.00933004459633462 0.10694203750345452 -0.17599206390082836 0.05052252539259626 0.9196546248870581 -0.38946481914519476 -0.022264357802066564 -0.09471601525356907 0.3926172706232817 0.9148117594690236 -0.06865516951141575
3394309160101 PointCloud9.pcd PointCloud21.pcd 0.16372956541438152 0.9537866349610947 -0.29882643661036257 -0.031524843415069025 0.14916208948363327 0.28250528766407434 0.8560225253863845 0.43291592540925944 0.05029165744989772 -0.10238074726934879 -0.4218153586747048 0.9008828923754186 -0.04503815188759651
3394309160102 PointCloud9.pcd PointCloud21.pcd 0.16372956541438152 0.9763163268427602 -0.09147342709929213 0.19605877199189756 0.05952060362997574 0.11095402971143228 0.9896710243892896 -0.09077701677764323 0.037946755237304494 -0.18573000089122646 0.1103805943948682 0.9763813246626445 -0.01882281294072587
3394309160103 PointCloud9.pcd PointCloud21.pcd 0.16372956541438152 0.7460368388472198 0.43264902839189223 0.5062053469832172 -0.14485462288917933 -0.378824905264602 0.9009278512101779 -0.2117089938218899 -0.3961969964163888 -0.5476501860075581 -0.03382048410894389 0.8360235933396402 0.0993588400859613
3394309160104 PointCloud9.pcd PointCloud21.pcd 0.16372956541438152 0.5458206251980463 -0.8353130742077048 0.06581727103190432 0.12897231266662046 0.5624014823473016 0.4234510586965132 0.7102068526439038 -0.9951344409756385 -0.6211154625043329 -0.3506298175376352 0.7009096327570002 -0.3310771842877577
3394309160105 PointCloud9.pcd PointCloud21.pcd 0.16372956541438152 0.9443627198100687 -0.3257929506774708 -0.04514428780916668 -0.9238108400836882 0.3284677350634575 0.9412609098481488 0.07833802789269985 0.5254043879347228 0.01697057616028623 -0.08880795505303689 0.9959041854837672 0.10710623696461044
3394309160106 PointCloud9.pcd PointCloud21.pcd 0.16372956541438152 0.9133836708016252 0.39624547288474116 0.09337984328160348 -0.1074891342512726 -0.40696316178372155 0.8946750692034119 0.18422134918859764 0.3460399782283935 -0.010547742125471445 -0.206266928430659 0.9784389093713702 -0.7238014213854377
3394309160107 PointCloud9.pcd PointCloud21.pcd 0.16372956541438152 0.9326539141386575 -0.35646447356054084 0.055585569449699994 -0.26195332259935206 0.34950083811108706 0.8545147967481861 -0.3842572397470908 0.2664877137319638 0.08947536309783069 0.37780622179579304 0.9215512021428319 -0.21649981945490884
3394309160108 PointCloud9.pcd PointCloud21.pcd 0.16372956541438152 0.9361854635557528 -0.3435748053793699 0.07425046084320568 0.47710803032118587 0.3494877809433561 0.9324115168397642 -0.09201659761075107 -0.18501134873378874 -0.03761740020507934 0.11209422988315765 0.9929853044374387 0.2420813493445688
3394309160109 PointCloud9.pcd PointCloud21.pcd 0.16372956541438152 0.9638594065073799 0.23764677603667267 -0.12041201902890336 -0.7430790245354918 -0.22518055128513476 0.9682599410176287 0.10847306552071406 0.7299698820296783 0.142368408750552 -0.077438339728547 0.9867798841331952 -0.42207795535103476
3394309160110 PointCloud9.pcd PointCloud21.pcd 0.16372956541438152 0.9939339596595621 0.028825869860403426 -0.10613365659514074 -0.8663997843562228 -0.02204272841338316 0.9976717202649186 0.0645388000177571 -0.2352266325160899 0.10774693480353864 -0.061807829685479966 0.9922552041838898 -0.017616209735033594
3394309160111 PointCloud9.pcd PointCloud21.pcd 0.16372956541438152 0.8961090089543152 0.414892461855777 0.15764799131662702 0.3374280957437701 -0.37262277497134044 0.8962433266856522 -0.2406245352080556 0.2637397056258596 -0.24112426597829692 0.15688258178232412 0.9577300997095891 -0.10714038712085633
3394309160112 PointCloud9.pcd PointCloud21.pcd 0.16372956541438152 0.5147978645543007 0.8548048842871214 0.06551159018992908 0.14773201783600315 -0.7975800882952371 0.4495061708294168 0.4022563922938174 -0.14142182110462967 0.3144028648172504 -0.2593314716442192 0.9131801719318864 0.04614865427909709
3394309160113 PointCloud9.pcd PointCloud21.pcd 0.16372956541438152 0.7765444215492293 0.514011712949731 -0.36437716765908407 1.9019654702917297 -0.5072811179609988 0.8530608728210578 0.12228251969114183 1.1779329870533632 0.3736905520895762 0.08988384845042248 0.9231880984212965 -1.1666968442075578
3394309160114 PointCloud9.pcd PointCloud21.pcd 0.16372956541438152 0.881822588142887 0.46286944812649133 -0.09022636550397546 1.2899616704948704 -0.47070207634606365 0.8755961440172851 -0.10849399939888635 -1.5526570358809655 0.02878330009717671 0.13814219693177893 0.9899940681955508 -0.1450383569616621
3394309160115 PointCloud9.pcd PointCloud21.pcd 0.16372956541438152 0.6476614635006972 -0.42433920979863327 -0.6328276730071203 -0.03315487329935781 0.614464768514624 0.7819918086056153 0.1045077008071098 0.11419415834662933 0.45051934137216 -0.456535920055794 0.7672074535276655 -1.0849297359461672
3394309160116 PointCloud9.pcd PointCloud21.pcd 0.16372956541438152 0.9806380764973192 -0.1782390884798227 0.08111590634098785 1.140756531122063 0.15453684888139638 0.44993538574477177 -0.8795888306433364 0.33494709897198377 0.12028019480133224 0.8750936955507023 0.46876827830599654 0.21863868516609916
3394309160117 PointCloud9.pcd PointCloud21.pcd 0.16372956541438152 0.875984845532678 0.2755827690939957 0.39585942931244633 -0.166573787010387 -0.48043385508259395 0.5713801310607127 0.6653631014111916 1.6937181071226866 -0.04282360666229934 -0.7730322653082005 0.6329196279978244 -2.301920114558719
3394309160118 PointCloud9.pcd PointCloud21.pcd 0.16372956541438152 0.4144229052861995 -0.18376132444184273 0.8913391224520131 0.31214556358515533 -0.0027946133412921764 0.9791411082697189 0.20316220178128253 1.7960203146990814 -0.9100801314776725 -0.08668601810976029 0.40526496092538766 0.2515572478042379
3394309160119 PointCloud9.pcd PointCloud21.pcd 0.16372956541438152 0.28520566304016415 0.7196861493452927 -0.6330162527221277 0.32626936101464293 -0.9528549571069757 0.284260703684993 -0.10612861563770382 -2.3000400558263823 0.10356235071918368 0.6334411565260477 0.7668292774356358 -0.911419091630177
3394309160120 PointCloud9.pcd PointCloud21.pcd 0.16372956541438152 0.6431162847565711 -0.3035206834571625 0.7030481057471119 0.636547007607986 -0.5324905288668514 0.4825393895158724 0.6954204298356141 0.5100369816533742 -0.5503228879012811 -0.8216026608278155 0.1487070501780191 0.967599696065317
3394309160121 PointCloud9.pcd PointCloud21.pcd 0.16372956541438152 0.5874281217591066 0.8076810024785643 -0.0507897627656318 0.9571560341038454 -0.8053292704419475 0.5896015989042801 0.06176342557660393 -0.4735896482347238 0.07983087082080725 0.004620909514093042 0.9967977123063906 0.4096338913615823
3394309160122 PointCloud9.pcd PointCloud21.pcd 0.16372956541438152 0.784536845551953 -0.5587417462762369 0.2689044420227617 -2.399709037993044 0.4804757886214258 0.8219002685186585 0.30597870049658094 0.10570600105012412 -0.3919757065431611 -0.1108494906489825 0.9132729251997188 1.235242372666155
3394309160124 PointCloud21.pcd PointCloud1.pcd 0.15340450672260597 0.9511128908486043 -0.25208257843129783 0.17843386033216693 -0.014418600523703324 0.22868928523714027 0.963134745790642 0.14167805852890988 -0.004737478838609415 -0.20757042101257248 -0.09394591583578228 0.9736984570278621 -0.09682768909007644
3394309160125 PointCloud21.pcd PointCloud1.pcd 0.15340450672260597 0.9983441505205592 -0.04692945276701933 0.03326535110848814 0.15856377687718548 0.04196957494002368 0.9897240431665729 0.13669262290762166 -0.08134513645440465 -0.039338427786791745 -0.13507014785288277 0.9900548183097053 -0.21235798982982612
3394309160126 PointCloud21.pcd PointCloud1.pcd 0.15340450672260597 0.9954172342786946 -0.007216415829859024 -0.09535435513664263 0.14088789765764306 -0.010676941319397509 0.9825266129255238 -0.18581565546842374 -0.013908890819678874 0.09502911461766096 0.18598219870640406 0.9779468743951866 -0.21806938417372193
3394309160127 PointCloud21.pcd PointCloud1.pcd 0.15340450672260597 0.9892892654423032 0.13009343308550708 0.0662000600351286 -0.06651513617455 -0.13915299645804158 0.9774932871633473 0.1585664438881758 -0.006134159239545741 -0.04408166123657557 -0.16608001751752205 0.9851265070659724 -0.0954952699197249
3394309160128 PointCloud21.pcd PointCloud1.pcd 0.15340450672260597 0.9986981257983378 0.03553707529016623 0.036594669102318865 -0.053803826511666444 -0.03908374905945169 0.9940914619138556 0.10126512681783019 -0.4042035032657542 -0.03277978167018449 -0.10256354922580672 0.9941862020184451 0.06283785719340743
3394309160129 PointCloud21.pcd PointCloud1.pcd 0.15340450672260597 0.9919146067431792 -0.05192055404195248 -0.11580012520503183 -0.07093747604792482 0.08170172051742877 0.9594901308503492 0.26963589832452206 0.17681112882940841 0.09710943205485403 -0.2769168555157969 0.9559742744118311 0.15615499265611354
3394309160130 PointCloud21.pcd PointCloud1.pcd 0.15340450672260597 0.9221221478944589 -0.22374676223234313 0.3156392414657164 -0.03259501338947924 0.1738278455090002 0.9684333306121415 0.17866383037753808 -0.13730047294833206 -0.34565101545953647 -0.10988298571670613 0.9319072405351153 0.1600638770538504
3394309160131 PointCloud21.pcd PointCloud1.pcd 0.15340450672260597 0.9935957517979964 0.1059821379555503 0.039182501749442225 -0.06365630813513252 -0.10884040018375483 0.9908402599462433 0.07993338825235113 0.049174051993744444 -0.03035208883774623 -0.08368611416496594 0.9960298113004218 -0.08256622702338462
3394309160132 PointCloud21.pcd PointCloud1.pcd 0.15340450672260597 0.988048405831494 0.13800676317269797 0.06866207870752569 -0.05838592890577024 -0.14067240183297855 0.9894155623211303 0.03561067816404108 -0.04978806987324908 -0.06302081478674024 -0.04484393331719183 0.9970042119009622 0.048062851336606864
3394309160133 PointCloud21.pcd PointCloud1.pcd 0.15340450672260597 0.9896457261435485 -0.02827227426706288 0.14071963343320998 -0.14435406647168256 0.029877252520344393 0.9995102587663054 -0.009305503895502491 0.1474945941859663 -0.14038762946800043 0.013413468182450494 0.9900057537023076 -0.10199402928410205
