id source target overlap t1 t2 t3 t4 t5 t6 t7 t8 t9 t10 t11 t12
3394309160030 PointCloud26.pcd PointCloud6.pcd 0.10388874772371151 -0.07508226022130271 0.814696751433581 0.5750059629287599 3.306634275118003 -0.10915004693473557 0.566454308177146 -0.8168327760329502 3.398286478922868 -0.9911856140270628 -0.12409157888882194 0.04639351888651755 -11.237286469083653
3394309160061 PointCloud12.pcd PointCloud25.pcd 0.1273878311388968 0.1097485416550402 0.9832487076554984 0.14552400660504167 -5.245696306156632 0.008997803568949525 0.14541961302513642 -0.989329154366005 -14.288657861986913 -0.9939186572026539 0.10988682833448188 0.007112511726641346 3.891278231780315
3394309160092 PointCloud13.pcd PointCloud26.pcd 0.12592764134359308 0.20175182254730256 -0.38030700325078937 0.9025867190343796 -5.2907203243449175 0.366834578639194 0.8838006290050606 0.29039428383641497 0.9867398571162317 -0.9081456898611847 0.27251244274099384 0.31781814696126126 13.699254204361928
3394309160123 PointCloud9.pcd PointCloud21.pcd 0.16372956541438152 -0.6932706567814222 -0.6972701167666433 -0.18218172441298136 -8.420078411247818 0.14334859071348327 -0.3811594619205259 0.913328334241807 3.775970251670823 -0.706276842312074 0.6070682406885466 0.3641993590892207 0.8065716554230125
3394309160154 PointCloud21.pcd PointCloud1.pcd 0.15340450672260597 -0.5435417513332266 -0.823988509160285 0.16001656579685714 10.6243982031883 -0.26414172665964636 -0.013042934654153397 -0.9643956812910707 10.859081782788456 0.796738045278917 -0.5664563695708774 -0.21056036801286215 11.39955236959237
3394309160185 PointCloud15.pcd PointCloud27.pcd 0.1432579659814608 0.3436940590864378 -0.9122326621653702 -0.22294834340575354 -6.222626818196728 0.9385898550458598 0.3260101019353029 0.11298892618803681 -9.286926774232994 -0.030388776771702708 -0.24809067599330503 0.9682600573872211 15.840085256880844
3394309160216 PointCloud23.pcd PointCloud4.pcd 0.1525079963566269 -0.07791069084967259 0.9434159349675462 0.32232948655162996 11.94103383625868 -0.35829305255370364 -0.32820765330676627 0.874017062077517 -5.696729049389962 0.930352628170134 -0.047393142543790956 0.3635902601786085 -17.709619600169457
3394309160247 PointCloud11.pcd PointCloud26.pcd 0.10074150916433346 0.13289623359424857 0.9731371542526056 -0.18799646302418374 -17.921901629334837 -0.9836978531157724 0.10632011165034821 -0.14503298808918472 -6.243680673965479 -0.12114918436325947 0.20420605493422042 0.9714024718191316 2.1549639189483623
3394309160278 PointCloud31.pcd PointCloud14.pcd 0.13053132608922674 -0.11420220572951029 0.40616380929022367 -0.9066359888231711 -8.782140072173046 -0.005092372409895712 0.9123553747935196 0.4093674850652105 -15.85588898325183 0.9934444745177021 0.05136759784369105 -0.10212465883426641 11.508562782867571
3394309160309 PointCloud32.pcd PointCloud16.pcd 0.14026614410547783 0.5295701431347917 -0.21154012989076784 0.8214659073546469 -0.30955923635063753 0.5470577103821276 0.8252798320368169 -0.14014656736698008 4.325990316744506 -0.6482926229810582 0.5236066961747915 0.5527682178899753 3.7115559680492383
3394309160340 PointCloud17.pcd PointCloud27.pcd 0.18398058763461803 -0.05003437197187995 -0.5888591747479407 0.8066854615874477 -9.18916861157491 0.09808553462236894 -0.8066897480902707 -0.5827785842186546 -10.604088435577225 0.9939194079598321 0.04996521431185552 0.09812078189428944 1.9412702849096073
3394309160371 PointCloud4.pcd PointCloud16.pcd 0.18816647114216123 0.28230638386533524 0.9358581307408005 -0.21088543040052032 0.8644126912573212 0.8683201914090621 -0.3427283167782196 -0.3585489451521199 8.25341005735494 -0.40782735418336935 -0.08189542114613688 -0.9093789029744913 -2.3248308714110917
3394309160402 PointCloud25.pcd PointCloud32.pcd 0.23510277127141616 -0.7172403994927449 0.5092413267157951 -0.4756463817798099 -10.520241628331739 -0.048737588892777156 -0.7175794103717671 -0.6947693410329976 5.254473487284368 -0.6951193111721229 -0.47513478190429703 0.5394961373915014 5.2796873287734645
3394309160433 PointCloud32.pcd PointCloud17.pcd 0.171406814950504 -0.49497147227830846 -0.3707345831192105 0.7858492924919315 9.167499875273535 -0.6561822693870974 -0.43337193455594836 -0.6177488127720149 -2.265984585709204 0.5695858767320717 -0.8214284114995417 -0.028762715600186596 3.367264970927299
3394309160464 PointCloud23.pcd PointCloud7.pcd 0.21718845982757526 -0.8182449201156591 -0.5605888216395648 0.1273397964411882 -14.622061506445302 -0.263817607801091 0.16937068255286253 -0.949586142330272 -0.6867280905834774 0.5107597483348005 -0.8105885176489622 -0.286479902500384 7.5149555494522975
3394309160495 PointCloud8.pcd PointCloud18.pcd 0.20915306410914156 0.7974187401550515 -0.1521548166729748 0.5839283043428739 -1.9365786741258235 0.18501436263206372 0.982729888877293 0.003413374734027211 -14.13361709246285 -0.5743631590460706 0.1053132340707335 0.8117980563293936 -5.8779024617231
3394309160526 PointCloud35.pcd PointCloud21.pcd 0.21135086262960592 -0.6448798468443443 -0.23541072353295783 -0.7271256936594276 -0.5274561158230874 -0.1378812011359487 0.9716060235786338 -0.19227716796079236 1.6826777956421273 0.7517438110868108 -0.023738706607648277 -0.6590278569994389 4.824888187122768
3394309160557 PointCloud30.pcd PointCloud17.pcd 0.19120671416988397 0.6740729644189171 -0.6498925012592415 0.35109169093913395 3.8810964658454283 0.7314379387633646 0.6535854097545211 -0.19448561359035174 -6.30901375321299 -0.10307366480868949 0.38789927682714476 0.9159202861930094 -0.8583898497720337
3394309160588 PointCloud13.pcd PointCloud22.pcd 0.21059169043884673 -0.07320473892618712 -0.7697568192304679 -0.6341257804623162 4.610206380506973 0.26331004856847484 0.5983535228176347 -0.7567303879550455 -15.640755714863063 0.9619297710964227 -0.2223679405398159 0.1588823920340599 12.682275980988766
3394309160619 PointCloud25.pcd PointCloud34.pcd 0.17166618417243468 0.7387561646338081 0.3493540155912539 -0.5763602180978585 0.7334683771451784 -0.3271331954667306 0.9335452343987449 0.1465509049959012 8.758319306693092 0.5892564820511278 0.08028117538786869 0.8039475923460874 -9.902407232052582
3394309160650 PointCloud22.pcd PointCloud28.pcd 0.2559930110045102 0.9158991320892713 0.22642264218060032 0.33145371765312226 -6.241299267776119 0.39886155879139024 -0.42048319300993825 -0.8149253593518058 -6.116919991944324 -0.04514683551061169 0.878593575838182 -0.4754314795417472 -4.543929743884352
3394309160681 PointCloud21.pcd PointCloud7.pcd 0.29250493199314986 -0.06316337843394365 -0.9965153860742169 -0.05447451644728302 -14.652697168440952 0.46777189754404186 -0.07777755441142148 0.880420413153753 -1.758924164236485 -0.8815893825885479 0.030128679810659864 0.4710545861787251 6.7904658352808935
3394309160712 PointCloud22.pcd PointCloud9.pcd 0.2817123038949967 -0.09438842726856889 0.8920931785033529 -0.4418829999734668 -0.3072527970696725 0.6086617253795069 0.4029547362463157 0.683489856980119 7.055003945586074 0.7877954866942356 -0.2044437365253504 -0.58101723704185 -7.668501741202915
3394309160743 PointCloud29.pcd PointCloud34.pcd 0.2573358361008166 0.7983433431121165 0.211338181395353 -0.563900771052031 6.40068157491812 -0.3984162113281057 0.8875267842088452 -0.23143191193710655 1.6553546464902744 0.4515666385590596 0.4094293350462461 0.7927516575473438 -0.07007758594237226
3394309160774 PointCloud13.pcd PointCloud21.pcd 0.24392888346193117 0.7361380404070149 0.44866291418735144 0.5067567216116953 -10.40552333180392 -0.5554328678100503 0.8283071113342815 0.07349597723250742 -5.392741884592834 -0.38677527690123 -0.33557252382453984 0.8589505028999083 -9.3271648085061
3394309160805 PointCloud22.pcd PointCloud8.pcd 0.2515880492387363 0.352029248962216 -0.3102616206821053 0.8830702885992777 4.087362395181999 0.36173027859103535 0.9152549499659541 0.1773684924479848 7.125302531119728 -0.8632650887332062 0.25699436432445816 0.4344275351309095 -9.460772373022085
3394309160836 PointCloud30.pcd PointCloud20.pcd 0.2819425128736583 -0.8415829157819018 -0.5380735419423093 -0.047064416767767805 -0.27992432111309545 -0.4847702622412673 0.7140298897864404 0.5051327640710871 11.8026516065932 -0.23819317519728633 0.4479265341026601 -0.8617574086343632 6.405997803937464
3394309160867 PointCloud2.pcd PointCloud11.pcd 0.267714187046746 0.8331002537781542 -0.2588197549214726 -0.4888315677379731 25.570213607051727 -0.5211132524433058 -0.6635489837522213 -0.5367902050981878 -13.458119104582295 -0.18543178067077717 0.7019366642538226 -0.6876772310419195 15.889321430016338
3394309160898 PointCloud7.pcd PointCloud14.pcd 0.29825799756635885 0.011396116121151656 -0.7472889092024373 -0.664401546295901 -10.398253025691055 0.05487748412351173 0.6639107168915124 -0.7457955629613731 -5.24122692191117 0.9984280596385633 -0.027961512470342453 0.04857533887420584 -4.651920097421451
3394309160929 PointCloud3.pcd PointCloud11.pcd 0.2890994516763635 0.08705262972541722 0.22684177569615321 0.970033323374463 0.9618577404684513 0.8478106006492894 0.49443449345963886 -0.1917073736297112 -1.8750706593393707 -0.5231051759298323 0.8390931655521492 -0.1492770392226908 -12.874168465450005
3394309160960 PointCloud11.pcd PointCloud16.pcd 0.3473713738296487 0.3693601789335871 0.658597459689536 -0.6556084535060837 3.0042235142551874 -0.2882087708120704 0.7518947915723853 0.5929501891671128 7.4545939884133805 0.8834640698099409 -0.030060081450478338 0.4675335590714816 17.69466741320836
3394309160991 PointCloud29.pcd PointCloud19.pcd 0.31897985486087715 0.9482208257627395 0.004997063503791976 0.31757250344790133 3.2203561177750357 -0.28671482447707775 0.4436407255373375 0.8491039489189666 15.282281472309332 -0.136645069486267 -0.8961907921871567 0.4221021072963857 15.999195897959304
3394309161022 PointCloud26.pcd PointCloud13.pcd 0.35563566679371533 0.9273239869380887 0.28346373378702083 -0.244373760614287 -14.481981654939942 -0.3120408575962621 0.22507380453721076 -0.9230234480779644 -1.967592553392818 -0.206641540934627 0.9321963817451056 0.29716860436711084 10.80796640598114
3394309161053 PointCloud2.pcd PointCloud8.pcd 0.35421572013101854 -0.7722141137367515 0.33625489694802313 -0.5390899802669662 -2.6612760035009835 0.6351917915471332 0.4282323188483313 -0.642766263150863 -14.822892901225442 0.014722448740164762 -0.8387787106098101 -0.5442733909818096 -18.307841545165658
3394309161084 PointCloud23.pcd PointCloud11.pcd 0.32355059416636656 -0.9559082593104486 0.18748565532590517 -0.2260277169487938 -2.4827602254351273 0.04562994049755692 0.8551558077498143 0.5163588413128531 1.082510338921885 0.2900987906080575 0.48327804990375745 -0.826005458922012 -17.143043692080756
3394309161115 PointCloud4.pcd PointCloud10.pcd 0.3456154287247418 -0.02841183106263423 0.6181112126318818 -0.7855770469370991 12.334616134414754 0.1844703644346056 0.7756380861506453 0.6036192872646865 1.7255564094388776 0.9824273268293346 -0.12776575492403588 -0.13606049892477634 -10.152382612416648
3394309161146 PointCloud27.pcd PointCloud31.pcd 0.3469459340238841 -0.2656724886670065 0.35748506321621065 -0.8953337692407124 -16.82902180318133 -0.6861536200046529 -0.722488970242307 -0.08486988648938715 13.78317904600091 -0.6772084896986967 0.5917889129204035 0.4372351129821315 15.91058191988573
3394309161177 PointCloud25.pcd PointCloud29.pcd 0.35318051425112507 0.14683318592758382 0.9343925532546276 0.3245775283852122 16.010847417129053 0.03201410104860808 -0.3324512971724921 0.9425769105714273 3.65834857858617 0.9886430664524002 -0.12801051296915034 -0.0787286207485555 -0.352463842092208
3394309161208 PointCloud19.pcd PointCloud4.pcd 0.35933196321878047 0.49143656035389194 0.8679297033502922 0.07202872475484606 19.494358034589645 -0.20528511107378428 0.19581528137803533 -0.9589131341004069 5.321787959220819 -0.8463735170236364 0.4564585475386726 0.27440383390165246 -5.8152457798512
3394309161239 PointCloud6.pcd PointCloud12.pcd 0.3333752041200854 0.21006439969010976 0.5307656007424147 -0.8210729718188132 1.0193712421573502 0.974044392982142 -0.1860465474907838 0.12893487761971328 0.45596455023398763 -0.08432359386841098 -0.8268461520956021 -0.5560710137040161 -6.566770968882132
3394309161270 PointCloud27.pcd PointCloud30.pcd 0.42937090439468745 0.12090015412097309 0.1821954979203724 -0.9758011853195673 5.080882614387186 -0.211616901908831 -0.9556846781733328 -0.20465845384748083 13.496834103552988 -0.9698460906556426 0.23123926232861242 -0.07698677807056244 2.3911551835859473
3394309161301 PointCloud4.pcd PointCloud9.pcd 0.3936355458290151 -0.27007970395085373 5.2839324571347934e-05 0.962837967013051 8.44675540679093 0.038437052806174786 -0.9992022626237704 0.01083657414099541 -5.491473834444703 0.96207044777677 0.03993539251771213 0.2698622202885423 -0.43581230669924886
3394309161332 PointCloud28.pcd PointCloud20.pcd 0.4029791384035349 -0.9225624962592548 0.3854993875901309 0.016390932356832255 -17.965626751718883 0.12808932724540437 0.34605661846964725 -0.9294288251712298 5.3669813669980835 -0.36396643353709407 -0.8553566735467649 -0.36863721499232954 -16.02715819242581
3394309161363 PointCloud20.pcd PointCloud24.pcd 0.41204688586052196 -0.7892160530714238 -0.02785932107902095 -0.6134833981481316 -16.920181439572332 0.44275200475784215 -0.7180769122093316 -0.5369694688106794 -10.818895182656401 -0.42556865939267036 -0.6954059292103625 0.579052596714493 -17.865736861079462
3394309161394 PointCloud22.pcd PointCloud13.pcd 0.3906837953192676 0.3288746151047267 0.8616753698199604 -0.38646739136096864 0.5903350957798734 0.3036509884300651 0.2910147840710182 0.9072521549588861 -9.556199002978504 0.8942245605915564 -0.4157234086477845 -0.16594120265053164 21.671772993569913
3394309161425 PointCloud14.pcd PointCloud18.pcd 0.3957030216436471 -0.3939500363937603 0.3190736915895508 -0.8619717792136651 -29.630611904438048 -0.48404952137404345 0.7252012212015846 0.489672594317152 -0.7141012533543132 0.7813446292660587 0.6101435635185762 -0.13124557978819246 -7.2485373309646315
3394309161456 PointCloud12.pcd PointCloud16.pcd 0.4114384347405092 0.1738179792668864 0.8805305542234112 -0.44096853987851364 17.390328262045912 -0.0806066427540153 -0.4335608865380662 -0.8975118532967976 -3.911719362407309 -0.9814733206906352 0.19154869026787463 -0.004384065368924828 -5.526804583157594
3394309161487 PointCloud28.pcd PointCloud31.pcd 0.43670965386857574 0.37524037430606694 0.4508187139195495 0.8099118153666895 -13.102544037446073 -0.9212045068562587 0.2783194677471642 0.2718833029456811 0.4402009358881067 -0.10284414440482537 -0.8481160068368354 0.5197329322919424 -17.62009237823058
3394309161518 PointCloud3.pcd PointCloud8.pcd 0.4053670838391026 0.6919300590547695 -0.6776515833852623 -0.24904040819093987 -5.886256816012018 0.09934150194719821 0.4310321593986578 -0.8968514612548751 24.177080278501304 0.7150972377008165 0.5958184363542108 0.3655630335976071 1.2436869448444836
3394309161549 PointCloud20.pcd PointCloud7.pcd 0.41820776375929397 0.2235972325115485 0.08891507483404393 0.9706175287312881 5.768766048563006 -0.9390135561007698 -0.24727969545883255 0.23896923164452288 8.022321222577446 0.26126197402638424 -0.9648558761188344 0.028201405049988137 -3.9282677565069406
3394309161580 PointCloud22.pcd PointCloud15.pcd 0.4672311894449327 0.49220975803965816 0.6665351069836675 -0.5598754372615499 -2.1314807987067406 0.8678488060730719 -0.4256926163440615 0.25617229785378987 -2.0237565618961177 -0.06758700975841683 -0.6119777345201525 -0.7879817564915428 9.115922482195174
3394309161611 PointCloud8.pcd PointCloud12.pcd 0.4604382833031442 -0.8949116227134549 -0.3830529145028802 0.2289184401118008 11.902946274265094 0.33247253683182326 -0.9145062183669098 -0.23052199205469753 -8.412722796916745 0.2976494578946565 -0.13018771546925334 0.9457568180858725 3.5815719398188346
3394309161642 PointCloud10.pcd PointCloud14.pcd 0.44070090799924155 0.987169409514056 -0.08177667241520808 -0.13714639174387888 -11.838304105231428 0.12908961886324774 -0.0968005649978812 0.9868969150411973 10.087451245476123 -0.09398099393713169 -0.9919386203111493 -0.08500203711560156 0.3906720180924016
3394309161673 PointCloud21.pcd PointCloud11.pcd 0.45869358138179095 0.9433537283420165 -0.2553097679075069 0.21189777165943102 -0.9961831307302572 0.091191512999537 0.813570675665412 0.5742707233127775 -17.350098212319487 -0.3190107383460198 -0.5224171495159211 0.7907670141777459 -1.4555473424653878
3394309161704 PointCloud9.pcd PointCloud13.pcd 0.4420561289268912 0.621244549452568 0.5323970483949991 -0.5749857325497469 0.5462767641947335 -0.6801003445811868 0.0018350337666679373 -0.7331167396476679 -10.254425860261215 -0.38925407008280216 0.8464927734548999 0.3632234207930495 -19.392382130121717
3394309161735 PointCloud32.pcd PointCloud34.pcd 0.46391505540675104 -0.04586821225255894 0.0929387408691979 0.9946147483073042 12.571139023111051 0.8525166659990928 0.5226133611319383 -0.009518873891870172 8.050410442407319 -0.5206836287982801 0.8474890354523923 -0.10320316608238517 18.812091550057403
3394309161766 PointCloud14.pcd PointCloud0.pcd 0.49580885854897605 0.25546393344507123 0.8299331783870185 -0.49593255400426484 -13.565207506210125 -0.05777120071677505 0.5251401912933837 0.8490525707258002 -8.032081834254425 0.9650910149185484 -0.1882516902998993 0.18210061510801256 -2.829654061761348
3394309161797 PointCloud27.pcd PointCloud18.pcd 0.44346005240248937 0.5578273137957831 -0.27858658363692784 -0.7818044534286599 -6.108436713462963 -0.17163912366275008 0.8828956270586102 -0.4370758777936234 -2.9927308783302635 0.8120152087317478 0.3780010940966814 0.4446869389245064 -8.921171281491791
3394309161828 PointCloud12.pcd PointCloud15.pcd 0.48035005736057174 0.715040897354374 -0.6757099839733752 0.17925549550669873 9.726980274043868 0.6980184964707709 0.7042251910975479 -0.12975769267486983 11.241663775595969 -0.03855766714073211 0.21790570846658094 0.9752078796453305 -6.629739370911904
3394309161859 PointCloud22.pcd PointCloud14.pcd 0.4392120539121008 0.4902799216791159 0.0347435633646771 0.8708722542388437 -4.794115445739812 0.6809320171436885 0.6084213336553124 -0.4076212320055461 -15.802155017082795 -0.5440194724703779 0.7928533064557506 0.27463875912776053 -23.660879017578246
3394309161890 PointCloud28.pcd PointCloud24.pcd 0.5363484306129899 0.4877026627037584 0.4646815373118952 -0.7390650726919233 4.31581153836267 0.3126065265618725 0.6974817809368672 0.6448227080462172 7.72255366087661 0.8151216303979335 -0.5455183169634084 0.19490124041376689 -17.70608174285403
3394309161921 PointCloud20.pcd PointCloud10.pcd 0.5212576616045664 -0.5193640296828013 -0.774990887709083 -0.3600696163792906 3.5335293985351433 -0.46407849929995576 0.609596028809402 -0.6426692992101828 -17.59334983464076 0.7175598589380142 -0.16667874977841063 -0.676258858140256 -2.1556279468583535
3394309161952 PointCloud17.pcd PointCloud6.pcd 0.5602320219810297 0.025371693951303335 0.3438050717726044 -0.9386982208193837 -4.735998699595524 0.4533677604367438 -0.8408407525759561 -0.29571016655514515 16.78098182210355 -0.8909623734718619 -0.41807284225471375 -0.1772036896524803 -2.456318860283254
3394309161983 PointCloud10.pcd PointCloud13.pcd 0.5110023806012598 0.028396319977317168 0.6645563204974227 -0.7466984303577132 6.341865808378277 0.12805076842449864 -0.7432634805618918 -0.6566295753078122 3.2807300120954315 -0.9913610087741204 -0.07696944426166163 -0.10620289512254233 -3.692829131317022
3394309162014 PointCloud33.pcd PointCloud28.pcd 0.5647211591033352 -0.5673348736086702 0.6207796112329698 -0.541076533833133 -16.20499846952131 0.0006022816251229912 0.6573678188632565 0.7535696304787033 -9.5100588526625 0.8234869631295195 0.42720045060885437 -0.37332157258228926 3.425642322757569
3394309162045 PointCloud13.pcd PointCloud2.pcd 0.5708902198970516 -0.9182988818123101 0.2718420036239664 0.2878004321191472 -5.064325509309579 -0.06623802339643967 -0.8222296222371339 0.5652883976983009 2.964910652848294 0.390307171236698 0.5000403717516088 0.7730588196894977 -12.739111420108642
3394309162076 PointCloud27.pcd PointCloud21.pcd 0.5276760612035566 0.7655631092836007 -0.6046924471103736 0.21968197493580066 4.491242511388575 0.03538537630508104 0.38051896813561226 0.9240958770781075 7.5540125297216765 -0.6423869556955321 -0.6996801835815253 0.3127085541771276 2.996950552390563
3394309162107 PointCloud19.pcd PointCloud8.pcd 0.5377717276155769 0.08723249485554929 -0.7915484548852173 -0.6048483573674494 19.12478739029438 -0.6746517344955584 0.39979013378900163 -0.6204940661014469 -16.515884599006657 0.7329635250020367 0.4621892388338324 -0.4991448472365426 8.702875418394498
3394309162138 PointCloud17.pcd PointCloud4.pcd 0.507348064553484 -0.3141521104254777 -0.5851240854853894 -0.7476217332984006 -13.712276098619382 0.9477543407929667 -0.23925136061535507 -0.21099880556958206 -13.2913340068004 -0.0554090337698413 -0.7748474630716602 0.6297152117807736 6.736896819352288
3394309162169 PointCloud16.pcd PointCloud4.pcd 0.536319888189485 0.8286221752612608 0.4458685650978566 -0.33850629731642373 1.9740759757083488 -0.005523257479842225 -0.5981416496523406 -0.8013713624643621 -7.155040201822156 -0.5597810145870509 0.6659037389959266 -0.49317078796207814 -5.765202431073055
3394309162200 PointCloud14.pcd PointCloud16.pcd 0.632364925649574 -0.42947801832453536 -0.6926706626667172 -0.5794445485608448 -7.685500242359113 0.631338070492443 -0.689078014331065 0.3557860746465999 -7.397334696752996 -0.6457250750303176 -0.21302310495908144 0.7332532197206384 11.512487461529528
3394309162231 PointCloud18.pcd PointCloud20.pcd 0.6022207396111323 -0.395709870237327 -0.8109736542994854 0.4309703361356752 0.1227266584697834 0.8484590288347296 -0.14323480189858057 0.5095106160953884 -5.26947374311974 -0.35146973551870114 0.5672790526338984 0.7447573440102495 -3.0696756295404644
3394309162262 PointCloud16.pcd PointCloud8.pcd 0.6400357878353125 0.1906305639978706 -0.7038177281981275 -0.6843249181082629 7.278693791163223 0.1486861153685377 0.7097673164853039 -0.688565752521765 -12.016666547942659 0.9703362443846297 0.02951206402943196 0.2399512677821375 6.353078255098859
3394309162293 PointCloud24.pcd PointCloud18.pcd 0.6276653822302551 -0.301706817937081 0.9216834847053704 -0.24386994491254144 5.156976622150719 0.5252704397728069 -0.052773448950027384 -0.8492973143645285 5.442574856733694 -0.7956531663426991 -0.38433646341101146 -0.46821097998824535 -7.685736268322466
3394309162324 PointCloud30.pcd PointCloud27.pcd 0.6091455327466131 -0.30849454445267555 -0.9215731238701457 0.2356567278970771 -11.021758589876052 0.5975568633073634 0.005001350174329511 0.8018109388195565 14.944489152068831 -0.7401060134583428 0.3881725954477655 0.5491494559645345 -3.776726379598233
3394309162355 PointCloud9.pcd PointCloud0.pcd 0.6351935852654982 -0.8015028146580827 0.2709838060158024 0.5330675519785091 -11.176547558732942 0.1717021525939698 -0.7496054608184155 0.6392261132852814 8.278619488539698 0.5728102730309292 0.6038703751538077 0.5542823839180093 3.6159791056856516
3394309162386 PointCloud14.pcd PointCloud4.pcd 0.602714716621686 -0.1512269715855617 -0.8013854261923576 -0.5787156484419212 3.9215304057035767 0.061873124071591123 0.5766268993198593 -0.8146613624681034 -3.873840591161126 0.9865607531128945 -0.1590057158320371 -0.037617319814950145 -5.422596771815684
3394309162417 PointCloud13.pcd PointCloud4.pcd 0.6296118906514805 -0.7711797928259726 0.06039280243479808 0.6337463503255553 3.0639946632921653 -0.4029726163433036 0.7243600518700696 -0.5593885820538553 -15.793496028502307 -0.4928435833145467 -0.6867715957062157 -0.5342751891271161 9.586278237700828
3394309162448 PointCloud8.pcd PointCloud0.pcd 0.6380393470772387 0.10498346682572099 0.932688994700664 0.3450647922601168 11.479878984701974 -0.1584620560249479 -0.3268599220846524 0.9316932800740603 12.472061031038477 0.981767919873938 -0.15249206700376194 0.11348092794527709 -7.057561414998918
3394309162479 PointCloud32.pcd PointCloud33.pcd 0.5966250073218916 0.18066959849542102 -0.9631758736134868 0.19912491724643566 10.429108920588392 0.2753693589380099 0.24389544767241556 0.9298853298997364 10.276635609844728 -0.9442087758210961 -0.11316910838903216 0.3092936154673399 7.2615827535997335
3394309162510 PointCloud26.pcd PointCloud21.pcd 0.6501715156905095 0.7088607880952663 -0.5462720840611203 -0.44620980858389736 9.486996565643704 -0.2205801992231102 -0.7725634325882204 0.5953907274539966 1.7865115209879616 -0.6699707148910697 -0.32362409181491203 -0.6681367288102956 -2.2250204510902374
3394309162541 PointCloud0.pcd PointCloud2.pcd 0.6815572774072156 0.0628673229672766 -0.9738205919351604 0.21845172104147276 -1.461434193478591 0.018426099337192248 0.21997993919504072 0.9753303569637117 -10.813635271899722 -0.9978517818624886 -0.057291195438736064 0.03177326484729709 -2.0539936017698315
3394309162572 PointCloud14.pcd PointCloud15.pcd 0.6980843520135471 -0.20529640852085512 -0.9565566507179255 0.20700907858290385 4.5783000941983545 0.43767663162270015 -0.27891721445445167 -0.8547773707886612 -6.700609575944204 0.8753813744762023 -0.0848796880783273 0.4759231952446534 -3.445098186728375
3394309162603 PointCloud31.pcd PointCloud32.pcd 0.6432799643840585 -0.434776132976612 0.6137466620776388 0.659002844441858 3.6413038913827025 0.664931691931776 0.7123033924368307 -0.22469918154663493 1.3747252587417114 -0.6073183343672811 0.34049803510672205 -0.7177921209025719 13.871199010700767
3394309162634 PointCloud20.pcd PointCloud15.pcd 0.6475819870674221 0.011902437347360573 0.9888998676684899 -0.14810598809783299 12.63012962442335 -0.12004205213759184 0.14845840251564169 0.9816058315032055 8.098374491228322 0.9926974552721428 0.006095444835858943 0.1204765863081502 17.133349475761786
3394309162665 PointCloud3.pcd PointCloud5.pcd 0.6648738018500691 0.9645645540235324 0.1827948751795608 0.19026627323168158 15.9268924312065 0.2009063869871516 -0.041395225984145745 -0.9787354386827374 -6.716302747931332 -0.17103170697023698 0.9822792214405283 -0.07665302562219384 3.027701838770531
3394309162696 PointCloud22.pcd PointCloud23.pcd 0.6991205864861878 -0.49605050897096126 -0.31357167372412637 0.8096954353258393 14.385318977181898 0.1484263924126486 -0.9494105405292159 -0.27674759541392324 11.978086450017003 0.8555135876098151 -0.01710061314316294 0.5174978941455812 6.35373076125547
3394309162727 PointCloud31.pcd PointCloud28.pcd 0.6413287824074837 -0.551586517643438 -0.677078617937084 -0.4871517819801075 -8.502123644781616 0.8284175836173473 -0.5128408565164493 -0.2252078218914045 4.949721423337906 -0.09734793632933975 -0.5277867003059887 0.8437799347415982 -2.3505096497332345
3394309162758 PointCloud17.pcd PointCloud10.pcd 0.6557779158025497 -0.0410713150143964 -0.9378300074461 -0.3446563857186408 -11.675630136094718 -0.43838415786362617 0.3268863756684897 -0.8372363032839166 27.85276460786013 0.8978488053214682 0.11670550345192499 -0.4245554713424916 9.336257587182539
3394309162789 PointCloud34.pcd PointCloud35.pcd 0.6969221618036437 0.41999228148245865 -0.8849112386379553 0.20134195595404242 10.236223869681272 -0.7912881934761303 -0.465705811802624 -0.3962083943060035 -4.34791959976291 0.44437538001158633 0.007084954869255172 -0.8958126618071768 -15.693166918188382
3394309162820 PointCloud6.pcd PointCloud4.pcd 0.7718774860779634 -0.02448726832838539 -0.28733206424109126 -0.9575179677419985 -7.39865324073686 -0.4601237035101229 -0.8470840560026317 0.26596010891533817 -3.860499378844655 -0.887517070910719 0.4470893500465912 -0.11146551895978603 3.83803957871758
3394309162851 PointCloud17.pcd PointCloud13.pcd 0.7253529281721426 -0.22245480981313462 0.2889473697446413 0.9311408460102347 19.864748974505375 -0.6400327975139258 -0.7637321645557505 0.08409042115179227 7.169297432461775 0.7354399198421989 -0.5772543619069859 0.35483168680637656 -3.9400300534894
3394309162882 PointCloud13.pcd PointCloud8.pcd 0.7204128464510152 -0.25372024225982776 0.027307166696136365 -0.9668921125516765 5.8987086485852185 -0.6301064223381725 0.7537467912430973 0.186632449533632 -13.050338875497298 0.7338882307244088 0.6565973601361526 -0.174034397365672 4.997624295577349
3394309162913 PointCloud2.pcd PointCloud3.pcd 0.7321707008235749 -0.01351129115228624 -0.40035027518375477 -0.916262572722301 -9.144908853664646 -0.01226092773968937 -0.9162109913149156 0.40050853804220177 -9.333667988830195 -0.9998335434772931 0.016645616661194712 0.00747052766598786 -4.981686143951781
3394309162944 PointCloud21.pcd PointCloud19.pcd 0.7412928849166897 -0.3624527128819432 0.3728918579433182 0.8541543731692178 -7.2268779760631325 0.012032497788858398 0.9182683589417855 -0.39577574453637343 9.709831946722167 -0.9319244872421157 -0.13317238169357715 -0.3373156783082866 0.3923737268176428
3394309162975 PointCloud13.pcd PointCloud14.pcd 0.7158338508826408 0.5713150375903423 -0.7637252688037295 -0.3005375876888233 15.975955152203813 -0.13939394268110045 -0.451156003373114 0.8814916842286245 -8.899830473032155 -0.8088068104108447 -0.4617163354388387 -0.3642108853699543 -8.384813021886714
3394309163006 PointCloud6.pcd PointCloud7.pcd 0.7214388895867353 0.28231857889763373 -0.27696670848401084 -0.9184691951289133 16.678096108100444 0.2669207747284369 0.9422884267410951 -0.20210349044032616 -0.6311793862524888 0.9214388314085705 -0.18810093891664897 0.3399536979517703 3.8105116670726265
3394309163037 PointCloud12.pcd PointCloud7.pcd 0.714460126509004 -0.8965061439684743 -0.26394711813320737 -0.3558210964177821 3.0416408578225362 0.2690976772438425 -0.9624422958184558 0.03593420823768768 -8.34124222625848 -0.35194200364370637 -0.06353539209665289 0.9338629878212212 14.751183859849688
3394309163068 PointCloud8.pcd PointCloud7.pcd 0.7587138384864254 0.21512198986084527 0.9653631650246736 0.14763634068838072 -0.7982820044812728 0.161247089142882 -0.18421203138808698 0.9695696487281471 29.271907014677573 0.9631832150329751 -0.18476982195537156 -0.19529005907450195 -16.68206029678916
3394309163099 PointCloud25.pcd PointCloud21.pcd 0.7128720688475406 0.23631368688997717 -0.8223972362410321 0.5175119585203589 2.860653138985419 0.6365299179415322 -0.27138431042792516 -0.7219281263525515 -8.505962968363761 0.7341563218782576 0.5000133416986704 0.4593486183385301 -2.073363787643924
