id source target overlap t1 t2 t3 t4 t5 t6 t7 t8 t9 t10 t11 t12
26456013410030 1341848010.146752067.pcd 1341847998.618770672.pcd 0.15678332932889413 0.7715278390469498 0.1985044155589084 -0.604434273167199 7.222131413632864 0.6274150684150376 -0.3947099360502873 0.6712334901574353 -5.977285308738596 -0.10533340164115898 -0.8971064950086998 -0.4290743654798173 -10.366347584884174
26456013410061 1341848041.319290499.pcd 1341848030.565795004.pcd 0.10494980109139783 -0.13728064852714644 -0.9105855404006922 -0.3898563801621637 13.794371599035365 -0.13118942171452247 -0.37340107288561664 0.9183468704133964 -2.590925721049314 -0.9818061718945217 0.17721628700841768 -0.06819844902030295 -1.8159455834390652
26456013410092 1341847992.754765126.pcd 1341848022.078664812.pcd 0.14016403577463626 0.024176493067727192 0.616187733605926 0.7872281588818699 -3.5872340855461777 0.16377090783756884 -0.7792612833772469 0.6049222611008003 2.116443406704406 0.9862021024764676 0.11430017140336435 -0.11975342954653471 -9.014976668070961
26456013410123 1341848062.330839167.pcd 1341848001.299150444.pcd 0.18880314319704464 -0.1846412079602665 0.7371467677448713 -0.6500171283329861 1.1679203335382948 0.06524466601550177 -0.6507363008740137 -0.7564954727434463 -8.934190814567831 -0.9806379341426166 -0.18209038834626406 0.07205784199105257 -0.387107515604822
26456013410154 1341848033.642933862.pcd 1341848048.791156077.pcd 0.15832542452964682 -0.41750776341131157 -0.8094012195272756 -0.41298539116903754 4.6979759009730495 0.84943770139444 -0.5090629662437509 0.13896218136184968 3.332007144119319 -0.3227117273062977 -0.29278757184496806 0.9000736518930622 4.56153335452284
26456013410185 1341848039.642714153.pcd 1341848031.094760980.pcd 0.1022910666765661 -0.5409592197623232 -0.8335316566532596 0.11219670187225134 -7.285953866340336 0.1902323722411552 -0.25120686818280075 -0.9490557169783507 -4.314430846830955 0.8192525661269794 -0.49205699541278886 0.2944573757943544 14.079338573609395
26456013410216 1341848023.118789499.pcd 1341848061.826739555.pcd 0.12172476535196232 -0.7552581386411247 0.3670741412309323 0.5429932954060456 3.2033383460757965 -0.5804142657624638 -0.7594278480352096 -0.2939194170653421 10.692946410245366 0.30447401221740333 -0.5371460867102953 0.7866191311022458 7.407818061815368
26456013410247 1341848003.953824312.pcd 1341848022.586067084.pcd 0.1763263364730834 0.4721220368568474 0.8586085739095314 -0.19973006564656864 0.6002603964076949 0.0753439634336438 -0.2650447069653386 -0.9612879851968232 1.3171167937002837 -0.8783075028076737 0.4387967868144647 -0.18982441990705462 8.4685058173371
26456013410278 1341848025.766716064.pcd 1341848001.299150444.pcd 0.16637131817518047 -0.8467204467619979 0.2714074270530964 -0.4576051721468858 -14.743558033175209 0.5229470608907875 0.5828745922076618 -0.6219192723050468 -19.832075231728076 0.0979329185761861 -0.7658950439186627 -0.6354635514016361 3.5003715009250214
26456013410309 1341848030.565795004.pcd 1341848046.617769255.pcd 0.18122991806774746 -0.3921890774440101 -0.8006709007247613 0.45289495058591167 -15.208381876969032 -0.035306824930470326 -0.47887396358910006 -0.8771733894218372 -22.953078711742833 0.9192068078767395 -0.3600081050880166 0.15953999067315452 1.999662701249206
26456013410340 1341848040.178809768.pcd 1341847993.261798642.pcd 0.19386267947749108 -0.2486598418121871 -0.46804184602486726 -0.848000656508928 7.075010094647477 0.9432227825646571 -0.31606938233239773 -0.10213191471328975 -0.5462698584834009 -0.22022503381978215 -0.8252496446055892 0.5200614949767237 21.237209155246312
26456013410371 1341848064.349789703.pcd 1341848024.222838323.pcd 0.2706780235352104 -0.5688618205874459 0.5161864959471304 0.6402716068042996 -4.3437826099368495 0.6053826232844782 0.789772476029616 -0.09884996475089566 13.3922399002161 -0.5566939091665545 0.3313773340285555 -0.7617617435845588 -15.16169144263114
26456013410402 1341848039.138655903.pcd 1341848002.338850337.pcd 0.2509546165884194 0.22461756047098985 -0.45558531180246414 0.8613878192764933 2.7290568673359017 0.1839448751990443 0.8879073018476853 0.42164547455602014 1.2791402041330933 -0.9569280194539552 0.06373889703638541 0.28324215538742786 -1.6246735065300786
26456013410433 1341848049.794721934.pcd 1341848025.766716064.pcd 0.25899442093328695 -0.7311911369276021 0.13366150393496984 -0.6689500158041425 -9.757725503465613 -0.6798342883388475 -0.22389903934931882 0.6983513160131258 21.7742029273195 -0.05643457873797941 0.9654034506589946 0.2545806665447567 -4.044140032132136
26456013410464 1341848017.854725532.pcd 1341848025.262678568.pcd 0.26612582455449446 0.9638357107262052 0.03752468561140067 0.26384203739866025 5.459525654491163 0.08178796683488246 -0.983910517944337 -0.15884212652669355 -1.223092089265742 0.25363645481264446 0.17467681771852694 -0.9513971610961436 20.101589040426138
26456013410495 1341848041.818704277.pcd 1341848031.094760980.pcd 0.20687334663758294 -0.22205980263162228 0.7590517717845189 -0.6119884409088034 -2.3748316747196565 0.014219818084204305 -0.6250712867814759 -0.780438135418178 -11.631226840898801 -0.9749293517116291 -0.1820063026165109 0.12800962846211988 1.7869130953990213
26456013410526 1341847993.826735163.pcd 1341848022.078664812.pcd 0.1904264627021535 -0.12986293380952468 0.2606522505658365 -0.9566587807036255 -6.78716431338953 -0.040373404210421765 0.9626387897434261 0.2677621121700634 -14.42290876572467 0.9907096480073487 0.07339594509423616 -0.1144876787644808 5.886725631314349
26456013410557 1341848000.194808601.pcd 1341848053.553915154.pcd 0.20727197158327784 0.8308873936153718 0.5269058190475879 0.17887536718297767 -20.06769531701312 -0.3438635058552277 0.23347449727562075 0.9095314994341035 3.013128487793528 0.4374746032308692 -0.8172269678465629 0.37517469871022346 -4.764315571166747
26456013410588 1341848001.834761461.pcd 1341848033.139110331.pcd 0.2564467659667558 -0.27918771826422245 -0.921413945443472 0.2702786693631437 -1.4647409725998097 -0.01766905348912229 -0.2764937140375539 -0.9608532825809141 9.610696112777754 0.960073967212535 -0.27303400381639975 0.06091313684888122 -5.522118980383026
26456013410619 1341848043.401743502.pcd 1341848000.194808601.pcd 0.20040788111869418 -0.22617674575917618 0.9325639694661596 -0.28136901487425525 29.477420136620054 -0.8525371330930409 -0.32924312929305827 -0.40593028774755546 -12.881633567106832 -0.4711947754117055 0.14806554179428263 0.8695125525016174 2.2665254241702346
26456013410650 1341848033.642933862.pcd 1341848025.262678568.pcd 0.33488250844171447 0.7671446692553741 0.5890233850189925 0.25404824017070227 -14.92021700325277 -0.07293372712865731 -0.31337974581403333 0.9468230068817797 -16.469367243633354 0.6373144654565639 -0.744878907483827 -0.1974479306184665 4.016104073242472
26456013410681 1341847995.938733318.pcd 1341848060.218851439.pcd 0.2915524100708979 0.24257473067766977 0.6734037321521396 0.6983444089847253 1.473587488035152 0.12911375181788526 0.6910310965348251 -0.7112001565757609 -18.685272044010112 -0.9615025424449826 0.2626850531443434 0.08068099978550092 -11.783319845597315
26456013410712 1341847984.878778671.pcd 1341847992.754765126.pcd 0.2978184393630434 -0.27792124181331945 -0.6118853326707211 0.7405107176883963 -0.8375718203251836 -0.6952140141977979 -0.4038534927912454 -0.5946257905803413 10.040542906171119 0.6629006394716532 -0.6800725667329574 -0.31315179412757754 -3.262464085001638
26456013410743 1341848067.090939900.pcd 1341847987.526760515.pcd 0.3376036713062018 -0.8736634570571292 -0.16862364133472826 -0.4563750994368587 0.6852627144922329 0.2735139721529576 0.6055365014085773 -0.7473390478885545 -0.1845694799080745 0.40237081260958396 -0.7777477824107742 -0.48291419125453966 -19.6495378521989
26456013410774 1341848027.842836251.pcd 1341847990.674786632.pcd 0.3050834649176885 -0.2530407914125517 -0.7971083037427042 -0.5482597103433178 3.9093655575933632 -0.8354196505530744 -0.10576174155814615 0.5393407656504071 -8.515946207710016 -0.4878979046389613 0.5945021498085749 -0.6391579057806408 2.770661709553318
26456013410805 1341848053.553915154.pcd 1341847999.122718151.pcd 0.3346995002106174 0.8676936819226757 -0.4866310256246536 0.10147866401844569 -0.7818512531097659 0.17010535040461178 0.4824858380786421 0.8592273190589758 -3.308002050517345 -0.46708868977443146 -0.7282840523813826 0.5014284544496421 -9.075498043520822
26456013410836 1341848030.565795004.pcd 1341847990.139193433.pcd 0.36734652427705045 0.13896905011450927 0.20316158583635793 0.9692331882218683 -16.05140639798694 0.08959224043835642 0.9721371868420765 -0.21661606683717988 5.806532933566872 -0.9862356886482597 0.11693870188791228 0.11689527979034581 8.181403271514622
26456013410867 1341848029.018728572.pcd 1341847992.754765126.pcd 0.285717158311717 0.3839200667020666 0.7661631336941858 0.5153634008652402 7.203852513431438 -0.11057363934883124 0.5922664819993374 -0.7981189664337538 6.188149175764651 -0.9167217967653195 0.24942828000857098 0.3121004333020551 -9.213076434116303
26456013410898 1341848036.458823098.pcd 1341848066.486874080.pcd 0.28138115068936237 0.8853221085651533 -0.4641415694476499 0.027881312673961597 0.6030005045929769 0.4592442216125427 0.8634432679712294 -0.20871144652522874 2.2870589402717045 0.07279772662137586 0.1975811896558882 0.9775797484056854 12.807786081892022
26456013410929 1341848036.458823098.pcd 1341848053.553915154.pcd 0.307686087413577 0.5151609450689002 0.7042834960267823 0.4884608048758988 -1.6784050840590992 -0.8444836797720665 0.31968708511992655 0.42970627433882636 -8.85561554476907 0.1464804262498829 -0.6338650683164503 0.759446219224136 -8.992672459044512
26456013410960 1341848025.262678568.pcd 1341848032.634745913.pcd 0.42946535417873 -0.18486992978913963 -0.41485070388709855 -0.8909107713705887 1.3574114782049993 -0.008291608011796653 0.907162896133354 -0.4206979071917573 10.498225870062964 0.9827280184752735 -0.07038730967528589 -0.17114692033553558 6.719307739248434
26456013410991 1341848003.953824312.pcd 1341848026.806747293.pcd 0.39623619861518306 -0.031120725695507362 0.4269122823812912 -0.9037573809292967 -7.804595356819678 -0.1632124487287662 -0.8942296196042809 -0.41679141546143106 -5.52241488365243 -0.9860999934145345 0.1345336038853494 0.09750647370033974 -4.001459626604428
26456013411022 1341848000.730804852.pcd 1341848057.638818971.pcd 0.43938056338353954 0.6058385283429722 -0.2870242943128192 -0.7420085794985454 -7.322077628824557 0.5873246479864294 0.7904772361063193 0.1737685157481947 -13.628939876860846 0.5366651054827749 -0.5410755896101227 0.6474780080321026 -13.324101987365404
26456013411053 1341848009.646873063.pcd 1341848026.806747293.pcd 0.4154706240337475 -0.5199922537865009 0.1707460017616178 -0.8369312151452211 2.4751334744377758 0.8467432420880281 -0.02589373700491379 -0.5313712415648544 -17.828859952705933 -0.11240079172447898 -0.9849747800153776 -0.13111348044106036 10.920668088194066
26456013411084 1341848032.634745913.pcd 1341847991.178777999.pcd 0.41072072662884873 -0.3597545984539108 -0.04641339526908428 0.9318918529694642 1.2098966001043518 -0.8815474627748506 0.3441353465997923 -0.32317941471551764 4.731257001425903 -0.3056970718971465 -0.9377721791353362 -0.1647198842680331 14.282208344021281
26456013411115 1341848030.054776241.pcd 1341847990.674786632.pcd 0.3778375753651924 -0.2148700104217085 0.7899834488698276 0.574244746717902 8.201718966857282 -0.08789818238384184 -0.6012345477096823 0.7942234749577417 -0.6353730915233162 0.9726791804880949 0.12017973686136224 0.19862538280124709 1.6031698799972367
26456013411146 1341847996.974781428.pcd 1341847998.050805120.pcd 0.4531352057478772 0.5599243673483418 0.6838600415461981 0.46778215701968706 10.401920950060614 -0.5047315344740299 0.7292641621399069 -0.4619738736399177 -0.9635748217058054 -0.6570622352236127 0.022566023017175557 0.7534985027510923 -6.1632458855274885
26456013411177 1341848026.806747293.pcd 1341848048.286640362.pcd 0.3989857019703477 0.12449979131526623 -0.9914511451626856 -0.03904393317859611 6.606770236666484 0.696819885720907 0.11537969244304502 -0.7079050596200387 3.496468743014219 0.7063581590286597 0.060927443138111825 0.7052276213013036 10.242621916422808
26456013411208 1341847985.882781928.pcd 1341847998.618770672.pcd 0.3688438444240087 -0.4150219751324425 0.33034857154857983 -0.8477184564659301 -30.525579252549772 0.3025287397367033 -0.8286242342549529 -0.4710183011717432 -11.92749590902739 -0.8580402798181961 -0.4519421419620057 0.24395732931868624 5.4406451704024485
26456013411239 1341848033.139110331.pcd 1341847992.218736062.pcd 0.3790913792678822 -0.04306707007024729 0.7777913765375877 -0.6270452950619505 12.720844206106017 0.07691289062031359 0.6283461639322874 0.7741224099120285 7.302127158275111 0.9961072405780373 -0.014888682122452035 -0.08688321133950155 20.113955047138255
26456013411270 1341848000.730804852.pcd 1341848039.138655903.pcd 0.4761697321094693 -0.003561575642157311 0.012646056541620022 0.9999136924919527 -0.805620348165293 0.041222126085333856 0.9990719551795716 -0.01248858257260515 -12.899551750719361 -0.999143659090098 0.04117408927485936 -0.0040795676775710055 7.782826596606043
26456013411301 1341848038.098673603.pcd 1341848059.214738089.pcd 0.49034249458275525 0.3449520727226757 0.8625402515785685 -0.3701788512747716 2.4228881818648023 0.24463334779706192 0.2981377448264956 0.9226420813378138 8.673669263504491 0.9061802208556151 -0.4088253900096605 -0.10816287631862143 -0.9131330138831623
26456013411332 1341848048.286640362.pcd 1341848045.538885610.pcd 0.5128791775752597 0.1987987706002286 0.9138582679879794 0.3540368834427401 14.094120717363749 -0.28026322606799803 0.3991725189740021 -0.8729913082098288 -3.3802868224311156 -0.9391121194627381 0.07432607971607708 0.33547587238465215 6.1061949555909045
26456013411363 1341847992.218736062.pcd 1341848032.134738914.pcd 0.4592881347899239 0.005185904027287094 -0.4743770050950468 -0.8803065167522468 -12.607007252231107 0.033123058959179164 -0.8797538064839118 0.474274290829953 17.15340071884121 -0.9994378266628727 -0.031617985611388094 0.011150498700576009 -3.842607236455438
26456013411394 1341848060.723165202.pcd 1341848061.826739555.pcd 0.541784117324519 0.22549701492242769 0.7919347668330436 -0.5674419982184677 8.26798233081731 -0.16121722989413956 0.6047458637827053 0.7799304103719575 5.2212078244789435 0.9608122090431277 -0.0843905523077238 0.2640419164353697 -17.570997894388828
26456013411425 1341848034.715163563.pcd 1341848040.178809768.pcd 0.5232377550815659 0.7874045992176569 -0.47099352179510345 -0.39769221712013225 16.329421340899323 0.24314026152334733 0.8301401862258904 -0.5017470323172846 -6.751045510165765 0.5664598929820532 0.29838293121405146 0.7681736886947322 -11.588257285958626
26456013411456 1341848059.214738089.pcd 1341848040.178809768.pcd 0.5209005147515372 -0.053413720751609384 0.9880455078810262 -0.1446134460954244 16.670828611205707 -0.9157259154170221 -0.10622113987802073 -0.3875088609008458 0.24419023559983144 -0.3982373943631188 0.11172799022241067 0.9104525434813914 -17.15827366975613
26456013411487 1341848035.319913712.pcd 1341848023.687172031.pcd 0.47120571167969305 0.7417988673855522 -0.19300148693558486 0.6422498473228041 18.42963759175974 0.5882415266326936 0.6471469375621715 -0.48494612850165225 1.9433327539550336 -0.32203469796025075 0.7375305195343147 0.5935843546330157 1.272727316513109
26456013411518 1341848045.538885610.pcd 1341848011.654891901.pcd 0.48522860145345825 0.13929099456687044 -0.11427588323450247 -0.9836356242753443 17.918092459252573 -0.014897491417351548 0.9929647640637672 -0.1174693239839961 6.126660293326671 0.9901394263345147 0.031016122239271922 0.1366086255666037 -13.735430970844735
26456013411549 1341848010.650955567.pcd 1341848045.538885610.pcd 0.5442650877271977 0.08523530878217683 0.6626651298596449 0.7440496406859606 10.180603969777023 -0.33122408256713143 0.7231412909125519 -0.6061000581627511 3.631672453527004 -0.9396943914190236 -0.1947860340102136 0.2811278209110632 7.166163454954341
26456013411580 1341848034.142710232.pcd 1341848036.994835815.pcd 0.5589390724950996 0.20925277658860103 -0.42909318363873433 0.8786878372008664 -2.0419809384769634 0.7900588690340802 -0.455308382688819 -0.4104890499317635 -15.844382965367407 0.5762119913283226 0.7801110923503569 0.24373433209415069 21.775662312213633
26456013411611 1341848029.018728572.pcd 1341848027.842836251.pcd 0.5794051999758701 -0.5157624308283262 -0.219763902318757 0.8280657837295828 9.937557955838855 -0.4891947166961542 -0.7179369986446857 -0.4952322638253997 2.7263578013143226 0.703333238303598 -0.6605076026925751 0.26277759166771014 3.6032718811117754
26456013411642 1341848009.646873063.pcd 1341848030.565795004.pcd 0.6271408753633487 0.30394469524677875 -0.8343673744565134 -0.459835521326796 -4.854938049918421 -0.6941462285337598 0.13663685204431125 -0.7067470439101798 3.01060935930759 0.6525171535244874 0.5340051077526923 -0.537642919836517 4.757791359627237
26456013411673 1341848067.626656114.pcd 1341848064.349789703.pcd 0.6178820175089383 0.6269102259779278 0.7790518370396655 0.007861537344975106 0.19480442982592505 -0.7642038727608338 0.612936100592734 0.20075302599840875 -7.405441292288347 0.15157839365043885 -0.1318619421792991 0.9796103402797749 11.931356700255957
26456013411704 1341848004.457752214.pcd 1341848011.154629886.pcd 0.5632075761532436 -0.23445690399179847 -0.654186375556574 -0.7190758973896519 -3.925913579133269 0.5169754094307446 0.5425199336003843 -0.6621242690689929 13.039386466592122 0.8232656838557612 -0.5269841626485442 0.21100072536159264 -5.534026922623881
26456013411735 1341847995.434743037.pcd 1341847993.826735163.pcd 0.6180555555555556 0.8547037350470725 0.5062891616576749 0.11468570130819532 -2.64076280196037 -0.4882798593364546 0.7090599658953168 0.5087403500125623 -10.291916215709268 0.17625068585102271 -0.49082099542756025 0.8532470018608581 1.9169735268609442
26456013411766 1341848045.538885610.pcd 1341848047.214886925.pcd 0.5873000014801001 -0.42271855529497215 0.6342677109991709 -0.6473125163266998 -0.434609107999519 0.7424553668717983 0.651960648332945 0.15397188453919017 -2.7368904762530777 0.5196816825832861 -0.415513879201596 -0.7465113294373009 -6.560978614707569
26456013411797 1341848042.354987391.pcd 1341848036.994835815.pcd 0.6241546155094722 -0.3192547420312257 -0.16572423224789182 -0.9330658543406365 -3.26201920090933 0.6468603714238712 0.6814405818077851 -0.3423600346810917 -2.7856650394901763 0.6925662925467471 -0.7128633896556293 -0.11035269872884568 -3.872523862375046
26456013411828 1341848014.774749580.pcd 1341848012.190966899.pcd 0.6087202543632066 0.6602896203033373 -0.7436764894201016 -0.10470385094861079 -0.1917893695005537 -0.5538404659064415 -0.5763426111720298 0.6009075909588286 -3.2613844442388014 -0.5072261385656411 -0.33878381548002073 -0.7924311772795092 -10.476934381908316
26456013411859 1341848026.806747293.pcd 1341848027.842836251.pcd 0.5512702024712836 0.9904051952501509 0.048895098944533 -0.1292548587895821 -10.574027233049678 -0.1365174011036151 0.4914162552453597 -0.8601587430681281 -13.5446945828381 0.021460391828322933 0.8695512252764823 0.4933762440599902 -5.028506831280461
26456013411890 1341848035.886689172.pcd 1341848034.142710232.pcd 0.6921291295655487 -0.41482349874458707 0.8919734072484375 -0.17973565492386917 -9.470704228117041 -0.8295340633881505 -0.45190127419198917 -0.3281135109415647 -6.377298400139977 -0.37389129779662317 0.012987653570577434 0.9273815925964279 2.200833071964561
26456013411921 1341848034.715163563.pcd 1341848036.458823098.pcd 0.662010153099103 0.6845396250899176 -0.5789984985736709 -0.44290658194611415 6.435368107723145 0.2419534619295357 0.7535917911229397 -0.6111938600905873 -2.0563888923257285 0.6876510917188075 0.3112236350304302 0.6559541333480396 0.8940768103105721
26456013411952 1341848066.486874080.pcd 1341848064.910831773.pcd 0.7261358868025812 -0.5728140804043651 0.3270664272668948 0.7516060014697662 1.1895457202077795 -0.761809759579233 -0.55085986794873 -0.3408801784987482 -4.818286683168647 0.3025391206114215 -0.7678417532528278 0.5647026850133536 7.211185427597119
26456013411983 1341848032.634745913.pcd 1341848031.094760980.pcd 0.6796201265698265 0.966216582369137 -0.0544114177218271 -0.25192243563526767 -0.23478746748058002 0.21468346399688865 0.7107554751089976 0.6698788434402745 2.8575433526540777 0.14260619285711734 -0.7013316278509647 0.6984249576974715 -3.0365073585524422
26456013412014 1341848010.650955567.pcd 1341848006.501659261.pcd 0.6399094961502094 -0.872294689992907 -0.31331506397148956 0.3754139641765071 -15.554059438737 0.319211871146327 0.21671344091929914 0.9225719840988985 1.6906887808700564 -0.3704129521620958 0.9245912368249328 -0.08902409593532598 0.1284303919508465
26456013412045 1341848000.194808601.pcd 1341848000.730804852.pcd 0.7117342128252395 0.06303827150009655 -0.60879881327925 0.7908161488462772 2.0857009996612854 -0.4628459731770522 -0.719858750999186 -0.5172784392604044 -0.11232080330385294 0.884194425135144 -0.33341773132164004 -0.3271587305884759 0.4208483989485148
26456013412076 1341848039.138655903.pcd 1341848037.530725572.pcd 0.6532276995305164 -0.4658330792877341 0.8412658797420329 -0.27435608581398485 -5.588890433552049 -0.8768269201746499 -0.4805656792949038 0.015204602621101654 -3.6888912264542806 -0.11905500534771946 0.24764560861378246 0.961507960568171 -4.186455956143312
26456013412107 1341848010.146752067.pcd 1341848027.842836251.pcd 0.6425637563928012 0.28760142440573033 -0.01407673959509792 -0.9576467334472389 -16.91639152171833 0.7202440213243327 -0.655894152608763 0.2259455915042093 0.20897915883164978 -0.6312954699871918 -0.7547216082609565 -0.17849740501656092 1.2906732573710722
26456013412138 1341848047.786695118.pcd 1341848010.650955567.pcd 0.7235395749242007 -0.09655377251453735 0.9952495992999917 -0.01247413750192039 4.006264106803322 0.6708672963391058 0.05581561542013411 -0.7394739263678807 7.251603826925953 -0.7352648772489198 -0.07976748816703166 -0.6730696160989985 3.1758639204312686
26456013412169 1341848052.481495965.pcd 1341848053.046693080.pcd 0.6913693063502011 0.5555004799374375 -0.6428190304773914 -0.5274494391364767 -0.3835985430866 -0.2667377650099727 0.4630420762411682 -0.8452473012957529 -9.992665694417681 0.787572334142561 0.6102259660866418 0.08575598408777951 0.3983739600199093
26456013412200 1341847993.261798642.pcd 1341847992.218736062.pcd 0.7639073718106691 0.03670259876561562 -0.8784549710646525 -0.47641345809669433 2.5786632662042908 -0.6752283075643322 -0.3732446726258624 0.6362036993135299 -5.713478470971381 -0.7366950874735476 0.2983375239023969 -0.6068567128442504 -13.032170251381974
26456013412231 1341848034.715163563.pcd 1341848033.642933862.pcd 0.7579709854124446 0.3146404967827695 0.9354561940195417 0.16100641867567256 -0.3069854096619439 0.7221399418890871 -0.3459893584942413 0.5990035627082444 4.624076639819404 0.6160481004862512 -0.07220161271895065 -0.7843925452272382 3.726790385335244
26456013412262 1341848059.718702567.pcd 1341848059.214738089.pcd 0.7353253544353172 -0.7625096344259193 -0.6005190669854927 0.2407403322971122 -4.692168365510087 -0.6325455123597057 0.6138150948555577 -0.4723528385868556 13.079362782915979 0.13588683601161713 -0.5124528071094312 -0.8478955644915332 11.826697602345002
26456013412293 1341848011.154629886.pcd 1341848047.214886925.pcd 0.7934692505881035 0.4363273210907839 0.25978609956194554 0.861469472090643 -14.181192486166918 0.7972715162595448 -0.5554411109048489 -0.23631187375583507 12.311844720706034 0.4171050206254373 0.7899343990428435 -0.4494741894457071 8.998705760144066
26456013412324 1341847984.343094134.pcd 1341847983.302701577.pcd 0.7834149795916779 0.44829574412700113 0.8310598106762079 0.3291967753129486 4.9859834023902785 0.23994417428563458 0.24288273829402948 -0.9399121068829677 26.65703349479775 -0.8610793918240081 0.5003474457990364 -0.09052466215555283 13.909487268120202
26456013412355 1341848058.142698714.pcd 1341848059.214738089.pcd 0.7447636842004919 -0.8327177754058914 -0.34632989405135367 -0.4320147115659849 -28.161018581472806 -0.06679798334098708 0.8373727745559416 -0.5425355894815207 -13.05646393591963 0.5496536508972175 -0.4229213176453299 -0.720429332507011 6.331655108172511
26456013412386 1341848051.406687676.pcd 1341848051.906706860.pcd 0.7973430465810198 0.474920719947258 0.2031965512226326 0.8562484869101997 16.885579227047778 -0.2585550992232474 0.9622544823821757 -0.08494452190146323 10.489253645509422 -0.841189378457928 -0.18104549899580352 0.5095320960086083 -10.523137860894405
26456013412417 1341848030.054776241.pcd 1341848032.134738914.pcd 0.7463116578319103 0.06408514025021866 0.9595997674570964 0.27397332186801815 -16.406948593989437 0.029709825614021967 0.27258138931842246 -0.9616739117077178 3.2136503115292783 -0.9975020907552498 0.06976870712235855 -0.01104112518633571 -1.5256008243921193
26456013412448 1341848012.190966899.pcd 1341848048.286640362.pcd 0.7391247354918448 0.45059256313469315 -0.2617539448634306 0.8534935350640566 -3.611159959428478 0.17653324153206384 0.9632959389695536 0.20222993991728422 11.975265487307956 -0.8751013408068175 0.05954667340161397 0.4802622585680786 -10.103563349319124
26456013412479 1341848019.431028294.pcd 1341848019.966704575.pcd 0.7945905079913845 -0.5508355568076093 -0.558773776609035 -0.6199613342221649 5.431662347870152 -0.8077988160870528 0.17015878684835248 0.5643642972288845 4.961604722703392 -0.20986010122175816 0.8116759537108222 -0.5451063053045895 -3.58490830463321
26456013412510 1341848041.818704277.pcd 1341848041.319290499.pcd 0.8993053944091212 -0.24338438149989722 -0.8445787803845854 -0.47691794531763887 3.2553936311252683 -0.37460455006437393 -0.37169975908326486 0.8494178713498501 -11.903355783103509 -0.8946705951985794 0.3853906755767824 -0.22591713805174413 -4.925071854404686
26456013412541 1341848031.094760980.pcd 1341848032.134738914.pcd 0.8258235516849678 -0.39187335806001256 0.8965272562220293 -0.20657722549634744 -8.931575347626113 0.8914986267111066 0.3145554180018062 -0.32601393770500064 -6.000941350148667 -0.22730039554514692 -0.3119194893826107 -0.9225187056793543 3.6153009256948616
26456013412572 1341847994.898727473.pcd 1341847994.333754902.pcd 0.869295744203254 0.999566644755371 -0.021837523560858853 -0.019739434065302697 -12.334123378809775 0.02942050635728571 0.7633936166066395 0.6452632175553754 -1.2310346899855324 0.0009780072445586263 -0.6455643335012893 0.7637052669799166 -1.484297767160355
26456013412603 1341848012.695338887.pcd 1341848014.234750506.pcd 0.8693177338144353 -0.21075088039256873 -0.9068512030730388 -0.3649725495139858 7.294764381361926 0.6280802259828476 0.1604776545144558 -0.7614211397977295 -8.350751944649462 0.7490656153789812 -0.389702216938165 0.5357545015866755 12.145389520378117
26456013412634 1341848034.142710232.pcd 1341848034.715163563.pcd 0.8671823953148822 -0.016211183822484487 -0.8646609532243625 -0.5020942476151368 -3.78813539667145 0.832368950423138 0.26655515531767593 -0.48591180222860725 -12.023801186150653 0.55398477225512 -0.4258048674483493 0.7153957554855469 -2.7573024668160455
26456013412665 1341848014.234750506.pcd 1341848013.198718496.pcd 0.8434701021527053 0.8216650325131492 -0.5367799463908958 -0.19166080323778498 -5.01678385284043 0.295833696327774 0.6890602890303312 -0.6615726280602027 -11.794825170450324 0.487184768298653 0.4868913710819118 0.7249743404450699 0.376107201762368
26456013412696 1341848008.034820288.pcd 1341848009.110806650.pcd 0.8364925571712555 0.21481435418062 0.9173642265047506 0.3351084438913826 17.027800139659753 0.38621161813796157 -0.3949410676893319 0.8335839124333362 7.3186242427437005 0.8970481476783844 -0.04964301543773636 -0.43913573273536755 -12.535866184098657
26456013412727 1341848036.994835815.pcd 1341848035.886689172.pcd 0.8752360388498036 -0.015405267562597302 0.9976256480900909 -0.06712483895065086 -5.800152247255667 0.05002608456116037 0.06781774719586556 0.9964427449827498 6.5087335406928934 0.9986290946066034 0.011992474227768557 -0.05095205557278237 4.195806899446169
26456013412758 1341848062.330839167.pcd 1341848061.826739555.pcd 0.8963081522760002 -0.2361645661524725 -0.9379875501804071 0.25378268932409964 3.565565803149729 0.6403623705104264 0.04620497661858991 0.766681899205885 8.471191183958274 -0.7308640996302129 0.34357598263300293 0.5897399528855787 -9.855800039551132
26456013412789 1341847995.938733318.pcd 1341847994.898727473.pcd 0.8210918021497525 0.28901614925494634 -0.2008506703969266 -0.9360174537213224 -23.160112472444663 -0.9500863619327331 -0.18018162092431014 -0.25469685579235524 12.497652005524738 -0.11749710779106942 0.9629089218000804 -0.24290088097522514 -2.9202285846852565
26456013412820 1341848039.138655903.pcd 1341848040.178809768.pcd 0.9336384976525821 0.32789892551490624 0.7631252161354132 -0.5568861635419301 2.7082035485531986 -0.48910098569556926 -0.36719451251368274 -0.7911690184603172 22.732916961634608 -0.8082465715595663 0.5317970425624029 0.25284260931276853 -14.360152528394714
26456013412851 1341848049.294746615.pcd 1341848049.794721934.pcd 0.9552296858112025 0.8677222207062449 0.438358102777548 0.23430817617379748 -12.970409996924797 0.07474419033687091 0.3509609546674429 -0.9334022253615012 -2.6019858994460976 -0.49139744983415234 0.8274470267202522 0.2717718974955027 -6.443473017124164
26456013412882 1341848025.262678568.pcd 1341848024.727054153.pcd 0.9464852345107122 -0.2613076995634961 0.18356486561659388 -0.9476403464711682 3.0068707935464873 -0.37472347889303714 -0.9240438403714795 -0.07566568203503954 -22.630558387713776 -0.8895507857987275 0.33533106206060004 0.31024583526967253 -1.321969672601918
26456013412913 1341848030.565795004.pcd 1341848030.054776241.pcd 0.9549271058863672 -0.34074777105566795 0.5830706197459058 0.7375090568323345 -2.3406132117968417 0.6254669349168348 -0.4450769891487815 0.640856916211408 9.11878701964506 0.7019131497887287 0.6796580950149722 -0.21303240137191606 9.984267296277737
26456013412944 1341848049.794721934.pcd 1341848049.294746615.pcd 0.9753151555291133 -0.5259046455527333 0.8295825247708638 0.1876622987732296 -9.986561054547845 0.4736135177025428 0.10235900115086127 0.8747644658608515 3.052715558179478 0.7064803887125791 0.548922097822812 -0.4467325720006613 -2.368674349618353
26456013412975 1341848065.982774603.pcd 1341848065.414914429.pcd 0.9213125840596339 0.25024752395608707 -0.6621601678560552 -0.7063427559327612 3.757665851590775 0.7661592408250196 0.581472141140332 -0.27366067816934764 -10.978262999733845 0.5919258352634028 -0.47268812253167364 0.6528320950789753 5.811327891594943
26456013413006 1341847982.798737093.pcd 1341847981.694720058.pcd 0.9928996254352969 0.2570222339514369 0.5622487580895971 -0.7860126622907027 -3.8615824086189527 0.9628069964068827 -0.21910025919243997 0.15810681228764967 -9.841975217177612 -0.08332021918219668 -0.7974154566150012 -0.5976506760867248 12.327805819103077
26456013413037 1341848064.910831773.pcd 1341848064.349789703.pcd 0.9388981025125941 0.2763682368292374 -0.6023263695132721 0.7488815275201144 4.910583358864821 0.042224368440518745 0.7860887983416305 0.6166696877839957 10.711547424613494 -0.9601237943003484 -0.1388068647825914 0.24268282573665878 -10.560413646730627
26456013413068 1341848039.642714153.pcd 1341848040.178809768.pcd 0.9890038177931827 -0.5395002897521586 0.25860737053314325 0.8012875047467486 0.2160683591458321 -0.7863655757334358 -0.49490430193393453 -0.36972816126000885 -6.989777320989445 0.30094620558956897 -0.8295733601274927 0.4703609481111526 -24.24731714705789
26456013413099 1341848016.850753668.pcd 1341848017.354736791.pcd 0.9524463526393718 0.7830675971940053 0.33222564918881353 0.5257673023742335 -8.130042200874168 -0.12186661278427026 0.9109475960859228 -0.3941103980787203 5.156616988650572 -0.6098800430521529 0.24454160219960533 0.7538207597833547 2.5962630529901256
