id source target overlap t1 t2 t3 t4 t5 t6 t7 t8 t9 t10 t11 t12
26456013410000 1341848040.178809768.pcd 1341847988.537777588.pcd 0.11518946345676347 0.9418717339523386 0.03572233462154709 0.33406818404451694 0.034977929417966916 0.06574117314151452 0.9555142470587397 -0.28752499338622256 -0.061523983941266895 -0.32947797336937784 0.292773698403658 0.8976234325080041 0.692120643573548
26456013410001 1341848040.178809768.pcd 1341847988.537777588.pcd 0.11518946345676347 0.999648857904976 0.00732551179128523 -0.025465619298822816 -0.06760771609470521 -0.006718205939777618 0.9996929179374444 0.023852369581840168 0.9842054813850757 0.025632530078546142 -0.023672910735980452 0.9993910979686874 0.5309781531623438
26456013410002 1341848040.178809768.pcd 1341847988.537777588.pcd 0.11518946345676347 0.8802972318792122 -0.44509899722268487 -0.164206169851066 -0.2988643749621136 0.4058093074367378 0.8857354048939683 -0.2253699148400988 0.8110569022689654 0.24575514143861155 0.13175612011849228 0.9603357409092976 -0.5015343332891474
26456013410003 1341848040.178809768.pcd 1341847988.537777588.pcd 0.11518946345676347 0.9861641400213633 -0.11476165833025263 0.11962462419257829 -0.08442328906933426 0.11477225448309016 0.9933683919763308 0.006824032768674131 0.09733692550950467 -0.11961445789198737 0.006999971403477487 0.9927957402525238 0.2523226280786196
26456013410004 1341848040.178809768.pcd 1341847988.537777588.pcd 0.11518946345676347 0.9985745473546113 0.03739102855657178 -0.03808916327533275 -0.29765772428556353 -0.037317440232627105 0.9992999708762399 0.002641374875032199 -0.1781193095464796 0.038161263475121304 -0.001216219646191116 0.9992708535626138 -1.3486119612392016
26456013410005 1341848040.178809768.pcd 1341847988.537777588.pcd 0.11518946345676347 0.996882832117586 -0.07487438996865557 0.024868549536363985 -0.4414405331904778 0.06961059297624696 0.9830785498206711 0.16944299993797804 -0.1753737628990935 -0.03713467886916728 -0.16718370318098605 0.9852261796237328 1.24114675788293
26456013410006 1341848040.178809768.pcd 1341847988.537777588.pcd 0.11518946345676347 0.8975401631975013 -0.17315246903240766 -0.40551187148514384 0.0076056584989370795 0.2317724906786922 0.9676353828618759 0.09981622312202698 -0.4736524420349779 0.3751042095364943 -0.18357556564459182 0.9086235984643309 -0.05268164332365995
26456013410007 1341848040.178809768.pcd 1341847988.537777588.pcd 0.11518946345676347 0.949269709525973 -0.16862115040117415 0.2654315848083258 0.03036320318387202 0.10762221919653187 0.9673131070494524 0.22961448313542474 -0.00453561250571686 -0.29547330930506815 -0.1893997375069966 0.9363884145591467 -0.49141870762689266
26456013410008 1341848040.178809768.pcd 1341847988.537777588.pcd 0.11518946345676347 0.9962974827665754 0.06664172822380526 -0.05431579781546272 -0.175332113633398 -0.07219132162040884 0.9915704202429171 -0.10759421351533618 -0.21395321780573426 0.046687674130164565 0.11111697331474404 0.992710068109358 0.9341416016389777
26456013410009 1341848040.178809768.pcd 1341847988.537777588.pcd 0.11518946345676347 0.9993349734309737 0.03358120992228397 0.01420961709092516 0.4396680524393648 -0.024652082461440766 0.9093481752482275 -0.4153049132902636 0.8169976792734334 -0.026867930847565103 0.41467842783640735 0.9095712813073509 0.7177564325928788
26456013410010 1341848040.178809768.pcd 1341847988.537777588.pcd 0.11518946345676347 0.9891479781759656 0.029039784126845748 -0.14402419313526987 0.48104822672866837 -0.04368722012641572 0.9940674751529079 -0.09960563056749618 0.4560581536651241 0.14027724002141406 0.10481672471981095 0.984548500659559 -1.0376273410631516
26456013410011 1341848040.178809768.pcd 1341847988.537777588.pcd 0.11518946345676347 0.9869022930227989 -0.15316038649661495 -0.05065333191951965 -0.0036360709972642585 0.15737160846286286 0.9830983438545711 0.09355117936301396 -0.0011948674271138311 0.035468871932342286 -0.1002972697465237 0.9943251061927583 -0.30599262803912813
26456013410012 1341848040.178809768.pcd 1341847988.537777588.pcd 0.11518946345676347 0.8864982827707646 -0.46273131735977496 -0.0007228962392624438 -0.055024985058122707 0.4609755725664831 0.8829964974696032 0.08842345250789689 0.01496375881955395 -0.04027798581717594 -0.07872047631271302 0.9960827126637682 -0.7773991723681714
26456013410013 1341848040.178809768.pcd 1341847988.537777588.pcd 0.11518946345676347 0.9580552649341199 -0.25715044838433415 0.12650595332927683 0.5770022943394338 0.2645767368571235 0.9632854972017908 -0.04560922269382466 -1.2527444028711687 -0.11013291808560102 0.07716668825623108 0.9909167687437305 -0.01468428445084911
26456013410014 1341848040.178809768.pcd 1341847988.537777588.pcd 0.11518946345676347 0.8478663214979549 -0.5210970088598558 0.09788058145943829 -0.06723915476120383 0.5258986309748651 0.8500120141122107 -0.03016961722768905 0.39417426274041667 -0.06747837289301592 0.07705506616838442 0.9947407631988834 -0.5231517368119218
26456013410015 1341848040.178809768.pcd 1341847988.537777588.pcd 0.11518946345676347 0.9818305789816922 -0.14814988285389846 0.11857624714440523 0.04596657298164711 0.14009893676511387 0.9873969364671777 0.0736177816326786 -0.014803246185620253 -0.12798828889300587 -0.05566778301323208 0.9902121468860257 -0.13146025668692846
26456013410016 1341848040.178809768.pcd 1341847988.537777588.pcd 0.11518946345676347 0.9170556674181518 0.3920926070498917 0.07261053885674686 0.0539260939283388 -0.39862300117936467 0.9061748876547597 0.14123305531864544 -0.3278398193952163 -0.010421410029554896 -0.15846280472307245 0.9873099481582737 1.0109536725924724
26456013410017 1341848040.178809768.pcd 1341847988.537777588.pcd 0.11518946345676347 0.9957288426524586 -0.08488076825150914 -0.03632254246372259 0.07252300599513613 0.07173324283844801 0.9589293357058799 -0.2744246180548681 0.21026487650654596 0.05812412392351028 0.27064697357205675 0.9609223703892064 -0.952392489898473
26456013410018 1341848040.178809768.pcd 1341847988.537777588.pcd 0.11518946345676347 0.9489028447293993 -0.25361273713017957 -0.18778703584058173 0.15730711112699575 0.2486204683895681 0.9673054768524918 -0.05007970795566937 0.27753492930210866 0.19434828005980723 0.0008330765341781551 0.9809322362025233 0.12368487368744657
26456013410019 1341848040.178809768.pcd 1341847988.537777588.pcd 0.11518946345676347 0.997773980486568 -0.03013511403879926 0.05948914830335361 -0.5785191211881298 0.027565494349158635 0.9986707612641981 0.0435528887362641 0.5573748723795037 -0.06072254429185539 -0.041816091374678496 0.9972783899778778 -1.238950533156468
26456013410020 1341848040.178809768.pcd 1341847988.537777588.pcd 0.11518946345676347 0.8898398533830799 -0.42664783610671564 0.1617302052080436 0.2419416464606418 0.3548962551936896 0.8699672750866476 0.3423530171150951 0.3166393104536894 -0.2867641598608068 -0.24724191437490964 0.9255472718319445 -1.2804654205498198
26456013410021 1341848040.178809768.pcd 1341847988.537777588.pcd 0.11518946345676347 0.9423500911485101 -0.1876417467243372 -0.277068368094653 -0.11733540003809337 0.14175204610067516 0.973871946206046 -0.17742544862313311 -0.28341212780503916 0.3031215319614668 0.12792187959488274 0.9443269188063239 0.22705545799783056
26456013410022 1341848040.178809768.pcd 1341847988.537777588.pcd 0.11518946345676347 0.9753753103599578 0.14623617041851472 -0.1650999285328223 0.1082563446033088 -0.09909520065939385 0.9593377821766149 0.26429370195812124 0.005101763888858899 0.1970358981162833 -0.2414249410267731 0.9502056896818335 -0.10685474357718677
26456013410023 1341848040.178809768.pcd 1341847988.537777588.pcd 0.11518946345676347 0.9845939500901877 -0.07922030721096819 -0.1558810327499807 -0.5912400439631591 0.06834356914276175 0.9949175479379571 -0.07394747704926213 -0.2510484489898939 0.16094691672296577 0.0621547723873431 0.9850039970816605 -1.0446882419784145
26456013410024 1341848040.178809768.pcd 1341847988.537777588.pcd 0.11518946345676347 0.98774444087122 0.0726357623933876 0.13814834617009408 4.218284218843214e-05 0.01420293252099028 0.839611823572225 -0.5430011624532004 0.00026276838870673474 -0.15543228826664363 0.5383084912382993 0.8282902703913289 0.18958960569775318
26456013410025 1341848040.178809768.pcd 1341847988.537777588.pcd 0.11518946345676347 0.9954759885702386 -0.09499740253566642 -0.0017463366178924983 0.499918191747241 0.09501091862723947 0.9954155185905071 0.010994120737913674 0.4535336107161651 0.0006939176568677504 -0.011110304256333529 0.999938037889157 -0.6225714202904046
26456013410026 1341848040.178809768.pcd 1341847988.537777588.pcd 0.11518946345676347 0.9891871145950953 0.00705532046802638 -0.14648916264394193 -0.39861134784427193 -0.019376075775697263 0.9963735322679041 -0.082851384318636 -0.1483661082184148 0.14537338135492436 0.08479390691006833 0.9857365638670215 -0.27086144523377575
26456013410027 1341848040.178809768.pcd 1341847988.537777588.pcd 0.11518946345676347 0.9772306740870098 0.21216666435558887 -0.0023486506064213644 -0.670363300300571 -0.2121485912268656 0.9768382737768994 -0.0279278020084571 0.4075544901789321 -0.0036310967908359457 0.027790167699929497 0.999607183705332 -0.1487391418350154
26456013410028 1341848040.178809768.pcd 1341847988.537777588.pcd 0.11518946345676347 0.9992539752777436 0.037706312487816765 -0.00835026288194332 0.7660713421966766 -0.03768472129201407 0.9992859545139171 0.002728166481846186 -1.0471796669818163 0.008447169512308143 -0.002411453872783214 0.9999614143642992 -0.3701129452147204
26456013410029 1341848040.178809768.pcd 1341847988.537777588.pcd 0.11518946345676347 0.9661035386756979 -0.2577321062353879 0.01476868219461115 -0.1717353201263498 0.2569832627090385 0.9655880816007641 0.039990740903034165 1.4434814830712548 -0.024567361390918613 -0.03483989216440022 0.9990909001028191 0.2294556089967967
26456013410031 1341848058.678730316.pcd 1341848054.622693593.pcd 0.10701722914213067 0.8646880952663868 0.3539612445465718 -0.35640697981890046 0.08840501994146131 -0.3151968347746003 0.9348042792662523 0.16368235950638058 -0.022446503420125666 0.3911079815762668 -0.0291958357397879 0.9198815955995608 0.07400464642594379
26456013410032 1341848058.678730316.pcd 1341848054.622693593.pcd 0.10701722914213067 0.879587807551606 0.4753234660130114 0.019821489952485068 -0.1767003516140752 -0.47530107758678203 0.8798018787724 -0.006126969348630446 0.06166412135146621 -0.02035127640721112 -0.00403196799749398 0.9997847612274677 1.3407445758762886
26456013410033 1341848058.678730316.pcd 1341848054.622693593.pcd 0.10701722914213067 0.9807901973301203 -0.19239658591487446 -0.032158086843652914 -1.116519941889786 0.19368758001470088 0.9800976145117961 0.043517667404578325 0.21427193299877387 0.023145413567107507 -0.048910323619732646 0.9985349618687472 0.8198045635743058
26456013410034 1341848058.678730316.pcd 1341848054.622693593.pcd 0.10701722914213067 0.9638998544771145 -0.21147045568278583 -0.1617940570982523 -0.3348241658678983 0.21425610977448134 0.9767774894172344 -0.0002357797064923145 0.25416211363221763 0.1580866533370322 -0.03443809723372524 0.986824517072624 -0.9245207560557689
26456013410035 1341848058.678730316.pcd 1341848054.622693593.pcd 0.10701722914213067 0.9723762710449895 0.038109009834976885 -0.23028697505078022 0.18323330128754156 -0.02448917391329169 0.9977933179373877 0.0617152739647451 -0.036232565220685214 0.2321307128961732 -0.05437093018237434 0.9711638039390768 0.3046073988915221
26456013410036 1341848058.678730316.pcd 1341848054.622693593.pcd 0.10701722914213067 0.9989177532384156 -0.045696336060033864 -0.008669898257997157 0.07364052985499929 0.04578860318726608 0.9988931991161799 0.010760138363545618 -0.02170166041901532 0.008168603508229531 -0.011145475769656873 0.9999045215852327 0.3524476093608148
26456013410037 1341848058.678730316.pcd 1341848054.622693593.pcd 0.10701722914213067 0.9262352797766449 0.31041116360604143 0.21385302430834036 0.26301810022205885 -0.28359730996753046 0.9475890754826455 -0.14713092742562833 0.31971748700573954 -0.24831587197813326 0.07562971330560787 0.9657222034255248 -0.7687596765176762
26456013410038 1341848058.678730316.pcd 1341848054.622693593.pcd 0.10701722914213067 0.9911957734265249 0.12798293746355424 0.03393090714368097 0.15716406620554546 -0.12776275677502294 0.9917675696653452 -0.00858869846606661 0.23514678035086153 -0.03475078017310491 0.004177975382246098 0.9993872761842958 0.35322238455830035
26456013410039 1341848058.678730316.pcd 1341848054.622693593.pcd 0.10701722914213067 0.9773375028884489 0.21165388437484026 -0.00374682222859045 -0.41323664914403924 -0.21163522538888566 0.9773368028333121 0.004827546183620447 -0.1108062854622702 0.00468367615943758 -0.003925182365338443 0.9999813278861921 0.5110948471587109
26456013410040 1341848058.678730316.pcd 1341848054.622693593.pcd 0.10701722914213067 0.9998118789105773 0.019388760358676125 -0.0005317528138740551 0.08168540577155627 -0.019389833114239193 0.9998098099151012 -0.0020924553355644426 -0.33448702755284826 0.000491081564698747 0.002102372298906193 0.9999976694320911 -0.5456309382580793
26456013410041 1341848058.678730316.pcd 1341848054.622693593.pcd 0.10701722914213067 0.9997467087595978 -0.0009485280582098959 -0.02248596493091698 -0.36066314330506827 0.0012530710665023224 0.9999076331770884 0.013533474317237114 -0.3667942737524 0.02247105109366125 -0.01355822291879767 0.999655553905459 0.5014002744155059
26456013410042 1341848058.678730316.pcd 1341848054.622693593.pcd 0.10701722914213067 0.9962685832764139 0.08626166272492944 -0.002799199945983054 -0.7565312690783067 -0.0862100603899437 0.9961625638934567 0.015098734542237157 0.7913939540406565 0.004090900141696608 -0.014801075675274541 0.9998820893959873 0.7677450059722885
26456013410043 1341848058.678730316.pcd 1341848054.622693593.pcd 0.10701722914213067 0.9851221856219605 -0.16208246226911666 -0.05712753119286387 1.171247200863039 0.1537339304019696 0.9797077574977817 -0.12860244376305516 0.624887845609871 0.07681248621528683 0.1179066805717461 0.9900494213108648 0.33783442445935413
26456013410044 1341848058.678730316.pcd 1341848054.622693593.pcd 0.10701722914213067 0.9316774836205577 -0.34524651592413147 0.11305710838648647 0.030605839258114467 0.36062094612282103 0.9165459187958754 -0.17290492172319977 0.06504532538799662 -0.043927209471427746 0.20186238376892535 0.9784283204646012 -0.01477554595099696
26456013410045 1341848058.678730316.pcd 1341848054.622693593.pcd 0.10701722914213067 0.9997955221885491 0.020106920474154827 0.0021507116898050586 0.3632406577412597 -0.020129103722415075 0.9997385717222018 0.010844694287272878 -0.1892134844862402 -0.0019320960273512351 -0.010885768686600256 0.9999388816547955 -0.6244652193171583
26456013410046 1341848058.678730316.pcd 1341848054.622693593.pcd 0.10701722914213067 0.9953843169843621 -0.059737198808477616 -0.07511010970629255 -0.49108049670953596 0.05358662460661071 0.9952403399564559 -0.08139495922124647 -1.1099682391143766 0.07961491797926483 0.07699436863741797 0.9938477408704416 0.6298400627369978
26456013410047 1341848058.678730316.pcd 1341848054.622693593.pcd 0.10701722914213067 0.8664404478123816 -0.45420538306279606 -0.20731237394680097 0.301155633992519 0.4149914029552126 0.8860160448340294 -0.20677936011586726 -0.12911229126211707 0.2776023880804052 0.09312914846299117 0.9561714678019911 -1.1055899165772616
26456013410048 1341848058.678730316.pcd 1341848054.622693593.pcd 0.10701722914213067 0.9769087374923835 -0.1511131115399397 -0.15104352396496654 -0.19565181887853134 0.16884816045812442 0.9792120757829863 0.11240110920574914 0.24964075543687067 0.13091836128269077 -0.13530904685752912 0.9821160035950753 1.2275779619744958
26456013410049 1341848058.678730316.pcd 1341848054.622693593.pcd 0.10701722914213067 0.9627196172066406 0.2686489354015462 -0.03160202767411594 0.3774236770775466 -0.2695083331083937 0.962618302992091 -0.027041840354574728 0.8483979618742726 0.023155928628211506 0.034550719996015576 0.9991346509440668 -0.7306421337482671
26456013410050 1341848058.678730316.pcd 1341848054.622693593.pcd 0.10701722914213067 0.8939065491978855 -0.11936969716295129 -0.4320670743071657 0.5339164250575364 0.023511702481894818 0.975049461638622 -0.2207390930592864 0.9212990049553946 0.4476363268854879 0.18716148844636477 0.8744096843556858 0.5225479803010932
26456013410051 1341848058.678730316.pcd 1341848054.622693593.pcd 0.10701722914213067 0.9021632123018466 -0.38607177297564477 -0.19248408890257707 -0.0704409088784666 0.41246870676766445 0.9026700109055489 0.12270459383896931 0.7670564657468172 0.12637683453316667 -0.19009323376495607 0.9735982016058565 1.1483744452091689
26456013410052 1341848058.678730316.pcd 1341848054.622693593.pcd 0.10701722914213067 0.8635116755832736 -0.42930261088959 -0.26466366281518244 -0.9053834884517981 0.3804364738598883 0.8989914422127642 -0.21698496764815 0.07669759886858198 0.3310825810706776 0.08668134234998597 0.939611978105847 0.2368311868583183
26456013410053 1341848058.678730316.pcd 1341848054.622693593.pcd 0.10701722914213067 0.9130090213148122 -0.4078019505880818 -0.010587544300947382 -0.0015636128907324342 0.38053363210401214 0.8607376557016434 -0.3381195689323048 0.046800052980657064 0.14699891780383 0.30467730003036814 0.9410436020773468 -0.050042718627923886
26456013410054 1341848058.678730316.pcd 1341848054.622693593.pcd 0.10701722914213067 0.9995685006248847 0.029138918418795078 0.003706209910777309 -1.3830688734394432 -0.028879529203291062 0.9979452350320278 -0.05719511054161045 -0.07537637944424593 -0.005365198180514646 0.057063397289800276 0.9983561405321402 -0.33205866731518013
26456013410055 1341848058.678730316.pcd 1341848054.622693593.pcd 0.10701722914213067 0.9799698035505325 0.19913489280294347 -0.0021162697112200313 0.12831340730653254 -0.1870596495106324 0.9240876881091019 0.3332726094507834 -0.012874623444859725 0.06832182414199563 -0.3262012249418068 0.9428281334327985 -0.45336162190441737
26456013410056 1341848058.678730316.pcd 1341848054.622693593.pcd 0.10701722914213067 0.8947588726984034 0.42502088603589727 -0.1369810430707228 0.14071360978918407 -0.40168011405887394 0.9000651019335053 0.16892571814581334 -0.005633370453380404 0.19508881489499183 -0.09612522413336469 0.9760636739414996 -0.7383397630673251
26456013410057 1341848058.678730316.pcd 1341848054.622693593.pcd 0.10701722914213067 0.9244735236156166 -0.2892591442315942 -0.2483502599397307 0.4680728804004027 0.3063686180100362 0.9513623767736179 0.03237125203437989 0.06785647917421904 0.22690741290743804 -0.10601309135224092 0.9681292529562336 0.32934984296793895
26456013410058 1341848058.678730316.pcd 1341848054.622693593.pcd 0.10701722914213067 0.999803519092638 0.01804545395450375 -0.008202731347116911 0.2662781174227367 -0.01814715832368074 0.9997572072377825 -0.012498288718260335 0.2108460639278858 0.007975202489739956 0.012644689307595247 0.9998882477444977 -0.43429391810099016
26456013410059 1341848058.678730316.pcd 1341848054.622693593.pcd 0.10701722914213067 0.982056896684224 -0.0012941047581295946 0.18858042572819197 0.04245995692820825 0.015125196931802014 0.9972955251866725 -0.07192262412073963 -0.030246375964296017 -0.1879773393064317 0.07348442512202144 0.9794205221312041 0.13113018347365074
26456013410060 1341848058.678730316.pcd 1341848054.622693593.pcd 0.10701722914213067 0.9606395170493588 0.2777979485798143 -0.00013434292468057492 -0.04909114814541906 -0.27779360787525853 0.960621568487936 -0.006075654649877278 0.15799118434356188 -0.0015587516869934076 0.005873833554356331 0.9999815340157806 -0.491869286320372
26456013410062 1341848015.274779910.pcd 1341847995.938733318.pcd 0.16014747122154022 0.9923868342955023 0.12088533096599863 0.023560727369763352 0.13778861893537206 -0.12054144806923164 0.9925870934764732 -0.015511968324485323 -0.9306314329595669 -0.02526124332498449 0.012553828944512442 0.9996020563026609 0.08647215337035764
26456013410063 1341848015.274779910.pcd 1341847995.938733318.pcd 0.16014747122154022 0.9575331734300969 -0.2724362598797094 -0.09438594219290951 0.9088256227889732 0.2690577947231065 0.9619722958858304 -0.0470872068282108 -0.5675478700339155 0.10362492402712052 0.019692289122889173 0.9944214845172412 0.6848330630153201
26456013410064 1341848015.274779910.pcd 1341847995.938733318.pcd 0.16014747122154022 0.983406432143685 -0.04639489978237886 0.1753833016356206 0.5225741485042893 0.07474311407399355 0.9844993824929119 -0.15866452902144584 -0.2627401526904188 -0.16530352723686825 0.16914041251356304 0.9716307244719014 1.355498661954696
26456013410065 1341848015.274779910.pcd 1341847995.938733318.pcd 0.16014747122154022 0.9967143081247004 0.07873701684370096 -0.019001846174895608 -0.021018493808986526 -0.07740284547668891 0.9950119817049428 0.06292817950421256 0.002080695973349727 0.023861841748101985 -0.06125061993284093 0.9978371480688776 -0.05660755577571418
26456013410066 1341848015.274779910.pcd 1341847995.938733318.pcd 0.16014747122154022 0.9993679003778497 -0.03538059704276126 -0.003465984314139219 -0.5663972364967298 0.03531781522308145 0.9992357054563596 -0.016752816748219455 1.06182999252588 0.004056059939939554 0.016619816305510085 0.9998536543333402 -0.10561033439133334
26456013410067 1341848015.274779910.pcd 1341847995.938733318.pcd 0.16014747122154022 0.9999170773797684 -0.012226350659510391 -0.004044096172557985 -0.11016640576930897 0.012146317052851494 0.9997408091470948 -0.019255687678285806 -0.4065142856874071 0.004278474769566525 0.01920497007190505 0.9998064131511576 0.5748346797723651
26456013410068 1341848015.274779910.pcd 1341847995.938733318.pcd 0.16014747122154022 0.980663471676046 0.0028279542961474266 -0.19568126633580393 -0.7873265266840037 0.0163021920881269 0.9952399098459475 0.09608205026409523 -0.08026425440605274 0.19502152151341337 -0.09741419056959418 0.9759493232859295 -0.22834960602077334
26456013410069 1341848015.274779910.pcd 1341847995.938733318.pcd 0.16014747122154022 0.8983349555121782 -0.4354498109919552 -0.05811858405022608 -0.9184756793406919 0.4363404722008825 0.899776752960571 0.0029643129460612348 0.23935437088905542 0.05100294133129509 -0.028022436346646425 0.9983052854897416 0.09747248914044362
26456013410070 1341848015.274779910.pcd 1341847995.938733318.pcd 0.16014747122154022 0.9873912927173893 0.07089689193646057 0.14153468048373288 0.6898757174560886 -0.10737827945072115 0.9569190844816499 0.269769847938949 0.11537055990927508 -0.11631139311385345 -0.28156614936556323 0.9524663581268179 0.8676187573535881
26456013410071 1341848015.274779910.pcd 1341847995.938733318.pcd 0.16014747122154022 0.9322019094630756 0.3619317980956101 -0.0022301391602938606 0.06178359668034186 -0.35304350140733104 0.9079167887142429 -0.22593669663175237 -0.19090581490941236 -0.07974889408291264 0.21140595615567492 0.9741394333433264 -0.021071273575694365
26456013410072 1341848015.274779910.pcd 1341847995.938733318.pcd 0.16014747122154022 0.9365732495222279 0.21478361667212378 0.2769450239463009 0.9227836498886135 -0.09873328288131736 0.9198975023865791 -0.3795264469762438 0.8550790409578976 -0.33627709873087214 0.3281106263323028 0.8827576846207409 0.4898032391397404
26456013410073 1341848015.274779910.pcd 1341847995.938733318.pcd 0.16014747122154022 0.9994999447157309 0.00841844259837591 -0.030479342799157236 -0.46062100401361883 -0.009012981285067279 0.9997707549984624 -0.019421730565513752 0.7771474886231861 0.03030885483824348 0.019686728372744773 0.9993466896149564 -0.2824914188162346
26456013410074 1341848015.274779910.pcd 1341847995.938733318.pcd 0.16014747122154022 0.8556732285271181 0.4350085090536362 -0.2803407266754351 0.06089082825422884 -0.49471505440241037 0.8465855032133445 -0.1963415409347413 -0.031531525287255474 0.1519221541764026 0.3066929780740685 0.9396058089807984 0.41719993364230684
26456013410075 1341848015.274779910.pcd 1341847995.938733318.pcd 0.16014747122154022 0.9994210694774298 -0.008087240874713662 -0.033047275524993626 0.24124711341083754 0.007034285299491877 0.9994677448448951 -0.03185507565499042 0.03156431395866347 0.033287305612137406 0.03160416981498124 0.9989460104206784 0.2871826344808216
26456013410076 1341848015.274779910.pcd 1341847995.938733318.pcd 0.16014747122154022 0.833560478724531 -0.5464564713073236 0.0810077358952776 0.002909710908928761 0.5384109186483682 0.8364512871553709 0.10228844947668195 0.014392571381708356 -0.12365521011567235 -0.041648159412772195 0.9914508660689028 -0.3553202212211154
26456013410077 1341848015.274779910.pcd 1341847995.938733318.pcd 0.16014747122154022 0.9736374941262332 -0.19233573296128417 0.12262542908318415 0.048504194250106936 0.20734264664351362 0.9703350833063409 -0.12433363578589592 0.293788171676167 -0.09507395497428563 0.14648137059408733 0.9846340188894681 0.6094997358441211
26456013410078 1341848015.274779910.pcd 1341847995.938733318.pcd 0.16014747122154022 0.985297585263144 0.1202970998376176 0.12131478164376976 -0.7335440407109832 -0.15943484495918747 0.9025947601583739 0.3998790181385955 -0.3941365627047261 -0.06139380007343674 -0.41334163437198723 0.908503987116863 0.4300639002968497
26456013410079 1341848015.274779910.pcd 1341847995.938733318.pcd 0.16014747122154022 0.9340138486334452 0.09900197488594387 -0.3432444311705916 -0.8129747619078691 -0.06346775483508363 0.991533478935172 0.11328373337292916 -0.837450315656267 0.3515536582900735 -0.08402362238917177 0.932389433779399 -0.5700698907611712
26456013410080 1341848015.274779910.pcd 1341847995.938733318.pcd 0.16014747122154022 0.9013315448815363 -0.4331282409459093 0.0011717920315720276 -0.7564400623598259 0.4051536736758271 0.8440673785746262 0.35128444476398296 -0.3189648082450757 -0.153140285060608 -0.316148995445598 0.9362680523067605 -0.7895126846996292
26456013410081 1341848015.274779910.pcd 1341847995.938733318.pcd 0.16014747122154022 0.9883729417850741 0.03888793877886346 0.14699202755472815 0.10981074147459383 -0.07588734408021691 0.9638895002481743 0.2552609298732876 -0.14111249175342763 -0.13175750056664462 -0.26344783075374917 0.955633403306715 -1.131084486827215
26456013410082 1341848015.274779910.pcd 1341847995.938733318.pcd 0.16014747122154022 0.9760997664870955 0.20104641161806192 0.08252021715518122 0.37690741984455245 -0.20192841134100487 0.979397346454511 0.0023988437131900325 -0.8404955177386249 -0.0803378027900651 -0.019004687141944306 0.9965865036761743 0.48050887332352205
26456013410083 1341848015.274779910.pcd 1341847995.938733318.pcd 0.16014747122154022 0.987482326218558 -0.005046296309590611 0.15764894639527768 -0.03543420574845162 -0.004016170240976716 0.9983596020537281 0.05711370556807744 0.03337459911695967 -0.15767855206901418 -0.05703191984036097 0.9858421954535836 -0.4071715813689046
26456013410084 1341848015.274779910.pcd 1341847995.938733318.pcd 0.16014747122154022 0.9813206211276612 -0.15566156061302155 0.11304564165477583 0.05119066077937196 0.08259786337077013 0.8716140525006214 0.4831837501924373 0.07622431004916451 -0.17374530645805936 -0.46482084939357304 0.8681901556991029 -0.7134334297587971
26456013410085 1341848015.274779910.pcd 1341847995.938733318.pcd 0.16014747122154022 0.9738324407382318 0.2229663849205887 0.044004187996849756 -0.014606242382588923 -0.20682760251133817 0.9497287771103302 -0.2350267915960405 -0.03631718145736004 -0.09419511773563495 0.21977543339500122 0.9709922958864345 0.03808005590821246
26456013410086 1341848015.274779910.pcd 1341847995.938733318.pcd 0.16014747122154022 0.8644319455070987 0.49379176956433785 -0.09448333132003918 -0.19371460428293916 -0.4914990359221986 0.8695651323249189 0.047803538909745244 -0.2557017264923777 0.10576440457148982 0.0051155601126415574 0.994378057767956 0.25570414505362027
26456013410087 1341848015.274779910.pcd 1341847995.938733318.pcd 0.16014747122154022 0.9003348504519487 0.4320566994068996 -0.05219353944007912 0.3244381229296028 -0.41888473478212784 0.8928599260082706 0.16533823361525282 1.1772062556557374 0.11803701126415184 -0.12699669691027995 0.9848548638990949 -0.13383472766920562
26456013410088 1341848015.274779910.pcd 1341847995.938733318.pcd 0.16014747122154022 0.9353394396518793 0.19388159764522858 0.2958885917473705 1.3655326988950114 -0.16574474608959675 0.9791273793385745 -0.11763610913860631 -0.3693605013710535 -0.3125200981943457 0.06098771289455509 0.9479513105115092 0.29923663979151416
26456013410089 1341848015.274779910.pcd 1341847995.938733318.pcd 0.16014747122154022 0.9576602479030282 -0.2082160785119128 -0.19882885664669472 0.041967955177746215 0.21738383808583053 0.97576080826295 0.02520142847356456 -0.009891201499946914 0.18876206325791298 -0.06735658621958016 0.9797101478332559 -0.07728385487312493
26456013410090 1341848015.274779910.pcd 1341847995.938733318.pcd 0.16014747122154022 0.9778621578904415 -0.20384850339034793 -0.04723756800857444 0.26376848626053356 0.1820815671427548 0.9401739805661081 -0.2879569224264592 0.8232577567512711 0.1031111200244079 0.2729810871324142 0.9564776123858402 0.740580376646431
26456013410091 1341848015.274779910.pcd 1341847995.938733318.pcd 0.16014747122154022 0.9842143673612808 -0.053084444337324246 -0.16883163462168907 -0.3792268409224426 0.11266048815189121 0.9236312220071241 0.366350897559982 0.836187669308818 0.1364906351696393 -0.37958847124619627 0.9150316382551831 0.392317659988992
26456013410093 1341848043.401743502.pcd 1341848057.638818971.pcd 0.10010273410199319 0.9732589999121187 0.05400037539735419 0.22327310305320539 0.004685723789793525 -0.07503288149786344 0.9933950844518726 0.08681170935412116 -0.2351414889445039 -0.21711053816936207 -0.10124310170970491 0.9708825101792741 0.4033921498279077
26456013410094 1341848043.401743502.pcd 1341848057.638818971.pcd 0.10010273410199319 0.9080051323029027 0.41690346428976544 0.04145094902146857 -0.1130634082197326 -0.41895288053748736 0.9030001888026926 0.0952320477131689 0.12931333537508388 0.002272355810591445 -0.10383718257682908 0.9945917131735897 -0.6571711254679574
26456013410095 1341848043.401743502.pcd 1341848057.638818971.pcd 0.10010273410199319 0.9924979479859635 -0.11330387590065161 0.045935334433760834 -0.15254404271898372 0.11443036660142955 0.9931724437254565 -0.02267571881698952 0.25559455335665593 -0.04305246152212611 0.027762001554183322 0.9986870164503948 -0.7024508946421386
26456013410096 1341848043.401743502.pcd 1341848057.638818971.pcd 0.10010273410199319 0.9805817665407814 -0.19506900584087686 -0.020186185573620778 1.0906500046621475 0.19552463788329547 0.9804101591873371 0.02379150568725532 -0.44672196851207496 0.015149756049748211 -0.027276413300001072 0.9995131225597395 0.7139455256687628
26456013410097 1341848043.401743502.pcd 1341848057.638818971.pcd 0.10010273410199319 0.8990376322645988 -0.4366169321893158 0.0331208438548069 -0.41791927157415776 0.43702176845453417 0.8994323190093365 -0.005785967365858632 -0.44152257420650054 -0.027263706074846412 0.019676332155095986 0.9994346063069793 -0.12971993343225652
26456013410098 1341848043.401743502.pcd 1341848057.638818971.pcd 0.10010273410199319 0.919960447299241 -0.3820440390411037 0.08783579929698457 1.1122528906541858 0.3906421475278293 0.9121484359755162 -0.1240320253896765 0.1456850503267622 -0.032733591001083084 0.14841692282411506 0.9883829870245615 -0.10171448571742013
26456013410099 1341848043.401743502.pcd 1341848057.638818971.pcd 0.10010273410199319 0.9883012280998155 -0.0658385818900123 -0.13757166739960874 -0.06703651231467068 0.10913407591253357 0.9353914329901868 0.3363519296262207 -0.023660189871373746 0.10653842504520981 -0.3474307819167393 0.931633734772206 0.07127026797301884
26456013410100 1341848043.401743502.pcd 1341848057.638818971.pcd 0.10010273410199319 0.927007986735617 0.19622020235953838 0.31961511965856637 -0.2184977718144219 -0.11028927504715405 0.9571573523001825 -0.26774256058250656 0.29363722408880805 -0.3584584611052598 0.21294937220777574 0.9089334940128254 -0.7727283187069621
26456013410101 1341848043.401743502.pcd 1341848057.638818971.pcd 0.10010273410199319 0.9921032228259375 0.12198494365254121 -0.029169655131223073 0.023857928671000984 -0.12063754598079489 0.9917124475017005 0.0441928045038832 -0.08070315886202435 0.034318766850219735 -0.04032486816188227 0.9985970795318836 0.004610386527065069
26456013410102 1341848043.401743502.pcd 1341848057.638818971.pcd 0.10010273410199319 0.8926048613748642 0.036763026793608294 -0.44933844851173366 -0.3774196676476398 -0.03106997661544628 0.9993162965562775 0.0200398600334821 -0.24698977948310344 0.44976796017844034 -0.0039267413994774885 0.8931368107400492 1.076830891990743
26456013410103 1341848043.401743502.pcd 1341848057.638818971.pcd 0.10010273410199319 0.8632347547565267 0.2145910268990498 0.4569206160317684 0.8506651463378376 -0.12226510322909917 0.9670756720372796 -0.22319473355350888 0.15889273490878464 -0.48977239888831753 0.1368040047953838 0.861050324637955 -1.0328567610445838
26456013410104 1341848043.401743502.pcd 1341848057.638818971.pcd 0.10010273410199319 0.97048837798423 0.021385680048222715 0.24019775370809196 -0.393273552684581 0.02182078124762067 0.9841858684811134 -0.17578973174739104 0.061495245277834384 -0.2401586177993237 0.17584319426964257 0.9546742948910728 -1.0101874566312303
26456013410105 1341848043.401743502.pcd 1341848057.638818971.pcd 0.10010273410199319 0.9721761102729564 0.16744415821617623 -0.16381716788487272 -0.33534294883509413 -0.22323505904530996 0.8741707820111737 -0.43126737911765356 0.004241856839524548 0.07099097849432288 0.4558375782636279 0.8872273571160717 0.5343518927344643
26456013410106 1341848043.401743502.pcd 1341848057.638818971.pcd 0.10010273410199319 0.9673348531326472 -0.20079441409315665 0.1547413493020716 0.37326975058780665 0.18998642601436552 0.9783665050905415 0.08187881073395922 -0.7437192373939935 -0.1678345609376323 -0.04980547144546915 0.9845562326088676 -0.5414451899294362
26456013410107 1341848043.401743502.pcd 1341848057.638818971.pcd 0.10010273410199319 0.912293872798315 -0.40515135794780316 -0.05976844324309632 0.06784693336328952 0.4066667672950168 0.913448354237758 0.015305048779801909 0.24257913526251895 0.04839452481916507 -0.03826854182461828 0.9980949296906306 0.59002315538882
26456013410108 1341848043.401743502.pcd 1341848057.638818971.pcd 0.10010273410199319 0.9544205676300879 -0.21615148149102298 0.20581525000324188 -0.3917309752343226 0.17780292533889008 0.9656277648615975 0.18960258297114144 -0.04114662114053234 -0.23972379903879817 -0.14436605133351624 0.9600473651840177 0.46278845671475805
26456013410109 1341848043.401743502.pcd 1341848057.638818971.pcd 0.10010273410199319 0.957007156360376 -0.2830370355221231 -0.0634613204863815 0.8029815064677462 0.2836185442398206 0.9589371696376995 0.00016140174380171665 0.32846186920077314 0.060809736377587895 -0.018153269955751512 0.9979842858239812 0.2297825559948668
26456013410110 1341848043.401743502.pcd 1341848057.638818971.pcd 0.10010273410199319 0.9756067255710342 0.2195227330963614 0.001134316740761131 -0.1278885107432288 -0.21952221969390223 0.9756073395677224 -0.0005603947295535371 0.1329558894696108 -0.0012296671203254855 0.0002977171383591555 0.9999991996413191 0.09515335051341085
26456013410111 1341848043.401743502.pcd 1341848057.638818971.pcd 0.10010273410199319 0.9956149912339313 -0.09315273824831297 0.008564846005639117 0.39849822454497813 0.09316654156838122 0.9956497838570371 -0.0012261474717346463 -0.28301562424296506 -0.008413368079795066 0.0020187278857337573 0.9999625692871095 0.2781689126741183
26456013410112 1341848043.401743502.pcd 1341848057.638818971.pcd 0.10010273410199319 0.9971477523759626 0.07445533465143095 -0.012359735980553734 0.0013916566491473706 -0.06850935175933201 0.9616209919247163 0.2656906784425089 0.03208197750751871 0.03166746995075042 -0.26408610533624816 0.9639790974472684 0.6032669611207649
26456013410113 1341848043.401743502.pcd 1341848057.638818971.pcd 0.10010273410199319 0.9736362302006794 0.22746974081665167 -0.01702962869281695 0.08781942418409949 -0.22809413217919416 0.9716388547862627 -0.062377902618319415 -1.0962130672745092 0.0023575635792484886 0.06461774433114759 0.9979073048192023 -0.4204795677187832
26456013410114 1341848043.401743502.pcd 1341848057.638818971.pcd 0.10010273410199319 0.9985644480441788 -0.04153405780075324 0.03382255378927216 -0.09548636339267301 0.041053002104944114 0.9990474170001242 0.0147955940587516 -0.12386539569996158 -0.034404856058352785 -0.013385836842857445 0.9993183302890127 0.032268592119516916
26456013410115 1341848043.401743502.pcd 1341848057.638818971.pcd 0.10010273410199319 0.9959676903467166 -0.08971073016128804 0.000587093991816625 0.3886832605649391 0.08971116430451694 0.9959675340163564 -0.0007603844459968264 0.7360433806807531 -0.0005165119114117613 0.0008099872260170828 0.999999538567963 -0.9145410182521113
26456013410116 1341848043.401743502.pcd 1341848057.638818971.pcd 0.10010273410199319 0.8971338736892955 -0.02801032419944561 -0.4408698610899604 0.6305441596804389 0.03996461742693099 0.9990416196694211 0.017851373118580423 -0.005475585574570997 0.43994731733829007 -0.0336342668500695 0.8973935001214909 0.2052920277046707
26456013410117 1341848043.401743502.pcd 1341848057.638818971.pcd 0.10010273410199319 0.9882314589609734 0.15273752611520333 0.008356532538886496 0.5312811180268762 -0.15278679366155337 0.9882432463150819 0.005610864037780784 -0.668864050997374 -0.007401297351667406 -0.00682160016683267 0.9999493420012217 0.11763131848000558
26456013410118 1341848043.401743502.pcd 1341848057.638818971.pcd 0.10010273410199319 0.9399489843139652 0.2754617501568738 0.20153593001660366 0.6263596523692838 -0.2804459311075874 0.9598616104447605 -0.003970959530055839 -0.04577349974180994 -0.19454044981017102 -0.05278743216811213 0.9794730728267895 -0.12853849452559532
26456013410119 1341848043.401743502.pcd 1341848057.638818971.pcd 0.10010273410199319 0.9787260221164689 0.17748548856736135 -0.10292849450020311 -0.13601975088829915 -0.18189214517111774 0.9826932199896257 -0.03506113106376012 -0.6848589464060365 0.09492429171251332 0.05303712600081363 0.9940706424135316 -0.15087990538907828
26456013410120 1341848043.401743502.pcd 1341848057.638818971.pcd 0.10010273410199319 0.8854553879171777 -0.3407336191349762 0.316021133469933 0.7438283286286528 0.25622113774181593 0.9252624608437645 0.27971433128753065 -0.27909712925994284 -0.387710568056546 -0.16670326734806992 0.9065817867532682 1.0672865076250182
26456013410121 1341848043.401743502.pcd 1341848057.638818971.pcd 0.10010273410199319 0.9946958083308074 0.10211497058173985 -0.012360488348451472 0.4312961984760498 -0.09206079937501055 0.8302084252488195 -0.5497988540041797 0.4334294710139812 -0.04588091223543682 0.548020531941063 0.8352056264558319 -0.516951117377459
26456013410122 1341848043.401743502.pcd 1341848057.638818971.pcd 0.10010273410199319 0.9529606167600289 -0.2644249099191186 -0.14814023733817688 -0.2703594289233316 0.25098287025800037 0.9624518625885821 -0.1034118515298169 -0.8685467415712838 0.16992251687578408 0.061366759846313804 0.9835448434334673 -0.03543715941674685
26456013410124 output.pcd 1341848050.870719064.pcd 0.10618821594990359 0.9917907651135484 0.12574062213241785 -0.0232459497813042 0.9225596473532955 -0.12734223752641524 0.9877496289712706 -0.09019215602746943 0.027070776435344474 0.011620360461209903 0.0924119386923024 0.9956530524283456 -0.9247464749414055
26456013410125 output.pcd 1341848050.870719064.pcd 0.10618821594990359 0.9041228595601977 0.4269659854554791 -0.01618338916058404 0.17468252826472772 -0.4230228773455727 0.8998167779424875 0.10668369779621 0.1921985970596986 0.06011239525225942 -0.08960922607205192 0.9941612980496697 1.1074529287592907
26456013410126 output.pcd 1341848050.870719064.pcd 0.10618821594990359 0.9795805572367161 -0.20040780578719816 -0.016082389852427742 0.4117428865978249 0.19902091313579692 0.9779185523648148 -0.06376504587388471 0.205348414672442 0.02850628033255799 0.059262267255528696 0.9978353449649576 0.2674045103188722
