id source target overlap t1 t2 t3 t4 t5 t6 t7 t8 t9 t10 t11 t12
26456013410000 1341848010.146752067.pcd 1341847998.618770672.pcd 0.15678332932889413 0.9961408766710862 0.06642838978058438 0.05736395084125968 0.07365261226837094 -0.0761874136615534 0.9789429629897789 0.1893836138961225 0.05060615304869949 -0.043575587483395455 -0.193023170225626 0.9802261085747134 -0.004675604937101479
26456013410001 1341848010.146752067.pcd 1341847998.618770672.pcd 0.15678332932889413 0.9852147554299786 -0.14870655623337317 0.08507788088720988 -0.1815713990776798 0.1383833252572146 0.9834976893348529 0.11654334113865587 -0.017179398000153955 -0.1010046581787375 -0.10304685927390407 0.9895349432031093 0.15842608354087578
26456013410002 1341848010.146752067.pcd 1341847998.618770672.pcd 0.15678332932889413 0.9766237282202567 -0.18676861383628646 -0.10641230362527881 0.08114584575548359 0.19848593570977607 0.973582115603425 0.112876913062743 0.07334288357692258 0.08251925110288544 -0.13135961732142612 0.9878943385476949 -0.012375561990599861
26456013410003 1341848010.146752067.pcd 1341847998.618770672.pcd 0.15678332932889413 0.9630031707697372 -0.2626603497301363 -0.06028626516110315 0.08769188040286596 0.24585044029340722 0.9478861725509032 -0.20265577932626833 -0.034416978691655685 0.11037415501361787 0.18033675323250625 0.9773925523240844 0.09257163724890352
26456013410004 1341848010.146752067.pcd 1341847998.618770672.pcd 0.15678332932889413 0.9568092423384916 -0.06589093669304585 -0.28315094602941765 -0.08646153461996135 0.042183411950621835 0.9951352802634583 -0.08902995973924796 0.1617603225747457 0.2876397634748112 0.07324041532296904 0.9549341380595173 0.1327928198010274
26456013410005 1341848010.146752067.pcd 1341847998.618770672.pcd 0.15678332932889413 0.9936866101724333 -0.03982129157499536 0.1048865363205291 0.0424376076555841 0.03941093542534308 0.9992051758841718 0.005982863459964141 0.11084549251418385 -0.1050414153223285 -0.0018114148007400085 0.9944661984419086 -0.02495274819117707
26456013410006 1341848010.146752067.pcd 1341847998.618770672.pcd 0.15678332932889413 0.9676760573349709 0.0125377550653476 0.25188460206723196 -0.15779962958436633 -0.08182829508773498 0.9603379426601778 0.26656174896307216 0.13000767079505487 -0.23855225461873342 -0.278556709818914 0.930321977183803 0.10326356193085227
26456013410007 1341848010.146752067.pcd 1341847998.618770672.pcd 0.15678332932889413 0.9275685338101791 0.13529461312631552 0.34829869759193033 0.01079161554288076 -0.11638417407810647 0.9903864421893667 -0.07476241804305798 -0.0057130718732529475 -0.3550652603527855 0.02881081023658599 0.9343974518929938 -0.012245749647187158
26456013410008 1341848010.146752067.pcd 1341847998.618770672.pcd 0.15678332932889413 0.9986908286229249 -0.03767644005960997 -0.03459934520898384 -0.007719798659379148 0.028785154428714786 0.9730630523845443 -0.22873502348479283 0.10153926199705195 0.042285265861418654 0.2274396226441389 0.9728736682337131 0.0036590838428097795
26456013410009 1341848010.146752067.pcd 1341847998.618770672.pcd 0.15678332932889413 0.9922605627705509 0.08314601610244163 -0.09222643642992291 0.06699433223251064 -0.07537687602824558 0.9935472438258419 0.08474786632296946 -0.06714325637632743 0.0986777691807663 -0.07714022486592792 0.9921250342457557 0.08173146269139688
26456013410010 1341848010.146752067.pcd 1341847998.618770672.pcd 0.15678332932889413 0.734497917408651 0.5486481082948708 0.3993720853875667 -0.5161191260991501 -0.621071851210541 0.7806383970010301 0.06981009068589848 -0.06040923431873476 -0.27346401034919704 -0.2993141266163718 0.9141271731283412 -0.46060348835029874
26456013410011 1341848010.146752067.pcd 1341847998.618770672.pcd 0.15678332932889413 0.809313679490737 0.4876783210414241 -0.32738543549672816 0.23658578766448085 -0.46550179255030294 0.8724393524581032 0.14885448402698614 -0.9154480282958993 0.3582170421987477 0.031928536902013215 0.9330922351030886 -0.05266722394673911
26456013410012 1341848010.146752067.pcd 1341847998.618770672.pcd 0.15678332932889413 0.9812395722199618 0.14585716578600963 0.1260737446832546 -0.07099880733980994 -0.14146063105738169 0.9890009318071807 -0.043197763198750176 0.005837393439038852 -0.1309877542766243 0.024552883199340424 0.9910798979679519 0.3866340363575418
26456013410013 1341848010.146752067.pcd 1341847998.618770672.pcd 0.15678332932889413 0.8577113900192845 -0.4129513752310078 0.3062716655618112 0.4438687497789397 0.4379948806826429 0.8988579988412602 -0.014655456829533398 0.28192392753590534 -0.2692427453562748 0.1467155738628465 0.9518313319381284 0.2627812896457302
26456013410014 1341848010.146752067.pcd 1341847998.618770672.pcd 0.15678332932889413 0.9114051090856214 -0.34538337391369694 -0.22372092471786753 -1.4704376706935527 0.356744158136069 0.9341350872411466 0.011191265378089961 1.1625248935202772 0.20512028853434694 -0.09001090938862275 0.9745889920487607 0.43957281398931175
26456013410015 1341848010.146752067.pcd 1341847998.618770672.pcd 0.15678332932889413 0.7891912498005774 -0.6066035044679475 0.09596540837930731 0.1604942373421465 0.5772245450528187 0.7859962886020321 0.22140835325795058 -0.23197419568143265 -0.20973553782506402 -0.11933994583137617 0.9704478252344096 -0.12148566673654164
26456013410016 1341848010.146752067.pcd 1341847998.618770672.pcd 0.15678332932889413 0.8331292219601235 -0.5512329403159667 0.045143604494244934 -0.548423111081218 0.5373299072267016 0.8260449063819437 0.170077580651271 0.16051086657855881 -0.13104300941241817 -0.11743959362608203 0.9843960948383924 -0.4608594278305873
26456013410017 1341848010.146752067.pcd 1341847998.618770672.pcd 0.15678332932889413 0.9579100618608138 0.17838877216997023 0.22491278164991452 0.3238139382942977 -0.1587695186533125 0.9819661320954238 -0.10263895636720036 -0.013947685181429892 -0.23916637165874122 0.06260959496149976 0.9689579378313332 -0.5647306617033003
26456013410018 1341848010.146752067.pcd 1341847998.618770672.pcd 0.15678332932889413 0.9363716962672324 -0.0290323215982618 -0.3498073337313572 0.278732482538216 0.14039903966918102 0.9443590722844473 0.29744588121880244 0.4124744551697133 0.3217081846792179 -0.327632518069671 0.8883472164721005 -0.41427980401118125
26456013410019 1341848010.146752067.pcd 1341847998.618770672.pcd 0.15678332932889413 0.8368230499275384 -0.4807373536200553 -0.26195186570123685 -0.34471753708924996 0.547467468129582 0.7370451840785983 0.3962874814655777 0.13139033043990456 0.0025601659629818363 -0.4750326235754039 0.8799644606967437 1.455359876059993
26456013410020 1341848010.146752067.pcd 1341847998.618770672.pcd 0.15678332932889413 0.5504486597479229 -0.675564105150781 0.4905297267378801 -0.7505753441661152 0.7997373561594143 0.25802262779547425 -0.5420742428013597 -0.28055576548568734 0.23963813165868422 0.690678987212831 0.6823020610241424 1.1391891294034717
26456013410021 1341848010.146752067.pcd 1341847998.618770672.pcd 0.15678332932889413 0.7983260494871124 -0.5203116419607345 -0.30323475056534166 -1.0168003881604275 0.3966512480249979 0.07541189907039259 0.9148665656361088 0.7699423863559848 -0.4531482165368327 -0.8506402534084085 0.2665855456148486 -0.043712132887456116
26456013410022 1341848010.146752067.pcd 1341847998.618770672.pcd 0.15678332932889413 0.6672868974952552 -0.7378675232179858 0.10138892745912709 -1.622017411665094 -0.008404142405791237 0.1286608520261281 0.9916530419185603 1.4351737310593098 -0.7447533597249361 -0.6625691687183053 0.0796525570358787 0.9494059712421373
26456013410023 1341848010.146752067.pcd 1341847998.618770672.pcd 0.15678332932889413 0.004636920666023829 0.6100925984852469 -0.7923165530520336 0.06582859482548838 0.2336981624736232 -0.7710456076176669 -0.5923460473658573 0.18715377340814 -0.972298137313442 -0.182416260917227 -0.1461527965171695 0.8990061988003194
26456013410024 1341848010.146752067.pcd 1341847998.618770672.pcd 0.15678332932889413 0.5621848309423934 -0.6702302909069441 0.48449930135044106 -0.8831282477619544 0.12911238716120021 0.649789113222025 0.749068821817909 -0.41075875702756154 -0.8168709857375329 -0.35856026758262993 0.45183661557167315 0.6587740635529351
26456013410025 1341848010.146752067.pcd 1341847998.618770672.pcd 0.15678332932889413 0.2773375293373893 -0.7607779983866382 0.5867714478328453 -0.22292477512741135 0.5698342173773346 -0.361466461734199 -0.7379911664426071 -1.1489442091745798 0.7735456415280185 0.5390350955292056 0.33326911987285424 -0.9119730603249223
26456013410026 1341848010.146752067.pcd 1341847998.618770672.pcd 0.15678332932889413 0.6350250951757646 -0.3532880633502293 -0.6869721048130378 -1.5952210773635749 0.7687956977556982 0.20214461030143027 0.6067048142535312 -0.3972029230520751 -0.07547386043750581 -0.9134139810733835 0.39997324356803243 -0.48516896376694757
26456013410027 1341848010.146752067.pcd 1341847998.618770672.pcd 0.15678332932889413 0.07244291630706035 0.7125844530351453 -0.6978362423731883 0.11050082118721635 -0.5015977343643225 0.6307821038738484 0.5920419329009221 -0.6090431599297534 0.8620624900536542 0.30714383393629185 0.4031264423445936 -2.2373050900181166
26456013410028 1341848010.146752067.pcd 1341847998.618770672.pcd 0.15678332932889413 0.422715038858348 0.7709829965638554 0.47633729114190027 1.6857928025523399 -0.30287428834566266 -0.37520071938504745 0.8760659710501552 0.8618777063918921 0.8541540618542381 -0.5145965790620465 0.07490793973635373 0.1257976296883932
26456013410029 1341848010.146752067.pcd 1341847998.618770672.pcd 0.15678332932889413 0.9704530753807376 -0.07547989248618062 0.22918030961307148 -1.0889610315915148 0.032065169825392294 0.9817311652610492 0.18755197690040845 1.7269987144483643 -0.23914985546334214 -0.1746616872283593 0.955144304095672 -0.5988149541799025
26456013410031 1341848041.319290499.pcd 1341848030.565795004.pcd 0.10494980109139783 0.9693127920661926 -0.06865494901223462 -0.23604916672797085 -0.05221709029659166 0.10249370922955095 0.9856386103567712 0.13420718811725718 0.10485842422166472 0.22344518501236535 -0.15428229888778577 0.9624288137543937 -0.11325791843492382
26456013410032 1341848041.319290499.pcd 1341848030.565795004.pcd 0.10494980109139783 0.9622590509293443 -0.06194346809200568 0.26499155772456695 0.2649019357677014 0.1176275614841581 0.9727609101519409 -0.1997497646047637 -0.020979954254442823 -0.24540023570454947 0.22338132966096916 0.943334249285506 -0.11408903444492927
26456013410033 1341848041.319290499.pcd 1341848030.565795004.pcd 0.10494980109139783 0.9843571001780026 0.14662033224081097 0.09769123554724818 0.21656494589392272 -0.1438177811578514 0.9889788274981149 -0.03517562484571189 -0.11069851017528638 -0.10177202539001606 0.020575639335100007 0.9945949416289859 0.14743750372998052
26456013410034 1341848041.319290499.pcd 1341848030.565795004.pcd 0.10494980109139783 0.9491749820320204 -0.1357793302568048 0.2839556778082225 -0.09254065919403662 0.11151117533779291 0.9887161380200654 0.10002827696941907 0.14289586760047837 -0.29433333358506564 -0.06328010661890779 0.9536055352434789 0.10484976867117866
26456013410035 1341848041.319290499.pcd 1341848030.565795004.pcd 0.10494980109139783 0.9626206813410757 0.18133210002282146 -0.20119665344074983 0.005697449286328796 -0.217850336320369 0.9597394222697354 -0.17731743373525674 0.07148006039649644 0.16094301730595778 0.2145201874944839 0.9633682755508333 -0.07953246160312653
26456013410036 1341848041.319290499.pcd 1341848030.565795004.pcd 0.10494980109139783 0.9869084541212468 0.018542473790750063 -0.16021198410147294 -0.10227610323764103 0.045287592178095554 0.921541847199101 0.3856289121105671 0.040049898054839675 0.15479256176807002 -0.3878360485135289 0.9086376958362944 -0.031626906593627865
26456013410037 1341848041.319290499.pcd 1341848030.565795004.pcd 0.10494980109139783 0.9957786765907441 0.049960160296433916 0.07699876382345751 -0.16523371908864876 -0.05281690345589294 0.9979722517730367 0.0355212527986445 0.022364797069540192 -0.0750679822328857 -0.03943814237776615 0.9963982291078572 0.07199073496699858
26456013410038 1341848041.319290499.pcd 1341848030.565795004.pcd 0.10494980109139783 0.9403004912370236 0.034632101580370694 -0.3385787998672388 -0.11588925507298711 -0.08835942601606868 0.985539472569327 -0.14458409263084424 -0.030964098784000818 0.32867552086141705 0.16586912174332072 0.9297633228077866 -0.06327048860459214
26456013410039 1341848041.319290499.pcd 1341848030.565795004.pcd 0.10494980109139783 0.9954895910815905 0.08708859552771114 -0.037630447475658815 0.07067753426970878 -0.08386236382404805 0.9932479412956481 0.0801600339683045 -0.09108406201635444 0.0443573892609854 -0.07664270115912843 0.9960714424061067 -0.01962676585120894
26456013410040 1341848041.319290499.pcd 1341848030.565795004.pcd 0.10494980109139783 0.9803921857900645 -0.07221814672644887 -0.18334585167157957 0.11412098536643732 0.0958883895688606 0.9876757628771965 0.12370126988369386 -0.011432028957126888 0.17215277746138802 -0.13885649681720025 0.9752344818062909 -0.05503116352423605
26456013410041 1341848041.319290499.pcd 1341848030.565795004.pcd 0.10494980109139783 0.782633557761755 0.5809695260349875 0.22351537773464192 0.5065086127414626 -0.38099894684489566 0.7310319533220849 -0.5660672095477511 -0.25109313415903445 -0.4922646816177838 0.35786407062008774 0.793478916034297 0.45368531085495295
26456013410042 1341848041.319290499.pcd 1341848030.565795004.pcd 0.10494980109139783 0.8717449164683689 -0.4354109310235357 -0.22467336681675057 -0.20860305446018604 0.45450747459089336 0.5473786308671531 0.7027087519100705 -0.19855286590077126 -0.18298567198708401 -0.714698506795151 0.6750720615106335 0.6247243868164408
26456013410043 1341848041.319290499.pcd 1341848030.565795004.pcd 0.10494980109139783 0.9588543412775332 0.2836997745021343 0.0106202712143387 -0.43102398848096696 -0.2761734557662742 0.9234432469248531 0.26642220635487307 0.48022701757099023 0.06577670213184711 -0.25839312617854787 0.9637979133616836 0.46715374755827394
26456013410044 1341848041.319290499.pcd 1341848030.565795004.pcd 0.10494980109139783 0.729612301272751 0.6560771464778885 0.19294731846001753 -0.11004402258413583 -0.42513954442751906 0.6561502714671814 -0.6234766948471334 0.16655708127908903 -0.5356512462371777 0.3728667310487426 0.7576596487088267 -0.5009919679019357
26456013410045 1341848041.319290499.pcd 1341848030.565795004.pcd 0.10494980109139783 0.9170983271079772 0.3913604566386739 0.07594505510774452 -0.3916576251342514 -0.3963307607973543 0.9156085032687203 0.06769783443954683 -0.008637858409475684 -0.043041682838152046 -0.09218493218299059 0.9948112141591878 0.7222027358817811
26456013410046 1341848041.319290499.pcd 1341848030.565795004.pcd 0.10494980109139783 0.910958798774593 0.4109325848465585 -0.03589537082238835 -0.31205387996852274 -0.4050512656226518 0.907581121435519 0.1105892410288357 -0.5060523413831423 0.07802268357752555 -0.0862027767834193 0.9932177717510845 0.22647314338262067
26456013410047 1341848041.319290499.pcd 1341848030.565795004.pcd 0.10494980109139783 0.8673886888408602 0.18699761936362783 -0.46116022467605444 0.3596612227974376 -0.18025757561669278 0.9818430831357762 0.059087786650248345 -0.28280403851725894 0.46383625225258696 0.03187554628188753 0.8853473220411894 0.18996908254832243
26456013410048 1341848041.319290499.pcd 1341848030.565795004.pcd 0.10494980109139783 0.824497618134058 0.2652590269823759 0.49984130111029124 -0.967920995665562 -0.49252408731689656 0.7713172862643833 0.4031000711019609 -0.6991431950418362 -0.27861030329821557 -0.5785389291258722 0.766595725517672 0.4184879382519803
26456013410049 1341848041.319290499.pcd 1341848030.565795004.pcd 0.10494980109139783 0.936472201653353 -0.0725883933013568 0.3431482779913793 0.635520944338956 0.08257510175852656 0.9964784671117 -0.014560808778545977 -0.24155533959319023 -0.34088292433046624 0.04197129662809974 0.9391683779595996 0.5437408219420797
26456013410050 1341848041.319290499.pcd 1341848030.565795004.pcd 0.10494980109139783 0.5803756762257449 0.01048723359401317 0.8142813349064648 -0.2718948750750544 -0.09645350293456084 0.9937638251184756 0.05594802639547574 0.004857757185058111 -0.8086165940772934 -0.11101116077872886 0.5777678824280537 0.12476981325802464
26456013410051 1341848041.319290499.pcd 1341848030.565795004.pcd 0.10494980109139783 0.6485154425915997 0.7424205842680087 0.16804581748847447 -2.5947920278712036 -0.6131775652966045 0.6403274260781666 -0.46259492088547416 2.0145474831921257 -0.4510443372188033 0.196958024632809 0.8704978704141624 1.3763403289767522
26456013410052 1341848041.319290499.pcd 1341848030.565795004.pcd 0.10494980109139783 0.17083886028710715 -0.9833302812955382 0.06225465205941938 -1.808515793712391 0.7570389647725679 0.0905585472418472 -0.6470634863269016 -0.7057991931847922 0.6306394291763562 0.1576727858848293 0.7598902571815459 -1.0468259378296312
26456013410053 1341848041.319290499.pcd 1341848030.565795004.pcd 0.10494980109139783 0.9704528691807595 -0.11988345020232533 -0.2094019748388694 -1.3578371301124725 -0.07464428464173559 0.6761117851380952 -0.7330082433149724 -0.5274979376631788 0.22945470025509496 0.7269806134725773 0.647186007393454 -1.3015786554725457
26456013410054 1341848041.319290499.pcd 1341848030.565795004.pcd 0.10494980109139783 0.8137024585551307 -0.4779652765724488 0.3308133965430637 1.5669997828778277 0.39568141814734825 0.8723495039648187 0.28712812169001856 -0.6744894852446408 -0.4258221744745559 -0.10274014465318435 0.8989549145548978 2.5736373673013873
26456013410055 1341848041.319290499.pcd 1341848030.565795004.pcd 0.10494980109139783 0.24390895554829573 0.6412976592468479 0.7274927722306616 0.3245104605517123 -0.12358742231989983 0.7645866480336635 -0.6325609904925923 0.9825898713001411 -0.9618911427223261 0.06437833403529813 0.26574585539416673 1.1567705135355875
26456013410056 1341848041.319290499.pcd 1341848030.565795004.pcd 0.10494980109139783 0.8444899758467381 0.3846054940586995 -0.3727134215912273 -0.41567128812374354 -0.5336260247500132 0.6635045806674866 -0.5244091314448686 -0.6333499128976161 0.04560642941378423 0.6417478362823882 0.7655584681936443 -0.9505461885967009
26456013410057 1341848041.319290499.pcd 1341848030.565795004.pcd 0.10494980109139783 0.450765803263658 0.15506221710246448 -0.8790710434517437 0.07644455972727013 0.22564709767242686 0.933018761147158 0.28028446025320947 1.1080207661317283 0.8636513057479156 -0.3247024794711166 0.3855836120807388 -1.368841060158989
26456013410058 1341848041.319290499.pcd 1341848030.565795004.pcd 0.10494980109139783 0.777888489652398 -0.2149610398446599 -0.5904923784564997 -0.17969679104939937 -0.17838178352318954 0.8254825319943239 -0.5354983927887426 -0.5493786347432086 0.6025524350406339 0.5218911196036421 0.6037882263720119 0.2735211712073728
26456013410059 1341848041.319290499.pcd 1341848030.565795004.pcd 0.10494980109139783 0.43941512789793513 0.894535482320972 0.08197936474032524 -0.3527014427007541 -0.7687884314774428 0.32729578780733537 0.549401324088347 -1.1814135127889693 0.46462747766452045 -0.30444004032380767 0.8315272508142737 -0.04176287983033857
26456013410060 1341848041.319290499.pcd 1341848030.565795004.pcd 0.10494980109139783 0.6917770791065452 0.604807216637326 0.3945284571817694 0.7120296925494909 -0.5124328162656577 0.7961075058476983 -0.32190906782351375 0.5161144777898211 -0.5087799933535744 0.020519986266262003 0.8606519903693763 0.031127296894355554
26456013410062 1341847992.754765126.pcd 1341848022.078664812.pcd 0.14016403577463626 0.9707392006664057 0.08944548463618536 0.22285625314930013 0.07884052135580465 -0.10706487867729354 0.991906598786872 0.06825255333593666 0.2785862494986527 -0.21494770536891855 -0.09011550677467445 0.9724590888029067 -0.07314161036318788
26456013410063 1341847992.754765126.pcd 1341848022.078664812.pcd 0.14016403577463626 0.972375057900586 0.23339866679479368 0.00343643874455557 -0.12208082163771006 -0.2320985890722385 0.9651825625226669 0.12063525998999919 0.035288161810567556 0.024839318096686804 -0.11810031050167222 0.9926909513720272 -0.0615122274852519
26456013410064 1341847992.754765126.pcd 1341848022.078664812.pcd 0.14016403577463626 0.9324055976187257 -0.052233693222757734 0.35761913095020154 0.0857542750203677 0.1248319419846616 0.9751479540760664 -0.18303948732882663 0.20556941625364358 -0.3391707354557652 0.21530933317804046 0.9157538442490004 0.029581919773181992
26456013410065 1341847992.754765126.pcd 1341848022.078664812.pcd 0.14016403577463626 0.9944013577564675 -0.0008976791195664507 0.1056651970342774 0.09553413060449754 -0.010270394334392047 0.9944084811225666 0.10510134000918674 -0.07435537437085592 -0.1051687153687372 -0.10559813844812267 0.9888319242742829 -0.21719453305599448
26456013410066 1341847992.754765126.pcd 1341848022.078664812.pcd 0.14016403577463626 0.9988023022603384 0.04890899466534921 0.001367932846382136 -0.025219247682298856 -0.04890874605774171 0.9972298021996561 0.05604155747205736 0.008620666091049157 0.001376792833618645 -0.05604134050555372 0.9984274999196654 0.02024882008683476
26456013410067 1341847992.754765126.pcd 1341848022.078664812.pcd 0.14016403577463626 0.992673832191306 0.12082238073997606 -0.0007843436435707972 -0.0772858967986807 -0.12029650119382054 0.9889180297649798 0.08700507000328024 -0.08614568419422741 0.011287811264903313 -0.08627330246417385 0.9962075599988052 0.04885907482475685
26456013410068 1341847992.754765126.pcd 1341848022.078664812.pcd 0.14016403577463626 0.867040499387807 0.4769416983057051 -0.14410894780898276 0.10029066335629684 -0.457984711167539 0.876818999528155 0.1464187365169884 0.09735905778276001 0.19619066429911536 -0.06095127959046642 0.9786695891659026 -0.0029229708278333062
26456013410069 1341847992.754765126.pcd 1341848022.078664812.pcd 0.14016403577463626 0.9976175007728157 -0.01029543721383738 0.06821529245247455 -0.04127191051979048 0.005672452167948059 0.9976949729850542 0.0676207376975013 -0.08395557309721768 -0.06875423941985716 -0.06707268335863613 0.9953763658580954 0.07991988071228814
26456013410070 1341847992.754765126.pcd 1341848022.078664812.pcd 0.14016403577463626 0.9869102287228086 0.1611712638829367 -0.005658987601183058 -0.000712990188140925 -0.16126434503171014 0.9859557128979954 -0.04341823609152375 0.1299372628587196 -0.001418260831833263 0.043762494240873966 0.9990409564347352 0.017345708635899435
26456013410071 1341847992.754765126.pcd 1341848022.078664812.pcd 0.14016403577463626 0.9845361193198636 0.11829257730190164 0.12921105181003967 -0.05689640363286089 -0.123941700934265 0.9916156621875424 0.03656273066775752 0.08611986156576662 -0.12380260305867702 -0.05201196650421311 0.9909428191456155 -0.05555351889231424
26456013410072 1341847992.754765126.pcd 1341848022.078664812.pcd 0.14016403577463626 0.9587071173710737 0.13968338345519007 0.24772810799050782 0.027378847256991166 -0.1706948234072855 0.9793455421060725 0.10837705669983319 -1.1189956647212937 -0.22747294424612785 -0.14618776126431918 0.96274877205454 0.46495144817545153
26456013410073 1341847992.754765126.pcd 1341848022.078664812.pcd 0.14016403577463626 0.9614783936907805 -0.18950155262122442 0.19911921057482565 -0.4404803724720129 0.0855921026789489 0.894766806662883 0.4382537548650361 -0.34545213537428715 -0.2612150271802767 -0.4043284843397163 0.876518788347834 0.3909550983815329
26456013410074 1341847992.754765126.pcd 1341848022.078664812.pcd 0.14016403577463626 0.8855730123378343 -0.43820146413799477 0.15407763188150325 -0.4117890520514316 0.37014568093909417 0.8661326123866335 0.3358667483429111 0.8694259400579998 -0.28062896269100346 -0.2404033581038829 0.9292220459671348 0.13815694340945156
26456013410075 1341847992.754765126.pcd 1341848022.078664812.pcd 0.14016403577463626 0.7350161587164118 -0.4479497970294593 -0.5090110271566193 -0.10507102289425652 0.15688243662372942 0.8426798578594868 -0.5150519956634636 -0.7602345843207219 0.6596507769303179 0.2987166491831032 0.6896587677946585 -0.32559581526163733
26456013410076 1341847992.754765126.pcd 1341848022.078664812.pcd 0.14016403577463626 0.9901305592165859 -0.054898131006166306 0.1289483265400551 0.36184445129962495 0.01381355405695205 0.9538343026530169 0.3000155142767594 -0.1420775023416962 -0.13946562813025487 -0.29527329424528487 0.9451788297860733 -0.1337587480100077
26456013410077 1341847992.754765126.pcd 1341848022.078664812.pcd 0.14016403577463626 0.9082261018099766 0.40460777480891563 0.10685455795253704 0.7037357603076647 -0.4176528932451651 0.8603405392971977 0.29219893429947713 0.20855242139744692 0.02629465259319857 -0.3100108143371538 0.9503693420134185 0.18336996476451162
26456013410078 1341847992.754765126.pcd 1341848022.078664812.pcd 0.14016403577463626 0.9562026034901848 -0.2510366215581392 -0.1505230736972503 0.41722247432038334 0.2007150956508151 0.9366488626378212 -0.28705810996583925 0.038298857098628784 0.21304936389596754 0.244273458967509 0.9460129205183047 0.20221977982087871
26456013410079 1341847992.754765126.pcd 1341848022.078664812.pcd 0.14016403577463626 0.7714724970070578 -0.33199523952067017 -0.5427792804605825 -0.08715518046749807 -0.2680891076312942 0.6040387141270955 -0.7505101346451899 -0.34613143360375226 0.5770254905384608 0.7245111405432614 0.3769949475756285 -0.02331759073794966
26456013410080 1341847992.754765126.pcd 1341848022.078664812.pcd 0.14016403577463626 0.9816784476119511 0.1849469080641622 0.045848300859423805 0.5694211931365419 -0.13979006300226487 0.8625423154134788 -0.4862915713920794 -0.03820647321891804 -0.12948422212768906 0.4709728180252671 0.872592941125085 0.6057394356552223
26456013410081 1341847992.754765126.pcd 1341848022.078664812.pcd 0.14016403577463626 0.972213577967659 -0.23327780548040444 0.01955055716774223 0.4296031374049719 0.22171946710986373 0.9443931546935409 0.24282101900885666 -0.8014669314006843 -0.07510816679856216 -0.23173915257942074 0.969874078652446 0.28026688513434145
26456013410082 1341847992.754765126.pcd 1341848022.078664812.pcd 0.14016403577463626 0.9848799068670044 0.024308231696101308 0.17152457235466 2.0660005135564146 0.08256341980542123 0.8045670598656026 -0.5880944889124989 0.6280929444752978 -0.15229855796977898 0.5933641007434037 0.7903949602504418 -0.5328931746730291
26456013410083 1341847992.754765126.pcd 1341848022.078664812.pcd 0.14016403577463626 -0.23695632936132838 0.8164591249927451 0.5265417316715613 -0.6695343475458387 -0.7392937840729192 0.20009426583632284 -0.6429673285716518 -0.05636259311566319 -0.630314523715541 -0.5416242073573742 0.5561895532979262 0.0011737011633130197
26456013410084 1341847992.754765126.pcd 1341848022.078664812.pcd 0.14016403577463626 0.9352834010939779 -0.3145688626634712 0.16214620032764002 -0.15542330958165715 0.3286147506511305 0.60187185356079 -0.7278479357295684 -2.4140636531317576 0.1313670631953698 0.7340277259980776 0.6662927225878387 -0.5793721333531957
26456013410085 1341847992.754765126.pcd 1341848022.078664812.pcd 0.14016403577463626 0.8182014296664608 -0.40076082927259316 0.4122343729148542 -2.6413361336544456 0.5392133540860022 0.2861141147942055 -0.7920780719669317 -0.4209790325718948 0.19948779227582636 0.8703616897797556 0.45019456871073543 -0.9758436370145535
26456013410086 1341847992.754765126.pcd 1341848022.078664812.pcd 0.14016403577463626 0.3001337611394579 -0.6741828301031053 -0.6748312655904806 0.5012672669183759 0.3336686430955734 0.7369546537153516 -0.5878461320635228 0.8687061729765454 0.8936358106292749 -0.04873756212053659 0.446138642127652 0.4357085637441442
26456013410087 1341847992.754765126.pcd 1341848022.078664812.pcd 0.14016403577463626 0.6150108972284021 0.5976565165951295 0.5143620169313555 1.1623444608217852 0.11165049272297561 0.5797379151645716 -0.8071171644782145 -0.8169435494321159 -0.7805739963418158 0.5538146241225597 0.2898164908057429 -0.8691869709728278
26456013410088 1341847992.754765126.pcd 1341848022.078664812.pcd 0.14016403577463626 0.7489443718572842 -0.09091311113721831 0.6563666156094854 -0.45595880736722116 -0.35899298091153664 0.7769104779351398 0.5172370336033973 -0.5516948606238387 -0.5569617289541062 -0.6230127731418873 0.5492255611153839 -0.47715641796625
26456013410089 1341847992.754765126.pcd 1341848022.078664812.pcd 0.14016403577463626 0.946913072537293 -0.31995718290606256 -0.03135337565238542 1.1484312041922582 0.31442259389770977 0.9013467852500834 0.29784627774403344 1.0678302952576502 -0.06703779161502182 -0.29189274370247104 0.9540988212282963 -0.31668220122299123
26456013410090 1341847992.754765126.pcd 1341848022.078664812.pcd 0.14016403577463626 0.37033505125622074 0.2693823961254471 0.8889797941847527 0.4210533531765754 -0.11271937941209337 0.9629861552744452 -0.24485098785729886 1.9203074645588902 -0.9220337799213244 -0.009528347572126797 0.3869921436883957 0.366970777655162
26456013410091 1341847992.754765126.pcd 1341848022.078664812.pcd 0.14016403577463626 0.5432358708181673 -0.37855130523593294 0.7493955550712847 0.32165129346573856 0.35143080347360967 0.9131516874130886 0.2065196991681957 1.0355187356622593 -0.7624901173302645 0.15117177341951257 0.6290913414559757 0.6490258629096053
26456013410093 1341848062.330839167.pcd 1341848001.299150444.pcd 0.18880314319704464 0.9845810429240432 -0.09244944155384843 -0.14850343656287898 0.07358458652671154 0.11204671199690988 0.985224644570724 0.12952966479217143 -0.10180770737777341 0.13433430033050006 -0.14417177423779015 0.9803921640179724 -0.18610859622065354
26456013410094 1341848062.330839167.pcd 1341848001.299150444.pcd 0.18880314319704464 0.9682179096778517 0.24854299586372847 -0.0279366888899559 -0.0977953345555275 -0.2438848927109264 0.9629804410965239 0.11484262785622884 -0.05317238307136707 0.05544581577027648 -0.10437935271224388 0.9929907916194096 0.09450716262028669
26456013410095 1341848062.330839167.pcd 1341848001.299150444.pcd 0.18880314319704464 0.9821379906015285 0.14636604869957384 -0.11824528407199082 0.03264367392254932 -0.14009110011792789 0.9883319668739813 0.059786343948731446 0.04516589023341283 0.12561628511041284 -0.042153327781816866 0.991182952775106 0.13180620251340114
26456013410096 1341848062.330839167.pcd 1341848001.299150444.pcd 0.18880314319704464 0.9777349003566681 0.20178644086092332 -0.05759077104204605 0.01380824054071713 -0.2003281254941043 0.9792657024073503 0.03012185626180696 -0.17045418987551325 0.06247484902386447 -0.017914138922082476 0.9978857534137491 0.276848514803583
26456013410097 1341848062.330839167.pcd 1341848001.299150444.pcd 0.18880314319704464 0.9749644381967153 -0.13439976009339405 0.17714696931813834 0.14063359089805916 0.10188185457662526 0.9781239483643432 0.18136600934071143 -0.06778690401521015 -0.1976472412147225 -0.15877734763808646 0.9673289626167634 -0.09201256610744425
26456013410098 1341848062.330839167.pcd 1341848001.299150444.pcd 0.18880314319704464 0.999720974059509 -0.014627670872576886 -0.018547379069563556 0.003896326407471956 0.011125806797749644 0.9842310566467456 -0.17653737155381485 0.04925597172282111 0.020837237067463297 0.17628175849155267 0.9841191752905337 -0.04132148971065757
26456013410099 1341848062.330839167.pcd 1341848001.299150444.pcd 0.18880314319704464 0.9957381691991858 0.06429691500961947 -0.06611660245429493 0.005793388327987862 -0.08038239738979396 0.9565117695041836 -0.28039954527396194 0.07431468381708603 0.04521248267594642 0.2845191408679233 0.9576036183568105 0.013479478015997904
26456013410100 1341848062.330839167.pcd 1341848001.299150444.pcd 0.18880314319704464 0.9840563603643933 -0.008440850389127374 -0.17765649909612596 -0.030536498329161766 -0.027389798014174224 0.9797655737121879 -0.19826552784881704 0.09555652162977665 0.17573525141850788 0.19997042934678036 0.9639133512903212 0.05594056608026768
26456013410101 1341848062.330839167.pcd 1341848001.299150444.pcd 0.18880314319704464 0.9783961618608826 -0.16622670454254257 0.12292124776790958 -0.0975941024122177 0.16947179121177514 0.9853992552794044 -0.016359085496068078 -0.02215830559309649 -0.11840718913717216 0.03683735049812109 0.9922815866319965 -0.1901675366801475
26456013410102 1341848062.330839167.pcd 1341848001.299150444.pcd 0.18880314319704464 0.9730692911640774 -0.1219062888455037 0.1956400044299649 0.04914585275160832 0.16003555488988497 0.9681125101233022 -0.19273502254091118 0.09792968867545777 -0.1659059244407103 0.2188538884339859 0.9615498945727141 -0.07871362975387926
26456013410103 1341848062.330839167.pcd 1341848001.299150444.pcd 0.18880314319704464 0.8267307616229567 0.1358000955367847 0.5459620699632218 -0.057548824263122654 -0.06311732993825428 0.9866921949713604 -0.14984897411749015 0.18803317254648558 -0.5590460181843632 0.08942508839693043 0.8243001292717415 0.9497827112615442
26456013410104 1341848062.330839167.pcd 1341848001.299150444.pcd 0.18880314319704464 0.9816933812962897 0.18598213152582643 -0.04109442629077213 -0.2248283512908547 -0.1620267542633645 0.702014678053574 -0.6934859210540731 -0.4440674456176199 -0.10012709933847481 0.6874489352311537 0.7192972441401511 0.39471660167788075
26456013410105 1341848062.330839167.pcd 1341848001.299150444.pcd 0.18880314319704464 0.7292338411190391 -0.004555833507687117 -0.6842494058074307 -0.8334852600992108 0.12042065922591788 0.985225387605103 0.12177766810860519 0.0067140958932128255 0.6735850872743303 -0.1712021611996311 0.7190083102455828 -0.2703940213299202
26456013410106 1341848062.330839167.pcd 1341848001.299150444.pcd 0.18880314319704464 0.6539766941702574 0.6205322643797777 0.43272877457576975 -0.18666648977657377 -0.5166636782574625 0.7841800165332847 -0.3436864053746185 -0.13846890326578642 -0.5526057609649133 0.0011876588579904923 0.8334419370387034 0.25582768946334355
26456013410107 1341848062.330839167.pcd 1341848001.299150444.pcd 0.18880314319704464 0.9988100234531911 -0.028702801160434603 -0.03942950995105589 -0.04161803410972076 0.029669159273780395 0.9992680908034337 0.02414588350108322 0.2929232745240702 0.038707596637132 -0.02528699087683994 0.9989305731906356 0.48554252348704713
26456013410108 1341848062.330839167.pcd 1341848001.299150444.pcd 0.18880314319704464 0.8870776811963196 -0.3729901795807658 -0.27197704583230803 0.8022314753788004 0.39968220740981325 0.9153835622611821 0.04823968306330367 -1.0015297663357527 0.23097038901855 -0.15149673223649757 0.9610938661328992 -0.3552547306410763
26456013410109 1341848062.330839167.pcd 1341848001.299150444.pcd 0.18880314319704464 0.7049959302475057 -0.4755324951749026 0.5261649782788518 -1.0170094714532545 0.6038227436690952 0.7916016267251416 -0.0936213586423269 0.5066600791118224 -0.3719930544544878 0.38371305763400887 0.8452132611588508 0.3628568538179275
26456013410110 1341848062.330839167.pcd 1341848001.299150444.pcd 0.18880314319704464 0.88720748159543 0.005589797966090715 -0.46133679536732525 0.08489475278980141 0.09070932160352242 0.978296781780921 0.18629875397146875 0.5586423758334197 0.45236567462101257 -0.20713319607390648 0.86744517723536 -0.26156568289674687
26456013410111 1341848062.330839167.pcd 1341848001.299150444.pcd 0.18880314319704464 0.966496161356736 -0.24816775539801048 -0.06555863988374741 0.07279469567452837 0.25519581715455875 0.9564697332422083 0.14156533579374403 -0.11477690470513127 0.027572903175230798 -0.15355264430250537 0.9877556987627037 1.331028557114237
26456013410112 1341848062.330839167.pcd 1341848001.299150444.pcd 0.18880314319704464 0.8645340350216821 0.022142195968089952 0.5020862729121756 -0.8490763757646983 -0.04107263732177809 0.998800025932454 0.026674831972536176 -0.028872017743732912 -0.5008931430480583 -0.04368330751030716 0.8644060549836502 0.2654365620386404
26456013410113 1341848062.330839167.pcd 1341848001.299150444.pcd 0.18880314319704464 0.041452698013134004 0.9605081140862441 -0.2751469363847586 0.46137046389247816 -0.3090761167536704 0.2742035543933298 0.9106505173833349 0.4932379183316228 0.9501334789806658 0.047292425741874755 0.30823659514656243 -0.9453906942688942
26456013410114 1341848062.330839167.pcd 1341848001.299150444.pcd 0.18880314319704464 0.8743123082641406 0.431576074153192 -0.22208124602574736 2.105599557701042 0.16426416083026252 0.16744897069237946 0.9720998547889984 -0.2044831064123117 0.45672231507181654 -0.8863988574183638 0.07551021442731548 1.2164750947664045
26456013410115 1341848062.330839167.pcd 1341848001.299150444.pcd 0.18880314319704464 0.5833058161071123 -0.38652614011053943 0.7143891571873577 -0.662654166868126 0.7747903850627932 0.0007508560781594453 -0.6322177595017389 -0.41662226726379203 0.24383228684869512 0.922278146345449 0.2999147156505297 1.2654111076046244
26456013410116 1341848062.330839167.pcd 1341848001.299150444.pcd 0.18880314319704464 0.7697141319529462 0.5743480467242298 0.2786834697214467 0.08973106329350494 -0.6332207109035856 0.6314589695122521 0.44753893808838874 -0.022404501592211638 0.08106593831369847 -0.5209451900599398 0.8497319710348276 -1.0891950362869736
26456013410117 1341848062.330839167.pcd 1341848001.299150444.pcd 0.18880314319704464 0.271223874346763 0.9621777145567838 0.025527545800873935 -0.9436949327778091 -0.8854587058416195 0.23902436529838678 0.39853510892139443 0.5601823416124574 0.3773598948399468 -0.13069582397302426 0.9167977483406013 -0.5170012163727351
26456013410118 1341848062.330839167.pcd 1341848001.299150444.pcd 0.18880314319704464 0.8909168838753875 -0.4456082217049922 0.0877520300316954 -1.1345426405233399 0.2930660262804207 0.7116665147468471 0.638469322699438 0.37769896760176247 -0.34695736087590473 -0.5431059606899835 0.7646283444896854 -0.2276536956528119
26456013410119 1341848062.330839167.pcd 1341848001.299150444.pcd 0.18880314319704464 0.9679551485863392 0.2131559870547553 0.1327680515331581 -1.0537718185079006 -0.22404568002555453 0.9718276426762874 0.07317490138112515 -1.2660214970570371 -0.11342999421266475 -0.10057613093057197 0.9884422483382383 0.24828502254628987
26456013410120 1341848062.330839167.pcd 1341848001.299150444.pcd 0.18880314319704464 0.9187116956054471 0.20340556788512223 0.33851882563765306 -1.230138101540692 -0.342365372401512 -0.017076590708611283 0.9394116998580256 -0.39296134496247076 0.19686231772012358 -0.9789456394525194 0.05395055939246246 1.9171495363927928
26456013410121 1341848062.330839167.pcd 1341848001.299150444.pcd 0.18880314319704464 0.939439455651472 0.2864297230990007 0.1881794964673236 0.9007330282378126 0.1215711244702629 0.2348603423513131 -0.9643967447506548 0.19056499123220638 -0.32042779352032114 0.9288695459083872 0.18581548865378444 -0.23413610177679003
26456013410122 1341848062.330839167.pcd 1341848001.299150444.pcd 0.18880314319704464 0.4330933403907373 0.6405492601152221 -0.6341346890645819 0.725286423915062 -0.3476575894966776 0.7678136421984156 0.5381416275659805 0.13160018771109763 0.8316034866296268 -0.012603817669440909 0.5552267868228288 -0.9925940030894782
26456013410124 1341848033.642933862.pcd 1341848048.791156077.pcd 0.15832542452964682 0.9984050201045421 0.019291644208195062 -0.05305891342454412 -0.1828304817474548 -0.02269350284783546 0.997673947793458 -0.06427829200213564 0.04288784407448798 0.051695461682280563 0.0653798620215808 0.9965204728872834 -0.1349358746168697
26456013410125 1341848033.642933862.pcd 1341848048.791156077.pcd 0.15832542452964682 0.9781123423510196 -0.0029271947602800483 0.20805690873277202 -0.13786437163084717 0.03548223918884742 0.9876023846136551 -0.15291350694941014 -0.07641234813967357 -0.2050298915835129 0.15694891345994488 0.9660899451505515 -0.14845809674122656
26456013410126 1341848033.642933862.pcd 1341848048.791156077.pcd 0.15832542452964682 0.9614041747348036 -0.07370877422620631 -0.26508306133089926 0.13078550239388562 0.11130584509940053 0.9852839475153625 0.1297171986101011 -0.1693724700188779 0.2516207893819575 -0.1542159504416268 0.9554603178469455 0.006225272473055581
