id source target overlap scale t1 t2 t3 t4 t5 t6 t7 t8 t9 t10 t11 t12
26456013410000 1341848039.642714153.pcd 1341848031.630816545.pcd 0.10 0.41283143 0.9898596300490765 0.03890078508062564 -0.13661859946294438 0.08824397951256113 -0.035946320471838863 0.9990648348650716 0.02402743807739943 -0.07992722692305904 0.13742552471663086 -0.0188728550076129 0.9903322879216957 0.3457036034872723
26456013410001 1341848039.642714153.pcd 1341848031.630816545.pcd 0.10 0.41283143 0.8083365980764472 0.47676232655564776 0.3453833061794422 -0.10768329990218439 -0.5000030240367054 0.8656699356545878 -0.024749514296882644 -0.0058116887852940335 -0.31078758045383054 -0.1526867593507299 0.9381352958686856 -1.075084355875457
26456013410002 1341848039.642714153.pcd 1341848031.630816545.pcd 0.10 0.41283143 0.9174684780400071 -0.3964229387954757 -0.033172961877279555 -0.08469873425802321 0.3968614432116451 0.9178470321474583 0.007603977253556271 0.5878174209576504 0.027433313597213092 -0.020141478964093157 0.9994206992704403 0.3123033221363522
26456013410003 1341848039.642714153.pcd 1341848031.630816545.pcd 0.10 0.41283143 0.8172141792719347 0.22946762783544125 -0.5286828850761802 -0.3995540495097629 -0.2823631536094245 0.9590952705653982 -0.020181958845123152 -0.9082957670055383 0.5024261484841714 0.16577354962315644 0.848579457425585 0.43028265613242245
26456013410004 1341848039.642714153.pcd 1341848031.630816545.pcd 0.10 0.41283143 0.8722821138015933 0.4718205964207297 0.12848828248136457 -1.3311901048753718 -0.39197575710890165 0.8317346222738063 -0.3931571237431058 0.334984565411502 -0.29236778170777866 0.2925796351495356 0.9104494699405548 -0.22049488236617276
26456013410005 1341848039.642714153.pcd 1341848031.630816545.pcd 0.10 0.41283143 0.954905123802151 0.29686320397312244 -0.005333166340104877 -0.7859637434201356 -0.29688857483614134 0.9548998948980847 -0.004833720657199416 -0.8464053565497084 0.0036576861762328636 0.00619910077666584 0.9999740959051875 0.19092291204447254
26456013410006 1341848039.642714153.pcd 1341848031.630816545.pcd 0.10 0.41283143 0.9988524880867068 0.030345321616917675 0.03705224013418102 0.15770073297421772 -0.029936907002568982 0.9994853075805833 -0.011528292573766646 0.4196505734416446 -0.03738299937290642 0.01040583425356449 0.9992468313541818 0.5016675182394287
26456013410007 1341848039.642714153.pcd 1341848031.630816545.pcd 0.10 0.41283143 0.9372110083664149 0.34758400236342313 0.028651127339630503 -0.6213199218245058 -0.34875715089500947 0.9344975444359456 0.0712936823483244 -0.36148174258686044 -0.001993864690349163 -0.07680950946472762 0.9970437922977028 1.032958234548131
26456013410008 1341848039.642714153.pcd 1341848031.630816545.pcd 0.10 0.41283143 0.976339402037041 -0.1998715525664471 0.08253929067196755 1.040974406055175 0.2152237934859256 0.8611331120407204 -0.460574078802305 0.8222121320261768 0.02097833996009282 0.4674410399416617 0.8837753014374055 1.0394901544490085
26456013410009 1341848039.642714153.pcd 1341848031.630816545.pcd 0.10 0.41283143 0.8736738435232542 -0.44931470804425977 -0.1865752081022713 0.0937190752368775 0.454492908891173 0.8905973783831095 -0.016507737118462533 1.4496129873759918 0.17358056029101931 -0.07037473092121857 0.982301983270329 -0.6046750507742258
26456013410010 1341848039.642714153.pcd 1341848031.630816545.pcd 0.10 0.41283143 0.7135069602064088 0.6026149906483719 0.35743949247791956 -1.1390635558945839 -0.5882643515362637 0.7923602672612446 -0.16158669368889209 -0.3121398896459409 -0.3805954156957611 -0.0949756806322091 0.9198514823817044 0.2791073708704359
26456013410011 1341848039.642714153.pcd 1341848031.630816545.pcd 0.10 0.41283143 0.9063340752626493 -0.418318061586157 -0.05973728625070202 0.7306303321157768 0.41929022002251765 0.907842601626646 0.0041859366014662305 1.523503487093665 0.0524810004789051 -0.028841116874402946 0.9982053569111768 -0.6808829688024409
26456013410012 1341848039.642714153.pcd 1341848031.630816545.pcd 0.10 0.41283143 0.9023216154124896 0.418081608055185 -0.10499272053521538 -0.3141185523098704 -0.42727231687697054 0.8996828514248472 -0.0894937656076779 -0.8042718521126008 0.057044452753802904 0.1256126421107644 0.9904379811739713 0.3528540164419554
26456013410013 1341848039.642714153.pcd 1341848031.630816545.pcd 0.10 0.41283143 0.9738682484348629 -0.22497425507709853 -0.03110014859959771 0.08160148965696767 0.22327608334017038 0.9734603910257177 -0.050226066064646566 -0.32856063698812926 0.041574334615069305 0.041969651613535594 0.9982535364549193 -0.10760864203185722
26456013410014 1341848039.642714153.pcd 1341848031.630816545.pcd 0.10 0.41283143 0.9370116732297908 -0.3297397961875271 0.11524231445660742 -0.6751336181902949 0.34304265428264963 0.9308641189618008 -0.12575265155130844 1.576132319688718 -0.06580928182119912 0.15736473188004474 0.9853453605647613 -0.1740572869896806
26456013410015 1341848039.642714153.pcd 1341848031.630816545.pcd 0.10 0.41283143 0.9742935535618844 0.22509879181373976 0.009088751935781732 0.13826723976057465 -0.224669517371539 0.973826161669304 -0.034441469371533424 -0.1697183388266013 -0.01660359755580888 0.03151413607296238 0.9993653885220258 0.3706724973117492
26456013410016 1341848039.642714153.pcd 1341848031.630816545.pcd 0.10 0.41283143 0.9992550681007238 -0.02024486156784848 -0.03285505220078846 0.0955447417918116 0.021804215166928244 0.9986180145190451 0.047818796293869266 0.00040923864833474974 0.03184156208436042 -0.04849955317463162 0.9983155354224881 0.1578696082793365
26456013410017 1341848039.642714153.pcd 1341848031.630816545.pcd 0.10 0.41283143 0.9176679811349058 -0.12083353204331718 0.37852970020029164 -1.1303604064245072 0.022605952425584386 0.9669736266918445 0.2538719681204551 -0.7433253241483345 -0.3967044836080357 -0.22441315205744472 0.8900922928937897 0.3743450049440311
26456013410018 1341848039.642714153.pcd 1341848031.630816545.pcd 0.10 0.41283143 0.9031817746016767 -0.08095813934286086 0.4215548145870329 0.8012718626366893 0.1945227216131177 0.9526229008322061 -0.23381727820299797 -0.07112261668360847 -0.3826533585421553 0.29318149410250055 0.8761398397015364 -0.18186273296046018
26456013410019 1341848039.642714153.pcd 1341848031.630816545.pcd 0.10 0.41283143 0.9888186247446636 -0.0697256982723223 0.1318182626137558 0.26307730528479234 0.13343594145509285 0.8083572107820757 -0.5733702724283983 1.7398459272536377 -0.06657760048293303 0.5845484982249632 0.8086225796605454 0.03806468629217108
26456013410020 1341848039.642714153.pcd 1341848031.630816545.pcd 0.10 0.41283143 0.9617754039176243 -0.014896978858233545 -0.2734340001535795 0.26087745191627754 -0.11809324868035109 0.8783331024071703 -0.46323314414225125 -0.7853281741166812 0.24706690801321635 0.4778169536932446 0.8429999417129851 0.8385977995005871
26456013410021 1341848039.642714153.pcd 1341848031.630816545.pcd 0.10 0.41283143 0.999754500310245 -0.021741770330040378 0.004270191134824861 -0.5946453960240965 0.021847102995549067 0.9994126630371084 -0.026401383520129558 0.3992723741286731 -0.0036936702768427965 0.026488193294199464 0.9996423022341017 0.11766060151900681
26456013410022 1341848039.642714153.pcd 1341848031.630816545.pcd 0.10 0.41283143 0.9014967052221146 0.35629539651467973 0.2456771883918386 0.39315121123879315 -0.4306082751787755 0.7953067435547304 0.42668922766333134 -1.2937962521598896 -0.04336131710674608 -0.4904495632364427 0.8703901551028428 -0.414631522080376
26456013410023 1341848039.642714153.pcd 1341848031.630816545.pcd 0.10 0.41283143 0.9155485013548952 0.08386259347638719 0.393367521641301 -0.31478356659692275 0.05511474243691933 0.9426365427475527 -0.3292395988380697 0.18897421332883546 -0.39841348726281495 0.3231151709411912 0.8584074087953385 0.9124246952366024
26456013410024 1341848039.642714153.pcd 1341848031.630816545.pcd 0.10 0.41283143 0.8377049056993573 0.5405020272125666 -0.07815401170980721 -0.4427868495206033 -0.5439859764823255 0.8384861947123876 -0.0319399227818493 -0.8060424739636599 0.04826746686746125 0.06927091637798441 0.9964295217356582 -0.20628213822809735
26456013410025 1341848039.642714153.pcd 1341848031.630816545.pcd 0.10 0.41283143 0.9684264777475067 -0.025589253080797975 0.24798255447576315 -0.8763282637579608 -0.0014607493826462523 0.9941185596758592 0.10828737469916022 -0.17401645827884782 -0.24929505291681794 -0.10523060122778971 0.9626933557246766 -0.35497180220445435
26456013410026 1341848039.642714153.pcd 1341848031.630816545.pcd 0.10 0.41283143 0.8159823578079433 -0.017520685762521637 0.5778112298290857 -0.6485790065743723 -0.10505470495140834 0.9784020009434078 0.17802537324075016 -0.08294791638613377 -0.5684507900546555 -0.20596735207393144 0.7965181411404834 -0.9833785480248817
26456013410027 1341848039.642714153.pcd 1341848031.630816545.pcd 0.10 0.41283143 0.8939539946598847 0.06254182838126134 -0.4437733375658836 -0.061342789373060924 0.052865946838139805 0.9685847111529847 0.24299968927057505 -0.42026064542000646 0.44502971484670756 -0.2406910405964832 0.8625638387273374 0.29608828620668726
26456013410028 1341848039.642714153.pcd 1341848031.630816545.pcd 0.10 0.41283143 0.9875348807970854 0.05399981531106967 -0.14784748613167809 -0.42638582263014735 -0.06865491787157894 0.9930220944297582 -0.09588337825912799 -0.1796323977928469 0.14163813561725924 0.10483863753743958 0.9843513085368253 0.04183104282355349
26456013410029 1341848039.642714153.pcd 1341848031.630816545.pcd 0.10 0.41283143 0.8689979169233781 -0.4882267672568241 -0.08048132775234484 -1.2734885055964613 0.4947588462096151 0.8597942207445127 0.1263628983193503 0.2284234260892013 0.007503631131651874 -0.14962794427608408 0.9887138988663774 -0.1335555403750886
26456013410031 1341847982.262665796.pcd 1341847989.602803877.pcd 0.12 4.94357996 0.9995176139445409 -0.0023929391811178197 -0.030964709859566956 0.4693220229510485 0.002350457951580563 0.9999962460816257 -0.0014082507143275947 -0.5475686120881164 0.03096796347888481 0.0013347901453126085 0.9995194863399304 0.08888800683205977
26456013410032 1341847982.262665796.pcd 1341847989.602803877.pcd 0.12 4.94357996 0.9559253880222239 -0.2265705734538156 -0.18674160698507952 0.8570768452107747 0.2547288283550628 0.9562729011225061 0.14371973623550396 -0.5924636100221037 0.14601327521639157 -0.18495381537982672 0.9718396007762945 0.5559602281363145
26456013410033 1341847982.262665796.pcd 1341847989.602803877.pcd 0.12 4.94357996 0.9444213108619961 0.32612501361528196 -0.041362580723898625 -0.5829388900478361 -0.3287298531762985 0.9360318784965831 -0.12562247437798377 0.8238642193352754 -0.0022519370324479773 0.13223765701414295 0.9912154815412296 -0.5358731562279841
26456013410034 1341847982.262665796.pcd 1341847989.602803877.pcd 0.12 4.94357996 0.975235690559398 -0.16654123260108974 -0.14553132206794445 0.20825511925099677 0.18504966913952234 0.9748087032254708 0.12451751710996019 -0.20937241529438128 0.12112789856382122 -0.14836444978358407 0.9814866388443232 -0.7760768545717219
26456013410035 1341847982.262665796.pcd 1341847989.602803877.pcd 0.12 4.94357996 0.8312892686535372 -0.5546323728401458 -0.03662079763162879 0.2514419739569116 0.5538663975498824 0.8209907462356829 0.13858646492530213 0.11512121573167641 -0.04679920390971111 -0.13548847033266698 0.9896730313190975 -0.018324360448237265
26456013410036 1341847982.262665796.pcd 1341847989.602803877.pcd 0.12 4.94357996 0.9045529939743977 0.27725127658227305 0.32390679326845434 -0.4749358930434371 -0.21238844674121934 0.9517432101342775 -0.22153105798996373 -0.10339019740986802 -0.3696958598399575 0.13159252105192135 0.9197871382120942 0.4436350744080241
26456013410037 1341847982.262665796.pcd 1341847989.602803877.pcd 0.12 4.94357996 0.9861827739520846 -0.11831375878930071 0.1159542618506048 0.008546175633639463 0.11806409139893247 0.9929647963035606 0.009043429878808063 0.09914003012369088 -0.11620846218032478 0.004771559805301456 0.9932133836868634 -0.21747664066151295
26456013410038 1341847982.262665796.pcd 1341847989.602803877.pcd 0.12 4.94357996 0.948995073425512 -0.15697874931592054 0.2734337632358452 -0.09578195592552186 0.0051144023775303304 0.8747930767708939 0.48446972632150453 -0.4361843202158583 -0.31524941475350526 -0.4583609332141235 0.8309771726110472 1.2892107137899647
26456013410039 1341847982.262665796.pcd 1341847989.602803877.pcd 0.12 4.94357996 0.9791035935828616 0.18609025320399805 -0.08201567347524807 0.09520352907458196 -0.1765806175569213 0.978003814850095 0.11103073287102698 -0.5287383532015578 0.10087337872968724 -0.09422821128055515 0.9904269814895614 0.4792931096753844
26456013410040 1341847982.262665796.pcd 1341847989.602803877.pcd 0.12 4.94357996 0.9058326781460184 0.2031590986534808 0.371743917014276 0.14101389095247469 0.061720493525707035 0.8048564557816688 -0.5902513585460976 -0.1722173880551343 -0.41911542548772274 0.5576131869144378 0.7165261990306909 0.786633852308879
26456013410041 1341847982.262665796.pcd 1341847989.602803877.pcd 0.12 4.94357996 0.9034285471339221 0.41009732755397016 -0.12504815934903882 -0.12407822061761598 -0.3170600024936096 0.8353835406678943 0.4490070097447532 -0.45348106394535753 0.2885997488603258 -0.36599798075162165 0.8847347981420718 -1.0890290848819943
26456013410042 1341847982.262665796.pcd 1341847989.602803877.pcd 0.12 4.94357996 0.951500216809044 -0.1508368454472544 0.26813351798658747 -0.08382260109864809 0.13339287048046933 0.9876455468563473 0.0822351255839473 0.03996303268631338 -0.2772249619304208 -0.042479640186187356 0.9598655117527293 0.8924347552298534
26456013410043 1341847982.262665796.pcd 1341847989.602803877.pcd 0.12 4.94357996 0.7342794157126239 0.4929036494515269 -0.46677589057072555 0.4198201764046807 -0.5588550259786682 0.829258188371306 -0.003452094657097532 -0.5850070742573942 0.3853761793353474 0.2633948544989171 0.884368899851405 -0.31757793887902175
26456013410044 1341847982.262665796.pcd 1341847989.602803877.pcd 0.12 4.94357996 0.884478256113923 0.4664143390226729 0.012485143800403609 0.16587731721901 -0.4281207604266812 0.8219180935353909 -0.3757169972343924 -0.6444408087907973 -0.1855015605146055 0.32696836524836975 0.9266503435349575 0.2105427590902158
26456013410045 1341847982.262665796.pcd 1341847989.602803877.pcd 0.12 4.94357996 0.9515771595855848 0.30740999134846825 -8.108122613074361e-05 -0.177797569722977 -0.3074099890583095 0.9515771629538116 3.964776358734769e-05 -0.6819246033083217 8.934316179168212e-05 -1.2802727420682878e-05 0.9999999959269448 0.14349759393399808
26456013410046 1341847982.262665796.pcd 1341847989.602803877.pcd 0.12 4.94357996 0.9909853769202801 -0.1310680783388253 0.02773340171594585 0.10767461277670748 0.13138134044501334 0.9912836191165821 -0.009784163428848273 0.02906295837989853 -0.02620927532462468 0.013339614375927825 0.9995674707468524 -0.10306936046829362
26456013410047 1341847982.262665796.pcd 1341847989.602803877.pcd 0.12 4.94357996 0.9714130392831251 0.18202913151483296 -0.15238799949693374 -0.17295697096668528 -0.10631191513114902 0.9075156659966354 0.4063411038423639 -0.03217705495710255 0.2122604150845588 -0.37852438659964704 0.9009244168838426 1.751594088402884
26456013410048 1341847982.262665796.pcd 1341847989.602803877.pcd 0.12 4.94357996 0.938107609862439 -0.332579284536932 0.09667022196666471 0.5949944957441147 0.320231544484576 0.9392301601878879 0.12368696014720978 1.4636858606517764 -0.13193130877545622 -0.0850748240687979 0.9876013386354123 -0.3793583970927595
26456013410049 1341847982.262665796.pcd 1341847989.602803877.pcd 0.12 4.94357996 0.9881513977953255 -0.022357733455074844 0.15184514081753162 -0.2998118541696295 0.004981819986148947 0.9934841822048799 0.11386114867823137 -0.13375261009645498 -0.15340142275992677 -0.11175558806365134 0.9818241655366695 0.14167978098299705
26456013410050 1341847982.262665796.pcd 1341847989.602803877.pcd 0.12 4.94357996 0.964799577296189 -0.004205722001782881 0.2629526336653402 -0.13933380361759684 -0.04526262247781258 0.9822961946438263 0.18178416046149032 -0.029210757019646733 -0.25906190506426435 -0.18728720695952933 0.9475285913648054 0.17909773726219913
26456013410051 1341847982.262665796.pcd 1341847989.602803877.pcd 0.12 4.94357996 0.9188021465634717 0.2724791113392537 -0.28558317414393897 0.6414025096670108 -0.1801950995289203 0.9332689676080982 0.3107068718349775 -1.0647206012803916 0.35118704642415166 -0.2340174523053468 0.9065889313467244 0.8661243788719213
26456013410052 1341847982.262665796.pcd 1341847989.602803877.pcd 0.12 4.94357996 0.9810293401893407 0.146644559390281 -0.12679434880505164 0.019848801325354493 -0.09638756722617456 0.9364527714775471 0.33729163001213175 0.26959359430676183 0.16819890181534014 -0.31867158642284293 0.932822356847681 1.2760522210199352
26456013410053 1341847982.262665796.pcd 1341847989.602803877.pcd 0.12 4.94357996 0.9779714508816936 0.09012970932921786 0.18827765867618457 -0.29109620019481314 -0.1281418884650538 0.971242505519978 0.20066801412254293 -0.3300324277803929 -0.16477711516155658 -0.2203738436555166 0.9613968334415967 -0.1960638779919185
26456013410054 1341847982.262665796.pcd 1341847989.602803877.pcd 0.12 4.94357996 0.9970426913431089 -0.06787498632501003 -0.036039670790254684 0.025164694689850275 0.06719005065506391 0.997541939397939 -0.01988909840009394 -1.4071247662155637 0.03730105537729706 0.017408772891228542 0.9991524237543347 0.28714824089598034
26456013410055 1341847982.262665796.pcd 1341847989.602803877.pcd 0.12 4.94357996 0.9561035235020947 0.2652353271204047 -0.12456433516143865 0.04793534043715886 -0.27105264173452176 0.9620315080375198 -0.03202878317689142 -0.18737672038603823 0.11133965041985856 0.06438632456032284 0.9916944506520122 -1.3371498272508817
26456013410056 1341847982.262665796.pcd 1341847989.602803877.pcd 0.12 4.94357996 0.9266273493011785 -0.062265546778488695 -0.3707893704132407 -0.42351719156622447 -0.14374376957457347 0.8526028754789711 -0.502400303974313 -0.22306459831432737 0.34741831304000587 0.518836523781206 0.7810948581030799 -0.3372329205501188
26456013410057 1341847982.262665796.pcd 1341847989.602803877.pcd 0.12 4.94357996 0.9497369676522951 -0.28331849839545187 0.13315525052197413 0.3219348655664049 0.3113829335750462 0.8111396912390823 -0.4950687527755764 0.7650307816975992 0.03225462684362877 0.5116473685689322 0.8585898958662777 -0.575712364617504
26456013410058 1341847982.262665796.pcd 1341847989.602803877.pcd 0.12 4.94357996 0.8462743735717723 0.313642284079422 -0.4306369727196536 0.02489540030937032 -0.34683223142238323 0.9379259397861696 0.0015279799740365585 0.19806787576172488 0.40438482647383667 0.14806569188597946 0.9025239404049353 -0.15082020159624704
26456013410059 1341847982.262665796.pcd 1341847989.602803877.pcd 0.12 4.94357996 0.99927146431227 -0.029104210768110404 -0.024687760667525992 0.321742794045403 0.02951071058406342 0.9994321351224617 0.01626423208703998 -0.7526873765276414 0.024200383716695157 -0.01698093637355903 0.999562899085316 -0.4273615217027365
26456013410060 1341847982.262665796.pcd 1341847989.602803877.pcd 0.12 4.94357996 0.9464445371301247 0.19875899444794454 0.2544358470471219 0.40762399792335124 -0.28569396616148474 0.8826666587285863 0.3732003848709617 -1.1658332859070124 -0.15040510574932248 -0.42590425179253083 0.8921792826946723 0.8532186199626615
26456013410062 1341847986.922698631.pcd 1341848039.138655903.pcd 0.12 0.24395543 0.9830988101642897 -0.17622093404951905 0.04962773273355468 -0.06766010938398176 0.15204766178374762 0.9368980248662541 0.3148072418922524 -0.1365914225048828 -0.10197175098846332 -0.30194084421360934 0.9478573144708647 0.059702884824133884
26456013410063 1341847986.922698631.pcd 1341848039.138655903.pcd 0.12 0.24395543 0.9533517518957859 0.29611032191581055 -0.058643963134758864 -0.22966636859029033 -0.28187422320651223 0.8037480146583603 -0.5239618795527682 0.44788477098760837 -0.10801555188472281 0.5160501973526018 0.849720444830757 -0.20342377052438
26456013410064 1341847986.922698631.pcd 1341848039.138655903.pcd 0.12 0.24395543 0.856682451291441 -0.5130718677311447 -0.05340820341635233 0.20739982409837587 0.4864126359366808 0.7689910483381804 0.41479575115576606 -0.027898348965919514 -0.17174960043743243 -0.3813266658897867 0.9083457759195896 -0.3973769517528346
26456013410065 1341847986.922698631.pcd 1341848039.138655903.pcd 0.12 0.24395543 0.9537781803911747 0.018324344575516256 0.2999523312221084 -0.32620080548719577 -0.06103747693946242 0.9891462009200347 0.13365709713414706 -0.22108389146880672 -0.2942475301826071 -0.14578755640088073 0.9445445354138129 -0.03094837226900027
26456013410066 1341847986.922698631.pcd 1341848039.138655903.pcd 0.12 0.24395543 0.986104416204432 -0.15726959792792344 -0.053519659095567274 -0.2532063344772043 0.15111023142824515 0.9829940936118301 -0.10434706455841955 1.2160079131244812 0.069020129671123 0.09480973310713453 0.993099862153014 -0.8375051140774652
26456013410067 1341847986.922698631.pcd 1341848039.138655903.pcd 0.12 0.24395543 0.9858993464690432 0.05444255073547436 0.1582355437356887 0.01896764904166326 -0.03927174010219391 0.994463385771664 -0.09746950696963906 -0.16843118392366613 -0.16266594315116945 0.08988093807350968 0.9825788558226595 0.2491024431420068
26456013410068 1341847986.922698631.pcd 1341848039.138655903.pcd 0.12 0.24395543 0.7488578867586926 0.5747764551929493 -0.32991497691849747 -0.238266967862237 -0.4716260639877337 0.8119260220124837 0.3440130674064898 -0.3850409457877105 0.46559716623573133 -0.10202039666072461 0.8790967622841329 -0.563735445114147
26456013410069 1341847986.922698631.pcd 1341848039.138655903.pcd 0.12 0.24395543 0.8641877836576574 0.2576122171878293 0.43222149429712126 0.12700908348459594 -0.3200602656539642 0.944251496239518 0.07713973164942384 -1.2057175955538546 -0.38825365539345486 -0.20500014001215205 0.8984620424194993 0.18745494004790864
26456013410070 1341847986.922698631.pcd 1341848039.138655903.pcd 0.12 0.24395543 0.9995726831348085 -0.021642725491092082 -0.019647991347638474 -0.028073173114536942 0.023766197274873998 0.9930572100215018 0.11520653406557499 -0.04276003972279516 0.01701819607865108 -0.1156242624090115 0.993147225211147 0.1214339360159794
26456013410071 1341847986.922698631.pcd 1341848039.138655903.pcd 0.12 0.24395543 0.9175271260021959 0.3474956095430492 -0.1933669423620679 0.450786242713361 -0.34329338991479513 0.9375607650510455 0.05594157914920508 -0.7028495512385773 0.20073271156181552 0.01505367680013859 0.9795303799902472 0.9103798122312565
26456013410072 1341847986.922698631.pcd 1341848039.138655903.pcd 0.12 0.24395543 0.9896181817274834 0.14303033955460115 0.014077512610011014 -0.09947088565716833 -0.14342494825125124 0.9891161526925327 0.03284083893337597 -0.1429647764967581 -0.009227058768395979 -0.03451895782924984 0.9993614475938457 0.027269100294858517
26456013410073 1341847986.922698631.pcd 1341848039.138655903.pcd 0.12 0.24395543 0.9359285056222744 0.25544808936825525 -0.24245433797266702 0.07712043705115379 -0.3487524835627378 0.7681649097549661 -0.5369305137817808 0.19459891460116296 0.04908704077940225 0.5870851259053091 0.8080355916469699 -0.1896175468178869
26456013410074 1341847986.922698631.pcd 1341848039.138655903.pcd 0.12 0.24395543 0.9646774093773829 -0.2208900173891119 -0.14354475279430884 0.14256899759963382 0.2391738960758758 0.9627970444476555 0.12576843260033732 -0.2879069782689194 0.11042347247224003 -0.15565812352941072 0.981619684657187 -1.2977141622017438
26456013410075 1341847986.922698631.pcd 1341848039.138655903.pcd 0.12 0.24395543 0.9590756022588129 -0.13788833191579455 0.24730709062494555 -0.13137929063312986 0.2285185154240902 0.8926630519515397 -0.3884996316458132 0.6275564067029438 -0.1671923361289781 0.42911476740149873 0.8876413910683145 -0.14275694135378458
26456013410076 1341847986.922698631.pcd 1341848039.138655903.pcd 0.12 0.24395543 0.9985891507484356 0.05237935990125985 -0.008724142585524293 -0.6974806569951458 -0.05301853598768757 0.9926399287686658 -0.10888069918888543 -0.6299149721828324 0.0029568309455470757 0.10918962620355732 0.9940165404460265 0.8908130255235605
26456013410077 1341847986.922698631.pcd 1341848039.138655903.pcd 0.12 0.24395543 0.8641503936181679 -0.4010310645898286 0.30400358952406115 -0.23173533069823699 0.49423259292191235 0.7900768698879886 -0.36264677547398827 0.6930983645550728 -0.09475358200748116 0.4636298360782518 0.8809478609967815 -0.9108038671966285
26456013410078 1341847986.922698631.pcd 1341848039.138655903.pcd 0.12 0.24395543 0.987684467520926 -0.1558175037688705 0.014152672438190721 0.018547463705198275 0.155060113728492 0.9869099564608412 0.04432943682213201 0.028737280601493644 -0.020874715528883817 -0.04158898120534204 0.998916714693417 0.07655692362810051
26456013410079 1341847986.922698631.pcd 1341848039.138655903.pcd 0.12 0.24395543 0.9994914772547332 -0.020448811146931194 -0.024466978109853064 0.42772823725883585 0.019582492459433283 0.9991905892001332 -0.03513819066154158 -0.6439163087287185 0.02516570849841357 0.03464119767802135 0.9990829167487576 0.7437938119133214
26456013410080 1341847986.922698631.pcd 1341848039.138655903.pcd 0.12 0.24395543 0.7630149636008339 0.6284758689089434 0.1510835779307823 -0.91298807935919 -0.6232466441218842 0.7773005423604825 -0.0858340692086146 0.2056465568392179 -0.17138198829523377 -0.02866965373436471 0.9847874212451762 -1.2076181851673524
26456013410081 1341847986.922698631.pcd 1341848039.138655903.pcd 0.12 0.24395543 0.9339879620413207 -0.19812834595913034 -0.2973409579748468 0.3403611759913795 0.11744608561085759 0.9561727935812899 -0.2682163413918679 0.8212685569952818 0.3374505945121264 0.21558930247684155 0.9163232775177991 -1.1598096126877397
26456013410082 1341847986.922698631.pcd 1341848039.138655903.pcd 0.12 0.24395543 0.9268968297921311 0.3718260231501582 -0.05106540345121448 -0.5170215542728677 -0.3397934376094608 0.8891437841507436 0.3065350728116466 -1.0936283132892743 0.15938220314339602 -0.2667746982276131 0.9504885973575503 -0.8807749239768757
26456013410083 1341847986.922698631.pcd 1341848039.138655903.pcd 0.12 0.24395543 0.8121753121595426 -0.40500925948602395 0.4199270913493579 -0.31522336824581365 0.3158607659332363 0.9104134396119605 0.26716913279416904 -0.04311771805375322 -0.4905132402521045 -0.08434968111677427 0.8673418544223953 0.17836223648089822
26456013410084 1341847986.922698631.pcd 1341848039.138655903.pcd 0.12 0.24395543 0.9979080731263364 0.06362766859484544 -0.011445408619480811 -0.17833829172429438 -0.06443304381896729 0.993320397005537 -0.09572341279428727 0.017663677150430386 0.005278300247750778 0.0962606289297291 0.9953421677315534 0.9744211832227739
26456013410085 1341847986.922698631.pcd 1341848039.138655903.pcd 0.12 0.24395543 0.9987385910001613 -0.03936150611077588 -0.031175289633040136 -0.7634863461620217 0.03792472655583162 0.9982482916481467 -0.045409947558019706 0.5235524097895713 0.0329080835461135 0.04417035270685592 0.998481866625065 -1.0708867557362196
26456013410086 1341847986.922698631.pcd 1341848039.138655903.pcd 0.12 0.24395543 0.9568866175107489 0.08156337283644284 0.2787748508032618 -0.703789244702201 -0.14427367230428428 0.9664627829572117 0.21244951550530128 -0.517288679861075 -0.2520974190837214 -0.24350996975513073 0.9365627506585886 0.039008372306481465
26456013410087 1341847986.922698631.pcd 1341848039.138655903.pcd 0.12 0.24395543 0.95964384934183 -0.27355245130635725 -0.06521302634196624 0.3485623358303609 0.27818217407284845 0.9573899392195779 0.07758338938997346 -0.2730623620104074 0.04121116897757692 -0.09259352388485832 0.994850782221176 0.5967308246794967
26456013410088 1341847986.922698631.pcd 1341848039.138655903.pcd 0.12 0.24395543 0.7497870902403118 -0.03193280359906073 -0.6609081746833445 0.7402217688177993 -0.13314396728396777 0.9711232510155771 -0.1979704910152574 -0.09446195751859476 0.6481450480292603 0.23643165479952175 0.7238840164860028 0.05407858144542618
26456013410089 1341847986.922698631.pcd 1341848039.138655903.pcd 0.12 0.24395543 0.7831805009090407 0.055436498367489824 -0.6193182523102445 0.4039478207184221 -0.016905986130040233 0.9975479595716816 0.06791359206628438 -0.03211719205246645 0.6215645506532972 -0.042718415269367094 0.7821973193306397 0.146319916823618
26456013410090 1341847986.922698631.pcd 1341848039.138655903.pcd 0.12 0.24395543 0.9206442990842384 0.3892557603094659 -0.02990029480776405 0.009020636343906152 -0.3902448777853577 0.9197454872080751 -0.04215654305884039 0.5588212926346823 0.011090983995244372 0.05047961792922267 0.9986635060157836 0.13565949490004503
26456013410091 1341847986.922698631.pcd 1341848039.138655903.pcd 0.12 0.24395543 0.9485670041162898 -0.3112796314523388 0.05766827329427321 0.29418092568529286 0.3097304815540853 0.9502047443905773 0.034321604477532325 0.3584068141410953 -0.06548028327765003 -0.01469471947788924 0.9977456578313658 0.07621959144148571
26456013410093 1341848056.130649409.pcd 1341848053.046693080.pcd 0.13 4.2786074 0.9333726763214568 -0.3234933591779503 0.1554589774322677 -0.5381206358250539 0.22505844324128052 0.8649359020815741 0.44859177702689185 0.10550425601458813 -0.2795785117320929 -0.3837159520506008 0.8801124495878744 -0.05151682521085632
26456013410094 1341848056.130649409.pcd 1341848053.046693080.pcd 0.13 4.2786074 0.761251223523721 -0.6458088999077437 0.058544337758555526 -0.43579083662397733 0.6418861654969078 0.7632800486427224 0.07338745047785608 0.7464960148409802 -0.09207999363224448 -0.018287485992159368 0.9955836693260756 -0.09238367441163753
26456013410095 1341848056.130649409.pcd 1341848053.046693080.pcd 0.13 4.2786074 0.9982718591364113 0.049643084949800735 0.0314461344683251 -0.1146364637786943 -0.048146884903467684 0.9977492439719933 -0.04667251468914171 -0.3288020168760669 -0.033692324503146895 0.045077824592395545 0.9984151526292016 1.2356018643818731
26456013410096 1341848056.130649409.pcd 1341848053.046693080.pcd 0.13 4.2786074 0.9454075242127499 -0.3220541590242985 0.0498571140066336 -0.044465363794231605 0.325330668392877 0.9237099773789105 -0.20228651436439457 0.5873885000563616 0.019093699614336497 0.20746324095078714 0.978056457618492 0.09303508909415792
26456013410097 1341848056.130649409.pcd 1341848053.046693080.pcd 0.13 4.2786074 0.9137499608282134 0.3901573769656412 -0.1133059146105308 -0.48404525699584555 -0.40532300637408986 0.8563341808269623 -0.32000786123357156 -0.27346010509801066 -0.027825700176416536 0.3383326646168026 0.9406150851772398 1.0864210755006174
26456013410098 1341848056.130649409.pcd 1341848053.046693080.pcd 0.13 4.2786074 0.9988440484321064 -0.024638018496988347 -0.04127390163652895 0.12531845367111671 0.02882440717920805 0.9941473997802841 0.10411580600882404 -0.007575053897683193 0.03846713483646821 -0.10518514892627152 0.9937083898120369 0.8215408948982867
26456013410099 1341848056.130649409.pcd 1341848053.046693080.pcd 0.13 4.2786074 0.9770203342716075 -0.21250774357722885 0.01648409353015245 -0.08396923281225477 0.21278526548364546 0.9769432982426022 -0.01744198417383553 0.36747877937043283 -0.012397468001595151 0.020548745425951614 0.9997119844478052 0.026204942371694906
26456013410100 1341848056.130649409.pcd 1341848053.046693080.pcd 0.13 4.2786074 0.87556786228061 0.48210129392557627 -0.030971937889773257 -0.02488348735372714 -0.4759198501316983 0.8497800641924621 -0.2266586392610637 -0.5385027585357027 -0.08295308789903276 0.21319518028403064 0.9734816897670316 -0.20672031517766976
26456013410101 1341848056.130649409.pcd 1341848053.046693080.pcd 0.13 4.2786074 0.9991869993946734 0.0012583082352147568 0.040295867046812005 0.7091160706278102 0.0019886278868061985 0.9967577890630315 -0.08043603235680595 0.12446444523185529 -0.040266432667880776 0.0804507712987421 0.9959449220703124 -0.054218003853953034
26456013410102 1341848056.130649409.pcd 1341848053.046693080.pcd 0.13 4.2786074 0.9664172934415188 0.08515086419815648 0.24246019315235312 -0.42350188801941835 -0.04587516697153868 0.9855166193465372 -0.16325581780477497 0.11168163165137565 -0.25284992385306887 0.1466503437366566 0.9563266140233774 0.07650786794067521
26456013410103 1341848056.130649409.pcd 1341848053.046693080.pcd 0.13 4.2786074 0.9028688584221832 -0.426627029006859 0.05307732672435934 0.5535511775091866 0.4259220581495664 0.9044275310150625 0.02452022682675602 0.6403206246782932 -0.05846558708386531 0.00046825503618991293 0.9982893147099994 0.8689721891783179
26456013410104 1341848056.130649409.pcd 1341848053.046693080.pcd 0.13 4.2786074 0.9608908252050361 -0.243236300234264 -0.13238173697731787 -0.5922353911774567 0.23783761416087895 0.9697229149569537 -0.0554142355144369 0.8667879919078697 0.1418523574955512 0.021761674010415195 0.9896485932982569 0.6449697314986086
26456013410105 1341848056.130649409.pcd 1341848053.046693080.pcd 0.13 4.2786074 0.8514081175631858 -0.5228697994405489 0.0413689518904274 -0.6003462820123784 0.47357574795726526 0.8002466405543608 0.3678740616409051 0.12829125112093365 -0.22545560160312966 -0.29361962998828905 0.928954942174975 -0.4615119560069366
26456013410106 1341848056.130649409.pcd 1341848053.046693080.pcd 0.13 4.2786074 0.9404365071549037 0.26483032391468564 -0.21317616082838006 1.2956776689529306 -0.2259252723523909 0.9553935800045807 0.1902127193395031 0.16012108459778468 0.25404123154083214 -0.13072110319788946 0.9583188643953243 0.23064189535066137
26456013410107 1341848056.130649409.pcd 1341848053.046693080.pcd 0.13 4.2786074 0.7570905838931875 -0.6372447263561877 0.1439896055675545 -0.6955191472201361 0.6316377663036438 0.7702732584367985 0.08782277333414466 0.7169308720090206 -0.16687594182270807 0.02445947808896619 0.985674466531623 0.4840062759248861
26456013410108 1341848056.130649409.pcd 1341848053.046693080.pcd 0.13 4.2786074 0.8520193488548126 -0.27685973428896915 -0.4443103832980527 0.10943728512875683 0.3069442013172863 0.9517171864462943 -0.0044333170925024284 0.2604068778701222 0.4240852348935463 -0.13260122379597733 0.8958619475081497 0.010946357922139193
26456013410109 1341848056.130649409.pcd 1341848053.046693080.pcd 0.13 4.2786074 0.8645514817686395 -0.48678637978776546 -0.12485894371157885 0.8491975270865598 0.48375281788495733 0.7388220788531612 0.46917496415245397 0.6915050109223847 -0.1361394379304292 -0.46602677632536793 0.8742340059662357 -0.24956986399521197
26456013410110 1341848056.130649409.pcd 1341848053.046693080.pcd 0.13 4.2786074 0.9473645973781402 0.3201452344064049 0.0027108156378458717 -0.16426765507561014 -0.31667239372992234 0.9382664751467512 -0.13919273208415672 -0.28730020960015434 -0.047105357274044614 0.13100782611187328 0.990261599181512 -0.14602598819139423
26456013410111 1341848056.130649409.pcd 1341848053.046693080.pcd 0.13 4.2786074 0.8909838321865288 -0.04769078814700034 0.4515234207747429 -0.4414654406540237 0.09244155640918189 0.992692547891068 -0.07756329035173752 0.244890577091177 -0.4445248805532213 0.11084716544620267 0.8888816211856821 -0.6148927265902047
26456013410112 1341848056.130649409.pcd 1341848053.046693080.pcd 0.13 4.2786074 0.9785814276612776 0.1989181839248289 -0.05300891944252013 -0.013049564752243281 -0.19680903902990454 0.9795217840994751 0.04246500477695481 0.178875778408564 0.06037045297611371 -0.031122830504779403 0.9976907225332055 0.6966408375022888
26456013410113 1341848056.130649409.pcd 1341848053.046693080.pcd 0.13 4.2786074 0.9425205284498818 -0.16966927926692243 -0.2878669642796802 0.9756979915112135 0.22055734531078203 0.9630581439882898 0.154510416242048 -0.28704503878047644 0.25101695337171165 -0.20912041261166628 0.9451238766157113 -0.12656511428064424
26456013410114 1341848056.130649409.pcd 1341848053.046693080.pcd 0.13 4.2786074 0.8976724888019841 0.2415855823822838 -0.3685383416051367 0.3172073072459425 -0.12911419733640248 0.9438169041825106 0.3042025237001134 -0.9708681185827849 0.42132366049656905 -0.22549070438568924 0.878430597908234 0.9056696627308561
26456013410115 1341848056.130649409.pcd 1341848053.046693080.pcd 0.13 4.2786074 0.9156064405312515 -0.38760768173451954 -0.1068884049749231 -0.2429517483934318 0.3353756748510406 0.8828735708422536 -0.3287208764688626 0.0038010749186325743 0.22178368464767848 0.2651311806797524 0.9383589154771534 0.21979715767750596
26456013410116 1341848056.130649409.pcd 1341848053.046693080.pcd 0.13 4.2786074 0.9339212204813481 -0.17557684465385623 0.3113903106328532 -0.32390861084390155 -0.041447392428304614 0.8120154676119838 0.5821623433543132 -0.4877188355753263 -0.35506797602082235 -0.5566000826269134 0.7510812741802246 -0.027877854888867626
26456013410117 1341848056.130649409.pcd 1341848053.046693080.pcd 0.13 4.2786074 0.9532391125199497 -0.3006364862234717 -0.03086903810264876 0.9383150202834301 0.3021759967226183 0.9498096350896497 0.0809402501575001 -0.46406439052676257 0.004986117414445677 -0.0864832945838145 0.9962408234915182 0.42438244435697714
26456013410118 1341848056.130649409.pcd 1341848053.046693080.pcd 0.13 4.2786074 0.9903844458887883 -0.09110581464977058 0.1041075399697795 0.5068324228357538 0.02538830474845368 0.8594479534764456 0.5105924492657021 0.4847158329737152 -0.13599295321286775 -0.5030397059896472 0.8534969073607074 0.08071398789199002
26456013410119 1341848056.130649409.pcd 1341848053.046693080.pcd 0.13 4.2786074 0.9611158215640746 -0.2108226643710479 0.17835409086058698 -0.5647752540211748 0.26341279495710335 0.8937883437728802 -0.3629822254444683 0.5089603243237549 -0.08288592758786664 0.39584870938683664 0.9145675055919463 0.12780886684692527
26456013410120 1341848056.130649409.pcd 1341848053.046693080.pcd 0.13 4.2786074 0.8583777956629642 0.2773182517995778 0.4316041556004953 -0.4310375286271111 -0.2602549035885219 0.960400668846798 -0.09948839347759361 -0.3984055815654546 -0.44210286706932794 -0.02692847001686586 0.8965600439633874 -0.21398705364080528
26456013410121 1341848056.130649409.pcd 1341848053.046693080.pcd 0.13 4.2786074 0.9908160217413257 -0.1324817465478604 0.02705915542513155 -0.1397501488917685 0.12327832692363624 0.9672779711042656 0.2217561289509821 0.2023297601688794 -0.05555236423053488 -0.2163837180751916 0.9747266393098909 0.2488521869121295
26456013410122 1341848056.130649409.pcd 1341848053.046693080.pcd 0.13 4.2786074 0.8721526609250785 0.488204561781047 -0.03171816352629899 -0.08495679790238264 -0.479370369939933 0.8657240769231748 0.14396482577063416 -0.8606118716377624 0.09774346251774071 -0.11035455809205666 0.9890743587027975 0.2508165514673628
26456013410124 1341848043.905730688.pcd 1341848031.630816545.pcd 0.11 0.06637134 0.8017619593195984 0.01389488308453668 0.59748196023986 -1.452985511279046 0.1889241317030289 0.9425718535260629 -0.27543778499091 0.8160097302929228 -0.5669968545311828 0.3337142987115015 0.7530931773607005 -0.8212181684025329
26456013410125 1341848043.905730688.pcd 1341848031.630816545.pcd 0.11 0.06637134 0.9015967910874536 -0.40233180529305856 0.15890986360334922 -0.5235384227376119 0.4261664339101008 0.8891409195645394 -0.16676509156377115 1.2341695049105585 -0.0741983619034432 0.21807692130428127 0.9731069106142922 1.12813955645967
26456013410126 1341848043.905730688.pcd 1341848031.630816545.pcd 0.11 0.06637134 0.7990996955589875 -0.5999239586224955 0.039126978266247954 -0.397791413492147 0.60080507059549 0.7945294758863563 -0.08806917221423213 1.3641078953107513 0.02174726889246959 0.09388373564396627 0.9953456186055436 0.41209292971307854
26456013410127 1341848043.905730688.pcd 1341848031.630816545.pcd 0.11 0.06637134 0.9967383757657994 0.032332148056916726 -0.07394080387568222 0.5292595888300833 -0.024834790583397524 0.9946615640155247 0.1001579065619343 -0.34319813935416804 0.07678439589158254 -0.09799492472682444 0.9922203138796086 -0.49157388885854847
