id source target overlap t1 t2 t3 t4 t5 t6 t7 t8 t9 t10 t11 t12
26456013410030 1341848040.178809768.pcd 1341847988.537777588.pcd 0.11518946345676347 0.9418053577439232 0.049689875708489845 0.33246591460917563 -0.2574283652220525 -0.32799832816444763 -0.08076001397222549 0.9412199088759934 -11.937993823032869 0.07361905219553 -0.9954942171581314 -0.059762017691432356 -7.872139538906682
26456013410061 1341848058.678730316.pcd 1341848054.622693593.pcd 0.10701722914213067 -0.21836279912706522 -0.6428480049432752 0.7342098681561313 -1.3737940745384063 0.7274227563019269 -0.6087549733893437 -0.3166599374531723 -1.3301295409229117 0.6505181177888133 0.46493421568453125 0.6005517076108512 -9.93166748596696
26456013410092 1341848015.274779910.pcd 1341847995.938733318.pcd 0.16014747122154022 0.6354261273831983 -0.7189973964702138 0.2815606160453652 -2.3230189540627864 0.4853626356918684 0.655511309235613 0.5785568557527041 0.11495009697390975 -0.6005470410492704 -0.2309711396111358 0.7655034840898499 2.271485929653507
26456013410123 1341848043.401743502.pcd 1341848057.638818971.pcd 0.10010273410199319 0.7379403191807938 0.6568185238984746 -0.15502745560440848 -0.4572068194882181 0.2998891894815645 -0.11335853856584105 0.947215031429668 0.9010163665206234 0.6045746929531853 -0.7454792206346502 -0.2806246108995363 -13.967780484738807
26456013410154 output.pcd 1341848050.870719064.pcd 0.10618821594990359 0.3704277042156471 -0.7676387655927283 0.5229856991436742 9.292083980246758 0.6205508401897836 0.6234734604560485 0.47560224857197014 -0.04376957087429595 -0.6911584266210454 0.1483629659525339 0.7073107235469348 9.956287261509216
26456013410185 1341848010.146752067.pcd 1341848034.715163563.pcd 0.15853384132504986 -0.21628345072999783 0.11105900284635445 -0.9699934880333465 2.8162034763298136 0.14112223440756883 0.9866319913697403 0.08149741444730407 4.159399085971021 0.9660776282970949 -0.11926110636982151 -0.22906506632681106 -0.03436772214572467
26456013410216 1341847983.838718681.pcd 1341848067.090939900.pcd 0.18479666845442785 -0.6803240430912079 -0.7093029758892717 -0.1845223151454981 -1.030659564129264 -0.32676964266163616 0.518910500736434 -0.7899072685196973 -2.8633937242404723 0.6560341431867841 -0.47709661560326083 -0.5848059698336667 -4.07220923292131
26456013410247 1341848022.078664812.pcd 1341848028.447631746.pcd 0.13852752772525892 0.6994256596586386 0.7114870448148152 -0.06774903447105096 0.9132985510712235 -0.7137865378680761 0.700186130438051 -0.015753129863441736 -2.2753861939766287 0.03622878647407512 0.05937649200542233 0.9975780206218188 -2.063102814107472
26456013410278 1341848014.774749580.pcd 1341848019.966704575.pcd 0.17403555233923307 -0.3462774136941588 0.4411737073315454 -0.8279237360558186 -3.952180825246045 -0.888493877412603 0.12903975952474644 0.44037185452991257 -1.9054697771398161 0.301115563472902 0.888095997300481 0.3472965836475522 5.112222186833233
26456013410309 1341848036.458823098.pcd 1341848056.130649409.pcd 0.15380665507621397 -0.5327323305847111 0.8448693025940831 -0.04890935988099933 -0.662644419937358 -0.8453215248774054 -0.5339924111602685 -0.016841152044331162 1.3002175774989164 -0.04034579939373513 0.03237230849707614 0.9986612289028998 5.805437435421897
26456013410340 1341848057.134714010.pcd 1341848065.414914429.pcd 0.20088288336787705 0.08913533089043396 -0.9889798929763768 0.11821025368168067 5.438719417496147 0.9934665849136496 0.09677049490085993 0.06049475991069776 0.6140687183091844 -0.07126736593324592 0.11204571658513808 0.9911441469069269 5.891691560648133
26456013410371 1341848056.634800773.pcd 1341848066.486874080.pcd 0.2478412205824606 -0.20754518455628573 -0.8874144711595018 -0.4116072797512195 0.19172518805095665 0.9768114932076275 -0.16539106636625328 -0.1359599275658766 2.4689342769603355 0.05257664029758963 -0.4302805498078376 0.9011627740603152 2.567900442700606
26456013410402 1341848057.134714010.pcd 1341847988.033756741.pcd 0.253940482278885 0.8692900807783961 -0.4706486316303935 -0.1510781950008932 0.28734339734840486 -0.49344753865460644 -0.8082946487828433 -0.3211997623671773 -0.37482921476001274 0.029056532071126656 0.35376493084173655 -0.9348829293823593 2.3995343829758666
26456013410433 1341848040.746820907.pcd 1341848036.994835815.pcd 0.22509795014479586 0.2708351910492639 -0.5676752982129484 -0.7774272024364397 -1.0546574010780887 0.8103991930244258 -0.30140161595531495 0.5024044325490019 7.827421274249317 -0.5195204011727244 -0.7660951779631334 0.378413439331859 -2.5237542999627482
26456013410464 1341847986.922698631.pcd 1341848067.626656114.pcd 0.19225346462018134 0.496076075463899 0.39107560261188207 -0.7752215169834293 0.34714967349047265 0.5969767455614787 0.494701818473551 0.6315765005585525 2.1949723405027908 0.6304976547229668 -0.7760992100503099 0.01194669611747784 6.53859406012126
26456013410495 1341848026.267001283.pcd 1341848030.054776241.pcd 0.24551697153477453 0.7078275025612364 -0.49621956713132653 -0.5027388664246298 6.866490777731717 0.6396970834258828 0.7521597932910635 0.15825070872752456 3.408969207257789 0.2996128636663353 -0.43361479051381957 0.8498295978449528 7.786896956697806
26456013410526 1341847997.510940502.pcd 1341847991.178777999.pcd 0.19418264479918135 0.516306862837545 0.5438796667901136 0.6615301440139574 4.0279966048654625 -0.7548864999716358 0.6538202440244861 0.05162809956152353 0.6915255982604284 -0.40444232660223095 -0.5260361171593033 0.748139297120889 -12.060024710146987
26456013410557 1341847990.139193433.pcd 1341847995.434743037.pcd 0.23691077105386096 -0.1709966151111595 -0.940198521857928 0.29459615937193273 0.7295193016926471 0.9843916783048078 -0.15039443422178245 0.09140316099213128 0.6929315116384133 -0.04163149414529216 0.3056276388864023 0.951240540054908 12.14542684114146
26456013410588 1341848027.842836251.pcd 1341848022.078664812.pcd 0.2146263468338219 -0.30356374951467646 -0.9333305870535348 0.19168480704243301 -6.212610805340149 0.04527916366745821 -0.21508179931613017 -0.9755458046347754 11.989019853747015 0.9517346517376395 -0.28746101452760503 0.10755146585980954 2.1012719055347655
26456013410619 1341848030.054776241.pcd 1341848040.178809768.pcd 0.23988589001739974 0.3173630618927025 0.9436428658841447 0.09390861841197917 1.853638010233374 -0.9474803486531445 0.3114020575100918 0.07286801420786342 0.28308141912713836 0.03951804476697441 -0.11210218661756559 0.9929105820230522 -9.92879944071944
26456013410650 1341848046.110817183.pcd 1341847988.033756741.pcd 0.36202642161378273 -0.9877471382200861 0.11090011041537844 -0.10980326246467659 -5.970064928851688 -0.11657867633979947 -0.9920827697623756 0.04670321363111034 -2.402212538343946 -0.1037545332064583 0.05893168460573414 0.9928555047884056 -1.96973498213672
26456013410681 1341848058.678730316.pcd 1341848062.834828385.pcd 0.3117585580245373 -0.6339312494111661 0.741465966731117 0.21990768790446644 1.6837130511414582 -0.3016524184047855 0.024770218917317344 -0.9530961413862363 -10.400171419903675 -0.7121355134316377 -0.6705331136001252 0.20796238620284058 -4.649877126537967
26456013410712 1341848046.617769255.pcd 1341848059.718702567.pcd 0.2956452895830391 0.5749562000400107 -0.4790023173067397 -0.6633115015212117 1.944218517874235 -0.8162311387554373 -0.27981943376097373 -0.5054382381811746 0.5688034433742154 0.05649863858141174 0.8320203510158037 -0.5518605252543306 -9.42246242370349
26456013410743 1341848046.110817183.pcd 1341848064.910831773.pcd 0.3646974388570118 -0.9955271314419616 0.07676526117327397 -0.055071092598004114 4.372450247762143 -0.08432575509835745 -0.9848439699494764 0.1515635902228698 -5.2541499979754 -0.04260161487585593 0.15552957767303682 0.9869121809354748 -12.004168238868301
26456013410774 1341848067.626656114.pcd 1341847990.139193433.pcd 0.3123779625480093 -0.9411127743200081 0.24598116096129904 -0.23194830127385904 1.8341855513378282 -0.2753571120478704 -0.9557342502440165 0.10368463606129971 -6.378137388239172 -0.19617646866113667 0.16144754988118934 0.967186373860285 4.7843903987708405
26456013410805 1341848014.234750506.pcd 1341848032.134738914.pcd 0.2854397540196016 -0.24800643985562015 0.6125129554988654 0.7505469240068778 6.001708335786886 -0.3590621553284771 -0.7776893321314551 0.5160171230684119 -8.519431269193815 0.8997595092028812 -0.14151742661233196 0.4128021845436552 -2.8052312618150954
26456013410836 1341848046.617769255.pcd 1341848064.349789703.pcd 0.35899599319065423 -0.23529982898964907 0.21556437442645365 0.9477161974745252 -2.5256165648711786 -0.043998209195192275 -0.9764569238467049 0.21117772955367725 3.032790753676958 0.9709264380297087 0.007992268136246303 0.23924459363793438 -4.996656920879072
26456013410867 1341848046.110817183.pcd 1341848047.786695118.pcd 0.3164489528650544 0.7155563061230742 -0.13819926096584045 -0.6847482289396569 2.8565376814400167 -0.6341020070805459 0.28275316774856735 -0.7196980552596859 2.717767860198559 0.2930764701983504 0.9491847082610665 0.11469338350327524 8.510900197278792
26456013410898 1341848061.326612156.pcd 1341848058.678730316.pcd 0.3422769071566883 0.32654486232393515 0.9442098661650236 0.0428506887514107 -0.7447737875190007 -0.9432760603239883 0.32842882586302974 -0.04862900741211258 0.4103256740436306 -0.059989389974376715 -0.02454047633726221 0.9978973083998385 1.3373311737905513
26456013410929 1341848059.214738089.pcd 1341847983.302701577.pcd 0.2877961824263425 0.1490008801386008 0.2057304806269131 -0.9671988973623478 0.46185959999042214 -0.5160848164826165 -0.8181550265770777 -0.25353266985294975 -0.05079368525867697 -0.843478037600284 0.5369332563994152 -0.01573144171058398 -11.119786842188494
26456013410960 1341848009.110806650.pcd 1341848005.493689327.pcd 0.43904916386668214 0.40507295575363256 0.8813113372577871 -0.2433232979759786 -0.7884557844839705 -0.9037621824205041 0.3457103079439474 -0.25238522264155827 0.29509370543373514 -0.13831058579712355 0.3221408229364796 0.9365337538253837 3.4708231546062533
26456013410991 1341848034.715163563.pcd 1341848040.178809768.pcd 0.4247005237072857 -0.12673909010742454 0.8460305720195365 0.5178508223871406 -1.2900247587945433 -0.6290764359558969 -0.4721992004782847 0.6174874515265028 0.32054648574829425 0.766942006128083 -0.24750795194491126 0.5920639939738499 3.446380459961241
26456013411022 1341848063.845733007.pcd 1341848056.130649409.pcd 0.3751426145814526 -0.5716527529614538 0.22930375886643342 0.7878025870745257 2.749026243483899 -0.162324947983954 -0.9727833170328525 0.1653578826804677 -1.1518589518173814 0.8042783978782456 -0.033352725110330314 0.5933159819473237 2.0605494374496733
26456013411053 1341848004.957758390.pcd 1341848009.646873063.pcd 0.43672895817644 0.8100263676415264 0.14077827332119983 0.5692440263069751 -2.9888293589634807 0.32634440579605706 0.6983044527289272 -0.6370794456773597 -2.03954576936513 -0.4871925825903891 0.7018207527992136 0.519702817395915 -6.354591146539728
26456013411084 1341848063.845733007.pcd 1341848056.634800773.pcd 0.39905960809320945 0.16509323923667202 -0.9173936744494889 0.36212300180796103 -1.7666172556042854 0.9614923359133066 0.06790867231492476 -0.2663097824046231 0.7998142552769828 0.21971961755454722 0.39214443551386746 0.8932782496832632 -10.13199414520966
26456013411115 1341848005.997803799.pcd 1341848028.447631746.pcd 0.41437828556644046 -0.7286589073179366 -0.10775555328794066 0.6763467583435588 -0.023673913455768043 0.32749240003123814 -0.9221449731611719 0.20590623204595065 0.045550243555134144 0.6015022233608202 0.3715338331958358 0.7072182732953093 -2.5421066123047726
26456013411146 1341848050.870719064.pcd 1341848056.634800773.pcd 0.38819745436786524 -0.8209858346055774 -0.516715547460503 0.24287301700595842 -0.29856452962555907 0.5702599747799426 -0.7629919009490118 0.3043795660851639 0.8623148354999114 0.028032490809112076 0.38839207265185816 0.921067737661151 -9.339831609690929
26456013411177 1341848065.982774603.pcd 1341848057.638818971.pcd 0.3719672043950366 -0.83448829572124 0.2926702964093427 -0.46687619547791004 5.061854578626879 -0.31001910748832073 -0.9498329909844226 -0.041297000250994996 0.4721699408834176 -0.4555408184744867 0.11027867807175201 0.8833578979475655 -1.3869062177766376
26456013411208 1341848051.406687676.pcd 1341848057.638818971.pcd 0.3994064423891698 -0.7459648543302229 0.658855192489888 -0.09719193090582129 5.086035379349359 -0.6642452181451688 -0.7465929380820195 0.03711165554559236 -7.198538119927673 -0.048111602294732075 0.09224326606950864 0.9945735033618497 -11.0294282874507
26456013411239 1341848032.634745913.pcd 1341848030.054776241.pcd 0.3687657802406794 -0.6314877400960999 -0.08309827364252419 0.7709201716299507 3.0069463173810407 0.3056524975884145 -0.940412007977617 0.14900270457099313 -0.6720161050489032 0.7126007190750545 0.32972705707772687 0.6192578485611439 9.664752208745139
26456013411270 1341848000.730804852.pcd 1341848000.194808601.pcd 0.49553772788428546 -0.8233798356540425 -0.35560925435940527 -0.4422529869342551 9.145560574200912 -0.46694932028179115 -0.01832527289870236 0.8840941786153566 -3.6782018181432425 -0.3224964783167342 0.9344550511325499 -0.15096283942138974 4.921127833295067
26456013411301 1341848036.994835815.pcd 1341848039.642714153.pcd 0.49551426590921765 -0.6303519810746313 0.32016160585570796 -0.7072149079955692 -0.2403919198370717 0.5208594107229686 -0.5010889952366019 -0.6910971661887308 -0.4379513579114689 -0.5756403861931589 -0.803994008055201 0.14910325547996517 4.843118745224499
26456013411332 1341848014.774749580.pcd 1341848022.078664812.pcd 0.5079565488517472 0.9930827991502866 -0.024165553027425613 -0.11490248073349037 -4.768848198079757 -0.05054416259999003 -0.9712642991430027 -0.23257460918448838 -13.278822068310689 -0.10598038336832534 0.23677349356955144 -0.9657672965492112 -0.889914059262918
26456013411363 1341848027.342775328.pcd 1341848026.267001283.pcd 0.4586471723365184 0.8110226859714319 -0.5741887070230259 -0.11202469177333158 0.3002704891330964 0.28705430289116696 0.223733990351479 0.931419845586871 1.4293040769188217 -0.5097470255247698 -0.787559794738552 0.34627668082043817 9.77721813550104
26456013411394 1341847995.434743037.pcd 1341847996.974781428.pcd 0.4633079594017094 -0.1911894962915271 -0.8233664163690915 0.5343354011323898 -3.8041726670437117 0.5897939660872664 0.3387756262942365 0.7330580826892232 5.432823776271518 -0.7845952167040304 0.4553008010364878 0.4208462029063442 0.988658793142225
26456013411425 1341848011.154629886.pcd 1341848024.727054153.pcd 0.5351144468093051 -0.8347715336636573 0.2915453211583311 0.4670736690239678 -2.9098665940216457 -0.09926695041551106 -0.9140955436404447 0.3931607936352308 1.2593057721168186 0.5415741492538486 0.2818344599359093 0.792001753819147 14.460583048603908
26456013411456 1341847989.602803877.pcd 1341848063.334853728.pcd 0.5167230506099261 0.5024553115253113 -0.6300103790626048 -0.5921364557206351 0.8311176490079577 0.5124058888958503 0.7686150688074666 -0.38297660637034625 -1.5424879407235106 0.6964042396086171 -0.11098557688045149 0.7090157521378898 -3.7064349507984002
26456013411487 1341848060.723165202.pcd 1341847986.394466836.pcd 0.471329168179045 -0.4456279775371319 0.6352720294126523 -0.6307496764026879 1.0477449678413224 0.15928639512304107 -0.6370666750420353 -0.7541709990974141 0.5768684409573652 -0.880933340250482 -0.4365495392241478 0.18270454246764753 -1.022040538860784
26456013411518 1341848048.286640362.pcd 1341848053.553915154.pcd 0.49389630630561465 -0.663936574583081 0.3604410930890313 -0.6551873345415562 4.4374993068111115 -0.7385847979899333 -0.1790399146226423 0.6499516944743557 -4.511784162793804 0.1169646147732481 0.9154381068017112 0.38508745955463736 4.570293232469282
26456013411549 1341848033.139110331.pcd 1341848034.715163563.pcd 0.5151915672640401 -0.3620670958778311 0.6881267346117099 -0.628799662209848 2.780995954820695 -0.9147554481932323 -0.3920103386446305 0.09772596582547094 0.42196437338718584 -0.17924811877225483 0.6105812734668068 0.7714017244006266 10.234787128321498
26456013411580 1341848005.997803799.pcd 1341848004.457752214.pcd 0.5945831520269078 0.6036938447774409 -0.7874549029840179 -0.12437249512758713 4.27734470152826 0.3468139501988967 0.3998824364774366 -0.848418600069745 4.522462170812504 0.717825762790155 0.4690509703255069 0.5145069110434108 4.610916103210358
26456013411611 1341848055.626675231.pcd 1341848056.130649409.pcd 0.5463708266256037 0.22068973732654162 -0.798782910242952 -0.5596801784434948 -2.6999407566113804 0.9247656440447782 0.353754857486005 -0.1402355318722863 -0.865776718459069 0.31000732803143344 -0.48662445798465215 0.8167570590193602 0.10250295224198128
26456013411642 1341848026.267001283.pcd 1341848025.262678568.pcd 0.5777990805047442 0.010781505628818383 0.9679393733633396 0.25095244296352515 3.4172661306313645 0.9941481633962751 0.016600968524659615 -0.10674191800720326 2.866390734461912 -0.10748575883431719 0.2506347488618226 -0.962096166872513 4.143513083292614
26456013411673 1341848010.650955567.pcd 1341848010.146752067.pcd 0.5453870052681346 0.13836465931175695 0.84548268856147 0.5157656874942436 1.9790580747130417 -0.9285177369226155 0.29191479408584303 -0.22943531814854584 -0.7621816950006735 -0.34454322410061416 -0.44715184930478374 0.825436363622094 14.587259353632584
26456013411704 1341848051.406687676.pcd 1341848064.910831773.pcd 0.5655222543944548 0.12457277473382922 0.6850980523972383 -0.7177201978463651 -10.538069750410825 -0.17609916018348065 0.7271368969602185 0.6635216792703442 -8.826780899314983 0.9764582477391378 0.04373318740470983 0.2112266525361728 4.833182270647719
26456013411735 1341848015.274779910.pcd 1341848018.367205311.pcd 0.5847116270860706 -0.20351426116382204 0.8538053460465368 0.4791642480040613 -0.6247963393318138 -0.5999878710615986 0.277983374570058 -0.7501598483267509 0.9684479769422225 -0.773690183524332 -0.44016096433577206 0.45569927078402167 -1.10098935559066
26456013411766 1341848012.695338887.pcd 1341848013.198718496.pcd 0.5980257797569208 -0.08158543158629489 -0.6978101422117627 0.7116212635800573 0.40880049109149724 0.5944254693796683 0.5390446388643553 0.596732133091857 5.91677265099457 -0.8000013616898655 0.4716904522438377 0.3708179318160933 -1.4652602219464566
26456013411797 1341847992.218736062.pcd 1341847990.674786632.pcd 0.6281507460682323 0.6582361176652216 0.7128207996699875 -0.24209857694512865 5.235171028379852 -0.7511663585713334 0.6431567440942649 -0.14865565672636621 -0.5179827559467304 0.049742488394728335 0.2797068288117112 0.9587960026848237 -5.4245260850928645
26456013411828 1341848050.366745800.pcd 1341848059.214738089.pcd 0.548280738342892 0.40942760208936013 -0.911726252628052 0.03353026865633249 1.1283383226398156 0.890505576523268 0.40735069580678473 0.20264557435752262 0.09458402919587515 -0.19841586838838884 -0.05310980036243419 0.9786779308215465 -1.7000517017821821
26456013411859 1341847987.526760515.pcd 1341847981.694720058.pcd 0.5786607248642265 -0.5501951636495586 0.553919451310143 -0.6248668044926898 -3.6126748330967855 0.36230304714906825 -0.5158549394505496 -0.7762925888290895 -0.7031634034712569 -0.7523441924565747 -0.653503575280763 0.08313418774562348 7.006706035784489
26456013411890 1341847990.139193433.pcd 1341847991.178777999.pcd 0.675322554303446 -0.9977032063248027 -0.0007436229788524663 0.06773299870870776 -0.03901835463703603 0.0007912306491462918 -0.9999994584562234 0.0006760483120578784 0.2929857522859768 0.06773245930326417 0.0007280879931075317 0.9977032544021325 -8.243020209926666
26456013411921 1341848051.406687676.pcd 1341848053.046693080.pcd 0.6395081262775745 0.8671039733275141 -0.4957202633549314 -0.04890930319433255 1.932817233483453 -0.4979924752776597 -0.8603974164259804 -0.10825793446361202 -5.850871765039433 0.01158421367496399 0.11822735007947884 -0.9929189794171109 0.49827331715814505
26456013411952 1341848024.222838323.pcd 1341848024.727054153.pcd 0.6981978407343166 -0.562770079867041 -0.6249331485488191 -0.5410622857410268 -1.657366991476644 0.8265808940117728 -0.41963502377523176 -0.3750606250672809 7.343222994836213 0.007339132179166985 -0.658304645787967 0.7527158364700695 -7.790372017254832
26456013411983 1341848030.565795004.pcd 1341848031.094760980.pcd 0.7156621807709025 0.6275175472896835 -0.7783071183364199 0.021441953978083746 -0.5095885683179523 0.7785759792873173 0.6274851992946474 -0.009042629205705532 3.714938580660459 -0.006416566085927117 0.02236859881653453 0.9997292000670233 7.404444712385315
26456013412014 1341848006.501659261.pcd 1341848008.034820288.pcd 0.7113870126958325 0.6532490065102894 -0.7517046510540569 0.09058616382769596 -0.4215580502885352 -0.1486068797703337 -0.009979359565112367 0.9888459979529652 0.7955884780040033 -0.7424161439369736 -0.6594243929112485 -0.11822748942350947 -2.234389474729026
26456013412045 1341848004.457752214.pcd 1341848004.957758390.pcd 0.7005407149111353 0.5646324002986889 0.6028178165156157 0.5637383547571393 -5.159657773415964 -0.7608562760566364 0.6448574118819418 0.07250272771524524 0.42208762471649686 -0.3198249204145425 -0.4698612544488733 0.8227651073359652 2.6770991101493844
26456013412076 1341848044.405873658.pcd 1341848042.897767246.pcd 0.6364798104364284 -0.5056142423570468 0.48526818135685806 -0.7133505660531273 -0.7244852275116138 -0.7935826450953967 -0.5859843225089815 0.1638565200932928 -7.063547132647396 -0.3384978926509047 0.6489508193509717 0.6813824262002941 -3.029844427368479
26456013412107 1341848006.501659261.pcd 1341848007.534834460.pcd 0.7015017996772992 -0.9691111601917431 -0.21086210567067473 0.12790907545574257 6.730226733242778 0.16583036094613843 -0.17324973032811516 0.9708165750180148 -0.27729401350820204 -0.18254821439906524 0.9620403855001954 0.2028655862544171 10.218104974912297
26456013412138 1341848008.034820288.pcd 1341848008.570726612.pcd 0.6523314602344765 0.38070301652017546 -0.5098742343596951 0.771423021660978 1.4958392383828631 0.868966589804143 0.48250710733516566 -0.10992705388215124 0.6101545894461907 -0.3161681182798125 0.7121903934392584 0.6267555859154643 -2.699384848805196
26456013412169 1341848064.349789703.pcd 1341848063.845733007.pcd 0.684407923110098 -0.8195276978817666 0.5728246077720037 0.015694621227082137 -0.813697465653635 -0.5716486597037879 -0.8153247021247741 -0.09199695627579743 -2.5189268847784274 -0.039901908017969945 -0.08436586297785395 0.9956355954366674 -1.4834382376256676
26456013412200 1341848013.198718496.pcd 1341848011.654891901.pcd 0.76632447082439 0.1783207935358081 0.9623623489910678 -0.20508633264348508 -9.060820993470587 -0.30038442394392706 0.2517190768901057 0.9200036435696699 -2.836900392125587 0.9370010098418438 -0.10245103988729237 0.33396540536615105 5.151362425234588
26456013412231 1341848009.646873063.pcd 1341848008.570726612.pcd 0.7303149085438456 -0.1185331596820412 -0.9840061845603922 0.1329726242603748 9.362102164996701 0.9876256937192811 -0.10298596852993397 0.11827670688457723 6.216629135619862 -0.10269069656643903 0.14534689206464155 0.9840370429032888 -6.589745203615591
26456013412262 1341848030.054776241.pcd 1341848029.554721445.pcd 0.7636749888722535 -0.922126949330929 -0.38685686115262463 0.004863979520219277 8.235737798461237 0.3868648447267361 -0.9221360927810958 0.0007863237072841033 5.056379215164909 0.0041810563488924495 0.002606792963228132 0.9999878616254572 -9.007674695792824
26456013412293 1341847988.033756741.pcd 1341847987.526760515.pcd 0.764319106077306 -0.31308776071753275 0.8214433920435094 0.47666215263741496 5.423854978252439 -0.934285569541154 -0.35652479657035274 0.0007375483916289005 -4.95964778121587 0.17054773125445674 -0.44510765338120384 0.8790862575796732 1.83572833584991
26456013412324 1341848043.905730688.pcd 1341848043.401743502.pcd 0.7267785554121085 -0.8038660992501111 -0.3646096497766001 -0.46995648497089093 -0.12698042904403078 0.03752315255341826 0.7574357848113863 -0.651830533888688 -1.563160465213629 0.5936255616959761 -0.541618717528248 -0.59519564625776 -9.15046063535381
26456013412355 1341848028.447631746.pcd 1341848029.018728572.pcd 0.7695664085477386 -0.3804329636182534 0.9247526573617063 -0.010162819249368155 -1.137548299568462 -0.8627097106394125 -0.3509074000661129 0.36413727047269195 9.820303365884085 0.3331707000339226 0.14729738382369076 0.9312898396082728 5.462559593616338
26456013412386 1341848007.534834460.pcd 1341848007.005802199.pcd 0.7616034927564993 -0.050472925417792025 -0.1819774209355997 -0.9820064674274798 0.6494978253641283 -0.9039134975101526 0.426473317920378 -0.03257143105464838 1.4436274413582562 0.42472682140257345 0.8860049251395907 -0.18601720299384877 -6.5856409594238325
26456013412417 1341848032.634745913.pcd 1341848033.642933862.pcd 0.7363388202118241 0.24885984025139488 0.8696703458426561 0.426312408301664 2.3980806505671732 0.788579378873499 -0.43749026433394816 0.4321398290235446 0.138300819090663 0.5623267227560295 0.22863892532752733 -0.7946778584429899 0.8639229115705213
26456013412448 1341848050.366745800.pcd 1341848066.486874080.pcd 0.7430428699497744 0.5668000347356968 0.28820748228914006 0.7717993053742456 4.199787646078181 0.012192461775789865 0.9337770085957705 -0.3576476507594873 -0.12062732724333516 -0.8237651755806741 0.21212483440297442 0.5257508821961708 -4.349655871393424
26456013412479 1341848046.617769255.pcd 1341848047.214886925.pcd 0.7537745036091019 0.19862522564980023 -0.968321625449616 -0.15133158765498886 11.50915698796485 0.9657794801967151 0.2196574774372727 -0.137915148685185 -2.3977046220183005 0.1667873357498362 -0.11875951453465815 0.9788146721116127 3.666512261160182
26456013412510 1341848010.650955567.pcd 1341848009.646873063.pcd 0.8665931229081303 -0.6060285422577183 -0.6337292679871124 0.4807459005186662 5.130264585581122 0.6501076678191579 -0.7428632404606867 -0.15973173202273516 -3.9767959489575184 0.45835513110656895 0.21573460748977236 0.8621885831530788 -1.1760187008101233
26456013412541 1341848005.493689327.pcd 1341848004.957758390.pcd 0.8564289862755263 0.4331968640819129 0.009237097894304103 -0.9012519919379306 -1.5209774439045487 0.7573610069597558 0.5383639486832434 0.3695518419587306 0.46769223562081935 0.48861516767953617 -0.8426618151908137 0.2262217565417209 0.7354414793636868
26456013412572 1341848013.198718496.pcd 1341848011.154629886.pcd 0.8254989155236123 0.5287114646810872 -0.5307453674544262 -0.6623998354773688 -2.0023898429792752 0.8428519521771771 0.2360415679622323 0.48361654738548 -1.031445602889745 -0.10032334636514467 -0.8139986075661289 0.5721376521908886 -4.910052357176822
26456013412603 1341848011.654891901.pcd 1341848010.650955567.pcd 0.8306371013455055 0.2818601452305605 -0.7526263480724183 0.595070112438679 0.09883562997838582 0.8674642757835321 -0.06510235287212462 -0.493221465357972 -3.162976789370867 0.4099519347069351 0.6552215379836717 0.6345267113308568 -9.812120064456934
26456013412634 1341848007.005802199.pcd 1341848007.534834460.pcd 0.8150773714635364 0.7113462243197395 -0.3257038723845091 0.6228190240027888 -6.3402530391702685 0.572978031355403 0.7819350671932352 -0.24550707989301968 1.1162672937993545 -0.4070414287638763 0.5315021525894755 0.742847721314817 -2.0844422297225282
26456013412665 1341848048.791156077.pcd 1341848049.294746615.pcd 0.8193510284536331 0.6292750828996896 -0.32017587208289816 -0.708166845437955 -2.3359695973763395 -0.024253201196404894 0.9026635888458501 -0.4296629232359446 -7.088989942332854 0.7768041273534247 0.2875514846212521 0.5602584148576426 7.128980205126156
26456013412696 1341848016.289959781.pcd 1341848016.850753668.pcd 0.8300076200808504 -0.01831654944665076 0.5956226122643177 -0.8030555446392225 5.820173850352014 0.9674129578468943 0.21342983863546136 0.13623462471032732 -0.5535328540047946 0.25254043835847595 -0.7743909915149264 -0.5801223312838746 10.339706305294339
26456013412727 1341848012.190966899.pcd 1341848010.650955567.pcd 0.8161944532873916 -0.36685025716751907 -0.7181395656643883 0.5913513786603436 -0.17109265061574344 0.8019563965860419 -0.5662925377317657 -0.1902069916802428 -1.8290588854470904 0.47147303930432377 0.4044605369336798 0.7836611814250233 -1.1307015636668618
26456013412758 1341848030.054776241.pcd 1341848030.565795004.pcd 0.8346133613887428 -0.9830697574203504 0.08759692223239623 0.1609367306145636 -0.4351178708144857 0.18206779941006107 0.3681469837568003 0.9117670287791437 0.2336827802303508 0.02061961356259734 0.9256319881930299 -0.3778627448827781 -5.336048360827615
26456013412789 1341848011.154629886.pcd 1341848009.110806650.pcd 0.8601769911504424 -0.07346842484318589 -0.7360798727590621 0.6728958399857026 -6.569460579737044 0.9702958395450096 0.10318443398989091 0.21881260554143364 0.5056394825199512 -0.2304959312280942 0.6689838514502341 0.706634440277365 3.3063581935197646
26456013412820 1341848048.286640362.pcd 1341848048.791156077.pcd 0.9030395626837826 -0.4899243223208376 -0.8415331684589465 0.22758753213195673 -8.078097836088027 0.675577639150242 -0.5315001578060072 -0.510981835031711 -2.4340491924122434 0.5509709719020173 -0.09658938158843189 0.8289158458406443 0.39563492146980234
26456013412851 1341848012.190966899.pcd 1341848011.654891901.pcd 0.9362221681241925 0.8914456381741725 -0.28461146520532826 -0.35259181506937826 -0.4959542951572069 -0.08599888745297662 0.6577193141177973 -0.7483378215707561 -3.9059274753294644 0.44489197063679703 0.6974249907410048 0.561844744349199 -3.141033369771977
26456013412882 1341848011.654891901.pcd 1341848011.154629886.pcd 0.9059041140845491 -0.4681907096134584 0.8031513012669471 -0.3684364893775532 7.329446258270213 0.3689570466916859 -0.2011840767128339 -0.9074115190880891 -4.012255328547037 -0.802912297282957 -0.5607788820474733 -0.20213581652292711 5.567187056753272
26456013412913 1341848049.294746615.pcd 1341848049.794721934.pcd 0.9066147568879565 0.4813202068786398 -0.4921988346534547 -0.7253076351563412 6.651027970671651 -0.8596754439750021 -0.4266273534840878 -0.2809755012194942 8.316641172006126 -0.17114026258214682 0.758768349646283 -0.6284756177437351 -2.656387052038486
26456013412944 1341848019.431028294.pcd 1341848018.367205311.pcd 0.4334326924212773 -0.9909037745535862 -0.043687938254527874 0.12728343814700935 -0.9915946234798598 0.08490804979232738 -0.9367736880883417 0.33947854186359044 -2.7701414316965685 0.10440465820986458 0.3471979570165044 0.9319620410658616 -6.660952434004436
26456013412975 1341848052.481495965.pcd 1341847989.602803877.pcd 0.3678264561389321 0.703661723714541 -0.4958856929524036 0.5088787263230754 3.3734119338363207 0.19085152313592849 0.8217792391757661 0.5368934514188036 -0.9861365771738507 -0.6844237537489308 -0.2806710914661743 0.6728951357525252 6.846445730323918
26456013413006 1341848027.842836251.pcd 1341848019.966704575.pcd 0.16436046026019896 0.7508613050236718 -0.078426996110909 -0.6557869371214771 -1.641562955618658 0.49708552783089377 0.7208851459721645 0.48293952451396355 1.7591104021229065 0.43487156568259366 -0.6886027974077007 0.5802696862348221 2.3757892716807896
26456013413037 1341848065.982774603.pcd 1341847986.394466836.pcd 0.4641459541195869 -0.7369924573008837 -0.6260106599731841 -0.2548583361036957 -2.0224081412984485 -0.011090908851183412 0.3882145605045927 -0.9215022771285383 0.32331145966476393 0.675809965613456 -0.6763136170536307 -0.2930542300758938 1.9482780257016266
26456013413068 1341848027.342775328.pcd 1341848025.262678568.pcd 0.44494459833795014 0.9471709076382249 -0.10048026376143322 0.30458330275675716 -2.1223641478240927 0.29916450572617753 -0.0655572159921971 -0.9519468734887281 -3.3895674596497787 0.11561950630146058 0.9927768974073609 -0.032033759330139355 8.067107331463877
26456013413099 1341848027.842836251.pcd 1341848038.098673603.pcd 0.14567879629150873 0.43544112143900443 -0.8003092848972031 -0.41218451968416925 -0.7542929482197104 -0.09556200695927664 -0.49637911336441326 0.862830040414376 4.0596149104703105 -0.8951306790552188 -0.3363225004707328 -0.2926230392352191 -0.5910341335488055
