id source target overlap t1 t2 t3 t4 t5 t6 t7 t8 t9 t10 t11 t12
26456013410000 1341848063.845733007.pcd 1341847987.526760515.pcd 0.4506 0.9403236906789316 -0.3186889578157449 0.11928413521616074 -0.13860896153336977 0.29430654087200514 0.9376315559860684 0.1850154729180755 0.05528072606170699 -0.17080695755123002 -0.13886833111065586 0.9754694100107053 0.4864786705806262
26456013410001 1341848063.845733007.pcd 1341847987.526760515.pcd 0.4506 0.9999464359781781 -0.00692443573154361 -0.007692682519064475 0.011643476203514136 0.006841030600659007 0.9999181032763105 -0.010816054762557313 -0.00599921263927387 0.0077669475896419635 0.01076284953464991 0.9999119139179382 -0.984022805400209
26456013410002 1341848063.845733007.pcd 1341847987.526760515.pcd 0.4506 0.9994411348943796 -0.027609703443437383 0.01884468510748202 -0.11259983226515768 0.028710806481381954 0.9977306291679676 -0.06090386860684776 -0.08754233674317272 -0.017120381777967122 0.06141087766720959 0.9979657291870898 -0.5306599344968419
26456013410003 1341848063.845733007.pcd 1341847987.526760515.pcd 0.4506 0.8681989534161675 0.49615150389159396 0.008016387788844986 -0.1141056010191166 -0.49572377369798665 0.8679436673096652 -0.03052426195138312 -0.43880394157119684 -0.022102431488386226 0.02252721827387907 0.9995018794175138 0.8719815788934197
26456013410004 1341848063.845733007.pcd 1341847987.526760515.pcd 0.4506 0.9801264427411194 -0.04463440295813558 -0.19328716023629247 0.0072031740411840905 -0.009045042126332128 0.9632897692278681 -0.2683114006408477 0.1024265280941432 0.19816746315319347 0.26472738916381766 0.9437420547871841 0.4315677136817052
26456013410005 1341848063.845733007.pcd 1341847987.526760515.pcd 0.4506 0.9889785397560776 0.1474414416760719 0.013508115279994825 -0.027854301607919685 -0.14786034499231224 0.9882567338354867 0.03854797540170077 -0.30689720861942266 -0.007665916819960402 -0.04012043500882319 0.9991654439651183 0.19167255472341072
26456013410006 1341848063.845733007.pcd 1341847987.526760515.pcd 0.4506 0.9999641195879104 -0.008470920943824947 5.50920893707958e-05 -0.1157805962694397 0.008470937943851281 0.9999640710218922 -0.00031603113019629015 0.005307057906712538 -5.241303524864247e-05 0.0003164864725393628 0.9999999485445917 -0.0058092214091218786
26456013410007 1341848063.845733007.pcd 1341847987.526760515.pcd 0.4506 0.9056688908473038 0.41451802812300514 0.08909918356769561 0.09247544206064229 -0.42350719701312506 0.8944269290470066 0.14367366729372186 -0.5300689356005684 -0.02013738387925522 -0.1678549163907823 0.9856060129757442 -0.6093827801932701
26456013410008 1341848063.845733007.pcd 1341847987.526760515.pcd 0.4506 0.9932306278625997 0.11599140821263623 -0.00623803627076342 -0.19010025861545443 -0.1150554322144006 0.9897596375400897 0.08448732102787831 -0.09656442671562607 0.015973959860449416 -0.08319767495164682 0.9964050278320643 -0.7351761722596841
26456013410009 1341848063.845733007.pcd 1341847987.526760515.pcd 0.4506 0.9897740907423999 -0.01057535318494525 0.14225122565401396 0.03315653786456019 0.001129985119681781 0.9977979828079789 0.0663167296989025 0.09150684270355242 -0.1426393088481742 -0.06547783907049519 0.9876065411701025 -0.3399299919212698
26456013410010 1341848063.845733007.pcd 1341847987.526760515.pcd 0.4506 0.995006135327442 0.0462149236487591 0.08847017289961322 0.0680418723053241 -0.060443899371781455 0.9843384518911265 0.16560298052062447 -0.049043922414551966 -0.07943126392977796 -0.17012346387468055 0.9822162090648872 0.24074653332797735
26456013410011 1341848063.845733007.pcd 1341847987.526760515.pcd 0.4506 0.9863145870849293 0.16482997442637426 0.003822935270998916 -0.06973035077139456 -0.164845926117897 0.9863098750135615 0.0043186911287313315 -0.21029851541402894 -0.0030587490610196823 -0.00488978336261858 0.9999833668980941 0.38962341703353
26456013410012 1341848063.845733007.pcd 1341847987.526760515.pcd 0.4506 0.9768162150303669 -0.004367570291685101 0.21403505877191092 -0.7466650304846293 -0.0771938780851312 0.9253462981949856 0.37118099844013397 -0.9381272069549882 -0.19967770842015908 -0.3790978142202669 0.9035561189065624 -0.3718128505364494
26456013410013 1341848063.845733007.pcd 1341847987.526760515.pcd 0.4506 0.9523859614423589 -0.3048857553966111 0.0023783615686626966 -0.1960765846930611 0.3048849658175915 0.9523889291415143 0.0006966111437132561 0.0678930927153337 -0.0024775120422587116 6.168401170678897e-05 0.9999969290598661 -0.010517660665183115
26456013410014 1341848063.845733007.pcd 1341847987.526760515.pcd 0.4506 0.9998456671351814 -0.016937309247529994 -0.004665776083104585 -0.01604386793811763 0.016906506342657987 0.9998355280706906 -0.006564057501944359 0.1476990976063104 0.004776186165739472 0.00648416247920282 0.999967571315517 0.2255802170085105
26456013410015 1341848063.845733007.pcd 1341847987.526760515.pcd 0.4506 0.9823147945278309 0.14564851183346855 0.11766118923604958 0.0059223163091355335 -0.15807937183772852 0.9819034763873135 0.10429034115342531 -0.11009351714503665 -0.10034219775914148 -0.12104575192547917 0.9875623369133013 -0.3395564708011988
26456013410016 1341848063.845733007.pcd 1341847987.526760515.pcd 0.4506 0.9346139655518142 -0.25159938026896195 -0.25138513727702017 0.22768483932509687 0.23546757227168702 0.9674388228971105 -0.09282858589858414 0.21692128280890308 0.2665553559844368 0.027565844803438252 0.9634253299536414 -0.3652002203057524
26456013410017 1341848063.845733007.pcd 1341847987.526760515.pcd 0.4506 0.9994172042613718 -0.0032909515954787664 -0.033976778304891826 -0.13121710650946483 0.005343939275794151 0.998153257489081 0.060510469151653055 -0.6061858524703501 0.03371489491901431 -0.06065677374813754 0.9975891246696043 -0.2774658932198045
26456013410018 1341848063.845733007.pcd 1341847987.526760515.pcd 0.4506 0.9478469787090675 -0.24526234628448715 -0.20354971492763302 -0.19751122839629776 0.21035686333195378 0.9611727711304643 -0.17859701589479482 0.33098745929416384 0.23944956671757428 0.12646456235804632 0.9626373249912729 0.380275571665187
26456013410019 1341848063.845733007.pcd 1341847987.526760515.pcd 0.4506 0.9980221030765688 0.061283359470648946 -0.014008269793737068 -0.00774999323767378 -0.061697048674056995 0.9976039346242375 -0.03130277634893333 -0.13252433845679232 0.012056365768088944 0.032105131587201435 0.9994117792833116 0.0795224622165045
26456013410020 1341848063.845733007.pcd 1341847987.526760515.pcd 0.4506 0.9999206796307493 -0.004572847097714543 -0.011735566292316356 0.27297886040262 0.004224132413628658 0.9995538148041548 -0.02956903812797107 0.20558535469147163 0.01186554474655757 0.029517120114980713 0.9994938461381266 0.8412673986626396
26456013410021 1341848063.845733007.pcd 1341847987.526760515.pcd 0.4506 0.8711312726469141 0.48575186433104856 0.07194047619718731 0.6181051026549088 -0.4848025253126652 0.8740635783811084 -0.03129492607555332 -0.6525877031132434 -0.07808211874065686 -0.007614935753004225 0.9969178479124783 0.194433994934049
26456013410022 1341848063.845733007.pcd 1341847987.526760515.pcd 0.4506 0.9369060136706072 0.3158940607618669 0.14972663064141267 0.34834984922738477 -0.3487637153206793 0.8739176144000199 0.33857329209064096 -0.6160712541264226 -0.023895447758270058 -0.3694305694129227 0.9289510546630946 0.2978127537931988
26456013410023 1341848063.845733007.pcd 1341847987.526760515.pcd 0.4506 0.9761362655242163 -0.21449239396833494 0.03392645071576599 0.1573351403305907 0.2135068239686931 0.9764669815125498 0.030447826434265857 0.11528401391910097 -0.03965888610687634 -0.022477698848020193 0.9989604225429852 -0.20634728449762663
26456013410024 1341848063.845733007.pcd 1341847987.526760515.pcd 0.4506 0.9942330170621274 -0.09251912893454994 0.05423023662802511 -0.22605430845630659 0.10033783442962146 0.9810298131742652 -0.16586990277093747 0.2772885780696287 -0.03785533998676204 0.17035467837561288 0.9846554000207525 0.02744900961402974
26456013410025 1341848063.845733007.pcd 1341847987.526760515.pcd 0.4506 0.9990277044248682 -0.03836164115915004 0.021726257826753075 -0.032167045411733985 0.037724330667010086 0.9988666908771863 0.02902083272040205 0.009191688379990457 -0.022814922031513196 -0.028173007358748215 0.9993426644495169 -0.09749019796636738
26456013410026 1341848063.845733007.pcd 1341847987.526760515.pcd 0.4506 0.9795736498526731 0.1835696267818207 -0.08208322994068498 0.10515077620292979 -0.19094371810767596 0.9771439575640467 -0.09343544676025682 0.2200187844248666 0.06305522206390757 0.1072001787277216 0.9922359400118581 0.2599716894466835
26456013410027 1341848063.845733007.pcd 1341847987.526760515.pcd 0.4506 0.9473786031728116 -0.32009912617127634 -0.003214292257699451 0.16592304628783838 0.32007344220019696 0.9473693818477762 -0.006651761832763524 -0.7136425204321533 0.005174345219421873 0.005272927246602423 0.9999727108225517 -0.17261367656007964
26456013410028 1341848063.845733007.pcd 1341847987.526760515.pcd 0.4506 0.9999374754630554 0.01118220751966405 5.830573068235535e-05 -0.11662820566130938 -0.011182334026498519 0.9999104676708215 0.007349288947821795 -0.08684653208013973 2.388076370203384e-05 -0.007349481431089611 0.999972991911483 -0.8353131848408082
26456013410029 1341848063.845733007.pcd 1341847987.526760515.pcd 0.4506 0.986683581818705 -0.04413473924143842 0.1565491429599701 -0.059026826664178134 0.005759289780922699 0.9713585354626522 0.2375487869155952 -0.8704644647388224 -0.16254950000116972 -0.23348387605130624 0.9586777037531581 0.24570894692843537
26456013410031 1341848051.906706860.pcd 1341847990.674786632.pcd 0.4211 0.9124230485277273 -0.409196714684265 -0.006498400339526983 -0.07843433612138362 0.4092067247064489 0.912441670588385 0.00023287098917536145 -0.32780029452518916 0.005834121218234295 -0.0028716659766261626 0.999978858058574 -0.000317078086298328
26456013410032 1341848051.906706860.pcd 1341847990.674786632.pcd 0.4211 0.9990850345926545 -0.006153833223289093 0.042322854223861 0.19311196717838952 0.007388805074529719 0.9995496171338526 -0.029085536734587705 0.31377251157805214 -0.04212480519319762 0.029371639794679327 0.9986805332853979 -0.24378167141711682
26456013410033 1341848051.906706860.pcd 1341847990.674786632.pcd 0.4211 0.9961261090920597 -0.041531419925198 0.0775107472813338 0.06530723090936819 0.03814725632738282 0.9982744265669472 0.04464253685808713 0.32436575721907707 -0.0792310647398284 -0.04151277419577717 0.995991530063767 -0.09277072536498177
26456013410034 1341848051.906706860.pcd 1341847990.674786632.pcd 0.4211 0.9214553926435819 -0.007194946311472302 0.3884175486710625 -0.16446533543880515 -0.019453547020649158 0.9977195465554051 0.06463177182773248 -0.13045329922537421 -0.3879968026625703 -0.06711139373349144 0.9192140892930061 1.0086626504653908
26456013410035 1341848051.906706860.pcd 1341847990.674786632.pcd 0.4211 0.9942292223173833 0.0801485648100735 -0.07130540687112408 -0.6423640540921265 -0.07471151165716709 0.9943122474698287 0.0759035213768038 0.005932315495752042 0.07698339766515952 -0.0701381642929395 0.9945623129766905 -0.023100206849155813
26456013410036 1341848051.906706860.pcd 1341847990.674786632.pcd 0.4211 0.9118697628580374 0.2945973994079383 -0.28584245284300613 0.06409321443811683 -0.27429531837205023 0.9553786139904397 0.10960740052059517 -0.20192556338509365 0.30537782156601045 -0.021542427713380934 0.9519875576412812 -0.6157824343850491
26456013410037 1341848051.906706860.pcd 1341847990.674786632.pcd 0.4211 0.9234033218904941 -0.3837121489986782 -0.00955467594514017 0.1580465213797455 0.3836665507154552 0.923450263457282 -0.006291961759384176 -0.7455206634987162 0.01123757018689945 0.002144208826747445 0.9999345575510439 -0.15224298065512842
26456013410038 1341848051.906706860.pcd 1341847990.674786632.pcd 0.4211 0.9949194040857867 -0.001196846201284069 -0.10066750683688 -0.0059306616760224085 0.01523206802926298 0.990207594872343 0.1387692442895097 -0.021055990764051707 0.09951564438385913 -0.13959758814642964 0.9851949806543702 -0.022759802244598393
26456013410039 1341848051.906706860.pcd 1341847990.674786632.pcd 0.4211 0.9999964900720018 -0.0015312530363377776 -0.0021621997631024906 0.2427962840554807 0.0015810431572598556 0.9997292050049816 0.02321673884597559 -0.08309465017155848 0.002126063548376651 -0.023220075888033966 0.9997281170045895 -0.2966709824557849
26456013410040 1341848051.906706860.pcd 1341847990.674786632.pcd 0.4211 0.8903709221965589 -0.4335653055900136 -0.1387830922536577 0.03328223344808845 0.4447477832072203 0.8935123720494696 0.06192778315742713 -0.41787332901617863 0.09715467173076409 -0.11686217002592435 0.9883846432324408 -0.04411395102161764
26456013410041 1341848051.906706860.pcd 1341847990.674786632.pcd 0.4211 0.9719156132757217 0.2352996049602481 -0.003759863884365225 -0.2825350010831572 -0.23530718181357158 0.9719195423576734 -0.0017127084414533162 0.27922144582012165 0.003251285566133347 0.002549331049870215 0.9999914649902596 0.8666098546110307
26456013410042 1341848051.906706860.pcd 1341847990.674786632.pcd 0.4211 0.9998946794890223 -0.014493293515902657 0.0007578737409101779 -0.44497057711616583 0.014493789786588445 0.9998947459719565 -0.0006534793790773117 -0.19064619792555887 -0.0007483229031986414 0.0006643950169807215 0.9999994992959217 0.1430020075673838
26456013410043 1341848051.906706860.pcd 1341847990.674786632.pcd 0.4211 0.9735840759250141 0.22628910474811523 0.030451406823543335 0.0537650660180391 -0.22313447585870963 0.9146508803763908 0.3370827386710154 -0.17274832605668358 0.04842574510005343 -0.33497314534002526 0.9409824329457563 -0.22959648433856983
26456013410044 1341848051.906706860.pcd 1341847990.674786632.pcd 0.4211 0.8818887472148481 0.45684282082393773 0.11647692731804571 0.03216120756436314 -0.4500973161069714 0.889356207293041 -0.08036132516726302 0.31982890935053204 -0.14030197279128648 0.01844379600204348 0.989936959013001 -0.11134201496530438
26456013410045 1341848051.906706860.pcd 1341847990.674786632.pcd 0.4211 0.9998655038512787 0.010408716896995424 -0.012674100393579487 -0.023141579072062157 -0.010891700193320735 0.9991932610858649 -0.038654855678079414 0.8669667584645258 0.01226152825414299 0.038787699250568256 0.9991722420642599 -0.06399500997986285
26456013410046 1341848051.906706860.pcd 1341847990.674786632.pcd 0.4211 0.9997791967201418 0.011752325698273341 0.01741954782162335 0.2110746622984676 -0.01135810464310705 0.9996809759205492 -0.022559695065640466 -0.11959493537860044 -0.01767911945048024 0.022356860763983768 0.9995937272273349 -0.4231916055006519
26456013410047 1341848051.906706860.pcd 1341847990.674786632.pcd 0.4211 0.9535779803076525 0.2409731485994219 0.18061278228979052 -0.1370237107624266 -0.16056610597565454 0.9142296405947286 -0.372025119944673 0.4077752300655005 -0.2547696235507546 0.32575467135885317 0.9104813743310142 0.8447030615024856
26456013410048 1341848051.906706860.pcd 1341847990.674786632.pcd 0.4211 0.9949237823125047 -0.07325321603081278 0.06899734581940989 -0.19057267602510353 0.07398075487343433 0.9972272154910083 -0.008045408156652015 0.12748730846928666 -0.06821667902600498 0.013109043641447441 0.9975844012801472 0.14540407893856944
26456013410049 1341848051.906706860.pcd 1341847990.674786632.pcd 0.4211 0.979111813204616 -0.04643850402771072 -0.19794828260643516 -0.45824617771899057 0.05486021679276518 0.9977981333769452 0.03727253201667982 -0.514525969218647 0.19578154626169347 -0.04735346210312308 0.9795035659813741 -0.19747432934523512
26456013410050 1341848051.906706860.pcd 1341847990.674786632.pcd 0.4211 0.9936354384523653 -0.0036964595453293963 -0.11258308771038986 0.07866559588672106 0.01251516797061835 0.9968962759738333 0.07772506365497388 0.04357770486867872 0.11194635332266434 -0.07863937395689437 0.9905977300808966 -0.22442239450268087
26456013410051 1341848051.906706860.pcd 1341847990.674786632.pcd 0.4211 0.9084683623983116 0.3940678007095745 0.1392688154801681 -0.2589131378124988 -0.36732758161713375 0.9117608355137299 -0.18374609276556955 0.23349328471774838 -0.199388270228311 0.11577023480681223 0.9730578453659051 0.6092606785251331
26456013410052 1341848051.906706860.pcd 1341847990.674786632.pcd 0.4211 0.9934547587881606 0.07582537620311611 0.08542923717799122 -0.21407009338754635 -0.08083186170335432 0.9951108493712418 0.05675039733090363 0.020844488114708154 -0.08070844054203605 -0.06328435657649958 0.9947267151524438 0.7322291680951235
26456013410053 1341848051.906706860.pcd 1341847990.674786632.pcd 0.4211 0.9829199540347234 -0.18286150553797262 0.020737255188745512 0.16379887247563463 0.1829285190760042 0.9831252673090961 -0.0013659015624364363 -0.43123553050732 -0.020137548734568574 0.0051360072823443785 0.9997840269579018 0.07781205084128429
26456013410054 1341848051.906706860.pcd 1341847990.674786632.pcd 0.4211 0.9235933541728817 -0.3513961337770455 -0.15328428913046166 0.8312158953498415 0.36445984933998266 0.9288259879595573 0.06671808083293188 -0.0061433021613448435 0.11892995563256281 -0.1174863449831394 0.9859272916375423 0.005564311766521279
26456013410055 1341848051.906706860.pcd 1341847990.674786632.pcd 0.4211 0.9897436600257098 -0.1359461532900313 -0.043887707214612784 0.038336644723785174 0.13457043046238282 0.9903568943005299 -0.03292447655739002 -0.3126632639825831 0.04794044935209986 0.02668080428046441 0.998493789664646 0.07381728340636196
26456013410056 1341848051.906706860.pcd 1341847990.674786632.pcd 0.4211 0.9190605197021519 -0.03609493965687365 -0.3924600826274914 -0.2756638177580676 0.051330460609352126 0.9982780356822032 0.02839273301592573 -0.2888246375155732 0.39075944638414367 -0.04623979677343467 0.919330700159583 0.024386296349390157
26456013410057 1341848051.906706860.pcd 1341847990.674786632.pcd 0.4211 0.9528995454278829 -0.2940655025333704 -0.07421547374456683 -0.23820774373383558 0.28376083251722983 0.9508297598856796 -0.12410704107692459 -0.06594818251672807 0.1070618804825639 0.09720209841118214 0.9894895177878339 0.2627204814133641
26456013410058 1341848051.906706860.pcd 1341847990.674786632.pcd 0.4211 0.9984378477024323 -0.05573719044662947 0.0039025474309239876 -0.13571695437195752 0.05540806970741625 0.9787022275987153 -0.1976661212869077 0.6120554951694758 0.007197922383059983 0.19757356932147718 0.9802616357987998 0.5153566462084348
26456013410059 1341848051.906706860.pcd 1341847990.674786632.pcd 0.4211 0.9324531370317158 -0.35833563223706505 0.04611639522962355 -0.37955290553981114 0.3541084673107196 0.881115032260737 -0.31343818099110626 -0.5210774901944231 0.07168221968218505 0.30859662116332914 0.9484881574316105 0.09774193066202885
26456013410060 1341848051.906706860.pcd 1341847990.674786632.pcd 0.4211 0.8758939073120683 0.36723046790437364 0.312972277648249 0.36502638054672076 -0.3225121570041709 0.9280427950022003 -0.1863396877453135 0.06923278087482193 -0.35888127802675196 0.06227643283970834 0.9313033201887806 0.3628967897406215
26456013410062 1341848053.553915154.pcd 1341848063.845733007.pcd 0.4421 0.9425617075702584 0.3332443423584084 -0.022926746571434377 0.06787768095887681 -0.3326329906715064 0.93012491284842 -0.1556372063988835 0.23986774916769468 -0.03054048033624259 0.1543238633032203 0.9875481883310813 -0.2704332455468468
26456013410063 1341848053.553915154.pcd 1341848063.845733007.pcd 0.4421 0.9463030575832597 -0.08289425127851358 -0.312472504892108 0.267685816381178 0.16830455777595343 0.9515723517159407 0.2572618029977145 0.5541971860342685 0.27601467178469796 -0.2960381775291301 0.9144273062440867 0.11595407687763504
26456013410064 1341848053.553915154.pcd 1341848063.845733007.pcd 0.4421 0.9573821500132228 -0.2760456541025985 -0.08496008290443068 0.12868684915721945 0.25961363397646753 0.9513908027864222 -0.16569943097952988 0.2754228837264465 0.12657084928841997 0.1365808816213887 0.9825097876794574 -0.08570675744732681
26456013410065 1341848053.553915154.pcd 1341848063.845733007.pcd 0.4421 0.9620324607988578 0.22147255569756355 0.15951003555288887 -0.3572296565644841 -0.21035126637222326 0.9740331091068136 -0.08373677268271326 -0.015439969251621367 -0.17391345291522511 0.04700435550567667 0.9836385014112654 0.04429103849327298
26456013410066 1341848053.553915154.pcd 1341848063.845733007.pcd 0.4421 0.9772886855084182 -0.15425523790734347 0.14530019530398863 0.1831783120206737 0.11550695930801701 0.9626086815276403 0.24503605571228537 -0.469141172876019 -0.1776653244970568 -0.22268778104280212 0.9585641265171511 -0.3125948580910194
26456013410067 1341848053.553915154.pcd 1341848063.845733007.pcd 0.4421 0.9607150593307114 0.21597266921071454 -0.17430542426782605 -0.13359050409558904 -0.1622405880559312 0.9465893443110618 0.2786514037718446 -0.2407721892769827 0.22517674471946078 -0.23942518537270305 0.9444421709383765 -0.14911293652355184
26456013410068 1341848053.553915154.pcd 1341848063.845733007.pcd 0.4421 0.998562279996326 -0.012890942460347672 -0.0520307271813818 0.16682263650179707 0.002875707519452617 0.9821378324866633 -0.18814092671362512 0.14958502012503158 0.053526659477329055 0.18772080758638107 0.9807628638586982 -0.570596168089069
26456013410069 1341848053.553915154.pcd 1341848063.845733007.pcd 0.4421 0.9734592700655251 0.19597331401922902 0.11820114092433974 -0.17068624635200752 -0.19190474482831782 0.9803820328002285 -0.04498487162224361 -0.013874173724200745 -0.12469810919125114 0.021107580505879173 0.9919701868550862 -0.10963906329247097
26456013410070 1341848053.553915154.pcd 1341848063.845733007.pcd 0.4421 0.930378701334315 0.21890807774542795 0.29406585249102857 -0.5029918175529929 -0.2270556721386793 0.9738594823290564 -0.006590176586028371 0.046912157666522264 -0.2878214617660161 -0.06063795985671133 0.95576244118049 0.16597336930486228
26456013410071 1341848053.553915154.pcd 1341848063.845733007.pcd 0.4421 0.9960642917563147 -0.0859811796754397 -0.02152123206535612 0.02387294100446624 0.08635033147630156 0.9961222667216726 0.016853782816032097 0.028393039311838567 0.01998867033906959 -0.01864581676668767 0.9996263234705153 0.010855324225753304
26456013410072 1341848053.553915154.pcd 1341848063.845733007.pcd 0.4421 0.9828547175252494 -0.09696321397949484 0.15682710025097252 -0.004809567393457337 0.13316049240552122 0.9615978579051448 -0.23999550607158446 0.3842399409230185 -0.1275338680534744 0.256763889219266 0.9580226603229777 -0.14434598207380112
26456013410073 1341848053.553915154.pcd 1341848063.845733007.pcd 0.4421 0.9237873488927059 -0.2786407534065707 -0.26263332722029914 0.30207196307668926 0.3080553279264079 0.9482015938012813 0.07756063723863488 0.15757638027667836 0.22741778506075414 -0.15255513119436023 0.9617734052178466 -0.08611780652645507
26456013410074 1341848053.553915154.pcd 1341848063.845733007.pcd 0.4421 0.9933708271723454 0.04877411448513933 0.10409363803384415 0.09811691461034494 -0.06194994172250332 0.9899207681407698 0.1273541421555133 -0.20763939760780922 -0.09683286861138053 -0.13295848434672672 0.986379965833001 -0.07176111823324005
26456013410075 1341848053.553915154.pcd 1341848063.845733007.pcd 0.4421 0.9410875578718947 0.33038742513595953 -0.07209963752158537 -0.016997058423484313 -0.33724564053640016 0.9326483236227618 -0.12818924441171053 -0.052707883635172134 0.024891491677006144 0.1449525914072694 0.9891254520466101 0.7775374990430531
26456013410076 1341848053.553915154.pcd 1341848063.845733007.pcd 0.4421 0.9501128075055336 -0.2984901799715311 0.09049456046921245 0.12189313142148739 0.2924183107387381 0.9533816687079006 0.07453137135758081 0.08172122608747634 -0.1085227375191751 -0.04435094398433692 0.993104128079751 0.16407336272309747
26456013410077 1341848053.553915154.pcd 1341848063.845733007.pcd 0.4421 0.9810464811975556 0.13474989140961172 -0.13924894432272075 0.4069964226350926 -0.1462451195650096 0.9863347128451887 -0.07586962000705733 0.13659125336406994 0.12712264445530694 0.09479610224949692 0.9873467133003445 -0.043420033035421524
26456013410078 1341848053.553915154.pcd 1341848063.845733007.pcd 0.4421 0.9993598940260692 0.034893221570118066 0.007890836499552781 -0.2064999429339937 -0.035082203814944674 0.9990657855882288 0.025234798244927976 -0.11019014070936638 -0.00700294135993647 -0.02549547323416817 0.9996504087214066 0.01467989217188237
26456013410079 1341848053.553915154.pcd 1341848063.845733007.pcd 0.4421 0.9970126736057954 0.06301887815148297 0.044658142213403515 -0.8577669625491726 -0.07165425119829869 0.9705020494882826 0.2301986972688037 -0.4411587697995155 -0.028833954890634436 -0.23271096436474964 0.9721184136255178 -0.3513698847602328
26456013410080 1341848053.553915154.pcd 1341848063.845733007.pcd 0.4421 0.9980871811054971 -0.061568744771218875 0.005591831558560137 0.5092082543815808 0.061752275896288386 0.9971718228382076 -0.04283704190481885 -0.762446377722239 -0.002938593968461827 0.043100410726848476 0.9990664238481172 0.043037285007251236
26456013410081 1341848053.553915154.pcd 1341848063.845733007.pcd 0.4421 0.9400288164170019 -0.2560055275605037 -0.22540406865032178 0.13059620456735221 0.28766915024397394 0.9501056520842774 0.12060559636857669 -0.692088516071619 0.18328198030237655 -0.1782145328977922 0.9667715841709773 0.6453520385664027
26456013410082 1341848053.553915154.pcd 1341848063.845733007.pcd 0.4421 0.8882894272488204 0.4509841738538099 0.08692047153207998 -0.21835535008538415 -0.4572981316794495 0.8860456607405072 0.07616761677644227 -0.2330617795097418 -0.04266511690418083 -0.1074074579175705 0.9932992126158351 0.03136173893151295
26456013410083 1341848053.553915154.pcd 1341848063.845733007.pcd 0.4421 0.991773907671531 -0.12317446635034295 -0.03482193132567515 0.3465635597692121 0.12067051612391903 0.9904530588360017 -0.06664356518670697 0.6248851210743629 0.04269827397364905 0.06189336864088188 0.9971690269547863 -0.4602638674638585
26456013410084 1341848053.553915154.pcd 1341848063.845733007.pcd 0.4421 0.9802047680512322 -0.1972327250252238 -0.017258762086379283 -0.11308260753086063 0.19268988793511369 0.9703791654732377 -0.14572193487260615 0.7518875233587283 0.045488677461354175 0.13951174643945646 0.9891750364966908 -0.30264853799894453
26456013410085 1341848053.553915154.pcd 1341848063.845733007.pcd 0.4421 0.96834052071034 -0.23426554322286897 -0.08623393304796953 0.1104291602537808 0.24381573303962634 0.9616932783375637 0.1252993484528115 -0.02966348870124864 0.05357727384607436 -0.14235762592444257 0.9883641950558405 0.3322529440610158
26456013410086 1341848053.553915154.pcd 1341848063.845733007.pcd 0.4421 0.9916654047540086 0.0946747105958795 0.0873866362074598 -0.12486373416907748 -0.1002859071119374 0.993011427508619 0.06221769581100425 -0.1119014795820908 -0.08088548602069674 -0.07046278458080729 0.9942296184183584 0.42301714362839393
26456013410087 1341848053.553915154.pcd 1341848063.845733007.pcd 0.4421 0.8953198404998993 -0.43688999121281236 0.08677279980099466 0.10356422740176346 0.42362338471073113 0.8953855123820275 0.13721520375890553 -0.38480158878367693 -0.13764305697512919 -0.08609250719106049 0.9867332309556107 0.03765467710602366
26456013410088 1341848053.553915154.pcd 1341848063.845733007.pcd 0.4421 0.9150253671531557 0.3982133459523519 0.06445702887711213 0.5302475024764424 -0.3977382260083655 0.9172677001486852 -0.020597811428887298 0.025261529115281955 -0.06732667404491885 -0.0067895043540834995 0.9977078838982255 -0.16556556370834974
26456013410089 1341848053.553915154.pcd 1341848063.845733007.pcd 0.4421 0.9990138930185507 0.04035868370737689 0.018504545531510812 -0.03792749343938584 -0.040522023489033866 0.999142161454481 0.008538548847553777 -0.011013772389431544 -0.018144067026828158 -0.009279970553605535 0.9997923159227872 -0.3095509685328167
26456013410090 1341848053.553915154.pcd 1341848063.845733007.pcd 0.4421 0.9790527178600757 -0.18147858601673514 0.09231087946805236 -0.020331702445664956 0.18805803169638038 0.9797760523077601 -0.06835981303883486 0.07206596041407454 -0.07803814685960969 0.08428766304500167 0.9933809125874777 0.7002199376172048
26456013410091 1341848053.553915154.pcd 1341848063.845733007.pcd 0.4421 0.9734215433958584 0.18421300406745134 -0.136073759355984 0.04484697030809426 -0.13380439215489753 0.9396504768142518 0.31488627480855313 -0.13226847694414243 0.18586791948285072 -0.2883098169594549 0.9393245264294563 -0.3716371629311019
26456013410093 1341848053.046693080.pcd 1341848051.406687676.pcd 0.4188 0.9536905162436542 0.3007594350782138 -0.0042616239094838 0.001302151245219832 -0.29561220308727243 0.9397982162410371 0.17144310466173282 -0.32551661346585914 0.05556819785454088 -0.16224387495865092 0.9851848052145344 0.3236522148561308
26456013410094 1341848053.046693080.pcd 1341848051.406687676.pcd 0.4188 0.88620533486124 -0.06767222807566836 0.4583236563944222 -0.4089757721673063 0.15979497056692754 0.9732154222721104 -0.16527948824107813 -0.21934963730041313 -0.43486281957071526 0.21970937940605234 0.8732823808803285 0.046520601598737166
26456013410095 1341848053.046693080.pcd 1341848051.406687676.pcd 0.4188 0.9816604883034041 -0.16163384054731314 -0.10108010335297359 -0.44077039000916346 0.1625696251834763 0.9866965316350041 0.0010350976558480482 -0.26992850264660384 0.09956808058623055 -0.017448668985881467 0.9948777519268359 -0.04154124465311004
26456013410096 1341848053.046693080.pcd 1341848051.406687676.pcd 0.4188 0.9996068791036968 -0.021075842664853642 -0.018490432783844327 0.4090955785540631 0.021260293199663313 0.9997255865977823 0.009836230720382632 -0.14276400476514808 0.018278051910197646 -0.010225475914918786 0.9997806521736065 0.46863183484617965
26456013410097 1341848053.046693080.pcd 1341848051.406687676.pcd 0.4188 0.9198406418234325 -0.39165705394099154 0.02231469802885632 -0.020864488050985182 0.3919905843178712 0.9198754074530082 -0.01313836250436484 -0.035923619209557445 -0.015381009589416725 0.02083235131773211 0.9996646626157119 -0.21418651636469155
26456013410098 1341848053.046693080.pcd 1341848051.406687676.pcd 0.4188 0.9838351099916475 -0.08802539004881484 0.15594873213488175 -0.11311834321512207 0.09085484700889664 0.995802335247825 -0.011095309367857518 -0.03527120971147676 -0.15431744270403486 0.025084653111663538 0.9877028333742668 -0.04405927060164616
26456013410099 1341848053.046693080.pcd 1341848051.406687676.pcd 0.4188 0.9847983045172156 0.06528965302646188 0.1609644700786532 0.19805398789548256 -0.10088866894200148 0.9693369307487 0.22407005861069693 -0.810308052721544 -0.14139934900532128 -0.2369033049460774 0.9611883520967663 -0.4191008216786218
26456013410100 1341848053.046693080.pcd 1341848051.406687676.pcd 0.4188 0.9693789814285529 -0.2317376096249417 -0.0812531270158845 0.10156391674951482 0.23805821040931854 0.9680063768676642 0.07932176750583858 -0.020813028287717396 0.060271708298786066 -0.0962358281974848 0.9935320762561671 -0.18306921338609117
26456013410101 1341848053.046693080.pcd 1341848051.406687676.pcd 0.4188 0.9908633284236338 -0.1338097834444715 0.016876203358034324 0.050836606871881906 0.13471986073980244 0.9760838075018163 -0.17061934197213843 -0.22208706405737558 0.006357948370844994 0.17133400884617425 0.9851924857129255 -0.840789989366407
26456013410102 1341848053.046693080.pcd 1341848051.406687676.pcd 0.4188 0.9871671903613445 0.14975169581037204 0.05545599945909079 -0.1199395906816712 -0.14767211258405957 0.9882315173141222 -0.03989254757456113 0.1374303142777779 -0.060777343139114905 0.03119130950995138 0.9976638796568735 0.8382167444943697
26456013410103 1341848053.046693080.pcd 1341848051.406687676.pcd 0.4188 0.9960533482814433 -0.023230596076874818 0.08566251679257715 -0.01027220810738165 0.037572604272700025 0.984757356481979 -0.1698271128612608 0.3673044381659741 -0.08041160852446964 0.1723754282388804 0.9817436961620736 0.12209871187464783
26456013410104 1341848053.046693080.pcd 1341848051.406687676.pcd 0.4188 0.9608388477141034 -0.27165020555985164 0.05472544693946416 0.5635844329742612 0.2766608740023201 0.9291852116619179 -0.24509917018437466 -0.02989351172928964 0.015731163965395388 0.2506411942360772 0.9679522313793211 0.36609113781371005
26456013410105 1341848053.046693080.pcd 1341848051.406687676.pcd 0.4188 0.9869652393274297 0.13333697997559438 -0.09011584838604877 0.13866424343866504 -0.11609993962971668 0.9776888966240582 0.175057777422221 0.30436064832646853 0.11144693973961567 -0.16231349663234934 0.9804253711699096 -0.6195305737938519
26456013410106 1341848053.046693080.pcd 1341848051.406687676.pcd 0.4188 0.9598574440759274 -0.2804233489325582 -0.006035927888619981 0.10206512163638899 0.2803011146007434 0.9597808028815145 -0.015877517869506478 0.008065186944379035 0.010245594448778152 0.013548276405664458 0.9998557255928612 -0.02808381789600578
26456013410107 1341848053.046693080.pcd 1341848051.406687676.pcd 0.4188 0.9400686812025055 0.33844929970748755 -0.041508386498310054 0.34149777682975746 -0.33495786510239606 0.9393710377626276 0.07338448077631181 0.19645407831827294 0.06382870222891007 -0.055082891538799014 0.9964395475047635 0.35498304891759525
26456013410108 1341848053.046693080.pcd 1341848051.406687676.pcd 0.4188 0.9743042955655669 -0.07658680122508679 -0.2118150172216165 0.3301641484684695 0.07042810986781547 0.9968495660157114 -0.036480461547720874 0.779142753711797 0.21394162985013354 0.020625339085621704 0.9766286778528837 -0.3127160842065074
26456013410109 1341848053.046693080.pcd 1341848051.406687676.pcd 0.4188 0.9887549207934101 -0.1490862480782455 0.011704582041626546 -0.22449169170480676 0.14698272310599914 0.9832589962555028 0.10769320030051222 0.515270931779157 -0.02756421076618225 -0.10476181039182597 0.9941152736822148 -0.3694067253553644
26456013410110 1341848053.046693080.pcd 1341848051.406687676.pcd 0.4188 0.9205451086806329 0.15467851003452274 -0.3587077660403544 0.7026819421193166 -0.12600971085753657 0.986758442512378 0.10212408579833644 -0.12441256310421642 0.3697543179649991 -0.04880916577904197 0.9278466520294139 0.8066078724865192
26456013410111 1341848053.046693080.pcd 1341848051.406687676.pcd 0.4188 0.9801201077396171 0.17195758676396994 0.09897051459295046 -0.08477356235881034 -0.1979258103913784 0.8820688104339831 0.42752776195294523 -0.32962891187212434 -0.013782161855013506 -0.4386173754126595 0.8985682222295158 0.08347439091082665
26456013410112 1341848053.046693080.pcd 1341848051.406687676.pcd 0.4188 0.9956489905294522 -0.015160030997696266 -0.0919416179857192 0.07218403404630132 0.00026453423114907067 0.9871329736964282 -0.15990128912203183 0.10983044356179583 0.09318271126836558 0.1591812353934846 0.9828419591263291 0.26544449868799747
26456013410113 1341848053.046693080.pcd 1341848051.406687676.pcd 0.4188 0.9832787684491076 -0.17765444986970363 0.040021993437346685 -0.045321279962364444 0.17672530275358028 0.9839247553192196 0.02569519870849333 -0.0347662766923378 -0.043943496491078864 -0.018192644434125528 0.998868358095616 -0.10141623376878439
26456013410114 1341848053.046693080.pcd 1341848051.406687676.pcd 0.4188 0.9665637046973902 0.17256824874502966 -0.18967025145428035 0.6602160752257668 -0.1780935360413605 0.9839360466430085 -0.012351054076967294 0.1991262169313848 0.18449199760949253 0.045717126348898095 0.9817701600560377 -0.2613540685583374
26456013410115 1341848053.046693080.pcd 1341848051.406687676.pcd 0.4188 0.9982800097164757 0.03472140478224192 0.0472381863582956 -0.038319566080009214 -0.026147820681567287 0.9848673426420465 -0.17132603091999385 0.13900410746807848 -0.05247202753923236 0.1697961761852775 0.9840812694481998 -0.7440545829975661
26456013410116 1341848053.046693080.pcd 1341848051.406687676.pcd 0.4188 0.999861517614394 -0.006267865397807246 0.015416207613937237 0.008668506893023883 0.006523110063086762 0.9998415499640666 -0.016562729260539963 -0.05417444839054501 -0.015309951957661464 0.016660997233300924 0.99974397549685 -0.018360701857007777
26456013410117 1341848053.046693080.pcd 1341848051.406687676.pcd 0.4188 0.9996406579018617 -0.02276484983552225 0.014153327576897655 -0.003395623719529152 0.02363486475963217 0.9976254856661952 -0.06468990274441387 -0.07318642932933418 -0.012647064375844157 0.0650011689222121 0.9978050409781558 0.16744187427923218
26456013410118 1341848053.046693080.pcd 1341848051.406687676.pcd 0.4188 0.9331489800223275 0.3069155169732676 -0.18717864868708156 0.30943448105290394 -0.3000621773042298 0.9517277413232247 0.0646296847217909 -0.26057723676973465 0.19797896563709727 -0.0041438915073945745 0.9801975093461726 0.3407867995772492
26456013410119 1341848053.046693080.pcd 1341848051.406687676.pcd 0.4188 0.9782720429146434 0.20447722223083653 -0.03424727201356496 0.05744578799889668 -0.2055548571191783 0.9781353230043263 -0.03159890197359124 -0.01873235251956437 0.02703721077190095 0.03795201549303464 0.9989137268822029 0.6091698487804944
26456013410120 1341848053.046693080.pcd 1341848051.406687676.pcd 0.4188 0.9995272587061309 -0.01946554834085607 0.0237981413391335 -0.5068689988168471 0.022158133996214142 0.9926845491377609 -0.11868615336662636 -0.2112511927434099 -0.021313756149806122 0.11915736792557283 0.992646586388044 0.7396394304986347
26456013410121 1341848053.046693080.pcd 1341848051.406687676.pcd 0.4188 0.9491304209027666 0.31486628839973907 -0.0032656616955313088 -0.23765957697093418 -0.3148832068890193 0.9490760116926129 -0.010163171204424944 0.028730655017877412 -0.00010067881797619707 0.010674476990266253 0.9999430210790813 0.3474250473753928
26456013410122 1341848053.046693080.pcd 1341848051.406687676.pcd 0.4188 0.9968494741522943 -0.014744425973402888 0.07793412465030443 -0.15444383719121876 0.011929126555778293 0.9992636550131765 0.0364670222162933 -0.18409094352619776 -0.07841442355785426 -0.03542244588424472 0.9962913371628136 0.5242001001139217
26456013410124 1341848027.842836251.pcd 1341848030.054776241.pcd 0.4474 0.8837904851522025 -0.4647725754508127 0.053859367460572745 0.26251854229234395 0.4519403812378863 0.8777948112897357 0.15882745694422992 0.5232680310335025 -0.12109611951251079 -0.11602897216486888 0.9858361970719962 -0.3102205123657814
26456013410125 1341848027.842836251.pcd 1341848030.054776241.pcd 0.4474 0.9993267716775839 -0.03279202166128139 0.016452559795488656 -0.06845802396181355 0.03264940306347624 0.9994275633226762 0.008863529234821116 0.050628665331294995 -0.016733794789489515 -0.008320395799714816 0.9998253603133296 -0.020774385470593737
26456013410126 1341848027.842836251.pcd 1341848030.054776241.pcd 0.4474 0.9671710742322515 -0.18040775249714902 0.17897808806488044 -0.04174226223309385 0.19455716809696988 0.9787490207472366 -0.06479091547750229 0.055368014344751915 -0.16348584498518545 0.09748536928818011 0.9817173632284533 0.7189667291259756
26456013410127 1341848027.842836251.pcd 1341848030.054776241.pcd 0.4474 0.9907048061304429 0.12052940579134959 -0.06306068069427748 -0.002745815455762468 -0.12000502614371343 0.9927001287447147 0.012051891572418861 -0.6165003901218077 0.06405295317382403 -0.0043722682684012104 0.9979369230867755 0.14914280829570759
26456013410128 1341848027.842836251.pcd 1341848030.054776241.pcd 0.4474 0.998334902161321 0.0574950437291698 0.0046629468286027475 0.16957329015711586 -0.057676953333602086 0.9961965660167615 0.06531286940998356 -0.1478278051724375 -0.0008900453353682444 -0.06547306165892146 0.9978539402218684 0.540804508760379
26456013410129 1341848027.842836251.pcd 1341848030.054776241.pcd 0.4474 0.9786095178018205 -0.07048096547319713 -0.19327660275795053 0.05718099548036548 0.07428365165889042 0.9971589376152685 0.012489684952382028 0.20970958255702635 0.19184720681810627 -0.026579816401832566 0.9810648105992467 0.11597054053942873
26456013410130 1341848027.842836251.pcd 1341848030.054776241.pcd 0.4474 0.9903868089557176 -0.1011983030569279 -0.09430202598517742 -0.09153336029366166 0.10151729257804815 0.994832759900956 -0.0014209628671279142 -0.27525095157472645 0.09395854380594598 -0.008165983483020573 0.9955426202627495 -0.7607328001513642
