id source target overlap t1 t2 t3 t4 t5 t6 t7 t8 t9 t10 t11 t12
26456013410000 1341847984.343094134.pcd 1341848064.349789703.pcd 0.15840671120570576 0.8686011271294881 -0.2989028879877085 -0.3952077244968657 -0.33453992367637103 0.19759983839352727 0.9403568480816364 -0.2769175005896562 0.3240403977180785 0.4544077308059745 0.16243787064160176 0.8758581805093719 0.6846591025593919
26456013410001 1341847984.343094134.pcd 1341848064.349789703.pcd 0.15840671120570576 0.9832424706953685 0.0495407417492333 -0.17544218058324346 0.7419643472218782 -0.048430727630612985 0.9987702367469378 0.010605602747393087 1.2366487793056773 0.17575183766332864 -0.001931086585812483 0.9844326094063327 0.2818679539157058
26456013410002 1341847984.343094134.pcd 1341848064.349789703.pcd 0.15840671120570576 0.9021506344391845 -0.4314166451583478 -0.001977640334634184 0.06263545130421896 0.4298823252047412 0.8985364431990878 0.08850676086999044 1.1313372067945409 -0.03640630793615415 -0.08069658309649029 0.9960736128514845 0.34867386691771185
26456013410003 1341847984.343094134.pcd 1341848064.349789703.pcd 0.15840671120570576 0.9876290682368447 -0.15680818271594124 -0.0001319353858790541 0.7231992979215462 0.1509485487856583 0.9509503681409334 -0.270014690252451 0.765872526052315 0.04246597688886711 0.2666544414892565 0.9628561936452021 -0.6166285452213165
26456013410004 1341847984.343094134.pcd 1341848064.349789703.pcd 0.15840671120570576 0.9928765300565595 0.11720521929069704 -0.021427380471385014 0.606251666724472 -0.1171798488699445 0.9931077125906058 0.002440125380317461 0.0022339105989785404 0.021565692237042692 8.811398480315278e-05 0.9997674295326203 0.5340835931842673
26456013410005 1341847984.343094134.pcd 1341848064.349789703.pcd 0.15840671120570576 0.9809113372265167 0.16388358292214256 0.10466670793087957 -0.06388460489399028 -0.1704771318170316 0.9836854679769789 0.057449522350934715 -0.23834805250229077 -0.09354408601256015 -0.07419616795706734 0.9928466309720557 0.11139073272501278
26456013410006 1341847984.343094134.pcd 1341848064.349789703.pcd 0.15840671120570576 0.9953860840221994 0.06622081256357226 0.06943592527194509 0.5807639704817952 -0.06454387562271494 0.99757284255411 -0.026124929054679325 0.2978673727166074 -0.07099740737907559 0.021522727102594483 0.997244273166568 0.25399361381700164
26456013410007 1341847984.343094134.pcd 1341848064.349789703.pcd 0.15840671120570576 0.9844894434796592 -0.08305346106125545 -0.15454015103803165 -0.18379608127470073 0.11309855729739936 0.973832250893228 0.1971280382327081 -0.6872245676026536 0.13412401729130385 -0.21154874078087935 0.9681207973490015 1.1220072698053583
26456013410008 1341847984.343094134.pcd 1341848064.349789703.pcd 0.15840671120570576 0.9986513951385094 -0.05159075483850408 -0.005812486825965431 0.029328470531142924 0.051540692256760647 0.998635089994738 -0.008456599369451376 0.9269051191749528 0.0062408356493780315 0.008145615163686495 0.9999473490759414 0.3052302185079702
26456013410009 1341847984.343094134.pcd 1341848064.349789703.pcd 0.15840671120570576 0.9638716388248455 0.03758040686957885 0.26370281926559597 -0.7964062839546928 -0.12570377461591714 0.9369984354194548 0.3259332647472554 0.1795185229843234 -0.23484042436603064 -0.34730626979801377 0.9078702165191741 -0.12149540301564733
26456013410010 1341847984.343094134.pcd 1341848064.349789703.pcd 0.15840671120570576 0.9662006907393915 -0.22817623122398362 0.11996596483645679 0.025578374211644925 0.22710475969271204 0.9736054268414888 0.022713453055802184 0.40544579049316115 -0.12198218451740535 0.005299087583895046 0.992518144081578 0.21034286044386094
26456013410011 1341847984.343094134.pcd 1341848064.349789703.pcd 0.15840671120570576 0.9975625012883887 0.00151978312239705 -0.06976206908137478 0.016113328180549988 -0.004317998591916396 0.9991912465013532 -0.03997759126351407 0.05867932870452831 0.069644891495456 0.04018137845237848 0.9967622815467353 -0.06781457696724154
26456013410012 1341847984.343094134.pcd 1341848064.349789703.pcd 0.15840671120570576 0.999572614074535 0.0164274095883034 0.02418117876404856 0.06540118060495258 -0.01701080765409899 0.999564298887105 0.024121459601061445 1.004559809346658 -0.0237743899008156 -0.02452249180953089 0.999416542678925 0.757576143092201
26456013410013 1341847984.343094134.pcd 1341848064.349789703.pcd 0.15840671120570576 0.9905115321730896 -0.13696233941895838 -0.011323524760619923 -0.5779535309645533 0.13680288577881286 0.9905017470888651 -0.013829658582012065 0.15776636554481493 0.013110113451355904 0.012149345447058844 0.9998402464046446 1.106105335848078
26456013410014 1341847984.343094134.pcd 1341848064.349789703.pcd 0.15840671120570576 0.98595396086584 0.16467864476400784 -0.027851948076415996 0.7284339228801403 -0.16484916515963483 0.9863109769922088 -0.003925482243738109 0.49037215415205315 0.026824239022442162 0.008461715154988786 0.9996043515198915 0.1360161697829269
26456013410015 1341847984.343094134.pcd 1341848064.349789703.pcd 0.15840671120570576 0.9226036103522285 0.05005863253882276 0.38248753113451495 0.0687035749111682 -0.06899026826573679 0.9969700104402163 0.03593245284498176 0.07434322021645312 -0.3795298684552444 -0.05953932810486091 0.9232616895329118 0.24811597209656683
26456013410016 1341847984.343094134.pcd 1341848064.349789703.pcd 0.15840671120570576 0.9992913811555394 -0.021555662699550438 0.03085593871263543 0.3201032993011617 0.022987925015890285 0.9986377905579602 -0.046841419416788925 -0.6590901396362148 -0.0298042086242616 0.047517540709709864 0.9984256569585853 0.3450502627197919
26456013410017 1341847984.343094134.pcd 1341848064.349789703.pcd 0.15840671120570576 0.9999155162889287 0.007518180866106487 0.010603642822606299 -0.10154582744404306 -0.009137059524829204 0.9867494348805015 0.1619940335513949 0.11424100111231869 -0.009245238119411942 -0.16207723380991929 0.9867347646924375 0.1272553721971461
26456013410018 1341847984.343094134.pcd 1341848064.349789703.pcd 0.15840671120570576 0.9706337623482079 0.17466305533125082 0.16541740081416842 -0.0866678464726034 -0.11076462241473028 0.9348929363562638 -0.3372037899734894 0.18029862279118966 -0.213544603797626 0.30897898739803537 0.9267851355818131 0.7861957273611784
26456013410019 1341847984.343094134.pcd 1341848064.349789703.pcd 0.15840671120570576 0.98334522306538 -0.1653002783699852 -0.0755512425132997 -0.12195489226147396 0.16279086370068416 0.9859173748994614 -0.038289222595137035 -0.5064427692069233 0.08081650184265152 0.025352472111415114 0.9964065160303582 -0.2982674038295783
26456013410020 1341847984.343094134.pcd 1341848064.349789703.pcd 0.15840671120570576 0.9787998030071209 -0.06111975041281258 -0.1954873953550384 -0.33976977979522854 0.0035791065368381073 0.9593965923979898 -0.28203788485152764 -0.49735971168415255 0.2047880260894654 0.27535895591863563 0.9392759497430877 -0.7848591276751984
26456013410021 1341847984.343094134.pcd 1341848064.349789703.pcd 0.15840671120570576 0.8516002997135467 0.18339440851790859 0.491063560501249 -0.6182509127382739 -0.058436798061896195 0.9641766526275338 -0.25874412681302916 0.3335605891600402 -0.520924246085811 0.19165039382252835 0.8318101083706539 0.11389771298216618
26456013410022 1341847984.343094134.pcd 1341848064.349789703.pcd 0.15840671120570576 0.9807845184077612 -0.18489258679776932 -0.06226122227265871 0.9511090133533452 0.19507872530462256 0.9334386606947878 0.301059060076 -0.5553909632816517 0.0024534435350543685 -0.3074199051257909 0.9515707974435061 0.433195062293222
26456013410023 1341847984.343094134.pcd 1341848064.349789703.pcd 0.15840671120570576 0.8616626692286282 -0.3941457144739561 -0.3196663889426131 -0.16209689811471645 0.4661484694012672 0.8637224228055836 0.19154420068931435 0.24451967451413223 0.20060670211299322 -0.314058485165848 0.9279677898303806 0.5102036532143294
26456013410024 1341847984.343094134.pcd 1341848064.349789703.pcd 0.15840671120570576 0.9652281911420518 0.2599956631218213 -0.027143952963541863 -0.03561785152746811 -0.25697606325442357 0.9627727528188684 0.08385659988239735 -0.00644218430678411 0.04793581061066023 -0.07396540804607496 0.9961080646564792 -0.40062483574569613
26456013410025 1341847984.343094134.pcd 1341848064.349789703.pcd 0.15840671120570576 0.9896481796372931 0.10035530245514374 0.10259285457442284 -0.147674376265553 -0.10043527088723683 0.9949338697232578 -0.004399004354483338 0.402282701008073 -0.10251456922018161 -0.00595047448864609 0.9947137050181628 1.0260779955720958
26456013410026 1341847984.343094134.pcd 1341848064.349789703.pcd 0.15840671120570576 0.9014078470524645 0.052192781584051176 0.4298136885009135 0.28396566531550493 -0.012316345155114535 0.9953970389114917 -0.09504231988043144 -0.7846975117473638 -0.43279579586019645 0.08037815920232122 0.8979015261202006 0.27208884444513187
26456013410027 1341847984.343094134.pcd 1341848064.349789703.pcd 0.15840671120570576 0.9984101160416047 0.027724780181835496 0.04907725287400024 -0.060296633070598175 -0.02686348422469472 0.9994748104980009 -0.01812336600345224 -0.22127218284281472 -0.04955394435460452 0.016776165946199163 0.9986305457250176 0.17418481949785947
26456013410028 1341847984.343094134.pcd 1341848064.349789703.pcd 0.15840671120570576 0.9891465867630048 -0.12842466537281658 0.07138722027770544 0.16422301897000716 0.13279354315245187 0.9893114522838468 -0.0602389016918809 0.2751936737519758 -0.06288803377523783 0.06906486591535724 0.9956280126151426 0.14307898484835951
26456013410029 1341847984.343094134.pcd 1341848064.349789703.pcd 0.15840671120570576 0.9803943971895072 -0.019303919170176695 0.19609738566358814 -0.013509526430970488 0.1000060982751368 0.9062363654557657 -0.4107729667752096 -0.0009350657934802662 -0.1697810539112254 0.42233044956549726 0.8903995648598434 0.4046479151024846
26456013410031 1341847984.343094134.pcd 1341848040.178809768.pcd 0.13211129831169285 0.9649524279369507 0.10296529016243637 -0.24138135976157943 0.0018748382933119565 -0.08080415864742956 0.991700719634754 0.10000185308878945 -0.018886789566672148 0.24967478800204235 -0.07699241324751471 0.9652640408398414 0.4558950748759698
26456013410032 1341847984.343094134.pcd 1341848040.178809768.pcd 0.13211129831169285 0.8455419702230498 -0.5235930753227274 0.10444648421757492 0.016375349602690277 0.5225685487350995 0.8516977925052578 0.03915331549898249 0.0012226584104025027 -0.10945724491423704 0.021474676150287267 0.9937595030086631 -0.09192611729614335
26456013410033 1341847984.343094134.pcd 1341848040.178809768.pcd 0.13211129831169285 0.9821859291279968 -0.17404527491786975 0.07084520380192677 0.6569265885915309 0.17190019447799176 0.9844790998381595 0.03537266063326003 -0.4801544671773603 -0.07590206691126408 -0.022564225238423642 0.996859935987994 -0.7730180558156944
26456013410034 1341847984.343094134.pcd 1341848040.178809768.pcd 0.13211129831169285 0.9390049925217512 0.3437584808552977 0.009986533897398637 -0.043874850963412974 -0.3435187844126233 0.9389321619428219 -0.020030976637500943 0.028609906396275177 -0.01626249596155506 0.015378625082770108 0.999749483178493 -0.5496072521471689
26456013410035 1341847984.343094134.pcd 1341848040.178809768.pcd 0.13211129831169285 0.997611694766178 0.06905411085986846 0.0015608456384928007 -0.019844636640784532 -0.06905277270814489 0.9976126064082408 -0.0008956096659326432 -0.0061739761333239815 -0.00161896481477622 0.000785689957572692 0.9999983808207986 0.17177268527002945
26456013410036 1341847984.343094134.pcd 1341848040.178809768.pcd 0.13211129831169285 0.8989769427177935 -0.3963372869350326 0.18643286042633841 0.32108714699284474 0.38657850531216104 0.9180802334707073 0.08766837594587261 0.6874252539253982 -0.2059065702992122 -0.00674091205617007 0.9785484374379566 -0.22595651807300746
26456013410037 1341847984.343094134.pcd 1341848040.178809768.pcd 0.13211129831169285 0.8501510566773931 -0.5262785115228221 0.01655624171225853 -0.30141539030526643 0.5265356439811111 0.8496154215436307 -0.030229970106423427 -0.06418449509876552 0.0018429453894491556 0.03441749242117286 0.9994058433728161 -0.26502101432463243
26456013410038 1341847984.343094134.pcd 1341848040.178809768.pcd 0.13211129831169285 0.9106909595460534 0.40719067985258645 0.06955376655708281 0.1640886288088628 -0.40418032564650314 0.8435526361728155 0.3536342946691969 0.2682867343127492 0.08532432573056434 -0.3501638191576652 0.9327942212468635 0.5398599402034665
26456013410039 1341847984.343094134.pcd 1341848040.178809768.pcd 0.13211129831169285 0.956374265969412 0.28745334955471485 0.05214245123930671 -0.42767095179925796 -0.2857846572317502 0.9575713370119074 -0.03720570150069835 0.6829919904578511 -0.060625020267209735 0.020681062907958916 0.997946341520724 -0.18839828408251041
26456013410040 1341847984.343094134.pcd 1341848040.178809768.pcd 0.13211129831169285 0.8470247985954525 0.28131655263751126 0.45100996416540445 0.4543103005335327 -0.32641665510560575 0.9449305166603172 0.023632307414510334 0.7132516322526047 -0.4195249192050468 -0.16723431435029185 0.8922059886986786 -0.7106220051631271
26456013410041 1341847984.343094134.pcd 1341848040.178809768.pcd 0.13211129831169285 0.8775281742129774 0.47388389766786587 0.0733372687898174 -0.030833720361438742 -0.4643747978264142 0.8779456043338189 -0.11647988227416048 0.23351670532828545 -0.1195840733798413 0.06815839905717375 0.9904817424020735 0.8610608732192871
26456013410042 1341847984.343094134.pcd 1341848040.178809768.pcd 0.13211129831169285 0.9989230806228449 -0.031253858240845644 0.03429103882979766 0.3097054219914138 0.032164107557027546 0.9991359318764315 -0.02632223049961773 -1.2880465249687743 -0.033438737775602856 0.027396824240706566 0.9990651954890123 -0.6769256069653945
26456013410043 1341847984.343094134.pcd 1341848040.178809768.pcd 0.13211129831169285 0.9480684415083265 0.3165975572067185 0.030532228656154972 1.0654155097712636 -0.31486997075126194 0.9477814399122181 -0.05066797486600709 0.24592163771416822 -0.04497923671064889 0.03842302602166403 0.9982487362056944 0.8048230467450602
26456013410044 1341847984.343094134.pcd 1341848040.178809768.pcd 0.13211129831169285 0.9656969792173612 0.2450848281917452 -0.08580659252461993 0.5071841379710003 -0.2548294567203174 0.9579700966673439 -0.13173929512027757 -1.3390101256983953 0.04991284722485069 0.14908628669794707 0.9875636621507123 -0.3198418250664652
26456013410045 1341847984.343094134.pcd 1341848040.178809768.pcd 0.13211129831169285 0.958853175276181 0.24778748322965316 0.13857110599796651 -0.291685924850509 -0.19239795952467142 0.9260632033467593 -0.32463821182645997 -0.05207327590035136 -0.20876688778043373 0.28461958218269684 0.9356324492046109 -0.2578260389227646
26456013410046 1341847984.343094134.pcd 1341848040.178809768.pcd 0.13211129831169285 0.9784014130293495 0.14616832511375533 -0.14616940759136948 -0.11552953818836628 -0.15658368673108297 0.9856897480031187 -0.0624281165121172 -0.025993326630941827 0.13495267330391958 0.08396750213617131 0.9872878174844141 -1.4093612330813368
26456013410047 1341847984.343094134.pcd 1341848040.178809768.pcd 0.13211129831169285 0.9582036124006187 0.28372467921539773 -0.036689829469820114 -0.2968239259379263 -0.2838099792014183 0.9265782276263669 -0.24678874324910174 0.149368999211063 -0.036024059850262975 0.24688680501983132 0.9683745001903987 -0.37786537857319646
26456013410048 1341847984.343094134.pcd 1341848040.178809768.pcd 0.13211129831169285 0.9846817273793284 -0.03747819133052301 -0.17028588003664594 -0.0009894425823485215 0.025737290651627838 0.9971697509956422 -0.07064049525026528 0.0028702844714757194 0.17245140659088834 0.06517570769759107 0.9828594200041746 -0.050668582168104395
26456013410049 1341847984.343094134.pcd 1341848040.178809768.pcd 0.13211129831169285 0.9810905874711793 -0.18374439480648827 0.060821513896429126 0.6852228037757276 0.18847993104458713 0.9784455262854129 -0.0843781232636093 -0.4157100824013666 -0.044006530979888 0.0942462172676364 0.9945758270548594 -0.6302029597816189
26456013410050 1341847984.343094134.pcd 1341848040.178809768.pcd 0.13211129831169285 0.9179124167711344 0.028462855886420224 -0.3957608633659526 0.012375789698735097 0.12047699066205647 0.9303410525134819 0.34633917007627324 0.008510320232514194 0.378050380053228 -0.3655891024673682 0.8505424847112073 0.07871758627740545
26456013410051 1341847984.343094134.pcd 1341848040.178809768.pcd 0.13211129831169285 0.9910344555759831 0.13033845960209894 0.029369947391277972 -0.5625508878527167 -0.13077372710470192 0.9913214975525063 0.013413455535431752 0.213023066701375 -0.027366771098530588 -0.017134014089175705 0.9994786067749686 0.590764067399901
26456013410052 1341847984.343094134.pcd 1341848040.178809768.pcd 0.13211129831169285 0.9993174161102578 0.0015787157197408794 0.036908122620826524 -0.1483900138371063 -0.012676676578177367 0.953076434879501 0.30246423118827204 -0.24990874127590443 -0.03469875688911655 -0.30272564631041166 0.9524458931279474 -0.3019586271289183
26456013410053 1341847984.343094134.pcd 1341848040.178809768.pcd 0.13211129831169285 0.993926936755162 0.05094944834226893 -0.09753665006610963 -0.8682554766488824 -0.04635533428724152 0.9977321504563366 0.04880306269992013 -0.5124766862461608 0.09980194074074085 -0.04398533459452951 0.9940346387148634 -0.5207532377150412
26456013410054 1341847984.343094134.pcd 1341848040.178809768.pcd 0.13211129831169285 0.9591563958681485 -0.2727435280366318 0.07503316719527876 -0.0737471575740837 0.27881256720116043 0.9563127138691403 -0.08791783472617001 -0.09712822990007762 -0.04777615133015687 0.10524714345943434 0.9932977791970076 -0.9791278658226599
26456013410055 1341847984.343094134.pcd 1341848040.178809768.pcd 0.13211129831169285 0.9335776236524611 -0.33965063300611187 0.11432527329497644 0.004306868699276667 0.35361261593224325 0.9248762730922303 -0.13986421030621757 0.7886781867043164 -0.058231765119901746 0.17100095604871193 0.9835485420463227 0.46460032654728695
26456013410056 1341847984.343094134.pcd 1341848040.178809768.pcd 0.13211129831169285 0.9185013993355342 -0.39540820309853364 -0.0027445110774722593 -0.00310724884593645 0.39268782920089396 0.9113240702177463 0.12363133841890425 -0.7031234112249424 -0.046383706365005925 -0.11463329343671894 0.9923244226661441 0.07015038225994859
26456013410057 1341847984.343094134.pcd 1341848040.178809768.pcd 0.13211129831169285 0.9932671402887262 -0.0912932217834272 -0.07131574636122072 0.015580786362199742 0.09269651552444234 0.9955557738542951 0.01661496780022493 0.09119015695768766 0.0694819691163313 -0.02311382274262877 0.9973154000445092 0.6066073138604671
26456013410058 1341847984.343094134.pcd 1341848040.178809768.pcd 0.13211129831169285 0.985199136000245 -0.15447543789055132 -0.07429671266545358 -0.16493188970354655 0.1258653983706983 0.9461632388100615 -0.2982164097051666 -0.12014446574248727 0.11636392876383976 0.2844511638453546 0.9516023179194484 0.06932603876682718
26456013410059 1341847984.343094134.pcd 1341848040.178809768.pcd 0.13211129831169285 0.9690770825316911 0.1541341679534178 0.19269734399096852 0.26025055623311993 -0.12165753275199889 0.977846506682034 -0.17033981946227128 -0.17995341547904758 -0.2146836110106274 0.14162933184566834 0.9663602224452263 0.35269325771312793
26456013410060 1341847984.343094134.pcd 1341848040.178809768.pcd 0.13211129831169285 0.9898689856850537 0.022667364380819097 0.14016269750140326 -1.0430849754907832 -0.03624230408131575 0.9948105403869736 0.09507094261578984 -0.12230098924828231 -0.13728032114516686 -0.09918759663891717 0.9855536180742654 0.9853103867817974
26456013410062 1341848037.530725572.pcd 1341848029.018728572.pcd 0.13566655139968958 0.9998210465648998 0.0037698733870079808 0.018538147170477942 -0.6154193611374215 -0.003937771781270422 0.9999514864856479 0.009028766723179133 -0.48006085830490464 -0.01850321051242191 -0.00910014998716425 0.9997873866332501 -0.10865146360532384
26456013410063 1341848037.530725572.pcd 1341848029.018728572.pcd 0.13566655139968958 0.9929698308409507 0.0798914653455371 -0.08733996109821056 -0.11484265706012678 -0.07659473398676364 0.9962405493115183 0.04047239346741733 -0.23534781021681914 0.09024500964148104 -0.03349808460833805 0.9953560752627081 -0.4794888565248527
26456013410064 1341848037.530725572.pcd 1341848029.018728572.pcd 0.13566655139968958 0.973584365871416 0.22634724367729478 -0.030006796070960948 -0.8409739618490237 -0.22349351430756967 0.9716060677371002 0.07766787108516324 -0.565833712222156 0.0467346936783056 -0.06890990071202191 0.9965276182779153 0.33068820307922736
26456013410065 1341848037.530725572.pcd 1341848029.018728572.pcd 0.13566655139968958 0.9867556710057676 -0.003727836326269114 -0.16217074019157096 0.5205546119100798 0.03767079786848099 0.9776703069785131 0.20674061487886733 0.6246720087361788 0.1577788221717652 -0.2101115753328803 0.9648621503537311 -0.4183886381185324
26456013410066 1341848037.530725572.pcd 1341848029.018728572.pcd 0.13566655139968958 0.9844018835623929 -0.0910789547828333 0.15052426925409595 -0.5705267219101554 0.0991099117099266 0.9939788148927208 -0.04672623401594407 0.017695458668303594 -0.14536215821066883 0.06091583981304717 0.9875014447686684 -0.023694327760256133
26456013410067 1341848037.530725572.pcd 1341848029.018728572.pcd 0.13566655139968958 0.9305796856333739 0.3140082479882509 -0.188202733460065 0.7751475117947234 -0.33449513690445565 0.9382294472158248 -0.0885353475418578 1.1112489810343606 0.14877651721209428 0.14534209497746073 0.9781314959420345 0.30913626043149467
26456013410068 1341848037.530725572.pcd 1341848029.018728572.pcd 0.13566655139968958 0.997304365668669 -0.04882364549359179 0.05477457310586764 0.3331396860070261 0.06495532348505746 0.9346623094946243 -0.34955281884305683 -0.30106367393064004 -0.03412928609223326 0.3521684523788175 0.9353141573717054 0.022577888827742306
26456013410069 1341848037.530725572.pcd 1341848029.018728572.pcd 0.13566655139968958 0.9994049914165761 0.027569202579304262 -0.02072684734288059 0.12787033011370236 -0.02504609150069796 0.9932286670384864 0.11344385515968017 0.18562957364253463 0.023714055582553954 -0.11285722857705266 0.9933281882266982 0.9099544394395077
26456013410070 1341848037.530725572.pcd 1341848029.018728572.pcd 0.13566655139968958 0.9811927834621357 0.19268548431502477 0.011533681810726486 -0.1189308939888888 -0.192929901176455 0.9770024783319324 0.09079763524071242 0.05206339213696487 0.006226950607643923 -0.09131517654555844 0.9958025726109486 -0.5969066892480045
26456013410071 1341848037.530725572.pcd 1341848029.018728572.pcd 0.13566655139968958 0.9654971035090361 -0.13031788518880133 0.22546084341982814 -0.04448687997199719 0.10149326107968855 0.9856242614457232 0.13507010477889933 0.0639063763778288 -0.2398217276876139 -0.1075270386902339 0.9648437567188984 -0.11169168925841959
26456013410072 1341848037.530725572.pcd 1341848029.018728572.pcd 0.13566655139968958 0.9964956288205808 0.034618367187491034 -0.07614479886865147 0.501600857690052 -0.027958545423047987 0.9958287467236928 0.08685290401907594 0.29670048069609195 0.07883388534952915 -0.08441964138748459 0.9933068723555204 -0.7766946705082899
26456013410073 1341848037.530725572.pcd 1341848029.018728572.pcd 0.13566655139968958 0.9868232099831068 0.13953982990073316 0.08190597114930831 0.18591755056763037 -0.132607624423756 0.9875394464795023 -0.08474113282017297 0.1887779773873514 -0.0927101406714764 0.07276316044697743 0.9930308919154742 0.33134139255631684
26456013410074 1341848037.530725572.pcd 1341848029.018728572.pcd 0.13566655139968958 0.8803956590594963 0.29363528678506373 0.37240005620817074 0.09652100994565221 -0.3347045188247421 0.941033692826384 0.04927954995570412 -0.06650557423171279 -0.3359707853184458 -0.16802948348487018 0.9267630355664358 0.7207357700634777
26456013410075 1341848037.530725572.pcd 1341848029.018728572.pcd 0.13566655139968958 0.9948600907052597 -0.0961204390195012 -0.03184746653378685 0.4071465178090464 0.09858787381623609 0.9912254728701321 0.08804824285456739 0.4208197647976116 0.023104784316591902 -0.09073545688473342 0.9956069735621594 -0.22796133384775147
26456013410076 1341848037.530725572.pcd 1341848029.018728572.pcd 0.13566655139968958 0.9864378146628047 0.08849073407447429 -0.1382383007210057 0.8946776085169851 -0.08612514065211906 0.9960184990567008 0.023013250193961065 -0.310861896331815 0.13972436419938808 -0.010795347136512767 0.990131588491792 -1.1292143740676068
26456013410077 1341848037.530725572.pcd 1341848029.018728572.pcd 0.13566655139968958 0.9615055596116739 0.272017143948584 0.038906711938910814 0.6982677350902498 -0.26561671006208254 0.9563297919012198 -0.12198808326211835 0.34141162274885206 -0.07039049773682277 0.10695794743835194 0.9917687105914046 0.5701795752471219
26456013410078 1341848037.530725572.pcd 1341848029.018728572.pcd 0.13566655139968958 0.9075336581449716 0.3500578107645823 -0.2320391959491197 0.6086518886164801 -0.2225477093321764 0.8693927079480571 0.4411675831673783 0.18394846190731318 0.3561673432601692 -0.34873463907311014 0.8669077085281574 -0.346432623481944
26456013410079 1341848037.530725572.pcd 1341848029.018728572.pcd 0.13566655139968958 0.9275780742196428 0.36836786332567006 0.062482265450758384 0.049530292648772935 -0.3622597075385403 0.9276273714991656 -0.09096902736448303 -0.9150576113645849 -0.09147032590446916 0.06174606800784399 0.9938916452835795 0.05163932268585586
26456013410080 1341848037.530725572.pcd 1341848029.018728572.pcd 0.13566655139968958 0.8995311841894229 -0.4358610894803357 0.029474723879783137 0.09225615528039934 0.43333563920759516 0.8987968735874878 0.0662148308304299 0.09036412683219518 -0.05535225797851085 -0.04678985687488572 0.997369959859584 0.14989571974780708
26456013410081 1341848037.530725572.pcd 1341848029.018728572.pcd 0.13566655139968958 0.9739490086826288 -0.22632975591016266 -0.014077289361621463 -0.1070725016351259 0.22645321684491868 0.9739901672794465 0.00788001418424368 0.03873280276044022 0.01192765973327837 -0.01086257946354512 0.9998698591820264 -0.20234578969241807
26456013410082 1341848037.530725572.pcd 1341848029.018728572.pcd 0.13566655139968958 0.9826939900573337 -0.1768523039389147 0.055097953652515574 0.3535761576696418 0.18504297019390592 0.9236465317368627 -0.3356131457381878 0.38629489802687766 0.008462924259040841 0.3400005102966208 0.9403871712816074 -0.8878483720913383
26456013410083 1341848037.530725572.pcd 1341848029.018728572.pcd 0.13566655139968958 0.9863452527334332 0.12731223341261216 -0.1044731431216286 0.004996927396633343 -0.13126504499450564 0.9908356354587736 -0.03184700092000074 0.10677881849205091 0.09946120033867549 0.04512581000381802 0.9940176713211335 0.3187545512757049
26456013410084 1341848037.530725572.pcd 1341848029.018728572.pcd 0.13566655139968958 0.9576148987797187 -0.07730647293509083 0.2774840804036245 -0.11472568547270606 0.1560961384724562 0.9488785312198884 -0.27434199194431597 0.02566908221334762 -0.24209027487509047 0.3060281722853688 0.9207274605324747 0.9479541576730228
26456013410085 1341848037.530725572.pcd 1341848029.018728572.pcd 0.13566655139968958 0.8941488496446723 0.4442811098995707 -0.05578646848040224 -0.3474474820897482 -0.4421674382268108 0.8957285137696 0.04645843510109839 -0.4233719838554297 0.0706101356113185 -0.016873796446238605 0.9973612603978773 -0.08016663492086627
26456013410086 1341848037.530725572.pcd 1341848029.018728572.pcd 0.13566655139968958 0.9078329899340336 0.3915643097598937 -0.15005550209736035 -0.8196475610047027 -0.4188385369723769 0.8293661860408876 -0.36976480281231583 0.4419643271851619 -0.020335740317769482 0.3985337134725869 0.9169282070541174 0.2458622138905397
26456013410087 1341848037.530725572.pcd 1341848029.018728572.pcd 0.13566655139968958 0.8808806200916823 0.2857304630280941 0.3773690973631046 0.37640699294374325 -0.30119676620089647 0.9533768813870561 -0.018789094358530115 -0.3694971011022758 -0.3651435898068263 -0.0971114027004152 0.925872309926451 -0.13587051057882513
26456013410088 1341848037.530725572.pcd 1341848029.018728572.pcd 0.13566655139968958 0.9791857024109407 -0.19042302528808883 -0.07024550970791317 -0.04965465896261366 0.19584466705581824 0.9773126808022493 0.08065228037021951 -0.03123538337420296 0.0532937761824807 -0.09273076826627003 0.9942639378137774 0.03174413847869827
26456013410089 1341848037.530725572.pcd 1341848029.018728572.pcd 0.13566655139968958 0.999871368121094 0.013760650495912633 -0.008239642563915978 -0.15815474945377322 -0.014194403738292581 0.9983783470444184 -0.05512889492243677 -0.06252063367093455 0.007467671267945723 0.05523876040231233 0.9984452479906195 -0.4776383319348003
26456013410090 1341848037.530725572.pcd 1341848029.018728572.pcd 0.13566655139968958 0.8710304600201326 -0.40300536656322256 -0.2808782872319585 0.44225958416540007 0.3853076021862048 0.9151826097880132 -0.11823215484426447 0.07804753948609311 0.3047031168443035 -0.00524073113634279 0.9524329610647266 -1.3361025328464105
26456013410091 1341848037.530725572.pcd 1341848029.018728572.pcd 0.13566655139968958 0.972654657954836 -0.05251802099315046 0.22624052207711168 0.0597243967697544 0.014212064574458259 0.9857320695151226 0.1677209120830347 0.020872799093528408 -0.23182090841702022 -0.15991918146487816 0.9595232784150215 1.301502108465995
26456013410093 1341848051.906706860.pcd 1341847993.261798642.pcd 0.17526720590792055 0.8803569805705176 0.45231885733203303 -0.1427558687501338 -0.002372442496272535 -0.439264596958593 0.8910470839311077 0.11437529487032824 -0.00033783489453660816 0.17893630324661985 -0.037983490093903456 0.9831271809184813 0.16159824415278556
26456013410094 1341848051.906706860.pcd 1341847993.261798642.pcd 0.17526720590792055 0.9923373122500223 -0.05510389054946454 -0.11059032490554542 0.13862689096589426 0.05332561701880587 0.9983968617001604 -0.018975908853970873 -0.06821953013986463 0.11145867972466349 0.012933205077752433 0.9936849072620815 -0.33498820929675105
26456013410095 1341848051.906706860.pcd 1341847993.261798642.pcd 0.17526720590792055 0.9300649191240464 -0.3647362922720747 -0.04412123428011397 0.4564525601582543 0.36497745368562506 0.9310123019078099 -0.002748089787176512 -0.21161041649926543 0.042079739969948196 -0.01354735383536697 0.9990224044975773 0.8091047775764747
26456013410096 1341848051.906706860.pcd 1341847993.261798642.pcd 0.17526720590792055 0.9954613937529426 -0.08638854927146972 -0.039920321920293364 -0.2896342293102762 0.09054048526739508 0.9889124341491817 0.11770564180482244 -0.6373625084514953 0.02930928308563037 -0.12078582756230717 0.9922458111703446 -1.2434516316661488
26456013410097 1341848051.906706860.pcd 1341847993.261798642.pcd 0.17526720590792055 0.8899002673635785 -0.3179636692833171 0.3270728040698598 -0.46348019875515833 0.2886864579911854 0.9477325541326463 0.13587911837259717 -0.23557099489304217 -0.35318216704518796 -0.026497374456728756 0.9351792587670906 1.2858635082287218
26456013410098 1341848051.906706860.pcd 1341847993.261798642.pcd 0.17526720590792055 0.9049041629896691 0.1955289835013584 -0.37804347952965905 0.04250622623395584 -0.24562888631877344 0.9652986281467326 -0.08868488430299092 0.09712765567165613 0.3475843868900979 0.17310971985697782 0.9215303135986755 -0.03792240856068459
26456013410099 1341848051.906706860.pcd 1341847993.261798642.pcd 0.17526720590792055 0.9822486406735997 0.16197160084657417 -0.09461928140745814 0.008172798911731203 -0.15899504122578137 0.9865384106905358 0.038243183677668366 0.14779962700736174 0.09953986518213583 -0.022520318634287936 0.9947786942270791 -0.6156369564206549
26456013410100 1341848051.906706860.pcd 1341847993.261798642.pcd 0.17526720590792055 0.8915390544784044 0.02858153058475885 -0.45204116012724455 1.0656346502292033 0.0437651730172084 0.9879015667786805 0.1487787081104086 -0.6162939986008651 0.45082449353437587 -0.15242568833914066 0.8795019531324605 -0.21656936339862806
26456013410101 1341848051.906706860.pcd 1341847993.261798642.pcd 0.17526720590792055 0.8812598759073158 -0.17542358636305924 -0.43887081979022524 -0.20359383039623793 0.053585006105782824 0.9596646444433441 -0.2759935095723681 0.22927482594357906 0.4695845804926576 0.21970511043886062 0.8551140194211427 0.467122794422357
26456013410102 1341848051.906706860.pcd 1341847993.261798642.pcd 0.17526720590792055 0.9062352656426673 0.38884594225246394 -0.16594118385547918 -0.07197876481491375 -0.4094121964524168 0.9050654536538812 -0.11505728137889404 0.7097472592658497 0.10544807585523847 0.1722073105187112 0.9794005031152171 -0.3712480565662494
26456013410103 1341848051.906706860.pcd 1341847993.261798642.pcd 0.17526720590792055 0.8467079066688789 -0.5285722227113355 0.06080399791463972 0.5048130342097045 0.527196483306242 0.8488883080980593 0.03811178772959406 0.42584134281932207 -0.07176063526709056 -0.00021389813637511315 0.9974218593321739 0.9463531891319824
26456013410104 1341848051.906706860.pcd 1341847993.261798642.pcd 0.17526720590792055 0.9285507122475077 -0.14757727744883942 -0.3406090456306679 -0.23124959776754211 0.20335246522406064 0.969872221808106 0.13414785966352763 0.04598948334916142 0.310550075949022 -0.19382677974365817 0.9305857455292662 -0.7487389598997198
26456013410105 1341848051.906706860.pcd 1341847993.261798642.pcd 0.17526720590792055 0.9997467344663145 -0.010561899878873092 0.01987242297478987 -0.2379131503479857 0.010004827654485491 0.9995599230581572 0.027926038737612527 0.13012342987733097 -0.02015862960482032 -0.027720145867568116 0.9994124389687854 0.07366561604597495
26456013410106 1341848051.906706860.pcd 1341847993.261798642.pcd 0.17526720590792055 0.9332434991744384 0.3589121371548261 -0.015448270181658827 -0.18950851487953327 -0.35892881092305556 0.9297588236725242 -0.0819673013612489 -0.5819247876368894 -0.015055893796505088 0.08204028038737853 0.9965152846072903 -0.5258040076796429
26456013410107 1341848051.906706860.pcd 1341847993.261798642.pcd 0.17526720590792055 0.9963352715813687 0.07984863311397587 -0.0306630460442161 -0.3307990636981786 -0.07539712120858781 0.9891646672991251 0.12597037382046838 -0.20371291905064415 0.04038936390112575 -0.12319682121240266 0.9915600045014026 -0.335584581535596
26456013410108 1341848051.906706860.pcd 1341847993.261798642.pcd 0.17526720590792055 0.9936213202206796 0.11276496938399003 0.0008565528245381884 0.0021445756837266947 -0.11276327139225512 0.9936202090152882 -0.0018234202289516398 -0.009587561667817745 -0.00105670612284215 0.0017152015165928201 0.9999979707259047 -0.136857350881223
26456013410109 1341848051.906706860.pcd 1341847993.261798642.pcd 0.17526720590792055 0.9832513335921059 -0.18027797737488577 0.02677061566280552 -0.7355042979143275 0.18170092582103653 0.9810735620603731 -0.06692861407462167 0.8525369261072884 -0.014198188092980717 0.07067189469507404 0.99739856364198 0.8382296828818439
26456013410110 1341848051.906706860.pcd 1341847993.261798642.pcd 0.17526720590792055 0.9871544414031654 -0.1548392278210034 -0.03938175143133783 -0.0021155990843304243 0.15045818489153567 0.9838597372646024 -0.09686254172161585 0.09467724617829573 0.05374424078121065 0.08969298142788379 0.9945183385264589 -0.1270530783981676
26456013410111 1341848051.906706860.pcd 1341847993.261798642.pcd 0.17526720590792055 0.9988859163715221 0.0033507680660349185 0.04707120593305678 -0.11166050454286237 -0.0051818727387971135 0.9992322884310221 0.038832743295081316 -0.046385952729042494 -0.04690494930754654 -0.0390333973703342 0.9981364233511301 0.004290895972794449
26456013410112 1341848051.906706860.pcd 1341847993.261798642.pcd 0.17526720590792055 0.9973605419324447 -0.03748089965014654 -0.062186265024006204 -0.05285421110664655 0.037603910636058134 0.9992923957502643 0.0008085175153801549 -0.03206982612109722 0.06211195779474067 -0.0031448302200543813 0.9980642337754577 0.35730542682778527
26456013410113 1341848051.906706860.pcd 1341847993.261798642.pcd 0.17526720590792055 0.8946162121354968 0.43998078789604667 -0.07796627005769585 1.136326940865099 -0.44655634691645973 0.8865076376040294 -0.12120906524822826 -0.5578161576811712 0.015788033853586927 0.1432519275685211 0.9895603181387889 -0.8001753730915344
26456013410114 1341848051.906706860.pcd 1341847993.261798642.pcd 0.17526720590792055 0.999765337449128 0.009810418831085225 -0.01931387370751978 -0.2023689040773398 -0.010287457066228104 0.9996405691597943 -0.02475683172365344 -0.10714246886511451 0.019064056817525724 0.024949712868918315 0.9995069152164066 0.22804627255023016
26456013410115 1341848051.906706860.pcd 1341847993.261798642.pcd 0.17526720590792055 0.9993062889048258 0.03723370869713418 0.0007693451252007173 -0.06456082226853212 -0.0372345002674918 0.9993060127850629 0.0010415380211671699 -0.043727435581450716 -0.0007300308862428259 -0.00106946167595592 0.9999991616529629 -1.108569023086628
26456013410116 1341848051.906706860.pcd 1341847993.261798642.pcd 0.17526720590792055 0.8715203456770658 -0.13280432896985808 -0.4720331527316627 -0.032259375589936565 0.0676043013526389 0.9859759909179252 -0.15258113832330925 0.02314214158817002 0.4856767911991977 0.10106609490962312 0.8682762803106912 -0.03498018393080512
26456013410117 1341848051.906706860.pcd 1341847993.261798642.pcd 0.17526720590792055 0.9801793069600263 0.17905513168459808 -0.08478081165437013 -0.05322549288675276 -0.18931712906699133 0.9726564527518657 -0.13453047818985037 0.12608134750407374 0.05837423103728807 0.14791445073950316 0.9872759312437615 -0.05769176968901951
26456013410118 1341848051.906706860.pcd 1341847993.261798642.pcd 0.17526720590792055 0.9976600812149894 0.018256233519111074 -0.06588681421799397 0.18206454055179672 -0.017803608877055763 0.9998137441582788 0.007450402885512296 0.46903269009934917 0.06601055870884284 -0.006259946477352187 0.9977992880379536 -0.5067983340193397
26456013410119 1341848051.906706860.pcd 1341847993.261798642.pcd 0.17526720590792055 0.9926307519325843 0.11620505725417916 0.03435949630459491 0.3193328603696795 -0.11638830450823094 0.9931980516966961 0.0033753043694821345 -1.325430003710614 -0.03373355734949754 -0.0073494744329290155 0.9994038384627648 0.30533933673610075
26456013410120 1341848051.906706860.pcd 1341847993.261798642.pcd 0.17526720590792055 0.8754624170176409 0.23378555480183466 0.42297738799565693 1.0539721328674347 -0.31505011745230865 0.9397576124426621 0.13266142374237433 -0.2616195974630008 -0.3664818957096198 -0.24939916644220295 0.8963766372987516 -0.6890898344861527
26456013410121 1341848051.906706860.pcd 1341847993.261798642.pcd 0.17526720590792055 0.997941977126236 0.06402223817636603 -0.0036004594523126763 -0.010952970109099345 -0.06402013578231043 0.9979483640902258 0.0006962930824589139 0.008863493860744276 0.003637650861974366 -0.0004643581923526092 0.9999932759112311 0.14602631215595752
26456013410122 1341848051.906706860.pcd 1341847993.261798642.pcd 0.17526720590792055 0.9576182609797392 0.2829318142662986 0.05400791343979965 0.505990451536033 -0.26819380072366256 0.9442173132733064 -0.19111711218081812 -0.21036209211484688 -0.10506831821027948 0.1685326490354903 0.9800803001374652 -1.383406857483971
26456013410124 1341848044.405873658.pcd 1341847982.798737093.pcd 0.16760802664620017 0.9928744061434335 -0.11590577546107476 0.02768148912343964 0.40763319914310403 0.11225285762246633 0.9876616694460592 0.10919579965645852 -1.0049994639092825 -0.03999636959668332 -0.10531038847991227 0.9936347480323418 0.22288421711210243
26456013410125 1341848044.405873658.pcd 1341847982.798737093.pcd 0.16760802664620017 0.9930780385840806 0.1079369958127621 0.046320775219233445 0.02252740213988468 -0.11112753321474376 0.9911248222632031 0.07295380768225841 0.11640121854472457 -0.03803525527193155 -0.07759633772704548 0.9962590665724197 0.14492668088512656
