id source target overlap t1 t2 t3 t4 t5 t6 t7 t8 t9 t10 t11 t12
26456013410030 1341847984.343094134.pcd 1341848064.349789703.pcd 0.15840671120570576 -0.10596385522464752 -0.6696899700740578 -0.7350421793122741 1.37631766910536 0.8847244488436387 -0.40092740284316436 0.23773907391877075 1.7356865908649326 -0.4539100252299453 -0.6251180381589083 0.6349749029403509 -0.6953185371693126
26456013410061 1341847984.343094134.pcd 1341848040.178809768.pcd 0.13211129831169285 0.17304612514242934 -0.8577600941307884 0.48404819955241185 1.5236173486553595 -0.4822080049964583 -0.5023155803962379 -0.7177426402329222 5.27195984640188 0.8587959469457959 -0.10920933388649212 -0.5005425485426213 13.542806421190935
26456013410092 1341848037.530725572.pcd 1341848029.018728572.pcd 0.13566655139968958 -0.4422889039382617 0.8394609018109901 -0.31573077104357444 -2.1889498317669793 0.03131420951745567 0.366274543231634 0.9299797735772293 10.380336400759571 0.8963258033412782 0.40143287522465926 -0.18828622082742852 -2.81667373947177
26456013410123 1341848051.906706860.pcd 1341847993.261798642.pcd 0.17526720590792055 0.5374447313447753 -0.8293073489940386 0.15297869673330972 -4.171137955806898 0.4537172478487896 0.4372733189724664 0.7764874136258253 3.8681907534625455 -0.7108402209739275 -0.34790999614739926 0.6112812894457464 -4.617620427928734
26456013410154 1341848044.405873658.pcd 1341847982.798737093.pcd 0.16760802664620017 -0.7520654729754355 0.29793247901489356 -0.5879062529913037 1.5086307492364164 -0.19296458190333332 -0.9524451475776956 -0.23582389825158442 -7.954189693748567 -0.6302080565092028 -0.06390992727066655 0.7737915266447105 -12.243491934523309
26456013410185 1341848010.146752067.pcd 1341847996.974781428.pcd 0.15925082663066484 0.4323593692250908 -0.2333946744929517 0.8709720441906335 6.389743095723801 -0.8810998116821166 0.09594172830636652 0.4630964333951689 10.687061781063692 -0.19164680455729072 -0.9676373859498798 -0.16416269861044291 -7.811877344008529
26456013410216 1341848030.565795004.pcd 1341848007.005802199.pcd 0.15823039333168143 0.7819641205233309 0.09619744960482722 -0.6158556364146557 -4.796813913976178 0.20178202310586896 0.89575092331636 0.3961240948606779 2.696423670397509 0.5897593826006302 -0.4340234257127321 0.6810341669601521 -7.479182993138964
26456013410247 1341848039.138655903.pcd 1341848042.897767246.pcd 0.14208920187793428 0.1413570032100806 0.4143871292292818 0.8990558963560494 -5.992922187345489 -0.5081534309234814 0.8097729000666517 -0.2933392932396525 5.7898340151219445 -0.8495871281299873 -0.4153927749091922 0.32503931188254964 -4.214778400200995
26456013410278 1341848023.687172031.pcd 1341848021.006632429.pcd 0.16872703736841102 0.6994033296532838 0.16602059008095818 -0.6951777802397532 -2.2935786630508526 0.4311353427680391 0.6777625913998956 0.5956174828824149 -0.3779838476622352 0.5700502597895958 -0.7162925612960592 0.4024520691284191 -0.1489962349246256
26456013410309 1341847989.602803877.pcd 1341847997.510940502.pcd 0.17525109063373542 0.8560712922088839 -0.49273984721545294 0.15604289673645408 -2.15717052039062 0.08702064978739613 0.4350037386017088 0.8962137880623771 -1.3295054047743573 -0.5094794884648359 -0.7536439413732643 0.4152727543012914 0.7781007811022
26456013410340 1341848029.018728572.pcd 1341848026.806747293.pcd 0.19569282741147373 0.6254876905495712 -0.09729228132564705 -0.7741442765824824 0.2920933890561473 0.776679116251763 0.17224672168908456 0.6058882877608244 -1.6678868438779935 0.07439556001095987 -0.9802373584299949 0.18330308723216165 3.034821972941378
26456013410371 1341847993.261798642.pcd 1341848000.730804852.pcd 0.20867629421525621 -0.3980764936702475 0.7090426911811106 0.5820597626273867 3.95659984311754 -0.6915409243693545 0.18495512695277488 -0.6982569376212898 2.635566999572623 -0.6027489154777306 -0.6804778196947577 0.4167057496530238 -6.268683663777026
26456013410402 1341848003.442727927.pcd 1341847999.122718151.pcd 0.22653407437913484 0.32306792264351464 -0.5590479284497478 0.7636049574582723 -0.0639468661108241 0.0048429512759258775 0.8078389417331627 0.5893833981733646 0.006418779230275229 -0.9463633885467798 -0.18671276848541848 0.2636942906146576 -9.992070181840445
26456013410433 1341848025.766716064.pcd 1341848005.997803799.pcd 0.24951750975834047 -0.5778678338815084 0.7386784656937048 0.34702001510790026 7.846029246550298 -0.6973343409126279 -0.6678091095932721 0.2602994624047304 3.7238603546596 0.42402073481027325 -0.09157028701841513 0.901011264627874 -2.0812885660603597
26456013410464 1341848038.634739400.pcd 1341848035.319913712.pcd 0.22443757162817715 0.18300061725768468 0.9168034271072847 0.35493978380514546 1.2271402354232006 -0.7054047176589822 0.37392558630231143 -0.6021493504214082 -7.988720757048398 -0.6847736548581272 -0.14018249517257722 0.7151460757491663 -6.077068652540003
26456013410495 1341848004.957758390.pcd 1341848010.146752067.pcd 0.2217921942811891 0.026012541205061086 -0.7873281676058088 -0.6159851493295387 -5.821775760546255 -0.9901503192415118 0.0645064656365208 -0.12426287135350042 -1.309611922738761 0.13757068367202088 0.6131502853180152 -0.7778952594073634 8.008873746407486
26456013410526 1341847993.261798642.pcd 1341847999.658843295.pcd 0.24271362150262046 0.7238331420181116 -0.6282121484201846 -0.28533327722767354 0.5588228917159024 -0.6841341106156384 -0.5997648621829316 -0.41502123895390985 2.1325083882251934 0.08958851047058261 0.49561235524145786 -0.8639110441033134 -8.319659775657186
26456013410557 1341847982.262665796.pcd 1341848063.845733007.pcd 0.2494428488472464 -0.5855413902808552 0.1854278827603477 0.7891500367883019 -3.800225725423728 0.2933557195877444 0.9559780175092344 -0.00696073446347302 2.1562038046504504 -0.7557008019402388 0.2274258787696094 -0.6141610274290864 -1.1854762987228356
26456013410588 1341848049.294746615.pcd 1341847985.378830094.pcd 0.2562316043786721 -0.8821004531001059 0.05995647911212118 0.4672301480566782 2.8289970453991926 0.37459260546954665 -0.5121220919128194 0.7729238920504231 -5.353464525734902 0.285620676016503 0.8568174739040488 0.42928387559348224 2.4787271827297293
26456013410619 1341847982.262665796.pcd 1341848056.634800773.pcd 0.21757144874994114 -0.9626810454390791 -0.26797802987828834 0.03785472566104223 -0.8305796964498553 0.2705279910729417 -0.9568252097401391 0.1063020416162228 -8.934287032571499 0.007733744135926944 0.11257572344111295 0.9936130512897614 -9.031760630539615
26456013410650 1341847987.526760515.pcd 1341848053.046693080.pcd 0.29611425994366497 -0.5646557392049508 0.3390199819216556 -0.7524821247317115 -3.399344775540386 -0.013007985327736893 -0.9152810990348871 -0.40260564087851863 10.05791171420302 -0.8252240232207397 -0.21754530932044852 0.5212286925065105 7.02801031445026
26456013410681 1341848063.845733007.pcd 1341848054.622693593.pcd 0.31571122900156345 -0.8020280561757521 0.39989761770626203 0.44365853137272243 -2.331221603920684 0.5446349752979821 0.7945766053660673 0.26836684200382027 0.6738290051624352 -0.2452014290111521 0.45686968990927085 -0.8550709594256466 -2.02995115778378
26456013410712 1341847990.139193433.pcd 1341847993.826735163.pcd 0.3218098743206135 -0.03456032915943963 0.9079038611702723 -0.4177513165993638 -3.2208157383042373 -0.6614772443520471 0.29256009175956144 0.6905479331038933 -6.306006532318374 0.7491684983051632 0.300198553597028 0.590446771153369 -6.9917302163763635
26456013410743 1341848061.826739555.pcd 1341848064.910831773.pcd 0.35980767025571475 0.060830066363586344 0.9948901531042681 -0.08058093001676858 -0.09875355409832207 -0.9923049561049119 0.05155403836729788 -0.11257466507901298 -0.04630681200409316 -0.1078451534183639 0.08680878057079738 0.9903704652805335 7.559248475082369
26456013410774 1341848023.687172031.pcd 1341848022.586067084.pcd 0.3509013725228912 0.06560247458319401 0.9210267716653673 -0.38393489188172675 -11.962101373531656 -0.6143014284293928 0.3404856745556777 0.711830921253055 1.7417072222703691 0.7863396660210964 0.1891538825877941 0.5881247642667278 2.073986244576263
26456013410805 1341848067.090939900.pcd 1341847990.139193433.pcd 0.3453303495150035 -0.997316702690384 0.0536093088385565 0.04985415269195528 -1.1992752728704255 -0.0580151816213084 -0.9941052479847159 -0.09159145500915226 5.9375550338258565 0.04465012022634569 -0.0942379856273426 0.9945479218361848 1.379532395171356
26456013410836 1341848057.134714010.pcd 1341848060.723165202.pcd 0.2948661255032551 -0.11168050214466935 0.6555501279301397 0.7468477055005873 -8.916472130624909 0.1664331049375453 0.7532727141164737 -0.6363020035709845 6.967464571418426 -0.9797078579972514 0.053237655267477424 -0.1932311181980239 -2.6603276821751884
26456013410867 1341848053.046693080.pcd 1341847988.537777588.pcd 0.279299880572469 0.5329921758986811 0.24134911239757556 0.8109685236651867 -9.618520033513086 0.84309518258571 -0.2324620132474547 -0.48492465960982956 1.3477114902895189 0.07148323951499652 0.9421847050031342 -0.3273807082382818 1.4407782835178056
26456013410898 1341847991.689871741.pcd 1341847989.602803877.pcd 0.28887221176627753 -0.8286633915557472 0.21655965257404017 -0.5161578250616154 -1.4251395231496973 0.06599699797760969 -0.8778942897817691 -0.4742847375011202 -6.290942549819939 -0.555842945222182 -0.42708726607752445 0.7131865726450238 -0.7218217311736131
26456013410929 1341848065.414914429.pcd 1341847985.882781928.pcd 0.30535245357961577 -0.5836511245186814 0.8006410408079229 0.1353709297526051 6.562148997666057 -0.5631080762604065 -0.2789734022421697 -0.7778708988590155 0.420321424381125 -0.5850304772389067 -0.530233688683994 0.6136705761939238 -3.502419119878275
26456013410960 1341848065.414914429.pcd 1341848059.718702567.pcd 0.42854926359641127 0.5356891899218913 0.21875445279868508 -0.815587874592049 -1.0470242394602607 0.16342872511340958 0.9207401216621431 0.3543002683732931 -9.088555833337526 0.8284492402124789 -0.323085310316532 0.4574797685680064 1.2007448333683466
26456013410991 1341848051.406687676.pcd 1341848055.126976862.pcd 0.39866750733915113 0.1075225092752717 -0.812587866318289 -0.5728349408961011 0.05166105329563466 -0.8332745674549831 0.24062751256043197 -0.4977468186052926 0.2767272374193837 0.5423028722327219 0.5308477745185239 -0.6512359288743753 -6.569069704428742
26456013411022 1341847986.394466836.pcd 1341847989.098821351.pcd 0.39467732381472564 0.5765651802410916 0.5925630387978937 -0.5625314551064353 1.8591592780788102 -0.8162375614724453 0.4484525467381165 -0.3642067497529579 -1.6453220572005165 0.03645320527846263 0.6691482334839594 0.7422343332467334 -4.432899268411545
26456013411053 1341848004.957758390.pcd 1341848025.262678568.pcd 0.4316708461759431 -0.673534864808114 0.4433062679699188 -0.5914645709309211 -0.781146502700606 0.10870004072753228 -0.7320848328156889 -0.6724850174591683 3.9245813918046015 -0.7311190648818761 -0.5172343282689267 0.44489724951548515 -9.307064742206112
26456013411084 1341848030.565795004.pcd 1341848027.842836251.pcd 0.39043135279613617 -0.8031885936292837 0.35791898155234614 -0.4762164273818626 0.11258488398308095 0.03222443405848749 -0.7721161928578899 -0.6346638248523767 0.5856665791609548 -0.5948526447057487 -0.5251005497722977 0.6086211824406107 2.2449085285038572
26456013411115 1341848047.214886925.pcd 1341848063.334853728.pcd 0.4181252931120558 -0.5023749278043871 -0.8482915982396937 0.1673941345133782 -1.3556566953334983 0.7786203372351765 -0.3596460332610819 0.5142033656087334 1.5168416346742848 -0.37599175836355353 0.38865935614045727 0.8411742402898275 3.1007519091817084
26456013411146 1341848044.405873658.pcd 1341848042.354987391.pcd 0.3881135295038114 -0.44600612337176276 0.8696819280641048 0.21149912981757973 1.5887404977378052 -0.8617131568236018 -0.3533696022038369 -0.36411586012614844 6.4582856501554105 -0.24192761990313283 -0.34464948605358986 0.9070213660609114 -5.035094746978878
26456013411177 1341848011.154629886.pcd 1341848012.695338887.pcd 0.4249953325118554 0.14836630465981737 -0.36747193265925393 -0.9181240756832723 2.4733348514690663 0.05120605543364312 0.9300083811337859 -0.3639537757845652 3.436120766742983 0.9876058826923404 0.006984964465743676 0.15679869496553656 2.432074485423997
26456013411208 1341848064.910831773.pcd 1341848067.626656114.pcd 0.4485763004835206 0.3541190981181673 0.16710486390266832 -0.9201497860718366 -8.535717762158429 -0.8809404775204833 -0.27066153008759847 -0.3881832185922298 2.9953275411262466 -0.313916452920134 0.948060283204982 0.051363021672508447 3.66969238943299
26456013411239 1341847993.261798642.pcd 1341847996.474782777.pcd 0.42186242134489954 -0.8671087573500277 -0.42639312981812033 0.25750980907685556 -0.031103231869958437 0.36076746213407723 -0.894043678473356 -0.26558000536028264 0.3630903901213655 0.34346650665272765 -0.13738558812968044 0.9290618703735687 -13.549364608134832
26456013411270 1341848045.002641156.pcd 1341848041.818704277.pcd 0.5315048294248628 0.872257561778962 0.17831282558921283 0.4553803708437724 -0.9767619386847435 0.20140374412391396 0.7175523468857156 -0.6667496991612902 2.1127065671403744 -0.44564927664284354 0.6732927785957554 0.5899775898443241 3.9557130302481376
26456013411301 1341848014.234750506.pcd 1341848025.766716064.pcd 0.526785411493404 -0.3211240148260458 0.5266569584011743 -0.7870907287407377 -3.5753181710150757 -0.6406783668981345 0.49124653152137526 0.5900915822624128 9.206659522330794 0.6974314283789776 0.6937645807014382 0.1796666615524895 -6.502707848486715
26456013411332 1341848029.554721445.pcd 1341848033.139110331.pcd 0.5119758538265202 0.68624462916776 0.7204291395318744 0.10025050549382154 -0.659752079195408 -0.6919043816748199 0.6040411147020305 0.39547775963853327 -1.6284641754971974 0.22435827499245198 -0.34075825252353253 0.9129880490890995 0.8926285379171205
26456013411363 1341848067.626656114.pcd 1341848066.486874080.pcd 0.5318842393014623 0.7386897371973354 0.6692554474522181 -0.08021607204832829 4.0714957808115395 -0.6105455697194135 0.714770488356431 0.34108247722611884 -8.107743962640798 0.28560738690609544 -0.2029785580553778 0.9366045726529586 1.0175713521266938
26456013411394 1341848051.406687676.pcd 1341847988.537777588.pcd 0.49486560618777786 -0.07145869394734586 0.9198739811146012 0.3856494702806079 8.335108221085273 0.478808175218716 -0.3075427203676328 0.8222896122976374 -3.9200399264980823 0.8750065064918446 0.24341186088038091 -0.41846658119817304 9.555699379905702
26456013411425 1341848055.126976862.pcd 1341848065.414914429.pcd 0.48682978384448305 -0.9859347439972151 -0.15872289253177535 0.05234237256269711 3.726385767423164 0.16153016614504562 -0.9853540091099128 0.05463956584907945 4.960822050126833 0.04290321671273199 0.06232591850400947 0.9971332879200914 10.252814110255164
26456013411456 1341848051.406687676.pcd 1341847988.033756741.pcd 0.5214913636966029 0.8313348467233297 0.5551922580948079 -0.025375759596246855 -1.5655993209914203 0.1981628090816958 -0.33876448272694315 -0.9197663433392191 -3.3655953714333013 -0.5192435591515312 0.759605280257013 -0.39164517676758837 -10.742213809527115
26456013411487 1341848063.845733007.pcd 1341848061.826739555.pcd 0.4878052528263617 0.15410957983154566 0.6866862561399357 0.7104310121557638 1.318450383883305 -0.9046068520251219 0.38726147697778107 -0.17808703411025387 0.32203812012533156 -0.3974124817784963 -0.6152158434870693 0.6808617959976535 -5.111467328056483
26456013411518 1341847994.898727473.pcd 1341847993.261798642.pcd 0.4961798425380145 -0.47524147747349255 -0.5742846025930732 -0.666590378953468 0.16615238476578745 0.7131483905013511 0.19231363591841205 -0.6741178224651629 -5.578914845983617 0.5153299052200875 -0.7957466058139089 0.3181547235567927 2.18304032770151
26456013411549 1341847993.826735163.pcd 1341847990.674786632.pcd 0.45995234197655804 0.9947427037267498 0.026019614984282013 -0.09904510597937585 -2.7959938677993064 0.09752327555743087 0.0543866780831333 0.9937460943176739 12.855198442537855 0.031243625060890012 -0.998180879842502 0.05156323312112204 -4.178824032797367
26456013411580 1341848018.367205311.pcd 1341848019.431028294.pcd 0.5623624635391589 -0.7098154657264624 -0.2958101489976083 0.6392639207444283 2.5435162853218705 0.17408113862732083 0.8057243831949426 0.5661307053140163 -1.377127894823664 -0.6825377365316451 0.5131321214610745 -0.5204206607496635 3.7715159606027977
26456013411611 1341848005.997803799.pcd 1341848004.457752214.pcd 0.5945831520269078 -0.23512027826256499 0.3198599490409554 -0.9178279074800738 2.376192217126238 -0.9527209713144603 0.11114008430949612 0.2827907927732248 -7.691046261234375 0.19246091958463885 0.9409237454008668 0.27860599378591916 9.734058260757394
26456013411642 1341847989.602803877.pcd 1341847989.098821351.pcd 0.6020072181493509 0.9762703274873646 -0.08228655150890452 0.20031268334403166 1.3583247224140604 0.2000935819217815 0.6965115725619652 -0.6890821342633764 0.7722202749000401 -0.08281790954512927 0.7128117231976694 0.6964485918792168 1.2203783591992785
26456013411673 1341848064.910831773.pcd 1341848062.330839167.pcd 0.5653609274874838 0.8471167837626763 0.48089949563874435 0.2261168497966926 2.876953740565655 0.5126998271051995 -0.6277107415393921 -0.5857628464168453 -0.5991367980202149 -0.13975708194534292 0.6121396083006453 -0.7783013927750966 -0.23581237499524269
26456013411704 1341847988.537777588.pcd 1341847991.178777999.pcd 0.5472996410581245 0.20043769847383136 -0.8673041400784641 0.4556404916524313 -6.379124372821251 0.18966083386973664 0.49063129833715513 0.8504761590943237 1.489416647637315 -0.9611729798149498 -0.08405032834411336 0.26283463466388346 -1.8587023574852275
26456013411735 1341848005.997803799.pcd 1341848007.534834460.pcd 0.556377478017821 -0.9100378161482109 -0.4129628627409521 -0.035956184127248464 -7.267417478271984 -0.20525470369035365 0.37355178247577425 0.9046157042756647 10.117644423244384 -0.3601411942463403 0.8306146758912759 -0.42470881836953955 -0.1897896336851339
26456013411766 1341848018.367205311.pcd 1341848017.854725532.pcd 0.5768353780586318 0.1496021298897055 0.9878845475864552 0.04127133838838779 -3.4564459733907062 -0.9770362168033632 0.15410660410904725 -0.14714409816417762 -0.43112184175836266 -0.15172156665100534 -0.01831052183534093 0.9882536572171551 3.7126754019141566
26456013411797 1341848057.134714010.pcd 1341847983.302701577.pcd 0.5935698712205401 0.014579010578961354 -0.7025058442440384 -0.7115286299605305 4.961560436974504 0.6243029866443461 -0.5494595379346572 0.5552837086027127 2.6274775421591436 -0.7810462427523021 -0.45230493582936276 0.4305659202804004 -9.481233544909424
26456013411828 1341848010.650955567.pcd 1341848012.190966899.pcd 0.5453982619658697 0.1302602975459366 -0.984098328383849 -0.12075899533930398 3.141923261961275 0.9240037237990423 0.16465527879212505 -0.3451170201125855 4.124051568328222 0.35951268863386066 -0.06662671564771572 0.9307585656190607 -12.965385911560158
26456013411859 1341848004.957758390.pcd 1341848005.997803799.pcd 0.6322329448848241 -0.0011587825255084117 -0.6875977641242806 0.7260908841146185 -2.3832892592259043 -0.8732703942178982 0.35447281925911744 0.3342870607561853 -4.899910966035053 -0.4872345182820845 -0.6336863066042874 -0.600869527448881 4.058019931619747
26456013411890 1341848031.630816545.pcd 1341848031.094760980.pcd 0.6980898267535821 0.6277727918023867 0.6275018560050005 -0.4605895597849748 3.628462958380673 -0.4281729706748855 0.7725306073153296 0.46889696943406617 -3.286899027833407 0.6500532509387834 -0.0971487594943316 0.7536530298968032 -2.9022323638546257
26456013411921 1341848042.897767246.pcd 1341848043.401743502.pcd 0.6954584710908877 0.5945227273331949 -0.6814209992062701 0.426858464277128 0.07875917929952067 0.5745559641862015 0.7313986403770399 0.36734380745111495 -0.29258180377591925 -0.5625194847312971 0.026859834238989633 0.8263476136604316 11.05966326180018
26456013411952 1341847986.922698631.pcd 1341847985.882781928.pcd 0.6652873141599513 -0.5605488279217563 -0.6095196475175902 0.5605986182694153 3.10135774872913 0.6893964705037726 -0.7185311872956757 -0.09189907148827713 -1.0231956165294682 0.4588218804421667 0.3349607919943753 0.8229725085651494 1.8069520649903408
26456013411983 1341848011.154629886.pcd 1341848006.501659261.pcd 0.7081288973526008 -0.7523477229495881 -0.5903451171050714 -0.2923449101365871 -7.745167230623306 0.6509789578389013 -0.5982045053052569 -0.46730906933577776 -0.3862251796259678 0.10099158491452483 -0.5418892991586863 0.8343600465229385 9.212386006728549
26456013412014 1341848006.501659261.pcd 1341848009.110806650.pcd 0.6426909880008168 -0.31614073994448044 0.9457673677459236 -0.074693498072478 8.710970515918822 -0.9453226834070921 -0.3073839630914317 0.1089959791470306 5.384871989136349 0.0801252568380962 0.10506752752945281 0.9912319394952307 -7.043397818729942
26456013412045 1341848031.094760980.pcd 1341848030.054776241.pcd 0.6528595712455791 -0.3436001254143375 0.5104515760695054 0.788275422871606 -2.4674640629945386 0.9336770040502578 0.27588850453278146 0.22832605014408758 -0.3901378162257118 -0.1009267354222188 0.81444749465808 -0.5713922230151458 14.613004904931278
26456013412076 1341848024.222838323.pcd 1341848024.727054153.pcd 0.6981978407343166 0.46842491732100006 -0.6159973097590703 0.6333446227784696 -2.8045202593364307 0.3309593346415785 0.7870019450499934 0.520666743033517 -1.7187295544156882 -0.8191727630032737 -0.03428196110368581 0.5725213808203737 -1.4457118072521111
26456013412107 1341848015.785761260.pcd 1341848016.850753668.pcd 0.691230299307478 -0.13788950068868983 -0.699349986868976 -0.7013530362564827 -2.70395814028295 0.7237647957852257 0.412248903644935 -0.5533672937801074 2.2735975511433058 0.6761294299036201 -0.5839181768963116 0.4493201049455647 -3.866016637575132
26456013412138 1341847988.537777588.pcd 1341847989.098821351.pcd 0.6665610955268 -0.37192369587783214 -0.8158221887522685 0.4428396106764069 1.0564333043944978 -0.13689744611846916 0.5200521918902192 0.8430924071277237 -4.829450438722506 -0.918113203091435 0.25294243228378366 -0.30510370738414316 -5.494998031063116
26456013412169 1341848004.957758390.pcd 1341848003.953824312.pcd 0.7211012165865702 0.006039217191383894 0.8621109106257608 0.5066836346634227 -2.8651276776051713 -0.9975488101301823 -0.03012981086328992 0.06315509405582473 3.1249857252394517 0.06971297772705581 -0.5058230642006786 0.8598157526232368 2.242792785523262
26456013412200 1341848024.222838323.pcd 1341848023.687172031.pcd 0.7594689884252174 -0.9803155513073718 -0.19479942454152976 -0.032165261746376704 2.060287984822625 0.19448799123139343 -0.980824318407977 0.01257289490550827 -1.1727428347863167 -0.03399766362121825 0.006069647256338198 0.9994034812079067 3.8401708951096865
26456013412231 1341848012.190966899.pcd 1341848005.493689327.pcd 0.7431358963315293 -0.03884735830929488 -0.932932234233489 0.3579501768130578 -0.6425588216196634 -0.47148228748552834 -0.29872445233996187 -0.8297398111225007 -2.5359154777555877 0.8810194863564611 -0.2010003679158323 -0.4282563680295918 6.581228189213772
26456013412262 1341848048.286640362.pcd 1341848067.626656114.pcd 0.7556487957681057 -0.9805570230141739 0.05619959417988878 -0.1880147074874631 -5.719248578925193 -0.15195660843536316 -0.8236961928552026 0.5462909216055729 -6.592601042606638 -0.12416567065981729 0.5642394770749919 0.8162209864612261 10.559430189029525
26456013412293 1341848050.366745800.pcd 1341848065.982774603.pcd 0.7336091553918461 -0.5955408786873082 -0.7888611283408725 -0.15175368860464197 13.180714577482698 0.7528633642806027 -0.48218481309420813 -0.44798946499376147 -4.352803604934095 0.2802281508636165 -0.3810458321699234 0.8810654103127016 2.072796090655068
26456013412324 1341848012.695338887.pcd 1341848005.493689327.pcd 0.7276116741072267 -0.8238609126860033 -0.5663569474487223 -0.022203707455088834 1.3192772256864844 0.5628373419580611 -0.81286502186075 -0.1498818959478 1.067350753437337 0.06683803592095253 -0.13597891127629963 0.9884545577022457 -8.6361000623352
26456013412355 1341848032.634745913.pcd 1341848033.642933862.pcd 0.7363388202118241 -0.6105315606456241 0.791726838904593 0.020489656262586683 4.473076842234184 -0.7913169120030403 -0.6108749318574107 0.02548259025641079 0.06835706495872061 0.03269186800399851 -0.0006558859231743965 0.9994652628181054 4.71613031800497
26456013412386 1341848025.262678568.pcd 1341848025.766716064.pcd 0.770310750820305 -0.012014264828847598 -0.24583387785322164 0.9692375157515674 0.2177370855176442 0.47031651920875284 0.8540048925041276 0.22243654227301873 2.252497046454351 -0.8824160182136231 0.45852082622129714 0.10535949279184076 6.668706309080523
26456013412417 1341848054.622693593.pcd 1341848054.118852740.pcd 0.7584918452385486 -0.17618760812356854 0.6339474693522614 -0.7530395294043729 0.3550559795531273 -0.9596132999674726 0.05982935494628899 0.2748868181856824 8.302664618602748 0.21931767204042918 0.7710583988185166 0.5978032321275892 -0.9653550424611048
26456013412448 1341848049.294746615.pcd 1341848067.090939900.pcd 0.8060526502784354 0.7132374915404809 0.6621686194532829 0.22983689884867434 2.935821771092562 -0.32629912324693533 0.6038820845070697 -0.727224387778406 0.8899956320399268 -0.620339554461364 0.44368811954201537 0.646776383109299 3.3816548838306417
26456013412479 1341848050.366745800.pcd 1341848065.414914429.pcd 0.7619815676845576 0.5837797227562556 0.7558964069008183 0.29634752796853553 -0.8239153479494169 -0.6838835966356429 0.6545306304677321 -0.3223241846840079 3.4173845399875074 -0.4376122273786767 -0.01450089010873759 0.8990468634252208 6.648111151488399
26456013412510 1341848049.294746615.pcd 1341848067.626656114.pcd 0.8315063933549499 0.34282732997949183 -0.9340259672022714 0.10032404702260592 0.009480676227706555 0.9238921514817343 0.31591601661235735 -0.21591749090389306 0.0976407410674482 0.16997856997158386 0.16671101655152293 0.9712439048512855 6.01251472146366
26456013412541 1341848004.457752214.pcd 1341848003.953824312.pcd 0.8393062873469639 0.3163900556429077 -0.7510113565477302 -0.5795509253090841 9.095637648180382 0.8516007039812709 0.49402115540012814 -0.17526933273030443 10.144433684018217 0.4179396770694086 -0.4380925020511768 0.7958651807797965 -4.435015403969863
26456013412572 1341848007.005802199.pcd 1341848007.534834460.pcd 0.8150773714635364 -0.24825084890792656 0.9098744719647734 -0.3324153445364974 -1.523447474634943 0.9347696563448874 0.1349886775371675 -0.3286088046806226 -4.240679918541135 -0.2541204548897132 -0.39230919209673265 -0.8840341012670575 4.980303258749049
26456013412603 1341848011.154629886.pcd 1341848009.646873063.pcd 0.8307232739628841 0.9525966111992381 0.1275588348136728 -0.27620362052787406 -0.7190516248385358 -0.18763981602979396 -0.46829151046815326 -0.8634201530331341 -5.089232681521726 -0.23948067932932038 0.8743179083631044 -0.4221577896279229 0.6453577019863229
26456013412634 1341847989.602803877.pcd 1341847990.139193433.pcd 0.8258112883417092 -0.7702895015910005 -0.6030211497810072 0.20741161166983946 0.6220583327448442 0.6368602655783291 -0.7440839987497354 0.20186135076359682 -4.627948147706165 0.03260499756461008 0.2875838933622603 0.9572003021376538 -7.382898284777004
26456013412665 1341848047.786695118.pcd 1341848048.286640362.pcd 0.8291114334221562 0.7611721612449661 0.6485372043469669 -0.004054074923771772 -0.18432548831309373 -0.54323646834317 0.6341437157845135 -0.5502325755469683 2.125539384909768 -0.3542754301496327 0.42102404006045835 0.8350016031622107 -3.1411201128057575
26456013412696 1341848004.957758390.pcd 1341848004.457752214.pcd 0.8559156230833133 0.3782651347836424 0.7741979968624283 -0.5074770432850305 3.2923966990290277 0.9189248989036533 -0.24785223630369896 0.30683268915512635 -2.3883393447060692 0.11176993326482706 -0.5823973992159128 -0.8051836755700634 -7.2500151522106275
26456013412727 1341848005.997803799.pcd 1341848005.493689327.pcd 0.8154045779382422 0.3125644601703267 -0.8606413728617507 -0.40199488250110027 -3.4783182661043193 0.2536555884726325 0.48345386646668675 -0.8378133452237518 -0.46290214838778404 0.915402807880244 0.1599024274895542 0.3694169906865588 0.6951497292514217
26456013412758 1341848012.695338887.pcd 1341848010.650955567.pcd 0.8665955777166179 0.015165032927768274 0.9961643043305799 -0.08617830674753246 -1.0473662941837971 -0.9988308306157214 0.019049339547599575 0.04443078295853893 -2.3248911931392735 0.04590199982362686 0.0854037554231215 0.9952885033857368 -1.6798857871189958
26456013412789 1341848049.794721934.pcd 1341848055.126976862.pcd 0.8249535077773911 -0.25140980410998437 0.21275041521165505 0.9442088599587739 -3.1226868473831297 -0.9653293345742171 0.01567004773501257 -0.26056424431314695 -4.829333106151784 -0.07023094907430899 -0.9769809161039179 0.20143461311520183 -1.541348022711411
26456013412820 1341848012.190966899.pcd 1341848011.654891901.pcd 0.9362221681241925 -0.6740501701286539 -0.3934572619666749 -0.625178175526961 -0.15031799411341554 0.7378976106936552 -0.3977274810528937 -0.5452705447279491 -1.9138158784080161 -0.03410988540184584 -0.8288571854191813 0.5584194497838211 10.575460237725421
26456013412851 1341848049.294746615.pcd 1341848049.794721934.pcd 0.9066147568879565 0.25510646861085606 0.9655092700757157 0.052082041729917344 -0.8517894001161829 -0.899831707137547 0.2567765251381331 -0.3526594886968353 -0.0027248170431360143 -0.353869451214464 0.043100644262519305 0.9343012072995143 -4.03605677481327
26456013412882 1341848048.286640362.pcd 1341848048.791156077.pcd 0.9030395626837826 -0.6726062546377409 0.7369057540119939 0.0676072180037392 8.422525769180696 -0.6337417236556921 -0.620785543914705 0.4615156943858315 3.0025017319842937 0.3820631543607714 0.2675728277881346 0.8845521623450812 5.426448221493658
26456013412913 1341848011.654891901.pcd 1341848011.154629886.pcd 0.9059041140845491 0.3980679456635961 0.28238975969637437 0.8728103655742111 3.0496633417163386 -0.5300080445849765 0.8473720643904157 -0.0324354307191162 -0.22795127138409013 -0.7487545547843922 -0.4496850098784137 0.4869805012321101 12.768627519148863
26456013412944 1341847996.974781428.pcd 1341847984.878778671.pcd 0.11607270873492537 0.6249718713581615 -0.6168879825985485 -0.4783924925587469 -2.53394186090956 0.06932247470954223 0.6542503787407749 -0.7530941749991813 -2.026324977679992 0.7775632157652668 0.4374993243915304 0.4516522851107163 -4.6514424896809325
26456013412975 1341848056.634800773.pcd 1341848058.678730316.pcd 0.143747069206751 0.8248814898434147 -0.5596220313810105 0.07996067600201756 -0.3608224137001798 0.37253588833952217 0.6445190158485233 0.6676917328443823 5.50819996002395 -0.42519118007408324 -0.520978329878165 0.7401310966204342 7.802514313445096
26456013413006 1341848009.646873063.pcd 1341848032.134738914.pcd 0.17493281119473225 0.1435764688579702 -0.9185194487105096 -0.3683854230704817 0.08138692240647391 0.9887311582349204 0.11719347657764995 0.09314711902724943 -1.5258707946596726 -0.042385071967723176 -0.3776078804635641 0.924995023925051 0.7246237248822358
26456013413037 1341848040.746820907.pcd 1341848036.458823098.pcd 0.11527643707531278 0.00016893773075378309 0.6106465186356284 -0.7919032773882366 2.330932427223434 0.44672420857063677 -0.7085395572144286 -0.5462684114419574 -4.12429796499532 -0.8946717012049623 -0.35367007950994195 -0.27291028181886073 -2.9134876702282737
26456013413068 1341848047.786695118.pcd 1341848065.982774603.pcd 0.4541475060245931 -0.5636514598670279 -0.7956967058198211 -0.221729078240209 -1.5804244324039787 0.8145462415837353 -0.5799990514045388 0.010748055249467453 7.385595751397261 -0.1371548472040947 -0.1745504302982945 0.9750490732117544 -2.282778027541154
26456013413099 1341848059.718702567.pcd 1341848063.845733007.pcd 0.39475462764498925 0.8986393470244382 0.3413337921879262 -0.27556953077236324 -1.6020135893170444 0.2763979880453605 0.04726080744167194 0.9598804968767922 -0.570037750086457 0.34066328857681094 -0.9387532468069393 -0.05187355227340423 5.918396778975146
