id source target overlap t1 t2 t3 t4 t5 t6 t7 t8 t9 t10 t11 t12
26456013410030 1341848030.054776241.pcd 1341848029.018728572.pcd 0.6225 0.17226340267151594 0.39500576689792144 -0.9023833798432994 4.8789465021791605 -0.7564884194896908 -0.5336866581920061 -0.37802621872806486 10.34624845650201 -0.6309125068327788 0.7477626595285659 0.20688260858937654 6.24629617972173
26456013410061 1341848013.698820474.pcd 1341848008.570726612.pcd 0.6360 0.31602443164517 -0.7725205778692834 0.5507635748411974 -4.828772126060553 0.28526719233377035 0.6310226667918349 0.7214104400221335 -3.2793014235954483 -0.9048487097749296 -0.07086854565622797 0.4197933558969415 -1.7419480592773116
26456013410092 1341848004.957758390.pcd 1341848005.997803799.pcd 0.6322 0.6581831838691808 -0.7219709140482515 -0.21343124358949944 -1.451596559685751 0.633682819585887 0.6843368700773955 -0.36073415753758886 2.056719477589027 0.40649843866060326 0.10218144411294064 0.9079195844597062 10.688453141976677
26456013410123 1341847988.537777588.pcd 1341847986.394466836.pcd 0.6150 -0.43324107256058897 0.8023854824830043 0.4104628004424602 -4.921547321665459 -0.13043617133195512 0.3948079811072518 -0.90945756539944 1.602559609923611 -0.8917895369731645 -0.44755356724590223 -0.06638694292295999 -2.6383860796728866
26456013410154 1341848049.294746615.pcd 1341848053.553915154.pcd 0.6129 -0.2367008063174449 -0.8209448697638185 -0.5196366510333332 -5.3108222876196445 0.9703864438353919 -0.22628661255879118 -0.08452525419760129 -5.711300641990658 -0.04819624372472425 -0.5242555577055281 0.85019599640653 -1.90055632765811
26456013410185 1341847989.098821351.pcd 1341847988.033756741.pcd 0.6303 -0.7810588826334295 0.6240718311925666 -0.021940177104448982 8.615312025942623 -0.5737856345914021 -0.7311006038998376 -0.36913676667846845 -0.6284666876044492 -0.24640833467226717 -0.27572859207787764 0.9291160724660781 -6.0452327379973285
26456013410216 1341848013.698820474.pcd 1341848028.447631746.pcd 0.6353 0.5643012705629231 0.453893089452271 0.6895978098780067 -9.19210113295366 0.8252523398685685 -0.28699958893032346 -0.48640498712007263 7.394775573139132 -0.02286157436668257 0.8435711584100645 -0.5365305668050784 11.028852782759028
26456013410247 1341848016.289959781.pcd 1341848018.367205311.pcd 0.6315 0.8592039173572845 0.2995758321513955 -0.41475649384752916 -2.321164967086741 0.15429623429962397 0.6211904383293194 0.7683196674621726 -5.453150047307923 0.48781277195134215 -0.7241386332181339 0.48750583524930335 -11.735063402383213
26456013410278 1341847992.218736062.pcd 1341847993.261798642.pcd 0.6235 0.4810309209104034 0.8758719724197351 -0.03817775605836424 3.8000467244856453 -0.851528207399049 0.4771352468566719 0.2173514854119586 0.8080953971913761 0.2085880272974729 -0.07204334901006147 0.9753464977799239 1.9950633486686933
26456013410309 1341848050.366745800.pcd 1341848049.794721934.pcd 0.6312 -0.4395533451008674 0.11000621107887248 -0.8914547045894752 -1.0374247284891283 0.8309737523951235 0.4265771645530737 -0.35709178863735885 -3.6139635458849635 0.34099190553590275 -0.8977363511666054 -0.2789156936299274 -0.4697726711394432
26456013410340 1341848010.650955567.pcd 1341848011.154629886.pcd 0.6570 0.4187983630687279 0.9016546846439245 -0.10782745824055645 4.559766355607177 -0.8906267814759617 0.4310115225876025 0.14495862690604527 -12.368674054157186 0.1771775019823999 0.035325586426578244 0.9835447299105897 8.709446162256608
26456013410371 1341848011.654891901.pcd 1341848006.501659261.pcd 0.6460 0.4212983741638975 0.14235199059858167 -0.8956805182091871 2.4543987029213157 -0.9058433179570311 0.11420488614663893 -0.40792784569434615 -0.5802062529394708 0.04422175075066154 0.9832055506112923 0.1770629323367593 6.813808674303484
26456013410402 1341848046.110817183.pcd 1341848042.897767246.pcd 0.6621 -0.5441660076190238 -0.5317797882944137 0.6489172619937932 -6.407492249833968 -0.18858193198031348 0.831198200744391 0.5230166402800772 -0.8450211146800105 -0.8175085388438125 0.16223380609735993 -0.5525938663038337 7.292427201084214
26456013410433 1341848007.005802199.pcd 1341848009.110806650.pcd 0.6557 0.3000332280905463 0.9507229151045765 -0.07814090309576818 2.572965475930159 -0.9427811733120118 0.2830441214627369 -0.17620920677936672 -5.198920954253232 -0.14540880747049809 0.1265383894335765 0.9812463068514266 10.321756530120297
26456013410464 1341848050.366745800.pcd 1341848064.349789703.pcd 0.6565 -0.17647216021522255 0.8714558033288463 -0.45762687804962665 -0.8283925010539179 0.8857436825378199 -0.062188625538123044 -0.45998989521295 5.749310873807136 -0.4293200502111617 -0.4865155266773653 -0.7609119113199184 10.834483709346971
26456013410495 1341848029.018728572.pcd 1341848030.054776241.pcd 0.6718 -0.12913458191751437 -0.8154284071584914 -0.5642701237456706 2.938214812724943 0.8855578272322182 0.16122751912150107 -0.4356524092733552 9.832231669039885 0.4462192223344281 -0.5559516164891435 0.701288960231349 -4.850526990242715
26456013410526 1341848049.794721934.pcd 1341848066.486874080.pcd 0.6425 0.7954123968099717 -0.43035235737558997 0.42675047451911363 9.60357031244888 0.2350789302729529 -0.42993220090089224 -0.8717202528163718 7.710287611570414 0.5586206365170735 0.793697140683893 -0.24080663057206764 3.327500707177803
26456013410557 1341848046.110817183.pcd 1341848045.002641156.pcd 0.6603 0.9073349996876634 0.4151505414335541 0.06628141737482074 3.6130391842750447 0.10184647557512014 -0.37002167992056384 0.9234236578091828 6.239185443626985 0.4078853929165824 -0.8311040755141266 -0.3780152403132638 5.1454902698527665
26456013410588 1341848031.094760980.pcd 1341848030.565795004.pcd 0.6723 0.17579269362238525 -0.7788719443630351 0.602042708745095 -5.5428040135321295 0.5485929081536497 0.5853109518063069 0.5970401249657482 -8.093297174429647 -0.8173999938784606 0.22532106865479798 0.5301770138621178 9.11874805556941
26456013410619 1341848008.570726612.pcd 1341848008.034820288.pcd 0.6395 0.7833945039455835 -0.09983841401603921 -0.6134536186824684 2.78243322442136 0.5756686449658742 -0.2555322507993386 0.7767296054642041 -5.8627617683898245 -0.2343046358717804 -0.9616317173888276 -0.14270871634489113 2.7009770445299215
26456013410650 1341848012.695338887.pcd 1341848006.501659261.pcd 0.7029 0.5269191641725116 0.8491678228078855 0.03563990930765085 1.8341296815070411 -0.8498986524306545 0.5267085917986973 0.015822133926591826 -0.6552154549971887 -0.0053361994246473 -0.03862729647734849 0.9992394392449447 1.572443935870848
26456013410681 1341848010.146752067.pcd 1341848008.034820288.pcd 0.7006 0.582159290434165 0.7503235585429633 0.31321736550934354 -0.39621425642746744 -0.8036372019167337 0.5895174401609728 0.0814643200517655 -1.7452757366360518 -0.12352250101350847 -0.29913833796669725 0.9461809797823509 1.406384612149112
26456013410712 1341847993.261798642.pcd 1341847992.754765126.pcd 0.7160 -0.5809406562151608 -0.7975136095024942 -0.1627267544523682 -3.310235092141463 0.808143030456574 -0.5889844376378898 0.0014746337997515457 0.6281810710733168 -0.09701956648410129 -0.13064981775219495 0.9866700709155797 -8.94036852488187
26456013410743 1341848036.458823098.pcd 1341848036.994835815.pcd 0.6925 0.4302536211237155 -0.8431322804474427 0.3225054715464919 0.26682039944710734 0.4012603638770714 0.49865757842308694 0.7683298379358068 0.5953673574784786 -0.8086234858642003 -0.2011680321241865 0.5528647944661622 -0.37011403979845414
26456013410774 1341848029.554721445.pcd 1341848031.630816545.pcd 0.6939 -0.15537726290329645 0.9138550657660297 0.3751357420273964 -1.4067256091789933 -0.9802393613262482 -0.18969328294241306 0.05610038246962901 -9.517189673321552 0.12242834916549719 -0.35900609629962427 0.9252707291059823 5.384269088236588
26456013410805 1341847988.033756741.pcd 1341848061.826739555.pcd 0.6844 0.26026400649198916 -0.16007310323596202 -0.9521760596366341 0.3859178295901601 -0.6261910863001111 0.7226624453609103 -0.29264947207072867 -0.36957484022637177 0.7349471888258535 0.6724102852317166 0.08784667296817178 -2.4930230652136083
26456013410836 1341848031.630816545.pcd 1341848033.139110331.pcd 0.6907 -0.3394871215102075 0.5432152104236043 0.7678969523921504 -14.348613601350362 0.042344961397732805 -0.8067273047762967 0.5894047505514322 3.233467692398683 0.9396570643447202 0.23261188897562995 0.2508711034261441 0.12259160430281457
26456013410867 1341848013.198718496.pcd 1341848012.695338887.pcd 0.6981 0.025144218627833337 0.9851253751384181 0.1699875393315246 -5.735711534552186 -0.5639610425068418 -0.12642135620569395 0.8160671438243972 -3.857619537311115 0.8254185064585067 -0.11638572057389157 0.5523935673433427 7.562775070157686
26456013410898 1341848033.139110331.pcd 1341848032.634745913.pcd 0.6996 -0.9935480925308809 -0.05136444813700494 0.10111321029335561 0.29171688209162205 0.045037650956737244 -0.9969401049540559 -0.06389082195820157 1.536958116127027 0.10408553129300215 -0.05892470281449399 0.9928212737314187 -2.770017030141988
26456013410929 1341848035.886689172.pcd 1341848036.458823098.pcd 0.6904 -0.9403209255671366 -0.27325121695238797 -0.20280613741847825 2.090512542370144 0.1845973195878386 0.09106139702100952 -0.9785865580384638 2.967301878956226 0.28586777807502034 -0.9576228873657007 -0.03518549490670637 3.2426101434511616
26456013410960 1341848043.401743502.pcd 1341848042.897767246.pcd 0.7249 0.8759825527135336 -0.1218858356066912 0.4666887725454083 -2.9389608609979847 0.4775761289218695 0.35485691233903754 -0.8037397668706002 -2.7911965656902904 -0.06764324375340872 0.9269414301042237 0.3690582294582437 -1.2020151909782588
26456013410991 1341848065.414914429.pcd 1341848064.910831773.pcd 0.7335 -0.31530229056201303 -0.9290643053860761 -0.19345279016813344 -1.149246026889066 -0.17738349331967806 -0.1425600816786971 0.9737616337736207 -6.432780360879916 -0.9322658214608405 0.34134460530269284 -0.1198511517120015 -8.299618718913294
26456013411022 1341848004.957758390.pcd 1341848003.953824312.pcd 0.7211 -0.03931631837412386 0.2759981243311034 -0.9603537173746024 2.991681926563039 -0.7253237516233428 0.6531750191156639 0.21741170560549844 -6.909085254232121 0.6872842806586983 0.705115189007417 0.17450755797526585 10.406614476883876
26456013411053 1341848054.622693593.pcd 1341848055.126976862.pcd 0.7241 -0.04278389039981756 -0.9958515840557447 0.08030667005872472 -8.384073410503785 0.35369808057095403 0.06007716413266273 0.9334283058436788 8.547413181965565 -0.9343806539749631 0.06834000939011914 0.3496604590082772 -7.725462185193032
26456013411084 1341848046.617769255.pcd 1341848047.214886925.pcd 0.7538 -0.15996739759796696 -0.5032059056437104 0.8492315633742232 1.551007051169389 -0.9375464532319793 -0.19176257842861144 -0.2902305317270164 -9.538968003581925 0.30889655183875064 -0.8426214630779969 -0.4411031514537457 3.6389518259128906
26456013411115 1341848050.366745800.pcd 1341848064.910831773.pcd 0.7406 0.9974411691996304 0.023463675307145625 -0.06753199187611046 -0.5118003535019793 0.05149938013446436 0.4193753350818421 0.9063510038449555 -8.193296129716614 0.049587577390311596 -0.9075096607012366 0.4170938598235251 13.095399891018547
26456013411146 1341848012.190966899.pcd 1341848009.110806650.pcd 0.7532 0.6689768667442872 0.1551992596482582 0.7268996777861638 0.018643836180406867 0.7359065314103101 -0.27573619703118796 -0.618393989843388 2.789689181484534 0.10445826338132641 0.9486214943018162 -0.29867328598310733 -11.972774815830613
26456013411177 1341848015.785761260.pcd 1341848018.367205311.pcd 0.7499 -0.5611471493470868 0.2975495278666257 -0.7723847197129072 -1.8010114106668034 0.5218692460559292 0.8514923592236767 -0.051119978528096854 -0.37705263492413943 0.6424689617410744 -0.43176966156742097 -0.6330944578412454 3.0364205623762714
26456013411208 1341848011.154629886.pcd 1341848025.262678568.pcd 0.7268 -0.5725106163953619 -0.22015281255547287 -0.7897875241091857 -4.392385254260301 -0.5138447744109975 -0.6542857297656601 0.554863705458853 -14.626339459977592 -0.6389015119133105 0.7234935541861673 0.26146115414331367 0.09655726740360937
26456013411239 1341848050.366745800.pcd 1341848065.982774603.pcd 0.7336 0.34031372622779016 0.4519146459326386 0.8245967017473056 3.6954200707300404 -0.3141237620655641 0.8811976247854343 -0.3532945062950825 12.688450569685461 -0.8862916167079172 -0.1387944482466325 0.44184077594669696 -0.7729983682712007
26456013411270 1341848050.366745800.pcd 1341848067.090939900.pcd 0.7752 -0.3330858268434272 0.9260040193136284 0.17768057904857165 2.578870412562948 -0.9395703579771736 -0.3417786591266279 0.019871853870495726 9.015970100183072 0.07912884661535574 -0.1603243723848921 0.983887555187438 -10.011425606872402
26456013411301 1341848011.654891901.pcd 1341848012.190966899.pcd 0.7666 0.527350623789111 -0.8476665732972732 -0.05798879291461212 -9.150647664768018 -0.11805950805187398 -0.005516785095057264 -0.9929911971617696 -2.5327034205704493 0.8414055337040427 0.5305006556043764 -0.10298437869668275 -8.546840597366582
26456013411332 1341848005.493689327.pcd 1341848005.997803799.pcd 0.7758 0.9180812969776164 0.35246070972196647 0.1813785550780068 11.849192529964082 -0.3343875532262572 0.44291912480792633 0.8318699496476223 7.162737751196495 0.2128654419751004 -0.8243749735294421 0.5244942388921702 -3.9070053193708536
26456013411363 1341848048.791156077.pcd 1341848067.626656114.pcd 0.7909 -0.47127213706047905 -0.8598279243943128 -0.19646504335941561 8.053118232900369 -0.8246256114330399 0.5085718565604934 -0.24768380585597022 -8.463532823130603 0.31288204454575863 0.045283630004460965 -0.9487118735709409 -4.173384013225513
26456013411394 1341848007.534834460.pcd 1341848007.005802199.pcd 0.7616 -0.37963062857681845 0.9204703627387719 -0.09281647033755831 -1.7661228692138264 -0.8677355507286596 -0.31948904115041227 0.380738449051865 -2.0809753411869765 0.32080461319625553 0.225080127741974 0.9200126826558737 -3.4460664773428715
26456013411425 1341848035.886689172.pcd 1341848035.319913712.pcd 0.7635 0.8806490658818726 0.4015606788903824 0.2514085200037589 -8.163504860449683 -0.09109307604855105 0.6642726977837354 -0.7419190215078267 0.16800254260471464 -0.46492932178708424 0.6304687178189045 0.6215705282543474 1.0584800450766836
26456013411456 1341848045.538885610.pcd 1341848044.405873658.pcd 0.7633 0.6862998469260538 -0.5183177432133884 0.5102344923458773 -1.1779516026862789 0.7089713405933261 0.320171122729243 -0.6283709814970754 1.6998647870353847 0.1623334787607812 0.7929925404696289 0.5872058177785257 3.2959837722329084
26456013411487 1341848050.366745800.pcd 1341848050.870719064.pcd 0.7807 -0.4812720448828407 0.7719423489174925 -0.4153097985384324 1.8384707360730665 0.01640247095022429 -0.4657753292187876 -0.884750982840854 -0.3781612216190384 -0.8764178100432556 -0.432618021629791 0.21150288319573718 0.6832309778396298
26456013411518 1341848025.262678568.pcd 1341848025.766716064.pcd 0.7703 -0.5805590887705484 -0.6095580611957214 -0.5398056265705495 -4.4518484266090965 0.8140214895301345 -0.41995678273757375 -0.4012546762541808 -4.717123609181507 0.017892988265007126 -0.6723654294087549 0.7400030880387791 -6.555412382577468
26456013411549 1341848049.794721934.pcd 1341848049.294746615.pcd 0.7803 -0.11640466871900629 -0.9764015470285614 -0.18190649262918177 -1.9032411133551264 0.9806984509525001 -0.1419651259974612 0.13444869393152092 -3.481661940741813 -0.1571002908965646 -0.16274495986283916 0.9740808881399212 -0.9231693669000643
26456013411580 1341848011.654891901.pcd 1341848010.650955567.pcd 0.8306 0.5424510487290481 0.7494245937799923 -0.37961775244375673 -1.6954553711671472 -0.8388522654367022 0.4587030564247939 -0.293118376766563 -2.398929472202857 -0.045538297118670246 0.4774455825162129 0.877480472279176 -9.568671889948636
26456013411611 1341848048.286640362.pcd 1341848047.786695118.pcd 0.8167 -0.906480676650178 0.2170274138636656 -0.3622042027523764 -2.6485459472977926 -0.3569383517504843 -0.8521269804350572 0.3827200311772029 1.6321034416218692 -0.2255832349920599 0.47621288395661954 0.8499020492058107 -0.25932766195367196
26456013411642 1341848047.786695118.pcd 1341848048.286640362.pcd 0.8291 -0.05247294798914426 -0.9968348853163264 -0.05972270209656305 -3.8363052190634175 0.8827536464862552 -0.07426288851254664 0.4639299764026812 0.5248097627711774 -0.46689676518963785 -0.028376659531370557 0.8838564226441379 -5.108057633725525
26456013411673 1341848049.794721934.pcd 1341848054.622693593.pcd 0.8083 0.2075842265348577 -0.9734608289050349 -0.09634730656041676 -3.603373033708634 0.9703916390313209 0.1924890168897066 0.14590423323173518 -2.1679837049641857 -0.1234862575027327 -0.12378203813298722 0.9845959329814502 7.232264462935055
26456013411704 1341847991.178777999.pcd 1341847990.674786632.pcd 0.8059 0.4736067582375445 0.384606565271839 -0.7923221746874961 3.690542632607025 -0.015614669701445899 -0.8958051804153344 -0.4441725574944552 -2.5852118286319756 -0.8805979903689533 0.22273497410790483 -0.4182538830271778 5.467346104802154
26456013411735 1341848030.565795004.pcd 1341848030.054776241.pcd 0.8042 -0.38078799020742776 0.838148135588936 0.39052299461437456 -10.406363789479 -0.4185231081856213 0.2203751829930461 -0.8810636677536015 2.711192732233347 -0.8245234468639658 -0.4989413608126434 0.2668681398031489 7.680141327174565
26456013411766 1341847989.602803877.pcd 1341847990.674786632.pcd 0.7996 -0.9795690263087415 0.0732452351723106 -0.1872956438924769 1.5407467853392312 0.08339796419085094 -0.6995151580546082 -0.7097346850906037 4.0430789709826565 -0.18300082585979263 -0.7108541898141909 0.6791148787637069 -6.1044805230967825
26456013411797 1341848049.794721934.pcd 1341848055.126976862.pcd 0.8250 -0.7311593600220482 0.12906598054519974 -0.6698865298825281 0.11695106079865904 0.5296379692623081 0.7262989579951084 -0.4381477434963215 -2.476769920625669 0.4299879204906198 -0.6751531650530316 -0.5993985251491919 2.7905009886959458
26456013411828 1341848011.154629886.pcd 1341848011.654891901.pcd 0.8150 -0.6057246338632503 -0.6373928928376735 -0.4762645988221821 -1.1599139176076376 0.7956741797200331 -0.48484008965595077 -0.3630877128040311 -1.2658690624683957 0.0005173568250735894 -0.5988826158959969 0.8008366529570707 -6.4854654733198975
26456013411859 1341848013.698820474.pcd 1341848009.646873063.pcd 0.8084 0.32695699978632364 -0.9266226163892379 -0.18566003093474082 -8.261104808122976 0.5449322358512776 0.3453648729102308 -0.7640497123157808 -4.803128867869165 0.7721061964657797 0.14863926586088572 0.6178659968176623 3.735640695066161
26456013411890 1341848030.054776241.pcd 1341848030.565795004.pcd 0.8346 0.8940084268144638 0.4381403681310526 0.0937120621836561 3.4450258786914643 0.3350252199859588 -0.7925782433992218 0.5094878114965696 0.7318983930130516 0.29750131891823217 -0.42409049258877507 -0.8553597017265443 10.23624393292424
26456013411921 1341848010.650955567.pcd 1341848009.646873063.pcd 0.8666 0.30923244172444686 0.5846458470446427 -0.7500430191119634 1.0362299887214341 -0.9488018050714462 0.24310252776134145 -0.20168365250860565 -3.8546733872775194 0.0644238440199153 0.7740092987358089 0.6298882232525063 8.479329844779457
26456013411952 1341848004.457752214.pcd 1341848003.953824312.pcd 0.8393 -0.6331899863460386 0.7584520243006609 -0.1543404290046288 -1.8159094453528803 -0.551238492288596 -0.5818794148188418 -0.5979569141915475 0.860588093441917 -0.5433291505252582 -0.2935419449487788 0.7865281690729133 3.099108458636643
26456013411983 1341848054.118852740.pcd 1341848054.622693593.pcd 0.8589 0.5844360275450102 0.7201380518653924 0.37394614045732005 -0.1313652766448532 -0.7650334053923951 0.6426263795893392 -0.04189540415861627 -0.6393130110662975 -0.2704781291363933 -0.26159610568855207 0.9265036746540516 5.550910168037495
26456013412014 1341848012.695338887.pcd 1341848010.650955567.pcd 0.8666 -0.6199113413631527 -0.3130699272032672 0.7195117438445862 2.820414195412522 -0.7812169226301066 0.332197684649894 -0.5285308109368796 12.303913225851229 -0.07355303287888654 -0.8897369942821252 -0.45050863738681735 4.336607047860783
26456013412045 1341847990.674786632.pcd 1341847991.178777999.pcd 0.8351 0.39845923260323446 -0.9091961732459711 0.12079966269871723 0.07741349706153394 0.14221140860160142 0.19135765569271623 0.9711633039151224 -1.785058049080309 -0.9060938997790405 -0.36978989461945844 0.20554629313256878 -6.6244950553847675
26456013412076 1341848004.957758390.pcd 1341848004.457752214.pcd 0.8559 0.450216044043417 0.7484525844951927 0.48695404552007 7.521541436575903 -0.8902401366393492 0.3340253857990412 0.3096765098585209 5.204539468058428 0.06912317123981576 -0.5729273692225465 0.8166861188935949 1.489372012503641
26456013412107 1341848011.154629886.pcd 1341848009.110806650.pcd 0.8602 0.47587320236495534 0.400275868938869 0.7831500009679853 4.933088773183516 0.6790698749577526 -0.7330925872561819 -0.03793894351322141 -2.7559993721893243 0.5589354168379244 0.5498676997744736 -0.6206744013965334 -9.25182531989121
26456013412138 1341848010.650955567.pcd 1341848009.110806650.pcd 0.8727 -0.08975325366682904 -0.8781998147392966 -0.46979723163092707 10.130756556345112 0.1405762157495436 -0.47814909623277424 0.8669554598347708 1.7177631561411126 -0.9859932459311045 0.01176975631210514 0.1663694437527458 0.2499892054540669
26456013412169 1341848029.554721445.pcd 1341848030.054776241.pcd 0.8396 0.7067953126279841 -0.6636003492684814 -0.24510194307238728 -1.3349349550569383 -0.2825761983368298 0.052792185360406196 -0.9577910405189523 0.4680992651511737 0.6485299362254722 0.7462221931942403 -0.15020439475515712 -1.3870476207029212
26456013412200 1341848011.654891901.pcd 1341848009.110806650.pcd 0.8805 0.9556931922560667 -0.29307537494885116 0.027519935937404802 0.138219301072114 0.1263616089406503 0.49289005101774863 0.8608670869499259 2.6466605900998488 -0.2658632469171674 -0.8192473510523616 0.5080851422078291 9.178700954892246
26456013412231 1341848011.154629886.pcd 1341848008.570726612.pcd 0.8897 0.5304167694065084 -0.7753873314104848 -0.3426843110218059 0.5202901681053842 0.7980803030743268 0.5930482790848202 -0.10659065868697847 -1.5013280506536815 0.2858773873134313 -0.2169521259694408 0.9333841087463328 3.8338211954608026
26456013412262 1341848048.286640362.pcd 1341848048.791156077.pcd 0.9030 -0.9610160176286291 -0.11827759572291877 -0.2499172347222495 -2.0090700321054875 0.08803129268308157 -0.9877356331162854 0.12895274553461897 3.6175839995910652 -0.26210437876875653 0.10192511673957678 0.959641894254241 -8.223055560155412
26456013412293 1341848012.695338887.pcd 1341848011.654891901.pcd 0.8926 -0.21118889326286674 0.08459514135933116 0.9737776509146225 -0.7723095135878876 0.593421788349578 -0.7805355780162149 0.1965064695191539 0.7301217724173105 0.7766915941829127 0.6193608588773498 0.11463984480239674 -7.349001401199771
26456013412324 1341848049.294746615.pcd 1341848049.794721934.pcd 0.9066 0.510989628131275 0.7654491168423669 -0.39112306179449696 5.094894243082499 -0.766569424261007 0.6116610522857117 0.19555581020487237 -0.31622226281056176 0.3889227657651445 0.1998959895595119 0.8993223424488097 10.745659885434865
26456013412355 1341848011.654891901.pcd 1341848009.646873063.pcd 0.8868 -0.6777170029236008 0.11222162941897956 0.726708999420539 -2.225091117235653 -0.6801254207945133 0.2800076379415437 -0.6775139368924329 -5.646491542079572 -0.2795157883507443 -0.9534159787757631 -0.1134411542506303 -3.190150637390299
26456013412386 1341848011.654891901.pcd 1341848011.154629886.pcd 0.9059 -0.5520293984953197 -0.8315784972116935 -0.061161639710173854 3.563897842571276 0.2526170623944 -0.09688989597987999 -0.9627029489121928 -1.3400726109742764 0.7946371266081892 -0.5468908035724771 0.26355698811401496 6.01002310128785
26456013412417 1341848049.294746615.pcd 1341848067.090939900.pcd 0.8061 0.1982056321602193 0.6134929159086683 -0.764421983926318 -8.239470034091852 0.7542633117086378 0.40258148347905925 0.5186665651168567 1.1680903578836759 0.6259403997109361 -0.6793780915585077 -0.3829412810340951 9.009429169116775
26456013412448 1341848067.090939900.pcd 1341848065.414914429.pcd 0.6070 -0.9867691016101475 -0.1536164426968685 -0.05185295209207207 -1.4832907853612345 -0.04836919178636756 -0.02633204195860766 0.9984823708269588 -1.7268626070425572 -0.15474870401213897 0.9877796374189187 0.018553342208711583 10.946039026581847
26456013412479 1341848012.695338887.pcd 1341848012.190966899.pcd 0.9904 0.9242852264307366 -0.052770854296182515 -0.3780371107956637 3.751912618375089 -0.19707613420332626 -0.9141547063557334 -0.3542346258839406 -3.232021523679241 -0.32689114018179566 0.40191592377574925 -0.8553395657200311 1.7248253075400877
26456013412510 1341848012.190966899.pcd 1341848011.654891901.pcd 0.9362 -0.933770286273914 -0.33877340878987383 0.11535003237460033 -0.26428350964635683 0.2853276847791545 -0.8993036177125074 -0.3314228650346312 0.2078057635828509 0.21601195515642124 -0.2765602658844632 0.9364044289533316 -14.473613928390673
26456013412541 1341848014.234750506.pcd 1341848027.342775328.pcd 0.6507 0.5874209460600923 -0.39538961955137325 -0.7061187441789706 0.2323794107992394 0.5200273909653509 0.8529631870760721 -0.04500349029575218 -0.09794222074528125 0.6200872073955698 -0.3407650954015831 0.706661874576741 -6.224972265069169
26456013412572 1341848035.319913712.pcd 1341848034.715163563.pcd 0.6514 0.5821185431880198 -0.7455676997706072 -0.3244484654539498 -2.1915713440860345 0.6503251469671046 0.6664287099057526 -0.3646230626764681 10.860097691974316 0.4880729503863853 0.0012568500783881609 0.8728019336762547 -0.21821926974293876
26456013412603 1341847992.218736062.pcd 1341847992.754765126.pcd 0.6764 0.6174991426759739 0.23246172248264269 -0.7514361958109552 -5.5087051852637625 -0.5523219541675772 0.8083322043307768 -0.20381242942042593 -2.750385095081045 0.5600314881673583 0.5408887085363774 0.6275381560024091 7.646116546638104
26456013412634 1341848014.234750506.pcd 1341848007.534834460.pcd 0.6573 -0.24653100790290555 -0.9610926710709985 0.12459269543593247 -11.50110070220682 0.9428638812455502 -0.26758855859639247 -0.1985045711082797 3.593794057741401 0.22412086824959998 0.06853642040490984 0.9721484431367089 11.054692777748535
26456013412665 1341848012.190966899.pcd 1341848025.766716064.pcd 0.6253 0.5850321916057687 0.7915616376370618 -0.17654322022180263 1.7126400889236408 -0.8024059399928729 0.596569579704945 0.01579379735273599 -0.4048441443734766 0.11782207878451793 0.1324194486923958 0.9841661685705807 5.542714012181736
26456013412696 1341848005.997803799.pcd 1341848006.501659261.pcd 0.6466 -0.6546412830936296 0.6588089664998371 0.3706960157985819 -3.831666258540611 -0.06618823339851138 0.4385405609001289 -0.8962707705849745 10.327649730775702 -0.753036458764853 -0.6112715616686387 -0.24348135383653718 -4.308574402102559
26456013412727 1341848048.286640362.pcd 1341848049.294746615.pcd 0.7078 0.5857980816157072 0.3700934796621864 0.7210210980872142 -0.10314191715540275 0.4504752170968541 0.590875163655019 -0.6692821675177045 1.0363735069580993 -0.6737304255834818 0.7168663454837236 0.17941559674652363 8.15518527731932
26456013412758 1341848007.005802199.pcd 1341848007.534834460.pcd 0.8151 0.5559557353548337 0.633870831463696 -0.537699720425433 1.6965230710544787 0.06171602148867272 -0.6765795143498725 -0.7337787769169266 3.75950584501685 -0.8289175791462478 0.3747638320083911 -0.41526824728205586 8.250060643031665
26456013412789 1341848049.794721934.pcd 1341848065.414914429.pcd 0.7031 -0.37938417080907705 -0.8616637640783185 0.3370507507985899 -0.6152751842904851 0.921954719120804 -0.38272908260643823 0.05931226869808265 2.940093470033273 0.07789189194254104 0.3332476661607973 0.9396163292365631 0.0630658110064568
26456013412820 1341848012.695338887.pcd 1341848012.190966899.pcd 0.9904 0.4704811387263069 0.6400040399508884 0.6074885405909638 -0.1648756114879772 0.4565747775045541 0.41256133661117433 -0.7882465452383969 0.9951932998414216 -0.7551072577120843 0.6482190774577241 -0.09810737469932013 11.126502802298477
26456013412851 1341848039.138655903.pcd 1341848039.642714153.pcd 0.7143 0.0905090370814221 -0.4225863493435824 0.9017920445175026 5.253099980640247 0.8401996602071233 0.5185454126113999 0.1586669028105972 7.321116824185895 -0.5346705950343896 0.743324580791014 0.4019899531050932 7.302967734382789
26456013412882 1341848036.458823098.pcd 1341848035.319913712.pcd 0.7081 0.3157842844199529 -0.5934938845777049 -0.7403008136441862 -0.41033569001155645 0.4701441369585167 0.7755819605643738 -0.4212328488266953 -0.1685759658991387 0.8241630762154477 -0.21502937337951755 0.5239442645807875 2.6902439914957763
26456013412913 1341847993.261798642.pcd 1341847993.826735163.pcd 0.7053 0.5357399995365003 0.6632530121985306 0.5225687463924786 -7.112447451242418 0.8296075665370252 -0.5287224777491386 -0.17945424783862654 1.493672878605432 0.15727027195610177 0.5296678046968568 -0.8334974974326355 13.95919473219855
26456013412944 1341848064.910831773.pcd 1341848066.486874080.pcd 0.6419 0.30799891303763316 -0.003912237472276869 -0.9513786648677787 3.9602825696690984 0.7079584280764991 -0.6670831623890657 0.23193731604133 6.8895289821782795 -0.6355560822485211 -0.7449729853189067 -0.20269118743040407 -2.6288863481153277
26456013412975 1341848053.553915154.pcd 1341848067.090939900.pcd 0.6136 -0.34775103574649757 -0.9112747231545334 -0.22056200052789457 -2.150522913021445 0.9362372992394544 -0.3501229154575697 -0.0295578007352382 -5.543482265253093 -0.050288533981919376 -0.2167771275091548 0.974924992160335 -7.704213092361038
26456013413006 1341848048.791156077.pcd 1341848062.834828385.pcd 0.6326 -0.5112688644772875 0.6670197345796414 0.541930643069212 -9.345023560979797 0.6933668175242267 -0.05243455417160598 0.7186745256965427 1.1718074801020744 0.5077859830405235 0.7431926339853817 -0.43568119562065055 1.5623316274229566
26456013413037 1341848053.553915154.pcd 1341847986.394466836.pcd 0.6422 0.09018396340151894 0.4826215802425413 0.8711734976624266 1.9796302108342008 0.11927616684145745 -0.8736759346934084 0.4716604256890844 -3.192745105908824 0.988756819834282 0.06137402888675039 -0.13635681064547542 9.737202373339144
26456013413068 1341848049.794721934.pcd 1341848059.718702567.pcd 0.6201 -0.9774488573119653 0.020679475825887424 -0.21015729970452926 -3.495549492863165 0.04139962647996651 -0.9571161003285911 -0.2867313052652413 -6.634082047076875 -0.2070743882445438 -0.2889656203968844 0.9346759160060727 7.227309383861623
26456013413099 1341847990.139193433.pcd 1341847990.674786632.pcd 0.7163 0.5362318176841532 0.30319199557772014 -0.7877372985461262 -3.8486047149679203 0.535248869406664 0.5994797771274268 0.5950904507838606 -8.17554583371449 0.6526592414897967 -0.7407419325465856 0.15917695770780615 -5.810424935486624
