id source target overlap t1 t2 t3 t4 t5 t6 t7 t8 t9 t10 t11 t12
27844314100030 p2at_met_068.pcd p2at_met_060.pcd 0.14587840867005827 -0.9370669628856255 -0.2475383879530826 0.24623211317352234 8.67178909818378 0.17135996814183144 -0.9405148794596617 -0.29337266885892427 11.380841569880113 0.30420596375932485 -0.23271550873237196 0.9237435919175261 8.5158148022498
27844314100061 p2at_met_001.pcd p2at_met_005.pcd 0.10456357543273517 0.23757548913701698 -0.8651206523557169 -0.44172858615775223 -8.16217617850251 -0.5672250342443765 -0.4927184505750448 0.6599123343213048 8.266254595228213 -0.7885516137119837 0.09378051679611632 -0.6077759185601881 -15.459972091687005
27844314100092 p2at_met_076.pcd p2at_met_073.pcd 0.10918480651987178 -0.6762437842216212 -0.7341620884236653 -0.06083068488044445 14.367095210430985 -0.7124878913471799 0.6727913369591573 -0.1992807607280714 -2.028009189466434 0.18723073728763306 -0.09142124935764182 -0.9780525579848035 -1.7412670797134042
27844314100123 p2at_met_048.pcd p2at_met_044.pcd 0.17632172221731057 0.5960369658103086 0.4462980357296247 -0.6675013098800031 -9.560011614224308 -0.7184653120008258 -0.07476457158688876 -0.6915329741140224 -6.413022102690772 -0.3585352574562191 0.8917557525125968 0.2760872090870836 6.9948601252905185
27844314100154 p2at_met_030.pcd p2at_met_027.pcd 0.11931668302153567 0.9400573750451844 -0.18442348357640173 0.2868450981430597 -2.1552238151160865 -0.31755497346947825 -0.780013898655251 0.5392004791628382 -0.9108918341377079 0.12430193259944049 -0.5979684745955927 -0.791822412502869 17.55056809437853
27844314100185 p2at_met_049.pcd p2at_met_057.pcd 0.11536931001702297 -0.9550941919675737 0.058911023069257405 0.2903869415637367 -1.1728369271446795 -0.1419832626404419 -0.9511852028134933 -0.274020917228282 -8.510728371708554 0.2600689093293985 -0.30294587191375805 0.9168358419535254 -8.059242377268314
27844314100216 p2at_met_082.pcd p2at_met_027.pcd 0.14610627260865414 -0.12970213498291236 -0.6437064285493507 0.7542011601854735 9.90939354307089 -0.9465458467072493 -0.14618103717999373 -0.2875448911913373 6.027778914426961 0.29534440279465457 -0.7511811620462944 -0.5903376538258829 9.420046090438444
27844314100247 p2at_met_072.pcd p2at_met_046.pcd 0.14317397041071278 0.518412782988277 0.6266972858481219 0.581806409680185 11.941386883997883 -0.4271422840285004 0.7791891491241807 -0.45870877371383634 -10.132614207121286 -0.7408087847948793 -0.010713626731085973 0.6716305253433628 -10.006631421870566
27844314100278 p2at_met_080.pcd p2at_met_031.pcd 0.10889837205626679 0.6562360179261183 0.3370746389746986 -0.675081459185888 -13.788141439357478 0.40638712074066496 0.5959446787838989 0.6926033842866115 -5.989784634845797 0.6357702390585638 -0.7288556973703588 0.2540975709017787 -2.2540704263084828
27844314100309 p2at_met_060.pcd p2at_met_065.pcd 0.1437575866564762 -0.9083386897555635 0.009130867714639682 -0.41813568604930523 6.964066452673529 -0.2537929372143304 -0.806684689072415 0.533712429531357 -3.0203870206942347 -0.332430398299055 0.5909115328633537 0.7350602632545257 12.911868184747508
27844314100340 p2at_met_077.pcd p2at_met_076.pcd 0.24789227166276345 0.3363732050526192 0.9061097318297999 0.25655062035776943 10.344253226758365 -0.9413646782136547 0.33110002574665925 0.06484840446968494 2.12316911654524 -0.02618414662216227 -0.26332095783262166 0.964352872983629 -14.532672449450457
27844314100371 p2at_met_066.pcd p2at_met_095.pcd 0.23837717941693692 0.3141693208638275 0.10321645933777476 0.9437393709863623 5.954836388621483 0.41237238173801793 -0.9102339030119596 -0.037726126057793435 12.098287952853534 0.8551296139227523 0.4010244435559853 -0.3285311843081819 -5.044195607617933
27844314100402 p2at_met_031.pcd p2at_met_077.pcd 0.2571222386178818 -0.9723043753657253 0.027542997271789882 0.23208960542418208 -6.593429017192071 0.025935653806801504 -0.9741833124831089 0.22426371873544565 -12.41886107358607 0.23227471559831928 0.224071990620701 0.9464883514935597 6.937165350622086
27844314100433 p2at_met_002.pcd p2at_met_097.pcd 0.23262534929927645 0.5660530620478436 -0.6090016466093732 0.5556086080806637 1.6597399724798851 -0.6572518744135677 -0.7402212055634857 -0.14174815841481625 -0.33488801343480734 0.4975981355733885 -0.28493781999097995 -0.819271953756917 -10.482245319469337
27844314100464 p2at_met_005.pcd p2at_met_012.pcd 0.23785986819285468 -0.14665189491044406 -0.9727028449347029 0.179839920971712 0.7990447805812729 0.8234355649252693 -0.2207861784641023 -0.5226923892840037 0.6687757608835254 0.5481305429688981 0.07143275757769085 0.8333368280650196 -17.12797547591712
27844314100495 p2at_met_030.pcd p2at_met_035.pcd 0.23483481582307197 0.37402130948621437 0.10736425533040106 -0.9211845508515466 -14.35324592456254 -0.9086726848453737 0.24113024634600014 -0.3408374335559659 -12.143751613274588 0.18553170043450157 0.9645357022808776 0.1877468166425642 -3.2143889256898635
27844314100526 p2at_met_004.pcd p2at_met_006.pcd 0.25093329943019616 -0.8582521863839905 -0.4384991692358564 0.2666864509992284 11.787469661669318 -0.2083767612476772 -0.17714628485067097 -0.9618722987671147 12.117203247013201 0.46902271793488703 -0.8811002623669277 0.06066314958772468 7.51635534869867
27844314100557 p2at_met_034.pcd box_map.pcd 0.26317551410808226 0.9366303511334028 -0.11716833756577395 -0.33014415943310516 -10.383914683899835 -0.1918819194949184 0.6168818846836208 -0.7633073229834295 3.5869908862551307 0.29309540137413337 0.7782855009707279 0.5553078107429057 14.640814240416242
27844314100588 p2at_met_024.pcd p2at_met_049.pcd 0.2744863110624729 0.7996762672939659 0.5975199923586189 0.05905697468162287 -7.287830190389338 -0.5444442586733887 0.680121388030558 0.490933138768378 6.9453042878166675 0.2531764537321231 -0.4247408107012363 0.8691932621692846 0.7720183659775031
27844314100619 p2at_met_085.pcd p2at_met_072.pcd 0.21304823655736352 0.7162533782084578 0.07431811039257269 0.6938716860289439 -0.98656768237777 0.4422761783317543 -0.817459631034778 -0.36898717282412796 1.2451574188531753 0.5397896630033129 0.5711712266003619 -0.6183773521229637 11.843148868966379
27844314100650 p2at_met_013.pcd p2at_met_005.pcd 0.3332357075913777 -0.7329127813133237 0.11530134222347199 0.6704807644288046 -1.5027924017829983 0.252270670926809 -0.8692135344519906 0.425237980565725 0.5028071940980602 0.6318214649548605 0.48080498334246086 0.607970562128916 -14.689509153255182
27844314100681 p2at_met_085.pcd p2at_met_035.pcd 0.36710167671594945 0.5302357867686479 -0.46134677259988083 -0.7113432124098091 -0.09169649128690405 0.8336078803486446 0.13053924163506347 0.5367097988801606 15.146554561864246 -0.15475113004586682 -0.8775640499730013 0.4537988827052254 0.19132167948699344
27844314100712 p2at_met_007.pcd p2at_met_087.pcd 0.3665885124650288 -0.42589473584425375 -0.6314583529080506 -0.6479768688177113 -12.162269129890692 0.04279724713973665 -0.7294346993892487 0.6827103448492465 -2.766398269172171 -0.9037599623890261 0.26303111578208493 0.33768707779987356 -11.9198492882239
27844314100743 p2at_met_069.pcd p2at_met_071.pcd 0.3038036009135761 -0.0799051722593897 -0.9841141631395833 -0.15853856740324934 -16.012680134353957 0.7106708182920165 -0.1677694098843771 0.6832279364422997 -6.35622045562971 -0.698972210802656 -0.05807528747346191 0.7127868612078381 -9.507468800486329
27844314100774 p2at_met_012.pcd p2at_met_087.pcd 0.3167030326803795 0.5364370545370835 0.8276604817273215 -0.16496488567715295 -6.423683112139877 -0.8357102790844838 0.493726684392312 -0.24046265937044886 2.647233833058359 -0.11757387444544104 0.26685593136723107 0.9565376604933102 -16.771464837959076
27844314100805 p2at_met_069.pcd p2at_met_068.pcd 0.34795977892249436 -0.4562450615609364 -0.3637337003726552 -0.8121195964970137 -8.7203677261928 0.4279977845266565 0.7104471648787533 -0.5586436452301368 -1.2989945843027118 0.780165585143007 -0.6024637923800539 -0.16846079255872048 10.45106103133561
27844314100836 p2at_met_007.pcd p2at_met_006.pcd 0.33984618346982004 0.35695922328641955 -0.7457397896921887 -0.5625409131615285 -11.730539760436724 -0.08676813234860231 0.5731408119538699 -0.8148502321786466 8.442403321674256 0.9300813965022049 0.3396789303779513 0.1398814502991706 0.4661836088601857
27844314100867 p2at_met_014.pcd p2at_met_015.pcd 0.32070078000571733 -0.5013484345486615 -0.6490123480154285 -0.572217370672288 -0.018799113757396357 0.8495958214242 -0.2440426882294916 -0.4675789842799416 -0.09408410492849426 0.16381906907971744 -0.7205734788661204 0.6737485986335195 14.568395080358313
27844314100898 p2at_met_035.pcd box_map.pcd 0.3175146073820721 0.7044472508224857 0.7084925089448015 0.04233716544293309 -5.830053848872104 -0.6114381279451642 0.6360741485034693 -0.47069426733337183 8.314113714433834 -0.3604129388681199 0.30569272541996617 0.8812800185649043 3.9495327423961153
27844314100929 p2at_met_060.pcd p2at_met_061.pcd 0.2905902980713033 -0.9818463152563288 -0.1491751978943422 0.11715192508343103 5.381033995198611 -0.18444933072489866 0.8949222310221057 -0.4063159421159281 -7.8077253659705566 -0.04422960109142903 -0.4205484047712001 -0.906191360382393 8.82492688501537
27844314100960 p2at_met_078.pcd p2at_met_079.pcd 0.4010621078072685 -0.8228006131281106 -0.1083079989240103 0.5579144454171107 9.352304096964591 -0.5645669303479325 0.0429824889664822 -0.8242673636628828 2.0679604356315773 0.06529419724231433 -0.9931877380492184 -0.09651313276004954 -11.311568076203331
27844314100991 p2at_met_052.pcd p2at_met_002.pcd 0.4088646647470177 -0.5546651977849324 -0.3335597374621581 0.7622889346634761 14.621372106178159 -0.15914276526891596 -0.8566918716512835 -0.49066548412251576 -3.5969655508965492 0.8167129842415658 -0.39346783679329655 0.42209354742810173 8.016767054511451
27844314101022 p2at_met_020.pcd p2at_met_021.pcd 0.38333216091006844 0.2569572214621833 0.9308892558671304 0.25965011005115074 8.815080452686809 -0.47643712597791943 -0.11173366388728628 0.8720798434456694 3.634039150714122 0.8408214146466149 -0.34779416565759574 0.41479942985279306 10.554382621106859
27844314101053 p2at_met_042.pcd p2at_met_078.pcd 0.4368075793793728 0.6846361857356813 -0.7105379342523055 0.16250888335646246 -15.888138619922309 -0.0024553037483885376 -0.225202392760871 -0.9743089108585027 0.5939355377293276 0.7288808302217868 0.6666481277879995 -0.15592629365169347 1.832714103410547
27844314101084 p2at_met_007.pcd p2at_met_088.pcd 0.4045782504785529 -0.6427094687599282 -0.6827404511785022 0.3475485794689799 -0.6202031803612702 0.7255582029612861 -0.6880886718499939 -0.009963623201440425 0.27954768371470345 0.24594680905008648 0.245763007786539 0.9376090395904859 -13.463274042969365
27844314101115 p2at_met_019.pcd p2at_met_006.pcd 0.38873802001331403 -0.8978010383590139 0.3926049076859972 0.19953616710347505 2.253550108684466 -0.3971925010526054 -0.917554344554237 0.018224760553174364 11.09462804093045 0.19024040745607218 -0.06289206031379552 0.9797209685009468 -15.030156095637341
27844314101146 p2at_met_095.pcd box_map.pcd 0.4003804643217641 0.34538391779461475 -0.6463249096165 -0.680421972409817 -2.147519761646577 0.7222918439210804 0.6459852840727585 -0.24697672960528724 4.222410782040095 0.5991697935760183 -0.40616145062112985 0.6899481389897439 13.491892989662743
27844314101177 p2at_met_070.pcd p2at_met_076.pcd 0.37529142057817844 0.4998840915944255 0.8576250675486421 -0.12081034096054621 -13.327051591295733 -0.4321573231275313 0.36787406708805115 0.8233521232324251 -7.9427476697590915 0.7505704117789768 -0.35937155462874826 0.5545233472863464 -6.355546486903957
27844314101208 p2at_met_044.pcd box_map.pcd 0.3968986523906221 -0.10370270022445872 -0.714276826553079 0.6921375333092539 4.314280162963217 -0.1569477010341116 -0.6754190840144347 -0.7205390205181181 0.9509738176816893 0.9821472237430919 -0.18335123669712378 -0.04206132303401923 9.92904371894998
27844314101239 p2at_met_001.pcd p2at_met_098.pcd 0.3956465150599014 0.936307891930954 0.22350607021614438 0.2708737124276724 0.6041911395078378 0.3394540869535719 -0.3783536167558283 -0.861173306331717 6.137203866328657 -0.08999141269215792 0.8982725517705193 -0.43012552630290374 -11.058315808463549
27844314101270 p2at_met_096.pcd p2at_met_098.pcd 0.4848277900659484 -0.1317324923795426 -0.990374253143401 0.04248987128862913 7.581454924123326 0.6971363073000636 -0.06208492372233926 0.7142453579061065 17.118125058557855 -0.7047322324794749 0.12371055313529977 0.6986044514225866 -6.989282219864923
27844314101301 p2at_met_098.pcd p2at_met_093.pcd 0.5267783604574788 0.6837411097378469 -0.7254025626338223 -0.07930458359225674 -2.6136237911822633 0.6756581368556807 0.5882791698102 0.44431261569770003 -9.564327878491225 -0.2756522754398518 -0.35737758812173065 0.89235479634119 12.23589456354438
27844314101332 p2at_met_053.pcd p2at_met_019.pcd 0.5107816846947282 -0.2581057200975849 -0.8411365642296204 0.4752585796899376 7.426813488545569 0.6024381897866943 0.2444480054503798 0.7598114240506404 5.375380030645075 -0.7552811825667565 0.48242559317196343 0.44363936064470344 -6.305817082817806
27844314101363 p2at_met_075.pcd p2at_met_085.pcd 0.46627347084673776 -0.45855956432952905 0.861672899993881 -0.21735440961261376 5.234730934770623 -0.37561415681961696 0.033729691916945664 0.9261621418951848 -3.884722134749156 0.8053801159443911 0.5063419015836269 0.30818946695511185 -12.04533072700959
27844314101394 p2at_met_000.pcd box_map.pcd 0.46338681228149853 0.06187523769233426 0.028543474324539048 0.9976756612416691 -0.33350917381210704 0.3309578128826901 -0.9436233619304079 0.006471237212511666 6.8179539744291215 0.9416147731702298 0.3297881454701468 -0.06783360564600628 15.448145892497514
27844314101425 p2at_met_016.pcd p2at_met_019.pcd 0.5239727748901646 0.765469951822935 0.250876911006569 -0.5925508656478324 -3.898796713454894 -0.6321806523565368 0.12145402147969109 -0.7652428003271082 -3.2543915370053935 -0.1200140643518802 0.9603695622989167 0.2515689332320864 12.818922836649953
27844314101456 p2at_met_023.pcd p2at_met_020.pcd 0.48331692263965165 -0.8902039277479485 0.349401382625814 -0.29232796794233484 6.218268633614577 -0.4071370595536328 -0.8980809685513278 0.16640309090858485 -12.834022985502182 -0.204392714547625 0.267150234409552 0.9417294571663215 -9.529999687843095
27844314101487 p2at_met_087.pcd p2at_met_004.pcd 0.47943265904138094 0.022578057335647328 -0.6541641896762231 -0.7560155053120264 5.360180033596001 0.9607210373293413 0.22341433267638733 -0.16462419138024365 8.196031734026812 0.2765959503676486 -0.7226031060686184 0.633513560502222 16.843708872780045
27844314101518 p2at_met_071.pcd p2at_met_070.pcd 0.5476729388678953 -0.20758666511430923 0.7282844479836459 0.6530769780752308 -4.857707026646073 -0.4739981697322724 0.5091212867187156 -0.7184157922125147 1.4668507456368212 -0.855706440058257 -0.45869083077279327 0.23951870534008235 -16.554163236801756
27844314101549 p2at_met_010.pcd box_map.pcd 0.5118004045853001 -0.28439297881370795 -0.889886330731451 0.3566832656276162 0.7807822965859004 0.9585722830444187 -0.2701955087548983 0.09018628070661688 -2.902534644104102 0.016118678000284298 0.36755503727468686 0.9298620772961583 -13.701414335046115
27844314101580 p2at_met_032.pcd p2at_met_034.pcd 0.6378262618356543 -0.5322420139413273 -0.8289843885499468 -0.17176531121315097 0.21790989418187987 0.7580541237545011 -0.3763350365827012 -0.5326592585312792 5.557264164537981 0.37692490505998033 -0.41371103898828654 0.8287163520558509 11.170864985967881
27844314101611 p2at_met_043.pcd p2at_met_042.pcd 0.5769432153013767 0.23519740950756296 0.301685235408083 0.9239416633628452 6.91118555015605 -0.6573211832105073 0.7496212459696202 -0.07743932911442847 16.19273075324256 -0.7159686031270298 -0.5891128977774325 0.37461307105946795 3.27610567182709
27844314101642 p2at_met_057.pcd p2at_met_023.pcd 0.5760720735022722 -0.12281779245577838 0.035750031863760016 -0.9917851204157225 -11.534191947300165 0.05733363874551286 -0.997426322077286 -0.043053291344297126 0.25758420644035424 -0.9907717414846308 -0.06215036000795206 0.12045201960280107 16.194380647638322
27844314101673 p2at_met_074.pcd p2at_met_044.pcd 0.595937747296228 -0.37957638609847416 0.2651800800055573 0.8863415212459971 -3.291724222507619 -0.6444848175366202 0.6115463962596158 -0.4589665839542856 5.281593936146319 -0.66374775862613 -0.7454465308726865 -0.06122403554704242 16.57203751046903
27844314101704 p2at_met_086.pcd p2at_met_071.pcd 0.6104356160264602 -0.8265301107836074 0.13433949854278093 0.5466268152033085 -4.525950225788515 0.24290634939553807 0.9611535409165843 0.13107393412438995 -12.387211831277089 -0.5077838924103153 0.24111567745542034 -0.827054259824495 -1.1574003301781914
27844314101735 p2at_met_063.pcd p2at_met_064.pcd 0.5759053909390212 0.7295101199709786 0.1601982509179703 0.6649447385029463 9.033730577056545 0.2879607586893787 0.8098873617616373 -0.5110391988035873 -3.2832005967891504 -0.6203979257822885 0.5642862586148966 0.5446902165666612 -6.5610354597158365
27844314101766 p2at_met_016.pcd box_map.pcd 0.5648808147425779 -0.19085747137831927 0.8281206051220632 -0.5270575765429638 -5.016481456324544 -0.9214642393739053 -0.33621442646227145 -0.1945854953322992 -13.509552460807377 -0.3383446189525473 0.4485266132693956 0.827252558784161 -9.44061031164558
27844314101797 p2at_met_100.pcd p2at_met_006.pcd 0.5599125136697392 -0.5552124033982755 -0.7688433829284703 0.31720504352833945 4.946485821251746 0.8080633641620417 -0.5889493681252924 -0.013124072688837363 1.5626675482752967 0.1969080663960563 0.24903512666273386 0.9482661646796442 -13.528141103031416
27844314101828 p2at_met_007.pcd p2at_met_005.pcd 0.5682036992988775 0.6504036851783925 0.7288897357697999 -0.21376341921806472 -4.301197664040454 -0.7592864495819813 0.6318076958432327 -0.15589458924046928 8.93246311260615 0.021427407392309333 0.263702082969962 0.9643661533099073 -8.020159233081532
27844314101859 p2at_met_059.pcd p2at_met_058.pcd 0.6353156900233679 0.014649566886757504 0.5688519381525912 0.8223094689045429 7.3495802827628784 -0.9603471820319909 0.2370027085392637 -0.14684347485764432 -7.71521134876354 -0.27842176666569224 -0.7875513879138898 0.5497673428293657 -11.491099348812604
27844314101890 p2at_met_057.pcd p2at_met_047.pcd 0.6771476197090865 -0.6405597380107388 0.35316739392814733 0.6818768319173297 -0.8182967101560328 -0.3504355529021953 0.6556721582006264 -0.6687966389140017 0.9962335371055385 -0.6832848200434035 -0.6673580844093623 -0.2962347749196912 -16.330360476598216
27844314101921 p2at_met_093.pcd p2at_met_098.pcd 0.6851698512687748 0.5770784349487932 -0.7780246139628857 -0.24831065217777948 8.655671049811582 -0.8099690221424598 -0.5841576008050111 -0.052058434391754824 -7.615924675576679 -0.10454981150934202 0.23116573597667078 -0.967280589810281 -2.705312201851604
27844314101952 p2at_met_088.pcd p2at_met_087.pcd 0.7234022478800816 0.3335144360690714 0.9156984032392492 0.22419758080456315 -6.862591526451588 -0.5079958859048241 0.37489257565683587 -0.7754970900146283 4.614669951351403 -0.7941714555669337 0.14474802597090214 0.5902031075318266 13.098179926670953
27844314101983 p2at_met_089.pcd p2at_met_010.pcd 0.6536384067687775 0.7910136937523315 -0.10230216218220825 0.6031845521141421 -0.4591090594875405 -0.4482943333862238 -0.7678389019991778 0.45766320720645515 -1.0876856461902182 0.4163286285497243 -0.632422080725794 -0.6532325656765463 -16.042265560976364
27844314102014 p2at_met_009.pcd p2at_met_099.pcd 0.6682646501318837 0.6091164174071916 0.7032543430322429 -0.3666204018481735 -1.2316288172967143 -0.5187702009843904 0.70296697459681 0.4865335663618935 17.88918844384469 0.5998788782876449 -0.10616384333894571 0.7930161219999633 4.503948914051818
27844314102045 p2at_met_089.pcd p2at_met_087.pcd 0.6908062475211997 -0.37132855254575453 -0.03436210404898349 -0.9278654815594779 4.827073134241819 0.9216741545446245 0.10732210916407 -0.37282531798286844 -3.13332725083919 0.11239154287012132 -0.9936303189264619 -0.008181100254330331 16.525252397600234
27844314102076 p2at_met_026.pcd p2at_met_034.pcd 0.6614594833296533 0.8736918741308295 -0.12464427890813026 -0.4702406966790845 11.675667963035991 -0.24298909254225468 0.7255924923803136 -0.6437948709851733 13.979703729195242 0.42144846658073176 0.67674170754934 0.6036570643005457 0.03843790988240369
27844314102107 p2at_met_085.pcd p2at_met_084.pcd 0.6874225654579995 0.628952246960918 0.21477553826527146 0.7471884228263147 -1.2445315379264033 -0.760874707830238 0.3674135596592856 0.5348616224433596 -5.768210401581553 -0.15965196530911474 -0.9049191921610216 0.39450285883828745 -9.82444810131797
27844314102138 p2at_met_100.pcd p2at_met_101.pcd 0.6734885174191533 0.10244641696296072 -0.8498406185171723 -0.5169870934267129 -6.802740440299536 -0.43597632662400976 0.42878512382095857 -0.7912445640971442 3.8281666225932414 0.8941081446194781 0.30645430443737426 -0.3265828914945167 -8.612457335424644
27844314102169 p2at_met_020.pcd p2at_met_019.pcd 0.6784009486579103 0.15596079853818667 0.17055105545407012 -0.9729278322685778 -4.91318278974789 0.3346261752132401 0.9176148207833038 0.21449560261455985 6.753139591931298 0.9293554498583892 -0.3590200247372393 0.08604109283466244 7.063240900636136
27844314102200 p2at_met_012.pcd p2at_met_010.pcd 0.8091805797314635 -0.9364942203013646 0.2972135921558921 0.18612537704442628 -6.131599832594914 -0.3357112549443077 -0.6063929722726473 -0.7208228051900565 6.504911577212358 -0.10137321463708666 -0.7375307748264712 0.6676614617738602 -16.889562601811146
27844314102231 p2at_met_073.pcd p2at_met_074.pcd 0.7292417201830871 0.17086820239946687 -0.13545217846873994 0.9759389144597355 -9.477052612334601 -0.20385257407113558 0.9642139862207207 0.16951553563293104 4.028916090502441 -0.9639751996049206 -0.22791247470118864 0.13714123530956335 -5.5982335308913305
27844314102262 p2at_met_011.pcd p2at_met_012.pcd 0.7688875619910103 -0.16294304411233684 -0.92551739086692 0.3418583384653557 -2.830539512783387 0.479042193361341 0.2286942804742253 0.8474771401388546 -15.911287865635627 -0.8625358783001205 0.3018550733071501 0.4060977386834042 1.8695373511952584
27844314102293 p2at_met_094.pcd p2at_met_026.pcd 0.7643950312264086 -0.21852611164517666 -0.9740937700915772 -0.05820365622550882 6.051428537661065 0.9749432701748811 -0.22048231302297894 0.029549443053051006 -4.4635502254011294 -0.041616805138647316 -0.05028793804496834 0.9978673082215075 -18.28059385331047
27844314102324 p2at_met_074.pcd p2at_met_073.pcd 0.7826518948386529 -0.6655192848706871 0.5728696264508234 -0.4784396226853527 9.74135854911376 -0.04729398033635279 -0.6720916830286215 -0.7389560535158359 -2.676009986964537 -0.7448807695793691 -0.46916219017931143 0.4743832611054039 -0.5680630879001015
27844314102355 p2at_met_101.pcd p2at_met_092.pcd 0.7881653413568307 0.8379234022208074 0.07903398062396111 -0.540035185814256 16.274495512009604 0.4798422702323219 0.36480266322784416 0.7979162942315211 -10.776446817447413 0.2600687749596212 -0.9277244455163415 0.2677528440229878 1.3213987574774175
27844314102386 p2at_met_010.pcd p2at_met_005.pcd 0.8170749981269199 0.16286440714661438 -0.7638734648148313 -0.6244777935495919 -13.914186121758458 0.9218281323918704 -0.10781961079903457 0.37230071965826395 4.571993177450505 -0.35172159333157005 -0.6362957341354172 0.6866000724623995 9.576634618849498
27844314102417 p2at_met_026.pcd p2at_met_094.pcd 0.760451166556267 -0.15340202528193697 0.9849213212896828 0.07998630825575997 0.2419131732488667 -0.572137105332273 -0.022530061058677497 -0.8198484793245029 -0.04375399281339682 -0.8056841511047661 -0.17152955202436032 0.5669661907388437 17.801538990007586
27844314102448 p2at_met_091.pcd p2at_met_007.pcd 0.7988619822680958 0.3990033686773616 -0.6363564347207691 -0.660186943049913 7.697862531948328 0.8627997815209225 0.5043080627180184 0.035354135331632675 -6.73562531086718 0.310439766768959 -0.5837155693204275 0.7502688087221563 -15.552430300406986
27844314102479 p2at_met_061.pcd p2at_met_062.pcd 0.7696580155152106 -0.7391170762211028 0.5629831623498031 0.3698052278551289 9.450557276417955 -0.04528406271514429 0.5062432170324747 -0.8612009979514781 -0.6236507686197542 -0.6720530494703372 -0.6532746467751722 -0.348678841598389 -4.909392101955023
27844314102510 p2at_met_090.pcd p2at_met_008.pcd 0.8360421772156653 -0.16567179735064658 -0.2638210481167142 -0.9502375019610648 0.4570407792856937 0.3468592029473107 0.8863987804917695 -0.30657119119946696 -0.7387552793636379 0.9231692959004661 -0.38038882280280295 -0.055342520663005046 11.628964956191197
27844314102541 p2at_met_070.pcd p2at_met_048.pcd 0.8218254585017096 0.6924953092890769 -0.7018546912231969 -0.16688390881273213 -0.7880035306530156 -0.25953616979929384 -0.45821023032361347 0.8501084409607358 -0.7557070865969019 -0.6731205116311174 -0.5453836972579686 -0.4994651134831047 10.270903974574104
27844314102572 p2at_met_071.pcd p2at_met_085.pcd 0.8674289155924267 0.3555479668610995 0.8644982819255391 -0.35528631244213393 12.294616020920332 -0.8888754585673051 0.4302617130170028 0.15740164379204336 8.24547856988695 0.2889395480333238 0.25984144946383264 0.9214099840585801 3.7635812895081155
27844314102603 p2at_met_010.pcd p2at_met_011.pcd 0.8783340825653705 0.5188082082941361 0.432771700909929 -0.737256195564442 -2.491695262704604 0.2059039519371638 -0.9002674640283554 -0.383564930342454 3.0760630128751947 -0.8297238128336958 0.04719267001855659 -0.5561755535019794 16.946540327054276
27844314102634 p2at_met_008.pcd p2at_met_090.pcd 0.8915921847802702 0.4642192377987365 -0.8266673277234117 0.3179962712551731 10.592502910022715 0.8803788231750548 0.47002601850509423 -0.06331405557342326 -12.084451148802973 -0.09712686014932159 0.30934878568192614 0.9459755291944141 -5.599877481884203
27844314102665 p2at_met_076.pcd p2at_met_075.pcd 0.8657057258385535 -0.8754243735995024 -0.48294765434610176 0.019842612467034646 14.301437392541311 0.48331854584950795 -0.8751251927420647 0.023644878220902377 -3.8749921196756043 0.005945531585635758 0.030289605308792485 0.9995234816973546 -4.453453829144047
27844314102696 p2at_met_084.pcd p2at_met_035.pcd 0.8443219495170347 0.11247894332037395 0.9936069729325168 0.00967835985139736 4.60635451874811 -0.9932120660743591 0.11213307111457055 0.03091870253936673 -0.6415811431807684 0.029635774223651948 -0.01309036677468243 0.9994750438024298 12.83107776802291
27844314102727 p2at_met_093.pcd p2at_met_003.pcd 0.9082562076157934 -0.6618766233687357 0.6306670102658524 0.4051894095362467 -3.920963959617482 -0.2702273451095496 -0.704927420569341 0.6557854174076303 1.6409171620991099 0.699211353878815 0.3245557793227333 0.6369984526787864 -15.804019821965293
27844314102758 p2at_met_053.pcd p2at_met_056.pcd 0.8781624433798347 -0.5494293713568088 0.4250922832404844 -0.719321844948319 0.6257539569970846 -0.8323841659303586 -0.3532295773054859 0.4270426981286636 -3.299295751002251 -0.07255319564900642 0.8333819151181404 0.5479147902321468 -10.755882711600675
27844314102789 p2at_met_067.pcd p2at_met_033.pcd 0.8808701895179929 0.5436060510693831 -0.4515992616007853 0.7074959845556555 16.130456466849438 -0.6286304013401924 -0.7775899295043279 -0.013331168152963174 1.0737757020456002 0.5561620984493815 -0.4375065810420222 -0.7065916159942042 1.9609888206092934
27844314102820 p2at_met_041.pcd p2at_met_042.pcd 0.9983661479048735 0.06523255028932888 0.9560474835522773 0.28586347016733005 7.465294384466022 0.648468464387214 0.17712239312030215 -0.7403487749369384 -13.38883296587714 -0.7584414051711831 0.23366828421652558 -0.608412498123819 7.462700689766601
27844314102851 p2at_met_091.pcd p2at_met_100.pcd 0.9786070310087778 0.9642095967264873 -0.21025420069930295 0.16153335466349378 3.64777733955771 0.020213918471662887 -0.5491696787718056 -0.8354663736008128 -5.871796062285527 0.26436953508406713 0.8088299172298026 -0.5252646132317168 -11.194173208656476
27844314102882 p2at_met_016.pcd p2at_met_007.pcd 0.9104627665456885 0.5879844799073372 0.7712968636623421 -0.2436706783606365 15.07126904777121 -0.7912589830119443 0.6109847614436411 0.024634185323660768 -8.74129647097412 0.16787934116800013 0.1783220945039942 0.9695451291305148 -8.53101605471919
27844314102913 p2at_met_018.pcd p2at_met_019.pcd 0.9157445541606709 -0.6726440466582521 0.16091408895100334 0.7222580165510658 10.683362932186682 0.6828825395968483 -0.2409373234817698 0.6896525525706403 -5.857523119854713 0.2849937255607041 0.9571080723358827 0.052179634538011645 3.762936888162103
27844314102944 p2at_met_004.pcd p2at_met_088.pcd 0.9162862195305186 -0.08156278653398452 0.5277934489852703 0.8454475661216634 9.787935843183135 0.41440742210993553 0.7894296183522341 -0.4528436442840327 -4.845674207246325 -0.9064292583279785 0.3134245569135876 -0.28310960204576574 7.613108049114312
27844314102975 p2at_met_058.pcd p2at_met_059.pcd 0.9161324472151973 -0.8051745438745246 -0.08379278450827493 0.5870883435742882 1.6076646264045729 -0.19547922272834617 0.9721409048290719 -0.1293442485757889 10.045863251817979 -0.5598944787886135 -0.21890826942457803 -0.7991228580134369 -14.891414565501785
27844314103006 p2at_met_066.pcd p2at_met_067.pcd 0.9144758353142868 -0.4018469777694748 -0.662094222004131 0.6325743020754826 3.2808998855805216 0.37081532311783083 0.5139703020499162 0.7735182769345124 -14.108632034527627 -0.8372663868796826 0.5454042260557419 0.038977270324887625 12.703428133777441
27844314103037 p2at_met_089.pcd p2at_met_088.pcd 0.9280628529339553 0.44186165450767745 0.6781749349732454 0.5872282655405583 -1.9935120800184416 -0.7443634513661453 0.6425153363775215 -0.18192606957212248 11.039162313539526 -0.5006808669661926 -0.35672510437830834 0.7887115248050246 -3.0549317442201143
27844314103068 p2at_met_008.pcd p2at_met_005.pcd 0.9198235903854804 0.698165259734971 0.7024114008194209 0.13850449125605552 -1.888956868847346 0.2925715790722978 -0.10335127423186591 -0.9506420910278439 13.526498513072696 -0.6534272271786217 0.7042277601128402 -0.27766188191415364 4.189890094941069
27844314103099 p2at_met_041.pcd p2at_met_040.pcd 0.9974749558529863 -0.33719903959585584 -0.756139915424614 -0.56084689176039 1.6021632086583635 0.5852028053007343 -0.6350087752019434 0.5042831863989509 17.746669690047288 -0.7374513437263396 -0.15816536826431327 0.6566195488393801 6.553730422132935
