id source target overlap t1 t2 t3 t4 t5 t6 t7 t8 t9 t10 t11 t12
27844314100000 p2at_met_068.pcd p2at_met_060.pcd 0.14587840867005827 0.984067286057835 0.06329315379819943 -0.16614918956481411 -0.19920178494748664 -0.05743457686456185 0.9975541562786077 0.0398368506745168 0.2880012868299939 0.1682642145292807 -0.029659433129318003 0.9852956267716261 -2.69962775488847
27844314100001 p2at_met_068.pcd p2at_met_060.pcd 0.14587840867005827 0.9221375210357974 -0.08744991375690378 -0.3768486498342065 -0.8182397868924389 0.1840258850931096 0.9560023495838232 0.2284600210231695 4.429586602103403 0.3402893855436163 -0.28002146377397485 0.8976586845300548 1.2764699644583433
27844314100002 p2at_met_068.pcd p2at_met_060.pcd 0.14587840867005827 0.9117683476901116 0.3931403839129544 0.11882389779509187 3.1464847921940815 -0.35357120673044845 0.8985647816810335 -0.2599398678419513 0.782580714802472 -0.20896382921840354 0.19499223486921582 0.9582860462404169 2.3963388863283446
27844314100003 p2at_met_068.pcd p2at_met_060.pcd 0.14587840867005827 0.9981587650201122 -0.05630624520714284 -0.02255408087680179 -2.722336027758862 0.05980106481967542 0.9757263971879144 0.21066995627550983 -1.0721887018229646 0.010144577859979732 -0.2116308214352658 0.9772970290339971 -1.1804833808695148
27844314100004 p2at_met_068.pcd p2at_met_060.pcd 0.14587840867005827 0.947071165853671 -0.32093558967057356 -0.007520245432786413 -0.26721705513316596 0.3012758458810618 0.8804785528925556 0.3660469677307566 -0.031111821746443342 -0.11085608461973916 -0.34893819678996474 0.9305659908484454 4.809601945998402
27844314100005 p2at_met_068.pcd p2at_met_060.pcd 0.14587840867005827 0.997232207764175 -0.05747398460952577 -0.04716635337709722 -0.289349045624202 0.05583030022174969 0.9978104967676287 -0.03545687687159353 0.4318526128301006 0.049100930489538716 0.032725427933673265 0.9982575544375406 -3.007580566213967
27844314100006 p2at_met_068.pcd p2at_met_060.pcd 0.14587840867005827 0.99565271183918 -0.018840016653308738 -0.09121804196423974 2.0265568638749216 0.02128088972954534 0.9994390264702233 0.025860319034599143 0.6591171311105851 0.09067966221598803 -0.027689097868211027 0.9954951093398897 3.725407863062079
27844314100007 p2at_met_068.pcd p2at_met_060.pcd 0.14587840867005827 0.9581026714586964 -0.27898111361086164 0.06487533577679842 0.02222973956288688 0.2785540577549698 0.9602918748177063 0.01572107080752906 0.5300823816135564 -0.06668513966356966 0.0030088880899584473 0.9977695318762304 4.337278695629948
27844314100008 p2at_met_068.pcd p2at_met_060.pcd 0.14587840867005827 0.9865603499718891 0.13622149429613647 -0.09023513924780878 -3.9772092231645506 -0.14953625504594917 0.9752994029191306 -0.162573008499013 -1.390410019171203 0.06586033928075848 0.17388150895743623 0.9825617723850794 -1.0018359006831299
27844314100009 p2at_met_068.pcd p2at_met_060.pcd 0.14587840867005827 0.9625561335598464 -0.2651237698997622 -0.056525006682506304 -2.5295521455166368 0.2634589491436516 0.9640264861947028 -0.03524650381552015 2.2465080700917346 0.0638362895416257 0.019034719573258453 0.9977788370116523 0.008408507165716566
27844314100010 p2at_met_068.pcd p2at_met_060.pcd 0.14587840867005827 0.9961914477305545 -0.08654867183825582 -0.01057954968491979 -0.04160561305373748 0.08674715775451 0.9960292466108018 0.020016755916795685 -0.39713668460554913 0.00880511726304299 -0.02085826692111125 0.9997436684525847 1.1073639469110994
27844314100011 p2at_met_068.pcd p2at_met_060.pcd 0.14587840867005827 0.95976442094607 -0.114757346679479 -0.2562869635177353 1.1518789723420515 0.07159949788269913 0.982524335066822 -0.17181223153327752 0.6306382355081149 0.27152489423439696 0.1465492490072367 0.9512084679114324 3.8174355474779476
27844314100012 p2at_met_068.pcd p2at_met_060.pcd 0.14587840867005827 0.9965216699141844 -0.07386643396261133 0.0385786381964459 0.7882002765997325 0.07276044330196502 0.9969181474819209 0.029327889656713114 -0.636375677032955 -0.04062609114776648 -0.026418878758607166 0.9988250915766941 -1.7493679970400706
27844314100013 p2at_met_068.pcd p2at_met_060.pcd 0.14587840867005827 0.9905172122220751 0.03317652039933266 -0.1333228066986336 -1.6070850930260367 -0.055383306142970136 0.984487390918998 -0.1664850339285129 -1.3134923294968575 0.1257312279924228 0.17229014950279867 0.9769891313069049 1.0292351051657174
27844314100014 p2at_met_068.pcd p2at_met_060.pcd 0.14587840867005827 0.9911990578923686 -0.07826500586567507 -0.10676617671400947 0.541968287544 0.08298010345551791 0.995729815788644 0.040452890873520664 2.4306212813369825 0.10314421973039882 -0.04895633571213508 0.9934608936087259 2.8798317651155405
27844314100015 p2at_met_068.pcd p2at_met_060.pcd 0.14587840867005827 0.8668439304107796 -0.4912805552503507 0.08500009613464533 -1.021718185621278 0.49534543002352743 0.8292261158167725 -0.25887632916556 0.5852319327448057 0.05669660717184467 0.26650978383604584 0.9621632033365576 1.254450966166594
27844314100016 p2at_met_068.pcd p2at_met_060.pcd 0.14587840867005827 0.9673804007645186 -0.021977034581459876 -0.2523730773432158 2.0502042407562073 -0.058033430865536084 0.950511249374037 -0.305222026917099 -1.382149617509693 0.2465913240944509 0.30991188225754196 0.9182305506336265 -4.043920793478926
27844314100017 p2at_met_068.pcd p2at_met_060.pcd 0.14587840867005827 0.9756848320527487 0.2191610220077583 -0.0027486241493405537 -0.32618932979526327 -0.2174955993911504 0.9665672995389469 -0.13580618434913694 -1.5946443623616473 -0.02710669193545525 0.13310184782527412 0.9907316111630908 0.9677574005367302
27844314100018 p2at_met_068.pcd p2at_met_060.pcd 0.14587840867005827 0.9111056871284179 0.3660479853166524 0.18946054820957628 -1.4334135755291804 -0.36614236693365954 0.9298699627030971 -0.035799715065320335 -0.9266990769588052 -0.18927808647191777 -0.03675220956841271 0.9812354870638182 0.011020002716218218
27844314100019 p2at_met_068.pcd p2at_met_060.pcd 0.14587840867005827 0.9936867551300016 0.004568250180787236 0.11209711757888248 -0.2229942753356494 -0.012965476555599962 0.9971519344721383 0.07429613715502438 0.9222260776069092 -0.11143845430054318 -0.07528047999818906 0.9909158996778423 3.479489590881237
27844314100020 p2at_met_068.pcd p2at_met_060.pcd 0.14587840867005827 0.991141028930425 0.1310817594006725 0.021378333030487737 -1.9226750776738473 -0.13078645409404002 0.991301910629994 -0.014677377382591159 2.958221656529644 -0.02311631882990449 0.011751354549482566 0.9996637141909305 0.7987787808064507
27844314100021 p2at_met_068.pcd p2at_met_060.pcd 0.14587840867005827 0.9887824954953173 0.12268984486220447 -0.08518437984596319 2.2685081642979594 -0.11488626343753178 0.9891867823248336 0.09116280023784144 -0.4907559463764837 0.09544801242254963 -0.08035366601176784 0.9921859529760811 4.388380172504207
27844314100022 p2at_met_068.pcd p2at_met_060.pcd 0.14587840867005827 0.9970933922694483 0.002814204924205836 -0.07613703003958489 -0.5838460987227793 -0.01763991260060835 0.9806914448113099 -0.19476427690248638 -0.3997700058533032 0.07411882740604425 0.1955412241051745 0.9778906018054385 2.7442921282665296
27844314100023 p2at_met_068.pcd p2at_met_060.pcd 0.14587840867005827 0.8337340186223418 -0.5037053312727597 0.2262046096772572 2.7368855317085883 0.5251398492545287 0.8499323171209541 -0.04293244738350223 0.3817540972328185 -0.17063330541477484 0.1545832965129339 0.973133228043531 1.5937615370603468
27844314100024 p2at_met_068.pcd p2at_met_060.pcd 0.14587840867005827 0.9630312896046078 0.19370897767914647 -0.18720995488751657 -0.21862802720567776 -0.07390457783778275 0.8582547593222177 0.507874867930459 0.2084812139399763 0.25905375623044957 -0.47526371633784753 0.8408421678981335 -3.723696536172114
27844314100025 p2at_met_068.pcd p2at_met_060.pcd 0.14587840867005827 0.9617997081329067 -0.20785049821848883 -0.17815580772397308 -0.5128456175046909 0.18823114777695849 0.9746532157539816 -0.12091378758020682 -1.755812031514971 0.19877212189344892 0.08276037343287262 0.9765451162886574 1.2119842658916828
27844314100026 p2at_met_068.pcd p2at_met_060.pcd 0.14587840867005827 0.8203088843086837 -0.4032365295010249 0.4055781498061895 0.2765713294475637 0.40962136984774605 0.9091343898886883 0.07539890241759885 -0.1874306210568478 -0.39912863551529215 0.10428308778364588 0.9109453166431065 1.3319137122546085
27844314100027 p2at_met_068.pcd p2at_met_060.pcd 0.14587840867005827 0.9544570770110129 -0.2909997229217729 0.06580918935107 -1.6591734314174738 0.2983150739388679 0.9275542858068174 -0.22505813369494723 1.5754639098887862 0.004450258918463623 0.23444020163115445 0.9721203562598113 1.084912153844568
27844314100028 p2at_met_068.pcd p2at_met_060.pcd 0.14587840867005827 0.9747662011974227 0.02581462976060397 0.22173059755809155 -0.21023404882665422 -0.02423728219709458 0.9996578818085127 -0.009832267786016218 -0.5407770848774026 -0.22190855583966074 0.004210015254184948 0.9750583924138675 1.3621944040500817
27844314100029 p2at_met_068.pcd p2at_met_060.pcd 0.14587840867005827 0.9768573826185948 0.110792445383361 -0.1829608921860719 0.9389111715028772 -0.08673025009939037 0.9870879638963802 0.13466705331518813 1.1639076336305834 0.195518586689976 -0.11568226128872783 0.9738532213233578 3.9211782213647934
27844314100031 p2at_met_001.pcd p2at_met_005.pcd 0.10456357543273517 0.9783623956899873 -0.20199591985244503 0.04477355316158698 0.9328668705547514 0.2040086205226906 0.9778804947195814 -0.04615431506821203 0.04639001526423644 -0.0344602009886431 0.05428983707796111 0.9979304124726688 4.695138873686697
27844314100032 p2at_met_001.pcd p2at_met_005.pcd 0.10456357543273517 0.9838335704835521 -0.17636692396165987 -0.031083978540200834 -0.07911086118691886 0.14080579932683762 0.869049108855362 -0.47426508755508395 1.570218728930107 0.11065817848453816 0.4622211100004014 0.8798331733939571 -3.6816251370731834
27844314100033 p2at_met_001.pcd p2at_met_005.pcd 0.10456357543273517 0.974353370019288 -0.21533845111046965 -0.06530590942173763 -0.01624876514986249 0.20937872459709164 0.9739144676551407 -0.0874709058950419 0.07822130490370616 0.08243821940187442 0.07155390391409748 0.9940241339205504 1.2930151708606645
27844314100034 p2at_met_001.pcd p2at_met_005.pcd 0.10456357543273517 0.9990716348812352 -0.04193067306397191 0.00988367503200716 0.3363152572458242 0.03972616141554915 0.9854703520819441 0.16513635961433493 0.9393527534252502 -0.016664347419618787 -0.16459041230852883 0.9862212204678963 1.3099997174800844
27844314100035 p2at_met_001.pcd p2at_met_005.pcd 0.10456357543273517 0.9621160360483062 -0.20444284557520548 -0.18037698320962975 -3.93147028021675 0.2652390407594491 0.8549774870067849 0.44571487294970363 0.35345060804916584 0.0630950428774057 -0.4766724447717487 0.8768137749600098 -1.9004750506773642
27844314100036 p2at_met_001.pcd p2at_met_005.pcd 0.10456357543273517 0.9827909957624913 0.1787595840489389 -0.04654964832113263 1.6771980356734728 -0.1796796984747849 0.9835890984482535 -0.01636127653217216 1.7158466712154616 0.042860991637865345 0.024443742029447352 0.9987819776464815 -0.78379203474858
27844314100037 p2at_met_001.pcd p2at_met_005.pcd 0.10456357543273517 0.9575050613545238 -0.05459952699145454 -0.2832012519971954 -1.104811313992167 0.07968141191431594 0.993778996989275 0.07780859681507994 -1.5811788648460012 0.2771911435739077 -0.09706800088237104 0.9558989868855857 -1.1912564011818898
27844314100038 p2at_met_001.pcd p2at_met_005.pcd 0.10456357543273517 0.9973430594986087 0.06988309543617345 0.020571209060569147 0.8766115227349415 -0.06968881106739071 0.9975185018987938 -0.010015387241634865 3.9395485997649935 -0.021220067906783227 0.008555193851985648 0.9997382244248675 -0.09796668729172274
27844314100039 p2at_met_001.pcd p2at_met_005.pcd 0.10456357543273517 0.9785681959191836 0.0767546583385777 0.19108377314361985 -0.1986401390525176 0.022027838233718365 0.8835961708286431 -0.46773131308445515 0.06518463857883319 -0.20474144738724326 0.4619161496638623 0.8629683716113176 3.701129391687983
27844314100040 p2at_met_001.pcd p2at_met_005.pcd 0.10456357543273517 0.9704605002230992 0.20019074407001186 0.13464799848281184 -1.101621423734889 -0.19892049720962385 0.9797466032514737 -0.022961472232316347 -3.9334240510608076 -0.13651759335927482 -0.004501044978049089 0.9906274210304787 -1.6252630980198322
27844314100041 p2at_met_001.pcd p2at_met_005.pcd 0.10456357543273517 0.9663366360663683 -0.013493586178937127 0.25692689413132047 -2.1614541902410513 0.03511601034043041 0.9961956324217225 -0.07975667847682134 0.13901588417959698 -0.25487324617092694 0.08609404785416859 0.9631341772102048 -1.5947030160800155
27844314100042 p2at_met_001.pcd p2at_met_005.pcd 0.10456357543273517 0.8715996943689156 0.21244447724020843 0.44179329653826505 1.5877310254114416 -0.3224283225622553 0.9272874434041595 0.1902050843554609 -0.7859093130821584 -0.3692613567457379 -0.3082293649137154 0.8767215686973742 3.7115779938326035
27844314100043 p2at_met_001.pcd p2at_met_005.pcd 0.10456357543273517 0.9996531489590657 -0.025777748498092556 -0.00539346443327225 -1.3209999091261695 0.025389922432736967 0.9977146373208339 -0.0626167255181576 1.029509456936517 0.006995256613126203 0.06245806719812723 0.998023073995181 -0.19879329495141163
27844314100044 p2at_met_001.pcd p2at_met_005.pcd 0.10456357543273517 0.9741345262332249 -0.22549176753564784 0.01467608851226102 0.680947145448545 0.22596340786107597 0.9725054611573251 -0.05633530267059336 -0.692013800757225 -0.0015694292527543268 0.05819442235152508 0.9983040349006873 1.7818047922758316
27844314100045 p2at_met_001.pcd p2at_met_005.pcd 0.10456357543273517 0.9960786644225641 -0.08847160268061166 -0.0002641993281119507 -0.25738052110413917 0.0884682426678185 0.996004441368012 0.012186993659730465 1.0568430933268156 -0.0008150591567288594 -0.012162577618182659 0.9999257009319507 1.2142564478606466
27844314100046 p2at_met_001.pcd p2at_met_005.pcd 0.10456357543273517 0.998263135201211 0.04042750684631975 0.04285241636640096 2.4121750345157094 -0.04283300544306315 0.9974670168635078 0.05678806136970095 0.5890184444419801 -0.04044807217857412 -0.05852492596838692 0.9974661831347625 3.5198333982331422
27844314100047 p2at_met_001.pcd p2at_met_005.pcd 0.10456357543273517 0.9010431253056361 0.3897658958597498 -0.19027304791824434 -0.45523289147327295 -0.3970357340454776 0.9178031471881849 -9.435269918785238e-05 -2.0168733445735962 0.1745964267401272 0.07563021510024773 0.9817312047263598 -1.59395177574994
27844314100048 p2at_met_001.pcd p2at_met_005.pcd 0.10456357543273517 0.9752919555956654 0.22089944579820073 0.0030060266848978296 -0.9479755790783562 -0.2209150709225218 0.9752703063041643 0.006660411449642694 0.21031932005864518 -0.0014604073677247364 -0.007159922306082981 0.9999733010050273 2.6975493192682025
27844314100049 p2at_met_001.pcd p2at_met_005.pcd 0.10456357543273517 0.9528361731568419 -0.2868344249754876 0.09914252252593936 4.438363737351247 0.29538531255877853 0.9514937988767596 -0.08606432375627805 0.3614032244060182 -0.06964728457289454 0.11129044589745378 0.9913443863781992 -1.9151236554353361
27844314100050 p2at_met_001.pcd p2at_met_005.pcd 0.10456357543273517 0.954695734781795 0.2926057048412752 -0.05420291028892259 0.5156746820439597 -0.28724857422718536 0.9537093457874537 0.0890322433847211 -0.21549668003099118 0.07774516444061068 -0.06942899431799088 0.9945528161712152 1.678223898883144
27844314100051 p2at_met_001.pcd p2at_met_005.pcd 0.10456357543273517 0.9966245656331099 0.07617650765968469 0.030604164053098914 -0.5425024932950727 -0.07682512776377144 0.9968316069384885 0.020606968542487395 -0.5097677250185384 -0.028937431135040045 -0.022888579886154403 0.9993191372079792 1.2625471135740935
27844314100052 p2at_met_001.pcd p2at_met_005.pcd 0.10456357543273517 0.9887605471787776 0.14907734979720164 -0.0113368478938124 0.44919678149148595 -0.1494756433441898 0.9872742849771556 -0.05428184106758922 -0.9436749676896067 0.0031003853897893048 0.055366325508283784 0.9984612949985321 -2.3717836831249035
27844314100053 p2at_met_001.pcd p2at_met_005.pcd 0.10456357543273517 0.9813134094664622 -0.0659611192696167 0.18075708325265455 0.3546696733006964 0.07588215070570375 0.9959353719381115 -0.048524572401747935 0.8461471348790303 -0.17682163783198185 0.06133404981896284 0.9823300070379712 -4.893964002481822
27844314100054 p2at_met_001.pcd p2at_met_005.pcd 0.10456357543273517 0.9966857920620046 0.0682981383752042 -0.04419045367741359 0.0738095597267642 -0.07560849893959666 0.9781888919596019 -0.1934679470479462 -0.4164059222919755 0.03001311029925401 0.19616792791210128 0.9801108902919288 -4.408112310587548
27844314100055 p2at_met_001.pcd p2at_met_005.pcd 0.10456357543273517 0.8367470812937632 -0.2907235209895704 0.46404111487000316 -0.15964966191264868 0.26978983818057706 0.9563069665297073 0.1126518041633047 -1.9031363013643325 -0.47651628005857954 0.030932508953790912 0.8786213147476888 2.9392684858156644
27844314100056 p2at_met_001.pcd p2at_met_005.pcd 0.10456357543273517 0.8739331515631238 -0.4530523053395279 -0.17602401888800662 -2.002312510858368 0.4839865298430087 0.8444613038957011 0.22943876122681367 -0.9628996104362375 0.04469771279907418 -0.2857073937603149 0.9572739417853282 -4.139203076097921
27844314100057 p2at_met_001.pcd p2at_met_005.pcd 0.10456357543273517 0.9969982822217869 -0.07735559134021586 -0.0032461877967774567 -1.466234523336478 0.07740420497652437 0.9968112901748516 0.0193866147612285 -1.913124285489186 0.0017361735969158066 -0.019579690200654407 0.9998067920517884 1.8344328037889193
27844314100058 p2at_met_001.pcd p2at_met_005.pcd 0.10456357543273517 0.9901613281103626 0.073875240594344 0.11884020002444651 -0.3797759446436052 -0.06826915578163767 0.9963840838185566 -0.050577464170498125 0.9305189407323956 -0.12214690615641952 0.04196672896692479 0.9916243880503501 3.597810884721579
27844314100059 p2at_met_001.pcd p2at_met_005.pcd 0.10456357543273517 0.8996565065643061 0.2658512373465568 0.3463254102687432 0.9024467402420469 -0.3699367434453429 0.8854505996090785 0.2812899598296707 -1.374923933011034 -0.23187275830843757 -0.3811828370391667 0.8949495341644739 -0.5276406099046718
27844314100060 p2at_met_001.pcd p2at_met_005.pcd 0.10456357543273517 0.9811754674367179 -0.19012015204319144 -0.03389734336805557 -1.0556545769554286 0.18959316015611266 0.9816946706852141 -0.01816609947862791 -1.0655314725785403 0.03673058292971543 0.011397426697398152 0.9992602078249292 4.165233635515735
27844314100062 p2at_met_076.pcd p2at_met_073.pcd 0.10918480651987178 0.9942550814611205 0.05030591824357132 0.0944782915722543 -1.1545445413194377 -0.06673252237332604 0.9814588546485914 0.17968107048203133 -0.479610154015025 -0.08368753459407392 -0.18495359207527248 0.9791774942940731 0.2765752301500425
27844314100063 p2at_met_076.pcd p2at_met_073.pcd 0.10918480651987178 0.9958141968930085 -0.06989447724568938 -0.05889692111548809 2.0803845334831474 0.06660176721219886 0.996199610033971 -0.0561296853044455 0.25243191170392665 0.06259624485977006 0.05197209846365473 0.9966848103140429 -0.005840095773388104
27844314100064 p2at_met_076.pcd p2at_met_073.pcd 0.10918480651987178 0.8696578456304341 -0.4915026777335563 -0.04604725088619052 0.30861839579937733 0.49151226303618895 0.8534264484110019 0.1734329623734414 -0.09854215588563724 -0.04594482363091763 -0.17346012490865786 0.9837685999503117 4.055444951255228
27844314100065 p2at_met_076.pcd p2at_met_073.pcd 0.10918480651987178 0.9852130219729847 -0.13827890779403199 0.10116444530638692 -1.1346424527576062 0.14411976592460699 0.9881467459852831 -0.052872502007499336 -2.0403936394256132 -0.09265416560897761 0.0666704736595303 0.9934637655885182 2.8778398964213245
27844314100066 p2at_met_076.pcd p2at_met_073.pcd 0.10918480651987178 0.928394061775925 0.33331153514800144 -0.16427990320329156 1.5011353369214624 -0.37154002906040756 0.8403670248543273 -0.394640685108971 0.9058701323949053 0.0065171209127768415 0.42741862860054325 0.9040303330421161 -3.5546247038625385
27844314100067 p2at_met_076.pcd p2at_met_073.pcd 0.10918480651987178 0.9764504683196691 -0.203507418992348 0.0716185264674721 -1.0554999441763742 0.2039941092678024 0.9789719725837183 0.000529414374058716 0.6332767758024064 -0.07022026988224253 0.014092810600319704 0.9974319557679354 1.9264089845903756
27844314100068 p2at_met_076.pcd p2at_met_073.pcd 0.10918480651987178 0.8394684248738412 -0.5432709888983609 -0.012222776330650312 0.9401549891908869 0.5433218584258566 0.8395238512759545 0.0010301919541896836 -0.18478440754494865 0.009701638856684366 -0.007505715168193818 0.9999247683917567 2.8086250136293227
27844314100069 p2at_met_076.pcd p2at_met_073.pcd 0.10918480651987178 0.9930027498819558 -0.11459425050660925 -0.0285253655139114 0.03878205391024714 0.11453762789441883 0.9934123276884764 -0.003616489027025229 0.08219201595381272 0.02875187860285665 0.00032395584796930037 0.9995865267846576 -2.7635197884634177
27844314100070 p2at_met_076.pcd p2at_met_073.pcd 0.10918480651987178 0.9825473506835236 -0.11814787714237807 -0.1436724844621912 -1.187982780891327 0.0728875375833925 0.9551537536583743 -0.2869995012841439 -0.7794563370022742 0.17113769464912917 0.27151866602329083 0.9470952979880716 0.5168303575723556
27844314100071 p2at_met_076.pcd p2at_met_073.pcd 0.10918480651987178 0.9393150570535437 0.334161563098605 -0.07760975028947703 1.813144310525087 -0.2865895347872808 0.8887067043599904 0.3578642650168001 -2.0399401224924425 0.18855678758111027 -0.3139051502812618 0.9305427956219909 -0.2696882272285913
27844314100072 p2at_met_076.pcd p2at_met_073.pcd 0.10918480651987178 0.9951033000805181 0.0988326956662989 0.0012330596883210745 -1.1415544080946234 -0.09884016042129887 0.9950503095351428 0.010271522862165577 -1.5829007417371235 -0.00021179413147335007 -0.010343102114396145 0.9999464862590882 0.15971218921726832
27844314100073 p2at_met_076.pcd p2at_met_073.pcd 0.10918480651987178 0.9190582067099995 0.39027916713435745 0.054901588136520095 0.19782579019167235 -0.37863348852549633 0.8356645249813743 0.3978711890231143 2.3091089136225578 0.10940152670786943 -0.3864543613268793 0.9157971022914525 -3.993012252869939
27844314100074 p2at_met_076.pcd p2at_met_073.pcd 0.10918480651987178 0.8570846272081761 0.5117358785417832 -0.059433428443018264 -0.19389919033632952 -0.5150683381732954 0.8488301625840586 -0.11913002182036465 -0.04623367081643292 -0.0105142196487309 0.13271678756129598 0.9910982320055809 -2.7496685639126013
27844314100075 p2at_met_076.pcd p2at_met_073.pcd 0.10918480651987178 0.9997279103629907 0.01354753282616207 -0.018988670189678706 -0.6710863984437538 -0.012465261330923169 0.9983529971249355 0.05599919991937736 -0.45555126876718705 0.019716046794429228 -0.05574726438115742 0.9982502291574079 -1.8069205989557493
27844314100076 p2at_met_076.pcd p2at_met_073.pcd 0.10918480651987178 0.9914691780339848 0.0721024516529179 0.10858225211448244 -0.6307369596016617 -0.08863646975533176 0.9837572326212696 0.15609382913700787 -0.05421403298140968 -0.0955638280832583 -0.16438656797615758 0.9817558815872168 2.0834850502636058
27844314100077 p2at_met_076.pcd p2at_met_073.pcd 0.10918480651987178 0.9592620682043332 0.24924430078294804 -0.1330171531478714 2.717747958171599 -0.2348191935181083 0.9651951177365441 0.11514482642760682 0.5486949882461591 0.15708669854526244 -0.07921908371571723 0.984402410559519 0.04013882201147153
27844314100078 p2at_met_076.pcd p2at_met_073.pcd 0.10918480651987178 0.9742733775117745 -0.2104808838207529 -0.08055546795738949 -2.9266793187690707 0.16389205523928144 0.90704879182847 -0.3878168169019454 -0.9086848838375908 0.15469576626799975 0.36463719885462514 0.9182096346206615 0.07876214348674689
27844314100079 p2at_met_076.pcd p2at_met_073.pcd 0.10918480651987178 0.9316384213426078 -0.35865306409930053 -0.05846222276339487 -2.0462491421450317 0.3578354799226501 0.9334694138973388 -0.02426154625504091 -0.7949506372594188 0.0632741747222392 0.0016831311124926897 0.9979947624526282 -2.0870085455259466
27844314100080 p2at_met_076.pcd p2at_met_073.pcd 0.10918480651987178 0.9942712049639836 0.10302610974230844 -0.028467379416344578 2.2377171751963796 -0.10511254589297686 0.990776217895862 -0.0855209842545584 -1.7116562603297742 0.019393908202452022 0.08802333078983895 0.9959296007054402 3.138717179189556
27844314100081 p2at_met_076.pcd p2at_met_073.pcd 0.10918480651987178 0.9348493524884562 0.35413629663113544 -0.025380535067221873 -0.034606213913499335 -0.3544069737372114 0.9350654101117769 -0.006955269867216657 0.7556036594305088 0.021269346918641924 0.01549716815675524 0.9996536663568916 -4.426141355945906
27844314100082 p2at_met_076.pcd p2at_met_073.pcd 0.10918480651987178 0.984404932695079 0.15030967248006805 -0.09139984050605204 0.47019410662788025 -0.15085540480083642 0.9885553846200454 0.0009478296735613602 0.3021804218071675 0.09049627245347097 0.012855111732263795 0.9958138233497155 4.962826657045611
27844314100083 p2at_met_076.pcd p2at_met_073.pcd 0.10918480651987178 0.970098223768762 -0.11302700431276627 0.2147890419383051 -0.25122962996439563 0.13644738567835873 0.9858380526978856 -0.0974958706529777 1.2095581328128833 -0.20072754465253215 0.12388797419008372 0.9717819830954075 3.6891185957469887
27844314100084 p2at_met_076.pcd p2at_met_073.pcd 0.10918480651987178 0.9995044569472242 -0.0283413689036809 -0.0136969832919527 0.16856655062612513 0.02976020909540949 0.9925848580465108 0.11785427243585923 0.17574770679890878 0.010255266804528701 -0.11820349565665854 0.992936434580439 1.6067195112731867
27844314100085 p2at_met_076.pcd p2at_met_073.pcd 0.10918480651987178 0.9815689902225443 0.19110797600763932 -0.0002427751191378762 0.7639286876246484 -0.1910963619965146 0.9815218520913355 0.009850598910311372 -1.7686652668616285 0.0021208171047905665 -0.00962264898343111 0.9999514522022306 0.14067376229080297
27844314100086 p2at_met_076.pcd p2at_met_073.pcd 0.10918480651987178 0.9355827524975358 0.24307790032551105 -0.2561211580531285 0.6419385600206408 -0.25451581058314743 0.9669945383089403 -0.011969337654300291 -0.3795528608483439 0.24475827951744178 0.07638519001756909 0.9665705806373591 -1.1704051556637256
27844314100087 p2at_met_076.pcd p2at_met_073.pcd 0.10918480651987178 0.9643978659327234 -0.14633464457390113 -0.22027920460596995 -1.991051266367971 0.07891424682530845 0.954244626979874 -0.2884263051942997 2.1410455131349 0.2524070082870185 0.26077454568548486 0.9318193700981569 -2.139717555713614
27844314100088 p2at_met_076.pcd p2at_met_073.pcd 0.10918480651987178 0.8861660192003529 -0.46300857938018936 0.018243953380194092 0.17829364103492623 0.4633392285970849 0.8858619363470914 -0.023777909379083074 1.115960599224185 -0.00515224782576467 0.029524314585109093 0.9995507836976675 1.7578592868492615
27844314100089 p2at_met_076.pcd p2at_met_073.pcd 0.10918480651987178 0.8647529113594294 -0.17432110959125688 0.4709719238407573 0.8558753685575554 0.08194661830403968 0.9742328939005599 0.21013095961964479 1.7470346073179603 -0.49546660234966705 -0.14311680262294074 0.8567557567726425 -4.6058906475447445
27844314100090 p2at_met_076.pcd p2at_met_073.pcd 0.10918480651987178 0.8574540399115813 -0.5067446423123413 0.08934448459220093 -0.5525751829765272 0.47362147683396616 0.8451165481321786 0.24791272003421713 3.5276625273981828 -0.2011349450516284 -0.17025829659928052 0.9646537442617378 -1.8415189246001031
27844314100091 p2at_met_076.pcd p2at_met_073.pcd 0.10918480651987178 0.9883088868698693 0.15057225758709947 -0.023948682200987746 0.8106032585756713 -0.15094064576496347 0.9884380817282037 -0.014390276075337534 -1.4164774803200553 0.021505013138697508 0.017836867286403928 0.9996096140870753 3.7559006226146896
27844314100093 p2at_met_048.pcd p2at_met_044.pcd 0.17632172221731057 0.9617959742637361 -0.26619305715160774 0.0639512330948496 0.9282795616307639 0.2675543816192139 0.9634467428526899 -0.013602446945420437 -0.3722216333223917 -0.05799273028950198 0.030193211336720118 0.9978603174907525 0.6689261368218619
27844314100094 p2at_met_048.pcd p2at_met_044.pcd 0.17632172221731057 0.9748163747699002 -0.20671014117063358 -0.08368962311831821 0.7944187682337502 0.21979563971342925 0.9540277123702189 0.2037670257735813 -1.4933575783891542 0.03772150902911777 -0.2170300476129139 0.9754358237166106 -0.18525272272269136
27844314100095 p2at_met_048.pcd p2at_met_044.pcd 0.17632172221731057 0.9400040550884776 -0.22658208850283554 -0.2550547658580632 1.677346833065304 0.27318055981709033 0.9477277633378428 0.1648771310299607 -1.860665337622736 0.20436427808019525 -0.22466117548063996 0.9527657624392354 2.510516627483637
27844314100096 p2at_met_048.pcd p2at_met_044.pcd 0.17632172221731057 0.9925513185715149 0.07299696261251398 -0.09753626736396201 -0.42045114712757814 -0.07304533272913011 0.9973238669019271 0.0030795899528722557 0.8027533462029228 0.09750004804325851 0.004067918034375052 0.9952272065585968 -4.22396936125225
27844314100097 p2at_met_048.pcd p2at_met_044.pcd 0.17632172221731057 0.8293973401439029 -0.4902045905900842 0.26795430865471676 0.10308611572384173 0.511350629504044 0.8593050725044975 -0.010738997805116696 -1.4214490372219037 -0.22499019060402883 0.14592550062428533 0.9633717674914055 -4.218782636590787
27844314100098 p2at_met_048.pcd p2at_met_044.pcd 0.17632172221731057 0.9920910634182785 0.12021783019644473 -0.036097024648132386 1.5854826429837496 -0.1219006180794708 0.9913451705901737 -0.04873389025495691 1.1275670048099289 0.029925928514117923 0.05274870662298712 0.9981593123104997 -1.4630542955696035
27844314100099 p2at_met_048.pcd p2at_met_044.pcd 0.17632172221731057 0.9940855131565236 -0.10839270259893181 0.006709288757436515 -1.018015996429571 0.10838100579913852 0.9941072446700006 0.00208414888785764 -1.4022804577375658 -0.006895659090924074 -0.0013446627529527383 0.9999753205793545 -0.3328430952282051
27844314100100 p2at_met_048.pcd p2at_met_044.pcd 0.17632172221731057 0.9997346191220676 -0.02291229993941429 -0.0023912006065055303 -0.6422687653057697 0.02300692656315335 0.9983265662893929 0.05305420219876907 1.4226395092628008 0.00117160529697725 -0.05309513680476321 0.9985887711108669 0.7498575920781781
27844314100101 p2at_met_048.pcd p2at_met_044.pcd 0.17632172221731057 0.9915286619118804 0.12824343115518097 -0.020604246474505674 0.09998996019208198 -0.12834906527468284 0.9917214509872705 -0.003883438530192691 0.054041357705569656 0.01993564772840398 0.006495076385150981 0.9997801678031025 -1.5422475201886514
27844314100102 p2at_met_048.pcd p2at_met_044.pcd 0.17632172221731057 0.9938679379434585 -0.10118040241695625 -0.04459874543931253 1.1833794881475015 0.10351473275699485 0.9931841992942329 0.053570947112420005 -3.189260983837248 0.03887443929197879 -0.057859073955746625 0.9975675944670205 -0.24081061653169375
27844314100103 p2at_met_048.pcd p2at_met_044.pcd 0.17632172221731057 0.9638003102977544 -0.24205946376070872 -0.1117863045002867 2.2998600796179725 0.21083797348618868 0.9485593280622773 -0.2361832976361334 1.6556584347120746 0.16320634425839536 0.20406473764450175 0.9652571015247134 -1.2072375661879433
27844314100104 p2at_met_048.pcd p2at_met_044.pcd 0.17632172221731057 0.9913153799864364 0.09779949255288287 0.0879151673987255 0.009702415182009979 -0.10972584828778179 0.9836148433945265 0.14304572021381073 -0.07477316656600234 -0.07248486476412862 -0.15144998880937477 0.9858036545224238 -1.4502238197444548
27844314100105 p2at_met_048.pcd p2at_met_044.pcd 0.17632172221731057 0.9232498197768152 0.37270598651739983 0.09327388646438087 0.02168332321217861 -0.3567391511441057 0.9217482391614504 -0.1520439464225673 0.04320557617354534 -0.14264272965370975 0.10710009905157608 0.9839627129419495 3.117125159432479
27844314100106 p2at_met_048.pcd p2at_met_044.pcd 0.17632172221731057 0.9989607301135682 0.04398361062096497 -0.011954149392990337 2.0041358870437214 -0.04355325487802334 0.99846734690364 0.03414778406772367 2.470812169052081 0.013437770666912372 -0.03359165318869083 0.9993452992612484 -0.7233729852596967
27844314100107 p2at_met_048.pcd p2at_met_044.pcd 0.17632172221731057 0.9621210759074889 0.24009178585399155 -0.12914708537190117 -2.671628385004043 -0.18600298197808884 0.9244371439235387 0.33289466446572746 0.6892515994658065 0.19931363724009155 -0.29626322974667574 0.9340782476378484 -0.293886411002631
27844314100108 p2at_met_048.pcd p2at_met_044.pcd 0.17632172221731057 0.8702165427114533 -0.49166566354119745 -0.03143316856315009 0.7621320628214899 0.492639734247706 0.8676906873618299 0.06647528342101972 -0.813432264643667 -0.005409346695764851 -0.07333311912191737 0.9972928319245936 3.2792617353745213
27844314100109 p2at_met_048.pcd p2at_met_044.pcd 0.17632172221731057 0.8701413151658611 -0.49242546593220954 -0.0192679044753699 0.9943758618170037 0.4767493341368983 0.8510510377427258 -0.22005045684354646 0.9883862305153952 0.12475641883867018 0.1822890332918461 0.9752981822499591 -1.238864815049906
27844314100110 p2at_met_048.pcd p2at_met_044.pcd 0.17632172221731057 0.9914404918332722 -0.1299820925610013 -0.012264043658702723 -2.6141767511962217 0.128822233082235 0.9891958482064078 -0.06997432496931834 1.3885445889706725 0.021226950254466376 0.0677954976725501 0.9974734016896019 0.564136393913931
27844314100111 p2at_met_048.pcd p2at_met_044.pcd 0.17632172221731057 0.9796697248953602 0.1578076514576497 -0.12387080069519998 -1.0370104463596654 -0.19077527827764273 0.9238335101795218 -0.331868104323798 -0.021798141736693227 0.062064670477953714 0.3487526209375411 0.9351575193878615 -0.25616725656534695
27844314100112 p2at_met_048.pcd p2at_met_044.pcd 0.17632172221731057 0.9930175943876844 0.1064694497521735 0.05079678637439146 0.04106108904299579 -0.10721470751370622 0.9941613853035741 0.012171543206547685 0.6445623843952387 -0.04920430600309879 -0.017532719148718342 0.9986348381816076 -4.296114819993137
27844314100113 p2at_met_048.pcd p2at_met_044.pcd 0.17632172221731057 0.9998084073968214 -0.019093661683426303 -0.004310519939687245 0.4581649227430169 0.01947117687615917 0.9926942252995777 0.11907580916344218 2.9203607367083464 0.0020054350373192144 -0.11913692601536283 0.9928758084926438 -2.345158503024239
27844314100114 p2at_met_048.pcd p2at_met_044.pcd 0.17632172221731057 0.9934651073719243 0.11386376524814605 -0.007881839760240298 -4.227829286410625 -0.11413545676659158 0.9913419186487372 -0.064917623481778 1.8792202206915747 0.00042183310980181514 0.06539299116385085 0.9978594985084183 1.109737954398233
27844314100115 p2at_met_048.pcd p2at_met_044.pcd 0.17632172221731057 0.9069617442550076 -0.3311377007862522 -0.2603232943397663 -2.917127509663677 0.3121441032306909 0.9433543984606081 -0.11246571799144915 2.599445678242152 0.2828187640101376 0.02074372249667096 0.9589490313362642 -0.5354000676583939
27844314100116 p2at_met_048.pcd p2at_met_044.pcd 0.17632172221731057 0.8512536718545758 -0.5088345444492545 -0.1282754556773111 -1.5780854832595277 0.4606850568492258 0.8416987362089419 -0.2816247784909838 1.6345305438659665 0.25126970479930083 0.18063954118461908 0.9509116108296726 0.20415176009169742
27844314100117 p2at_met_048.pcd p2at_met_044.pcd 0.17632172221731057 0.9933864270422837 0.10463036006108825 0.0472852442274822 0.4936686481864819 -0.10179175289247006 0.9930598323985075 -0.058911869090418546 -1.7126838629853063 -0.05312104678226815 0.053709003250249666 0.9971426665019509 -0.9890554603046574
27844314100118 p2at_met_048.pcd p2at_met_044.pcd 0.17632172221731057 0.9877625884671122 -0.15591624119946584 0.003898019366329805 0.4454068557335824 0.155923920656161 0.9877675196470609 -0.0017487416916932674 2.054402493793567 -0.00357767968961819 0.002335136082339086 0.9999908736321124 0.3362135885462978
27844314100119 p2at_met_048.pcd p2at_met_044.pcd 0.17632172221731057 0.9210663893217801 -0.3888889453876055 0.020052297051834114 0.5821646536392162 0.38816150753990114 0.9210185980895391 0.03248670555060049 1.0570352168692874 -0.031102259179845947 -0.022138882729173588 0.9992709939477947 -0.9688805658624038
27844314100120 p2at_met_048.pcd p2at_met_044.pcd 0.17632172221731057 0.9631106978816956 -0.25141787423855694 0.09595225968781973 -0.5995861038537049 0.25081072266482446 0.9678586840164703 0.018535079450999144 -0.9268078777184374 -0.09752827806427278 0.006214522288280518 0.9952133513425886 0.07721546316315318
27844314100121 p2at_met_048.pcd p2at_met_044.pcd 0.17632172221731057 0.9029603821879065 -0.42228171873711406 0.07962850130134672 3.2888407491585516 0.39490654536589564 0.8884958466327807 0.23371767357962492 -2.808693256400758 -0.16944429357828333 -0.17959198349794797 0.9690383639655498 1.5989521258579824
27844314100122 p2at_met_048.pcd p2at_met_044.pcd 0.17632172221731057 0.9635967774022719 0.006679676966631083 -0.26727632236241583 0.08621644043706471 0.07521799237781113 0.9525367294348037 0.2949848007953958 1.7360808474622098 0.25656091713783713 -0.30435039180732004 0.9173588909495143 -0.5453799045797285
27844314100124 p2at_met_030.pcd p2at_met_027.pcd 0.11931668302153567 0.9778287346558184 0.1313732017699712 0.16307068264438995 0.05178971211580374 -0.18153742775978332 0.9199720096892994 0.34741281454574047 1.9071700638440114 -0.10437972985097423 -0.36931366512077246 0.9234242192791456 -2.0722264776539236
27844314100125 p2at_met_030.pcd p2at_met_027.pcd 0.11931668302153567 0.8243093500347617 0.5653586954531968 0.029726098309870212 3.9225553998257454 -0.5616855769653428 0.8232694223636531 -0.08207783397560502 -1.3959265708362811 -0.07087600492676413 0.0509608052965841 0.996182507500079 0.6484773147592218
27844314100126 p2at_met_030.pcd p2at_met_027.pcd 0.11931668302153567 0.9817985097880564 0.18459616428879091 0.04467597013851562 0.03137379127540816 -0.18300676008400255 0.9823995414032399 -0.03741212122107461 0.055711015980475856 -0.05079578665114023 0.028555160314201786 0.9983007517165968 -2.4510438010469406
27844314100127 p2at_met_030.pcd p2at_met_027.pcd 0.11931668302153567 0.9653844491326508 0.2546537529668722 -0.056429881027124894 -1.5973473157925426 -0.25182811914581094 0.8536378282568525 -0.4559441375611791 0.5143375461109829 -0.06793720468441063 0.4543720108774432 0.8882176602336034 -0.042171574887179125
27844314100128 p2at_met_030.pcd p2at_met_027.pcd 0.11931668302153567 0.9046446227545654 0.4259980455942342 0.011990482523363544 -1.388895650902964 -0.42598072311994545 0.9047229887189117 -0.0040911139960533565 0.06782377354754555 -0.012590871751341288 -0.0014067101382538594 0.9999197423369179 0.0009829253491509555
27844314100129 p2at_met_030.pcd p2at_met_027.pcd 0.11931668302153567 0.9904355849698934 -0.13352649713706177 0.03475667687871449 0.7295666736420425 0.1379201760715641 0.950949812225472 -0.276897958932037 1.0068746187784805 0.003921359169201938 0.2790432389265964 0.9602705315439084 -0.9402061252840753
27844314100130 p2at_met_030.pcd p2at_met_027.pcd 0.11931668302153567 0.9688327109217321 -0.24763684572860994 0.006258664844246526 -1.7746981026515611 0.2476465348852469 0.9688501098294885 -0.0008114448339322012 -1.5352022053424543 -0.0058627644825764574 0.0023360909599077343 0.9999800851375237 2.1122745162203906
27844314100131 p2at_met_030.pcd p2at_met_027.pcd 0.11931668302153567 0.9549068324750257 -0.006715607303622926 -0.2968296513339875 -1.5412907967435578 0.03036304431307496 0.9967114926502924 0.07512846304076971 -0.3659619039814983 0.2953489915888579 -0.08075333452786691 0.9519705206202947 1.9073579906931197
27844314100132 p2at_met_030.pcd p2at_met_027.pcd 0.11931668302153567 0.9443753351659303 -0.2768735919420251 -0.17747180174708904 0.9351918141868562 0.3159168494911362 0.9137089115870897 0.2556023651962771 1.3793430427931177 0.09138802185096195 -0.2974509017828946 0.9503531924977741 -1.697214967975445
27844314100133 p2at_met_030.pcd p2at_met_027.pcd 0.11931668302153567 0.9847514220776249 -0.17339316639144053 0.014122555181181894 -0.6414005083005566 0.1736908007880671 0.9845165065996254 -0.023637976953828205 -1.056260656310753 -0.009805225020125468 0.025730489338913597 0.9996208278545844 1.4089031156448744
