id source target overlap t1 t2 t3 t4 t5 t6 t7 t8 t9 t10 t11 t12
5131869940000 p2at_met_074.pcd p2at_met_085.pcd 0.17427239954277676 0.8477606535000468 0.319924711905758 -0.4230248847162438 -1.489024448281444 -0.3859670500836001 0.9191803423675623 -0.0783385885423947 -0.0959175261397799 0.36377370799294617 0.22968603988285544 0.9027253250330324 -0.4478784169123986
5131869940001 p2at_met_074.pcd p2at_met_085.pcd 0.17427239954277676 0.917292837743734 -0.39020802075267425 0.07944526646898722 0.06727378092759917 0.3976885538997518 0.9079067634812862 -0.13247310263619688 0.1735141862988815 -0.020436827571130276 0.1531111013781059 0.9879976349736934 0.6183385942481576
5131869940002 p2at_met_074.pcd p2at_met_085.pcd 0.17427239954277676 0.9668186439433618 -0.23748073899088362 -0.09415204900512009 0.04155567599677582 0.16762831036782067 0.8678568156892339 -0.46768076400999475 -3.0861486360774943 0.19277567088911485 0.43637993316614204 0.8788686447036126 -2.5334106505095613
5131869940003 p2at_met_074.pcd p2at_met_085.pcd 0.17427239954277676 0.9945442774372426 -0.03143444127359708 -0.09946635671748455 0.5619867009484936 0.050113369281688205 0.9802548379001814 0.19128278279167266 -0.024714773335626168 0.09148950997830438 -0.19522379126301653 0.9764821252275045 1.1474004489192708
5131869940004 p2at_met_074.pcd p2at_met_085.pcd 0.17427239954277676 0.9718149985048348 0.21314675663078672 0.10071776813861744 1.0134949828352504 -0.21306265425794643 0.9769682754286657 -0.011717259342429866 0.6596866588222887 -0.10089556006885 -0.010072186640206017 0.9948460368392076 1.5485951556489932
5131869940005 p2at_met_074.pcd p2at_met_085.pcd 0.17427239954277676 0.9606333050723612 -0.2778097428508032 0.0023237820299038614 -0.2934831082502674 0.2778146582500145 0.9606322773397307 -0.0021548537097945933 -1.6709745475213995 -0.0016336606684285533 0.0027156049516726846 0.9999949783086749 -0.31232554564534626
5131869940006 p2at_met_074.pcd p2at_met_085.pcd 0.17427239954277676 0.9845872604668152 -0.07813026822356756 0.15647232251668358 -0.18892974821300132 0.12343818478166618 0.9442406943694174 -0.30524174949467137 -0.172163843691498 -0.12389891470169904 0.31985179737508723 0.9393316169764899 -1.780022751203655
5131869940007 p2at_met_074.pcd p2at_met_085.pcd 0.17427239954277676 0.931636856135353 0.13840413119598774 -0.3360015844577517 -1.3775307034926008 0.03431031664548046 0.8869963816433283 0.46049996864639436 -0.20976966306854097 0.36176728771673466 -0.440547063796284 0.821609830831247 0.2833388153347151
5131869940008 p2at_met_074.pcd p2at_met_085.pcd 0.17427239954277676 0.9698183976669594 0.16540634162980322 0.17914524189979433 1.0812522414315673 -0.09765264955336128 0.9367074354509606 -0.33621888764031777 -1.757861798254846 -0.22341941630462517 0.3085772553503077 0.9245884716448564 -1.138035915411119
5131869940009 p2at_met_074.pcd p2at_met_085.pcd 0.17427239954277676 0.9763120475408554 0.08158869021582794 -0.2003947889927485 0.8961323487253258 -0.0898674920647247 0.9954215672316868 -0.03255360748072635 0.8877305228997732 0.19682128872807222 0.04979145628396726 0.9791742394408376 2.2879820550637424
5131869940010 p2at_met_074.pcd p2at_met_085.pcd 0.17427239954277676 0.9812115259325428 0.11089848006063308 -0.1578780177775629 -0.9595460032019667 -0.15347426170706968 0.9445241236351493 -0.2903787713740855 0.8440749885449295 0.11691703199534695 0.30915320957657044 0.9437980189838843 -1.673940094278642
5131869940011 p2at_met_074.pcd p2at_met_085.pcd 0.17427239954277676 0.9868473085724959 0.0493223915736778 0.15394704041544227 -2.5034610153673165 0.022004081023922338 0.9024696807992286 -0.4301909990416245 1.5348804337005626 -0.16015058532991278 0.4279202927270348 0.8895144816645174 1.1629607723049638
5131869940012 p2at_met_074.pcd p2at_met_085.pcd 0.17427239954277676 0.9184849371227577 0.14169998417907315 -0.3691971489086205 -0.1301759486285792 -0.2552123847809778 0.9255506334179373 -0.2796831486415674 0.483680174983532 0.30207955729080677 0.35110844402165176 0.8862679062245709 -0.07387229568081782
5131869940013 p2at_met_074.pcd p2at_met_085.pcd 0.17427239954277676 0.9602455195430716 -0.2757009258513632 0.04378974402936973 -1.6421675409907326 0.27915679518146885 0.9484481158681389 -0.15005883916047333 0.23698926942977508 -0.00016093933028051705 0.1563175325767346 0.9877068406706787 0.2818904620651712
5131869940014 p2at_met_074.pcd p2at_met_085.pcd 0.17427239954277676 0.9891147043194621 0.1269905222405355 0.07433376729386885 -0.5457028630600322 -0.12685946436682036 0.9918993952813454 -0.006501226120102709 0.40475958052917366 -0.07455721292796842 -0.0029994835517687174 0.9972122267094583 0.000888596261159587
5131869940015 p2at_met_074.pcd p2at_met_085.pcd 0.17427239954277676 0.9475898963652112 0.181980322605421 -0.2625957929803816 -1.0712971160082951 -0.19272465334493363 0.9811300067752008 -0.015527968262772564 -2.0071786037048067 0.2548148274721149 0.06532282900886494 0.9647809760306404 -1.2048258146269748
5131869940016 p2at_met_074.pcd p2at_met_085.pcd 0.17427239954277676 0.96806219176326 -0.1526742302518679 -0.19886219423387844 0.3590120834384089 0.12000531216864795 0.9786048569594467 -0.16712647601946903 0.03257865326566771 0.220123415223866 0.13792430297949823 0.965672081359817 1.7647117823859597
5131869940017 p2at_met_074.pcd p2at_met_085.pcd 0.17427239954277676 0.9996458643930497 -0.017502726474316527 -0.02004495866390351 -2.0567071358603686 0.02236152374100482 0.9608425495371536 0.2761911607110606 0.9051986193075612 0.014425950847442214 -0.2765415874057782 0.9608936686112775 -1.2794889513967562
5131869940018 p2at_met_074.pcd p2at_met_085.pcd 0.17427239954277676 0.9252679089682152 -0.14384813915989658 0.35098006993819675 0.7226317205891775 0.22728770297644058 0.9510475820036337 -0.20940104307461033 0.11856111993064118 -0.30367679646176426 0.2735255191481711 0.9126687206568677 -1.4750309574524494
5131869940019 p2at_met_074.pcd p2at_met_085.pcd 0.17427239954277676 0.9980381472270466 -0.06258807493435065 0.0016092096246922295 -0.7632253899965642 0.06259327412764004 0.9980332797547592 -0.003413874037043612 -0.18718920676798534 -0.0013923769554975913 0.003507902217964722 0.9999928779288596 -1.5765355661445237
5131869940020 p2at_met_074.pcd p2at_met_085.pcd 0.17427239954277676 0.9976004969475805 -0.05943830395396678 0.03550121847227572 1.0750334453002004 0.058001205347648854 0.9975058104160018 0.0402245989978151 -0.3473850176639113 -0.03780355364460149 -0.03806896648703529 0.9985597854522525 -0.9622383698712621
5131869940021 p2at_met_074.pcd p2at_met_085.pcd 0.17427239954277676 0.9573904911043596 0.01646906631331177 0.2883265811501273 -1.6675543556647754 -0.045587687351167576 0.9944738309110244 0.09457040972272297 0.41860914228204965 -0.2851757533608449 -0.1036849530448813 0.9528505760123963 2.7427789738993735
5131869940022 p2at_met_074.pcd p2at_met_085.pcd 0.17427239954277676 0.9379946895268131 0.3376055414059394 -0.07866677082161247 1.350570818737659 -0.3462941607528209 0.9228600774624398 -0.16855156971834784 2.3998658500978953 0.01569447826456951 0.18534232068802348 0.9825486794627434 -2.2957933131041153
5131869940023 p2at_met_074.pcd p2at_met_085.pcd 0.17427239954277676 0.9295163916813641 -0.36524417534764037 0.05095066211816057 -0.9175954130067148 0.3677129465334433 0.9284429536822666 -0.052733961632343965 -1.6338250489755073 -0.02804401089983259 0.06775229983085858 0.9973079561099869 0.008951617127347537
5131869940024 p2at_met_074.pcd p2at_met_085.pcd 0.17427239954277676 0.9776619188175876 -0.19884343897692122 -0.0681062351752354 1.3404259639625293 0.21017937532832445 0.922824496140845 0.32283057399972337 -0.11503317082962641 -0.0013426393813619417 -0.32993368439464765 0.944003157421237 0.9167612374127605
5131869940025 p2at_met_074.pcd p2at_met_085.pcd 0.17427239954277676 0.9485649646701176 -0.31408318241048067 0.03970217030948479 0.5644340853624186 0.31504684931430443 0.9488486025043986 -0.020780092939637406 0.9178612786802577 -0.031144671093279386 0.03221931179207202 0.9989954581529071 -0.1452759730345552
5131869940026 p2at_met_074.pcd p2at_met_085.pcd 0.17427239954277676 0.9052108370470835 0.42496120976707125 -0.0011448518794941465 1.3898952187969074 -0.39596434773371775 0.8444165422416506 0.3607948704076407 -0.5393881883918373 0.15429055647164597 -0.3261421061162788 0.9326444932565183 -1.386967762802976
5131869940027 p2at_met_074.pcd p2at_met_085.pcd 0.17427239954277676 0.9962282116958224 0.07749564530084553 0.039035563025899035 -1.2054412408142923 -0.07792434687831497 0.9969132366333482 0.009580959701918496 -1.0462263403347725 -0.03817258682525249 -0.012586643103992486 0.9991918884931168 2.9313570713665635
5131869940028 p2at_met_074.pcd p2at_met_085.pcd 0.17427239954277676 0.8864741617277427 0.3993665486365477 0.23381599692755758 0.21203645214201206 -0.30729406122851927 0.8857582028035259 -0.3478545185849262 -0.06534354536412891 -0.34602589574015796 0.23651377548971586 0.9079247289730693 2.3389398029553394
5131869940029 p2at_met_074.pcd p2at_met_085.pcd 0.17427239954277676 0.95666000353602 -0.28217313540199584 -0.07197193405674915 -0.7348744569308643 0.2842306579224593 0.9585484493430781 0.01994500837167671 0.313536255744525 0.0633606402384641 -0.03953722194827585 0.9972072188613481 -0.2692133864180414
5131869940031 p2at_met_017.pcd p2at_met_059.pcd 0.10842851675026692 0.9201740402922525 0.3736865240654029 -0.11678235013969078 -1.8356915882926437 -0.3705091674527107 0.9275538470935907 0.04864994938722035 1.9161434941871562 0.12650174862716906 -0.0014974891642243575 0.9919652539885011 1.586101641079366
5131869940032 p2at_met_017.pcd p2at_met_059.pcd 0.10842851675026692 0.9799974183993208 -0.1859632815407016 -0.07087113551566841 -0.0931982376599251 0.18499685934103025 0.9825351215934228 -0.020022409179539017 1.6826879540721473 0.07335681266672896 0.006510971817751898 0.9972845056859987 0.9362103282814068
5131869940033 p2at_met_017.pcd p2at_met_059.pcd 0.10842851675026692 0.9884652746523784 0.004396402019942371 -0.15138385797593173 1.3500185082583664 -0.04570308217036957 0.9616367001956417 -0.2704923014005498 0.8229005103216752 0.14438708074660445 0.27429095589558994 0.9507454140974634 -0.9628621374395848
5131869940034 p2at_met_017.pcd p2at_met_059.pcd 0.10842851675026692 0.8933550646425257 0.06792766046229679 -0.4441875295656868 1.6481950220791357 -0.2287680079883587 0.919565363161666 -0.31947572895979376 -1.4667517977291822 0.3867582280942284 0.3870211568086069 0.8370380500215869 -1.1091951560981648
5131869940035 p2at_met_017.pcd p2at_met_059.pcd 0.10842851675026692 0.8957707928607547 -0.4370371248694625 -0.08119875703142904 0.19845147693806536 0.4334238693000673 0.8992750010978354 -0.058721562661823795 0.1417178180826105 0.09868351523214666 0.017407581288686358 0.994966602421963 3.1435697423280926
5131869940036 p2at_met_017.pcd p2at_met_059.pcd 0.10842851675026692 0.886609593538243 -0.4129666055211164 -0.20828348799249125 -0.7114036048938356 0.41326113811837795 0.9095388141838872 -0.04420833873910564 -2.719620832283108 0.20769848426759047 -0.04687993405856303 0.9770688877533714 -0.33549313820748294
5131869940037 p2at_met_017.pcd p2at_met_059.pcd 0.10842851675026692 0.9744484195895364 0.13749179797684608 -0.17761273335138117 0.4379823689195813 -0.16689111298766268 0.9724326964286346 -0.1628557868860488 -1.2952273026943835 0.15032509426304674 0.1883365509019136 0.9705316633831051 1.226757709330877
5131869940038 p2at_met_017.pcd p2at_met_059.pcd 0.10842851675026692 0.9976516194859932 0.03226233951697874 0.0604184374662753 -0.7527317714267364 -0.043758374661623925 0.9788449891347344 0.19986918695185266 0.426991219431441 -0.052692037196790706 -0.20204363067098371 0.9779580361760617 -0.6863127308355125
5131869940039 p2at_met_017.pcd p2at_met_059.pcd 0.10842851675026692 0.9888007594615126 0.14830746890333404 -0.016671915181596945 0.5145244697870761 -0.14822717382290715 0.9889353800290076 0.005959787526052354 -0.8786022823816402 0.01737132777911445 -0.0034218115624064815 0.9998432518034123 -0.37176515930302484
5131869940040 p2at_met_017.pcd p2at_met_059.pcd 0.10842851675026692 0.9969835881881787 0.07305398395147127 -0.026207638433141195 0.3865896563296292 -0.07364099951242704 0.9970381623424427 -0.02217895452034208 0.11807922427547739 0.02450975467512479 0.024042010349029887 0.9994104530492676 2.351992534689661
5131869940041 p2at_met_017.pcd p2at_met_059.pcd 0.10842851675026692 0.8887878032456331 -0.42258538048615946 -0.17741994533076003 0.09349129201033922 0.4120793652849004 0.9062604899954583 -0.0942471271688726 0.1455871323005651 0.20061614468480746 0.01065459865785276 0.9796119854407891 -3.2120928377475275
5131869940042 p2at_met_017.pcd p2at_met_059.pcd 0.10842851675026692 0.9672508795805814 -0.11060070855888315 0.22845835335322015 -0.680568097167157 0.08279695573592774 0.9883227398926462 0.12791726205620477 -0.9030889652281034 -0.23993832555774544 -0.10481242806731428 0.9651134414415642 0.8921000955967807
5131869940043 p2at_met_017.pcd p2at_met_059.pcd 0.10842851675026692 0.9999590662108272 -0.0017267403233620132 0.008881681745376008 0.4498429280915507 0.0020509162291986304 0.9993271309225867 -0.03662074746167603 1.5429988868443112 -0.008812471015060388 0.036637464020954254 0.9992897660762478 -2.548117765907248
5131869940044 p2at_met_017.pcd p2at_met_059.pcd 0.10842851675026692 0.8212077727401277 -0.5702871887233236 -0.019756426024136922 0.5282151031804465 0.5697980169670516 0.8213879693617079 -0.025534753734190344 0.2730154392123843 0.030789833575624426 0.009712165870612643 0.9994786941113287 -0.568222192675708
5131869940045 p2at_met_017.pcd p2at_met_059.pcd 0.10842851675026692 0.9954580291156145 -0.09400862822547795 0.015022985336482084 -0.3578475869915952 0.0945301028445577 0.9573469372924991 -0.27304010934818557 -0.4150094695099924 0.011285917129486178 0.27322009347014664 0.9618853406714911 3.006721804025262
5131869940046 p2at_met_017.pcd p2at_met_059.pcd 0.10842851675026692 0.9367540257847503 -0.34812162792908385 -0.03610024022175058 -0.35531990092386573 0.3343415525502833 0.9205980325036753 -0.20177955493217942 0.5413614780232531 0.10347763726684993 0.17694800004059597 0.97876543863548 -1.313142227141724
5131869940047 p2at_met_017.pcd p2at_met_059.pcd 0.10842851675026692 0.9808470872248758 -0.19260423972310575 0.029027544215132543 1.129045624306689 0.19364757060013288 0.9803003667999648 -0.03888199136517045 -0.5351159612572446 -0.020966875855587607 0.04375840139377856 0.9988221024908878 3.4643788113888525
5131869940048 p2at_met_017.pcd p2at_met_059.pcd 0.10842851675026692 0.9993506400566741 -0.0056661302999190125 -0.035583608385607306 1.4177191239415028 0.005275485894781302 0.999924892084642 -0.011062524037995188 2.6390049680679724 0.03564361747760581 0.01086761965388914 0.9993054725038629 0.9011397638956925
5131869940049 p2at_met_017.pcd p2at_met_059.pcd 0.10842851675026692 0.9845016812379832 0.1741082030790953 -0.021042178122828117 -0.1396460584454566 -0.1735168036137113 0.9496121665679339 -0.26101465853441086 -0.7010075990655963 -0.025462884818202733 0.2606205416438291 0.9651054733913863 0.10366829591154228
5131869940050 p2at_met_017.pcd p2at_met_059.pcd 0.10842851675026692 0.9945493452501085 0.10372125897597755 0.01065365190995683 -0.11864343830037283 -0.10115757413995723 0.9846072188992034 -0.14253339849205507 -0.2189898867040028 -0.02527340611590343 0.1406788005636034 0.9897326558294853 0.6554803084034888
5131869940051 p2at_met_017.pcd p2at_met_059.pcd 0.10842851675026692 0.9821022978941147 0.14532272965541274 -0.11981811514374238 0.3790214373033781 -0.08601719185787791 0.9119971001531835 0.4010764665460554 1.5103665426372808 0.1675593004759339 -0.3835917016277645 0.9081747008512908 2.7037946376186346
5131869940052 p2at_met_017.pcd p2at_met_059.pcd 0.10842851675026692 0.9392470059389477 0.3330842809581914 0.08288500234232218 2.832707797157982 -0.32418157249235835 0.9401871854032666 -0.10466309980057541 -1.1961824128253766 -0.11278905040430115 0.07143471272461292 0.9910477848856976 -1.4050745496739119
5131869940053 p2at_met_017.pcd p2at_met_059.pcd 0.10842851675026692 0.9995722607034718 0.02906231390255228 0.0032676509575504963 -1.1504789649457463 -0.028973535722395128 0.9992787387769141 -0.024546618018849064 -0.7790767005646613 -0.003978675645734072 0.024441443063978625 0.999693345982185 -0.3103418508759637
5131869940054 p2at_met_017.pcd p2at_met_059.pcd 0.10842851675026692 0.9944686354669824 0.09051328498297563 -0.053286755521694686 -1.6724881137456842 -0.09020722276239569 0.9958898657390006 0.008126024849260236 -2.488284730248325 0.053803253005127304 -0.003274226617983787 0.9985461879182758 0.8995851986281389
5131869940055 p2at_met_017.pcd p2at_met_059.pcd 0.10842851675026692 0.9675339023911743 -0.24813049744938204 0.048056258273276815 1.0009517072675096 0.24735749632702547 0.9686855119312684 0.02150925348035703 0.9540764821854618 -0.05188850291279624 -0.00892385622804813 0.998613012160111 2.493558231632112
5131869940056 p2at_met_017.pcd p2at_met_059.pcd 0.10842851675026692 0.9535199942233064 0.2898831573795855 -0.08226406070714211 -0.826804530968924 -0.24626147568627088 0.9069892062226468 0.3416516725971544 -0.10620169854588758 0.173651680697902 -0.30551323189553586 0.9362193967909116 2.698592311355563
5131869940057 p2at_met_017.pcd p2at_met_059.pcd 0.10842851675026692 0.9014082838672687 0.4329027720404545 -0.007635164383035305 0.033452043465865236 -0.43271043131937187 0.9013382419953033 0.018736492313645794 0.018965819780438754 0.014992945103242127 -0.013585414108758211 0.999795303109904 -1.55276499511408
5131869940058 p2at_met_017.pcd p2at_met_059.pcd 0.10842851675026692 0.9790603745086861 -0.0376213507940542 -0.20006353248741296 0.2559367179368735 0.04657458024487616 0.9981042318821639 0.04023370196650317 0.5145068428325975 0.1981706122055564 -0.04870909836310385 0.9789565016867341 -0.7699586771273039
5131869940059 p2at_met_017.pcd p2at_met_059.pcd 0.10842851675026692 0.8482659503964888 -0.5267033332535939 0.05503159217662987 0.6905784058506894 0.5282482113072758 0.8489057025323933 -0.017689981872441193 -0.42834392515352354 -0.03739926000076771 0.04407614941821919 0.9983278962364307 0.36987954217454044
5131869940060 p2at_met_017.pcd p2at_met_059.pcd 0.10842851675026692 0.9803323704009187 -0.19728513893021465 -0.005197836223049733 -0.4231082606477791 0.19728435645235926 0.9803460799989545 -0.0006679295335534093 0.8397382545510034 0.005227450936566056 -0.0003706588313199347 0.9999862680900855 -0.2570735266391443
5131869940062 p2at_met_085.pcd p2at_met_073.pcd 0.14443090773932435 0.9728159798820839 -0.14688971148459778 0.1790320696021593 -0.5799045357114613 0.19148653189021592 0.9450022709364427 -0.26514829064058365 0.9941320329089739 -0.13023815643166223 0.29222272427882423 0.9474407116143702 -0.2536449264033642
5131869940063 p2at_met_085.pcd p2at_met_073.pcd 0.14443090773932435 0.9210595793937545 -0.38380503051325865 -0.06590106038385554 0.13737837600394034 0.3718137892867326 0.9170408448616603 -0.14418944119336013 0.0004388928674546291 0.11577459696859749 0.10830414307924169 0.9873532575976188 -1.024832585617166
5131869940064 p2at_met_085.pcd p2at_met_073.pcd 0.14443090773932435 0.9330704748074466 -0.1485460422297365 0.32758748813177757 -0.6008171127531791 0.06738922438827152 0.9668077050266 0.24645801658202596 -0.6420743341224187 -0.3533244705351631 -0.2078868318077899 0.9121101269484767 -0.16891950215410384
5131869940065 p2at_met_085.pcd p2at_met_073.pcd 0.14443090773932435 0.9684281094368058 -0.16147571839170158 -0.18992785267711013 0.8596951266323334 0.2324078384197054 0.8604165098322777 0.453508573512257 -2.0158908511030433 0.09018643741569063 -0.48333117215624105 0.8707797566137719 -0.3679356829952149
5131869940066 p2at_met_085.pcd p2at_met_073.pcd 0.14443090773932435 0.9610090431764268 -0.18878419408561767 -0.20204491331526422 -2.2143984224856865 0.2034092009827678 0.9776002140691492 0.054060321933055704 -2.1983773062581378 0.18731341620044403 -0.09305025263478592 0.9778830884087943 1.250508598679076
5131869940067 p2at_met_085.pcd p2at_met_073.pcd 0.14443090773932435 0.9209790610286522 -0.329338440151516 0.20816762713099368 0.09603881268348588 0.2608089846391877 0.9180599339412645 0.2985709818841026 -0.3101509948326284 -0.2894412594608067 -0.22068563507924002 0.931408400107823 2.1111226876105125
5131869940068 p2at_met_085.pcd p2at_met_073.pcd 0.14443090773932435 0.98803542626742 0.15415506681645771 -0.004712941265368932 -0.17740380621461974 -0.15146678046868897 0.9756543078723922 0.15860796305511685 -0.36260842168311297 0.029048422590690556 -0.15599643234656616 0.9873303916319682 -0.4076198812957579
5131869940069 p2at_met_085.pcd p2at_met_073.pcd 0.14443090773932435 0.9022660372112834 0.09448015011999808 -0.42070119958035485 0.07670153709969049 0.007238995277092999 0.9722411554617891 0.23386905005516065 -0.06772253276820829 0.4311190033417979 -0.21405755501646664 0.8765362331917301 2.636500728998547
5131869940070 p2at_met_085.pcd p2at_met_073.pcd 0.14443090773932435 0.8839213047216272 -0.22964783667260927 -0.4073634718170087 0.3223368467549922 0.23713053821671806 0.9709235730484711 -0.03281041212542095 0.04099154009787346 0.40305363775093994 -0.06759649702744176 0.9126765465844695 -1.2155497948379985
5131869940071 p2at_met_085.pcd p2at_met_073.pcd 0.14443090773932435 0.9625736354944622 -0.23225364100105517 -0.13967906963008908 0.2942530549566997 0.17063748013961666 0.9197643676875042 -0.35343508357831066 0.11772106161450781 0.21055841617607263 0.3163728088413391 0.9249721072568975 1.3464041805515723
5131869940072 p2at_met_085.pcd p2at_met_073.pcd 0.14443090773932435 0.9997704623266983 0.005628571958926954 0.020672247985239655 0.060273918447394985 -0.0048277452919141504 0.9992435871884832 -0.038586867430367565 -0.25414541306131644 -0.020873800192022163 0.038478209942713566 0.999041396452193 0.4584986067479035
5131869940073 p2at_met_085.pcd p2at_met_073.pcd 0.14443090773932435 0.9811068664744668 -0.07952487374131532 -0.17636641123830943 -0.45331051233953495 0.06827448895987966 0.9952793705446386 -0.06897513121071358 2.0645036800601058 0.18101908936330413 0.05563064824982485 0.9819049446160174 -0.10952634243238656
5131869940074 p2at_met_085.pcd p2at_met_073.pcd 0.14443090773932435 0.9945248462855948 -0.1025326969605585 -0.020183561990108186 1.3095798329469566 0.10163831717017954 0.993966527905782 -0.0412334073990799 -2.0872870984184666 0.024289557497580057 0.038956224880226646 0.9989456591525152 -0.12691397022861645
5131869940075 p2at_met_085.pcd p2at_met_073.pcd 0.14443090773932435 0.8561235993622358 0.5167076677870938 0.008097448059259667 0.8259888843534701 -0.5167005502979448 0.8556426750350994 0.029935831048765526 0.9729615557799973 0.008539551326093388 -0.02981272729559741 0.9995190230077402 3.1635810442007926
5131869940076 p2at_met_085.pcd p2at_met_073.pcd 0.14443090773932435 0.969925285601822 0.027373607089601164 -0.24185869011703554 -1.3736917422108539 -0.07347882239921746 0.980226633571864 -0.18372971859553608 0.12215695041767635 0.2320469844860052 0.1959755915191347 0.9527579779354655 -3.0078512175475063
5131869940077 p2at_met_085.pcd p2at_met_073.pcd 0.14443090773932435 0.8869134858914653 -0.46139004171541154 -0.02244321611758012 0.31761266174191893 0.4612743070586469 0.8819992471381293 0.0964538319370384 -1.100262882294373 -0.024707937821977437 -0.0958986832736725 0.9950843986089629 -0.3169726248608477
5131869940078 p2at_met_085.pcd p2at_met_073.pcd 0.14443090773932435 0.9817828760949469 0.07442842289332234 -0.17482217843382158 1.9787593508954122 -0.08465714088567901 0.995063327493263 -0.05178940794310782 1.556196534278913 0.17010453463619502 0.06564589967125223 0.9832370330457226 -1.8518453728637057
5131869940079 p2at_met_085.pcd p2at_met_073.pcd 0.14443090773932435 0.9231209133716631 0.3055334522247166 -0.23344611555456032 0.8373438650920124 -0.23017815362703897 0.925428341957612 0.30099900580306266 2.7935530590597746 0.30800291701331917 -0.22412428131113266 0.924609382192315 -1.8555382004845422
5131869940080 p2at_met_085.pcd p2at_met_073.pcd 0.14443090773932435 0.9510286182906306 -0.30838619992589056 0.021036132902290422 1.8735928527321701 0.29975099939575645 0.9367308799012105 0.1807888187935007 -0.6834899722520064 -0.07545797210009943 -0.16562973867869465 0.9832969460502601 -0.5567807955506745
5131869940081 p2at_met_085.pcd p2at_met_073.pcd 0.14443090773932435 0.9264936685107684 0.31726327571125906 0.20236970152278197 0.028284961710985632 -0.3633833893972818 0.8940263189853328 0.26204857044387664 0.6594102178753192 -0.09778545147209636 -0.3163241294092146 0.9435979284811411 -0.48764925922996705
5131869940082 p2at_met_085.pcd p2at_met_073.pcd 0.14443090773932435 0.9772370983656171 -0.17620515100149547 0.11814989775065156 0.005497052533321773 0.1590881629882246 0.9770916823850657 0.1413605341350764 0.173689730889109 -0.1403517366297308 -0.1193465080111781 0.9828823943130514 -3.1007491968184127
5131869940083 p2at_met_085.pcd p2at_met_073.pcd 0.14443090773932435 0.8746452307634789 -0.17770242285480609 -0.4510183690430272 0.4607899563582085 0.0523903547419939 0.959589974473751 -0.2764820638295977 -0.7599348405341405 0.48192423785560806 0.2181947061708817 0.8486106876337899 0.8012456463542119
5131869940084 p2at_met_085.pcd p2at_met_073.pcd 0.14443090773932435 0.8572356025579074 0.2947186195396814 0.4222417044819304 -0.3170283392338221 -0.21421230927459783 0.9497932591817957 -0.22804791463213636 0.8021386059228318 -0.46825229125165563 0.10504142092263706 0.8773289529179622 1.3687403445435349
5131869940085 p2at_met_085.pcd p2at_met_073.pcd 0.14443090773932435 0.9999854736276962 -0.0053592768695678306 0.0005750521952602164 -0.44800961291811586 0.005307099235684875 0.9976224478044501 0.06871161717176871 0.1963839847468117 -0.0009419295592300795 -0.06870756718217014 0.997636398183533 -1.0318547026864704
5131869940086 p2at_met_085.pcd p2at_met_073.pcd 0.14443090773932435 0.9819168733806218 -0.12973813485768232 -0.13786685654671937 2.0026389354150473 0.1813098741842893 0.8539738107690292 0.48770427519542986 -2.151029907887405 0.05446084183797612 -0.503881679448928 0.8620540991272106 0.7444213410511047
5131869940087 p2at_met_085.pcd p2at_met_073.pcd 0.14443090773932435 0.9024899286183501 0.12048354418689793 0.41351619596166855 -1.100194941975594 -0.12223253020319531 0.9922501316860273 -0.022335727639511457 -1.2335066692191243 -0.4130025875252723 -0.030387361669373482 0.9102227589706843 -2.0862923876904036
5131869940088 p2at_met_085.pcd p2at_met_073.pcd 0.14443090773932435 0.9708004144209189 0.07475070500866535 -0.2279449219896759 1.1630565803134365 -0.1693959448219209 0.8864280595684623 -0.4307555096427432 -2.483456952148399 0.16985749685563092 0.4567905727030695 0.8732071938844418 1.044878677566193
5131869940089 p2at_met_085.pcd p2at_met_073.pcd 0.14443090773932435 0.9873481880332208 -0.015075863779772183 -0.1578488958428577 0.8147401452948959 0.008874278744904887 0.9991634903128805 -0.039919504036747835 0.8116279969077963 0.1583186747173981 0.03801365487658284 0.9866560491268731 -2.559618032676532
5131869940090 p2at_met_085.pcd p2at_met_073.pcd 0.14443090773932435 0.9791891222714367 0.0334309468266967 -0.20017750777638288 -1.9008680879860367 0.04194793013996197 0.9317020955022242 0.3607929827390455 0.3218981025820393 0.19856745448906304 -0.361681596201735 0.9109101980912822 -3.454634293544968
5131869940091 p2at_met_085.pcd p2at_met_073.pcd 0.14443090773932435 0.9916290495695551 -0.1250438334752186 -0.03218489955868275 0.6694788992139378 0.12507290546943542 0.9921469256877574 -0.001116317949834327 0.8189616090238296 0.03207173782654083 -0.0029184855924347533 0.9994813085168888 2.991191637006504
5131869940093 p2at_met_000.pcd p2at_met_097.pcd 0.18732770730573833 0.9804397079750363 -0.003498642373966825 -0.1967885629993894 2.011695182101592 -0.014063398796229122 0.996041052957304 -0.08777494880661287 1.1252079209776316 0.19631658065513413 0.08882556121547654 0.9765089962896563 0.9224316348670919
5131869940094 p2at_met_000.pcd p2at_met_097.pcd 0.18732770730573833 0.9891638282871541 0.14455977897925612 -0.02563963942356081 -0.9732309652762944 -0.14414887231543053 0.9894061894232797 0.017219028459668148 0.3291383550599193 0.027857196888619346 -0.013336515001070259 0.9995229431829641 1.1154015595056568
5131869940095 p2at_met_000.pcd p2at_met_097.pcd 0.18732770730573833 0.9359857750449669 0.2504658768172451 0.24738123102539783 -0.1491757026100026 -0.20612385204854056 0.959573792783474 -0.19165357763373464 -0.1653691561650853 -0.28538322748568107 0.12839385013818694 0.9497744114875643 -2.509561513927684
5131869940096 p2at_met_000.pcd p2at_met_097.pcd 0.18732770730573833 0.9906742000347525 -0.13416544186764742 0.023754233179837672 0.6542996094843067 0.13537827751909712 0.9889593526343804 -0.060267079014580414 0.1779953057011446 -0.015406211781794778 0.06292084746287407 0.9978996019605821 -1.0816338926038433
5131869940097 p2at_met_000.pcd p2at_met_097.pcd 0.18732770730573833 0.8869621341967735 0.37312948006551894 0.2721627520568166 0.9570353575960802 -0.3878477493749444 0.9217234009360609 0.00030898487352225973 -2.66598918701553 -0.25074348606872143 -0.10583176873178116 0.9622511839022115 1.8385594916678525
5131869940098 p2at_met_000.pcd p2at_met_097.pcd 0.18732770730573833 0.9961411994252412 0.08466531498856911 -0.023119153218236377 -0.03236525652926977 -0.07935430432818072 0.981394894028946 0.17483408237098488 -0.004453570290704069 0.03749140157732692 -0.1723248281931545 0.9843264440194459 0.5714231068576693
5131869940099 p2at_met_000.pcd p2at_met_097.pcd 0.18732770730573833 0.9988894770085005 -0.041200252301737635 -0.02285501984154526 2.8686851833014124 0.03798240978332219 0.9912032072337879 -0.1267814596717688 -0.7123591314735402 0.027877397093990973 0.1257725772166799 0.9916673381490075 1.1385432361652492
5131869940100 p2at_met_000.pcd p2at_met_097.pcd 0.18732770730573833 0.9951877021046648 0.03597451304589046 -0.0911442372876518 3.0105662788157197 -0.040255215411869494 0.9981496827068013 -0.04557113718633489 0.007547543449687984 0.0893361920599972 0.049020866204330035 0.9947944508614813 -1.9059027418238932
5131869940101 p2at_met_000.pcd p2at_met_097.pcd 0.18732770730573833 0.9887497618866363 -0.12475745262455781 -0.08251961211585344 -1.1917002273545225 0.10283060592415846 0.9675732507038154 -0.2307116620540059 -0.026795082128635073 0.1086267685903899 0.21963055920586871 0.969516705688214 -0.5553024551907891
5131869940102 p2at_met_000.pcd p2at_met_097.pcd 0.18732770730573833 0.9172169714211037 -0.39827271600750797 0.009584937198611934 0.05752252944800385 0.3766206787837441 0.8590066252807691 -0.3467916983380893 -0.03104400612706644 0.12988414702945944 0.321693116817484 0.9378931959144828 -3.005880803585471
5131869940103 p2at_met_000.pcd p2at_met_097.pcd 0.18732770730573833 0.9636797365838095 0.24975632564654315 0.09456819284144878 -0.2514166220672207 -0.2456346420847873 0.9679038815862684 -0.05315730070379165 0.5239108476268972 -0.10480929303090443 0.027997389338521868 0.9940981633041021 -2.4646270456803827
5131869940104 p2at_met_000.pcd p2at_met_097.pcd 0.18732770730573833 0.9916664099380457 -0.128830728282925 0.00061225050372312 -0.1459884587567743 0.12883027564486474 0.991666389851495 0.0007289143783114756 0.16638844443031134 -0.0007010548169256287 -0.0006439635035340065 0.9999995469164723 -0.7242729627604312
5131869940105 p2at_met_000.pcd p2at_met_097.pcd 0.18732770730573833 0.8742136075734817 -0.1379618604482667 0.465528831969634 -2.1545724320299438 0.007754422521818918 0.9626275639688409 0.2707176426071423 0.20152927100631896 -0.4854795951064389 -0.23305513971819697 0.8426119300046848 1.5487948411318997
5131869940106 p2at_met_000.pcd p2at_met_097.pcd 0.18732770730573833 0.992872753575547 0.08968749844591355 0.07848469806163193 0.25379677720737753 -0.09320846525633587 0.9947431965659017 0.042404656470845306 -0.15942924496156044 -0.07426895187000894 -0.049417866287064946 0.996013050757752 0.6281687565697831
5131869940107 p2at_met_000.pcd p2at_met_097.pcd 0.18732770730573833 0.9152917385512029 -0.11817137586095744 -0.3850669542651571 -0.3249773518218988 0.17471368699006573 0.9778570158947434 0.11519888907348354 0.7442834919805787 0.3629272115979368 -0.17271705877693655 0.9156706049061477 -2.0620625252838685
5131869940108 p2at_met_000.pcd p2at_met_097.pcd 0.18732770730573833 0.9330294109803807 0.334034879652186 -0.1337042161689512 0.8833897775071354 -0.3587485828110018 0.8920734710066024 -0.2747805973087084 0.06072506025309378 0.027487680453283182 0.3043445769222485 0.952165324889179 -0.23611450578195806
5131869940109 p2at_met_000.pcd p2at_met_097.pcd 0.18732770730573833 0.850652350413953 0.525728236792805 0.0006322767951142424 0.10225572841129398 -0.525685528723569 0.8505666190016845 0.013825756061244712 -0.25253763235163335 0.006730796820512076 -0.012093290651087045 0.9999042197607676 -0.7647964388472261
5131869940110 p2at_met_000.pcd p2at_met_097.pcd 0.18732770730573833 0.9420118624347644 -0.33270804531681775 0.04380647912865226 0.32909724357574593 0.33124847660448686 0.9428024108145322 0.03739065270241983 -1.0535147957044433 -0.05374102510553192 -0.02071160891308565 0.9983400880846357 -2.8904603396658506
5131869940111 p2at_met_000.pcd p2at_met_097.pcd 0.18732770730573833 0.9989401512673317 0.04219205294827465 -0.01839578359326323 1.3938485338644588 -0.04024878710852603 0.9946071000261347 0.09558635736283061 -0.7951343296760559 0.022329561623389144 -0.09474464230557947 0.9952511459084561 -1.2541551337675643
5131869940112 p2at_met_000.pcd p2at_met_097.pcd 0.18732770730573833 0.9623667051501829 0.26389993349640434 -0.06486254634975736 -0.019528805428010682 -0.26897366790247895 0.9590462697978756 -0.08878861617272515 -0.1628507054556718 0.03877487322310666 0.10289352500217852 0.9939363318237029 1.9915643824679838
5131869940113 p2at_met_000.pcd p2at_met_097.pcd 0.18732770730573833 0.8932631151684645 0.1868225742784135 -0.408874470735845 0.6047068534044068 -0.3130936210555265 0.9112261468818575 -0.2676551768473421 -0.787425431113331 0.3225730793694183 0.36710248566147063 0.8724576628623884 0.6449919265265962
5131869940114 p2at_met_000.pcd p2at_met_097.pcd 0.18732770730573833 0.996898213676884 -0.03750457905142462 0.06919073722698146 -0.7204169301400646 0.03784488136312581 0.9992770921120716 -0.0036136041085759376 -0.5426902048850228 -0.06900519199631786 0.006220910722557127 0.9975969044395303 -0.505299390154037
5131869940115 p2at_met_000.pcd p2at_met_097.pcd 0.18732770730573833 0.9060862296244828 0.2967630307486486 0.3015616820250306 0.8590851707643249 -0.33834218636859514 0.9361838449344885 0.09531197934675627 0.44476108508675993 -0.2540321031055088 -0.1883919108256889 0.9486707429489105 0.8358573892894939
5131869940116 p2at_met_000.pcd p2at_met_097.pcd 0.18732770730573833 0.9981416651097286 -0.05697944404674312 0.02159998444681763 0.4446409590447011 0.05888488975847558 0.993108936634434 -0.10132724083362865 0.023289373366130392 -0.01567756773580876 0.10241085358958821 0.9946186359288375 0.8149413442884381
5131869940117 p2at_met_000.pcd p2at_met_097.pcd 0.18732770730573833 0.9096662529266891 -0.20754079964142502 0.3597695439729644 -2.589304526528921 0.21746901193884777 0.9759786330018273 0.013150542582944697 -1.136002932063896 -0.3538566618458075 0.06627612245811024 0.9329485186543036 -2.1288287655359377
5131869940118 p2at_met_000.pcd p2at_met_097.pcd 0.18732770730573833 0.9878473290796964 -0.08072220195466052 -0.13282161172678567 -0.9029465377321231 0.073337757536325 0.9955254450953702 -0.059587427257838825 -0.6057771563658607 0.13703732246965863 0.04912244170698387 0.9893471372430865 0.4295409522671862
5131869940119 p2at_met_000.pcd p2at_met_097.pcd 0.18732770730573833 0.9970456076496608 0.06235059395708905 0.04486044694067203 -1.6665905546155506 -0.06560335866320102 0.9950143516541884 0.07511750351484374 1.1229445048107316 -0.03995316756686567 -0.07783857292752332 0.9961650972434141 1.0359422252409556
5131869940120 p2at_met_000.pcd p2at_met_097.pcd 0.18732770730573833 0.9903926639908577 0.10960327710466851 0.08431780808944991 -0.8119546585816292 -0.07635791390396966 0.9418127867735494 -0.32735018505275776 -1.390614741611371 -0.11529024285396408 0.3177668899016353 0.9411335524700604 -1.0134799084034372
5131869940121 p2at_met_000.pcd p2at_met_097.pcd 0.18732770730573833 0.9903940096895133 -0.11789248774602525 -0.07225695055966216 -0.2646485869359115 0.11774425918350216 0.9930238245908619 -0.006322438158279355 0.2859290028004626 0.07249824136112851 -0.0022461362359140914 0.9973660109867155 -0.8090601206106858
5131869940122 p2at_met_000.pcd p2at_met_097.pcd 0.18732770730573833 0.9980928140741052 0.0070007441809205335 0.06133289553369094 -0.3724858584598149 -0.006827832330076144 0.9999721044608967 -0.0030283668400035066 0.2582447038694673 -0.06135238544103812 0.0026038204543656885 0.9981127716444347 -2.0194558113855066
5131869940124 p2at_met_005.pcd p2at_met_100.pcd 0.1874659333036024 0.9993024923554674 0.018594468381987153 -0.03238478836957348 1.3633794821901202 -0.017712581898786384 0.999470107920568 0.027308749801608374 0.11557468948858286 0.03287541961145997 -0.026716083523588192 0.999102325923892 3.3171768674042514
5131869940125 p2at_met_005.pcd p2at_met_100.pcd 0.1874659333036024 0.9806575068299143 -0.17652775089926306 0.08455062069898965 -1.070218817105307 0.19450793842953348 0.9271397644130228 -0.32027881467880054 0.19688106347440076 -0.021852143739905572 0.3305295908184506 0.9435426187551669 2.682230003677833
5131869940126 p2at_met_005.pcd p2at_met_100.pcd 0.1874659333036024 0.8998632352975053 -0.43611246754117783 0.007216191173446014 0.856973037864285 0.4361666725565412 0.8998117716879701 -0.009869614111571536 2.07639151280006 -0.002188952000740859 0.012028764978230504 0.9999252558577751 -0.0860917959856235
5131869940127 p2at_met_005.pcd p2at_met_100.pcd 0.1874659333036024 0.9850239429791734 -0.16401876687187372 0.05315708674854106 -0.051805885620240015 0.1637203149423359 0.9864566063182456 0.009950996245195028 -0.0016144567679696035 -0.05406930952901395 -0.0010990745741247402 0.9985365801021693 -2.6585627282280564
5131869940128 p2at_met_005.pcd p2at_met_100.pcd 0.1874659333036024 0.8822656477483403 0.2391876037577479 0.4054585268702933 0.8976999839173344 -0.36048543693233953 0.8971938961409747 0.25513400887980126 -0.10233387271586464 -0.30275002322527084 -0.37125786582374903 0.8777870017840851 1.1746709593434532
5131869940129 p2at_met_005.pcd p2at_met_100.pcd 0.1874659333036024 0.9526578982520377 -0.30370821101217926 0.014291657069496375 -1.9921833849141783 0.30402103269440894 0.9509507330464568 -0.057130683505729044 -0.06760534823532269 0.0037603959147418323 0.05877096121545282 0.9982644106349662 0.7401307122208819
5131869940130 p2at_met_005.pcd p2at_met_100.pcd 0.1874659333036024 0.9809354298866818 0.1440174146499158 -0.1304786061796538 -0.9821698112872335 -0.15768907966568102 0.9822792112303597 -0.1013000757100068 1.037720136845654 0.11357744735299112 0.11994388463867937 0.9862624539089795 -1.1205625034926876
5131869940131 p2at_met_005.pcd p2at_met_100.pcd 0.1874659333036024 0.9998303556334437 0.00628384998619002 -0.017313959202120685 0.7592413971032578 -0.0063591672390109575 0.9999705416315836 -0.004298471945209452 -0.7940511247946551 0.017286438208258217 0.004407845095794845 0.9998408623154406 -0.5045835451471357
5131869940132 p2at_met_005.pcd p2at_met_100.pcd 0.1874659333036024 0.9601654318560598 -0.2090670767945766 0.18540037990585845 0.0308600176751934 0.2540911787080851 0.9293207941805327 -0.2679562173311151 3.056942048898523 -0.11627560522913638 0.30439089819545273 0.9454238016489555 0.12599818576347507
5131869940133 p2at_met_005.pcd p2at_met_100.pcd 0.1874659333036024 0.8759888375173883 0.08626459846993786 -0.47455450223947404 3.1496181344512104 0.06340719884710841 0.9547421158657019 0.29059769325761337 2.325652161835715 0.47814546288686854 -0.28465050718926027 0.8308736396574385 -0.2768525440803231
