id source target overlap t1 t2 t3 t4 t5 t6 t7 t8 t9 t10 t11 t12
27844314100000 p2at_met_048.pcd box_map.pcd 0.4511 0.9703297827954552 0.239050943376706 -0.03625960687640606 13.152378413220138 -0.24178339788693196 0.9587602714022441 -0.14939722382609635 -7.880505947510203 -0.000949276763727476 0.1537315467020419 0.9881121952603478 8.28635914499769
27844314100001 p2at_met_048.pcd box_map.pcd 0.4511 0.9853426649066137 0.07183643076032609 0.15472349508187008 4.324860030404999 -0.04341682378658787 0.982747722195347 -0.17978290778642264 -2.5021918997317036 -0.16496912476890027 0.17043016674131917 0.9714621691746462 6.611935362864005
27844314100002 p2at_met_048.pcd box_map.pcd 0.4511 0.9094884002685992 -0.20678284480959147 -0.3606545506011491 -15.165719359794746 0.11705894376183325 0.9598001252936302 -0.25510962971180773 -0.4571134638849106 0.39890857782482986 0.18980140826343753 0.8971328619323827 19.74200281837694
27844314100003 p2at_met_048.pcd box_map.pcd 0.4511 0.9924565946266273 0.06853980106611408 -0.10164744685399532 3.5160348429431885 -0.08522653154792971 0.981723737613898 -0.17016151540729768 -3.545674407429979 0.08812687502928965 0.17754097745370157 0.9801596070142639 12.35349187189302
27844314100004 p2at_met_048.pcd box_map.pcd 0.4511 0.9729035376598444 0.16439077129233742 0.16258653303047652 10.829216512282903 -0.1188598410207949 0.9587636220458767 -0.2581562612720882 -5.1144872767709115 -0.198320560208646 0.231836130392529 0.9523239806090924 10.056780335760832
27844314100005 p2at_met_048.pcd box_map.pcd 0.4511 0.9115873223242633 -0.21133117674112153 0.3526296747508531 -13.394980641763034 0.257379123025459 0.9622320286480043 -0.08868771095586969 3.2819637612744943 -0.32056908897821895 0.17160610939345688 0.9315507513874463 2.321940711762281
27844314100006 p2at_met_048.pcd box_map.pcd 0.4511 0.8854155747596165 -0.46455042671871605 -0.015236830659851123 -29.865791897997422 0.4647810085732279 0.8852012702845184 0.01993301673927156 3.880247412713768 0.0042277704231904 -0.024730792994440268 0.9996852073703577 -1.5016100187008008
27844314100007 p2at_met_048.pcd box_map.pcd 0.4511 0.9009743056843712 -0.4320434288469596 -0.0397966843685174 -29.62985208762754 0.4305515064536645 0.901636081030755 -0.0409606844911318 4.0378785161623405 0.05357892110751499 0.01977000186302789 0.998367891230127 0.8451227351809383
27844314100008 p2at_met_048.pcd box_map.pcd 0.4511 0.9874255680587966 -0.1579879789875316 -0.00552684713001686 -10.446214605979783 0.1579051802388717 0.9873670966800683 -0.013121373681989384 3.029988230411012 0.007530046314117002 0.012083662069432104 0.9998986366194822 0.14118833816177245
27844314100009 p2at_met_048.pcd box_map.pcd 0.4511 0.9533310026989291 0.2768894566280269 -0.12038367040961293 15.526691889697556 -0.2741435833021123 0.9608921262011094 0.03913588556540928 -8.139578603698197 0.12651203510864936 -0.0043070422504304234 0.9919557219753917 2.714416862538558
27844314100010 p2at_met_048.pcd box_map.pcd 0.4511 0.9966496336744439 -0.07251890877159842 0.037822157093073655 -4.373416710083831 0.0775985522000058 0.9845311006909222 -0.1570890717675298 0.012402296968845095 -0.025845161888824204 0.1594977104628707 0.986859923172505 10.698615571087512
27844314100011 p2at_met_048.pcd box_map.pcd 0.4511 0.9515857218407584 -0.24218472910608493 0.18929123322704408 -14.956224000256938 0.22862133493088352 0.96927066381312 0.09081115287063955 3.9305247562546777 -0.20546751374176822 -0.043138582024518965 0.9777127203517864 -7.932590991632559
27844314100012 p2at_met_048.pcd box_map.pcd 0.4511 0.9036632647174255 -0.41099595040829057 0.12031223025208204 -25.908868024169603 0.40207272271468336 0.910974238496256 0.09199707845887135 3.928035213745199 -0.14741176903166658 -0.0347601142712783 0.9884642152383678 -7.774868765062026
27844314100013 p2at_met_048.pcd box_map.pcd 0.4511 0.9423266090484272 -0.3325894770374077 0.03748068360204275 -21.66300209420166 0.3343601221388718 0.9404693578596736 -0.060997505279249985 5.250350686739481 -0.01496230605794247 0.07001161825723659 0.9974339590701891 4.63750521701315
27844314100014 p2at_met_048.pcd box_map.pcd 0.4511 0.9984609444259135 0.015346306042021854 0.05329383967193113 1.7042117871137492 -0.015522411134462214 0.9998753376349304 0.0028920480643855654 -0.3486685466677109 -0.05324281368114969 -0.0037148459320133745 0.9985746855949312 0.29601981682012823
27844314100015 p2at_met_048.pcd box_map.pcd 0.4511 0.9996346622048676 -0.0031461654019526624 0.026844808843120915 0.3276807692377126 0.0023564192922906103 0.9995649480525169 0.029400032532089615 1.7323174399160899 -0.026925627321922652 -0.029326033963571738 0.9992071828831538 0.05073316156000418
27844314100016 p2at_met_048.pcd box_map.pcd 0.4511 0.9886477441869781 0.10827762514626572 -0.10417098351596939 5.781051835925929 -0.05451392814118565 0.9045594962427322 0.42284790338337047 -5.595219781721326 0.1400138191487442 -0.4123688563043763 0.9001933441198082 -21.311953110704337
27844314100017 p2at_met_048.pcd box_map.pcd 0.4511 0.9836228503344249 0.15530546195821449 0.09146749032266663 9.015080632972271 -0.152338339492939 0.9875737066517118 -0.03861611387403566 -5.035704605509123 -0.0963281818603236 0.024049686404276183 0.9950590404409883 -1.1149661786513243
27844314100018 p2at_met_048.pcd box_map.pcd 0.4511 0.9990308218058406 -0.030482395413926715 -0.03175280541583575 -1.4416697261345597 0.030869184246415493 0.9994542138127008 0.011762990946056715 0.29329088603584175 0.03137691103196365 -0.012731773712455716 0.9994265312629174 2.1308006088332476
27844314100019 p2at_met_048.pcd box_map.pcd 0.4511 0.9998459090487665 -0.015624935692481825 -0.008001221347486081 -0.916049238765595 0.01590894898442387 0.9991975994307257 0.03675680391554686 0.4755680151614237 0.0074204784654803855 -0.036878431046897454 0.9992922084269759 0.3157633302341689
27844314100020 p2at_met_048.pcd box_map.pcd 0.4511 0.9517585518850524 0.296241761712232 0.07997798154055401 14.86915733592577 -0.2692127800815938 0.9312325283533086 -0.2456225909346363 -10.844228151809546 -0.14724176701740394 0.2122423067023571 0.96606059090062 9.14920271027126
27844314100021 p2at_met_048.pcd box_map.pcd 0.4511 0.9468187772771832 0.06657117551888192 0.3148054662571379 3.583718864208233 -0.09048673903372423 0.9939684533036515 0.06195856596298577 -2.1548954424194573 -0.30878204781752205 -0.08714925373852139 0.9471318041954015 -12.814625261209653
27844314100022 p2at_met_048.pcd box_map.pcd 0.4511 0.9997862211700995 -0.01835967343143661 -0.00950969767678023 -1.0735868591043136 0.018667216787934898 0.9992700716500527 0.03332955028035791 0.5243951512667391 0.008890836620082502 -0.03349994471621804 0.999399172867481 -0.09196401302123425
27844314100023 p2at_met_048.pcd box_map.pcd 0.4511 0.9961154249450274 -0.01545114391409145 -0.08669095880386554 -1.3765546197954244 0.02009781849465056 0.9983929733736424 0.05298630398408085 0.7930271684902716 0.08573294511646942 -0.05452277386453642 0.9948251752201354 -0.5508198621347882
27844314100024 p2at_met_048.pcd box_map.pcd 0.4511 0.9655924251582926 -0.0864422062977381 0.24527334434729453 -4.827154566959749 0.07419577174138756 0.9955112771634126 0.0587561443269646 0.8337473207850887 -0.2492513910344878 -0.03853624282218578 0.9676717945959377 -7.554316996298844
27844314100025 p2at_met_048.pcd box_map.pcd 0.4511 0.9394877166990313 0.32015252248586396 0.12192289578901563 17.746972547571595 -0.3210371624943202 0.9469793458816875 -0.012855301283388184 -10.242157855448836 -0.11957412123547567 -0.027064382856987795 0.9924563208077896 -4.167822763388305
27844314100026 p2at_met_048.pcd box_map.pcd 0.4511 0.9819228766309248 0.035380110645344 -0.18594545468919885 1.3686022106823792 -0.04373383320617167 0.9982008893391922 -0.04101629378113954 -1.0365361577400276 0.18415975722710007 0.04840694467913882 0.9817035965732663 7.920716232607813
27844314100027 p2at_met_048.pcd box_map.pcd 0.4511 0.9157749089984514 0.3535030009221871 0.19076672767515357 18.74887848747211 -0.3774378046119673 0.919775905248404 0.10748482578567678 -11.233480408654122 -0.1374664311698549 -0.17043448143931153 0.975733092519638 -13.279836385740373
27844314100028 p2at_met_048.pcd box_map.pcd 0.4511 0.9904382168259143 0.08256561763755826 -0.11052175095804177 4.466392828791719 -0.067146128470537 0.9883455373457137 0.13661806703445273 -2.237109443276268 0.12051363442416389 -0.12789064701118924 0.9844391531856796 -4.732407815001263
27844314100029 p2at_met_048.pcd box_map.pcd 0.4511 0.9347411703968962 -0.3451025219562729 -0.08463565267935785 -22.444049147651622 0.3506992571030204 0.9343349492577349 0.06346836741980781 4.540025484200568 0.05717495459054006 -0.08900815656425144 0.9943885420863434 -3.2476877804168662
27844314100031 p2at_met_088.pcd box_map.pcd 0.4406 0.9726071511041056 0.23184108852922167 0.0168831066673511 -2.0713301174266316 -0.2315093810444975 0.9726368716649615 -0.01951723254436683 -2.0449375748713883 -0.02094602849108218 0.015074002367746272 0.9996669637149503 -2.78232790669839
27844314100032 p2at_met_088.pcd box_map.pcd 0.4406 0.9112632383057226 0.2698799171813283 0.31106935049079804 -3.520594673919984 -0.1703098451514458 0.9346893768380192 -0.31201013680751705 -3.270947046338469 -0.3749584872449991 0.23134519473798093 0.8977112752520084 -6.874497484531268
27844314100033 p2at_met_088.pcd box_map.pcd 0.4406 0.9083944410804758 0.356707033792622 0.21812755776599957 -2.7124456533680057 -0.2965659314030769 0.917438014129666 -0.26524731584097233 -3.399266703222847 -0.2947340966788806 0.17625998488790434 0.9391827457860372 -5.6557532627855025
27844314100034 p2at_met_088.pcd box_map.pcd 0.4406 0.9943771304665762 -0.10587410177102 0.0021902007299382828 0.75708908498477 0.10589297080376842 0.9943037294521931 -0.012114963137050147 1.5940350032166244 -0.0008950639139023475 0.012278769141878023 0.9999242124726005 0.11463319200985655
27844314100035 p2at_met_088.pcd box_map.pcd 0.4406 0.9986773446536238 0.03536019556746639 0.03732583348055028 -0.47996278882318677 -0.03686008180896254 0.9985078717870803 0.04029099587093963 -0.2804939564399952 -0.035845441057738806 -0.041613538045520905 0.9984905697134602 0.40623891261659073
27844314100036 p2at_met_088.pcd box_map.pcd 0.4406 0.976710003881218 -0.20503071059541653 -0.06324536371220695 0.33168639530324917 0.1932393403308448 0.9686669475728914 -0.15602212031733503 2.2254124758627927 0.0932530196125076 0.14016687337796896 0.9857266973865492 0.44277859804659236
27844314100037 p2at_met_088.pcd box_map.pcd 0.4406 0.9321852747551754 0.36150787906635146 -0.018511264207671536 -2.469289354511922 -0.3574709688198037 0.9274129170300549 0.11008990769746059 -3.4303672595458323 0.05696595457507009 -0.0960069513043335 0.9937492366390016 0.07934668531167066
27844314100038 p2at_met_088.pcd box_map.pcd 0.4406 0.9938699367425483 -0.08042254551472668 -0.07586015431235732 1.3166693439945565 0.08335963053569213 0.9958554323452471 0.03637485210160708 -0.018438694004964784 0.07262038857177683 -0.042475546393102484 0.9964547692305414 -0.5461910560480814
27844314100039 p2at_met_088.pcd box_map.pcd 0.4406 0.995076315189078 0.08825989468880371 -0.04509232683337642 0.13361451749795172 -0.07750390097755369 0.9765147779538672 0.201027445317725 -0.9182836165231717 0.061775984678419445 -0.1965428183048942 0.9785472131122652 0.009675894174059563
27844314100040 p2at_met_088.pcd box_map.pcd 0.4406 0.9529099418099558 0.1141611675224775 -0.2809446042009905 -0.5899660850621515 -0.11482917159068333 0.9932846068615391 0.014140407480518102 -0.6977515618585106 0.28067223616087106 0.018786101293842578 0.9596198092195855 3.941542539623178
27844314100041 p2at_met_088.pcd box_map.pcd 0.4406 0.9617642190397445 0.2185023457006493 0.16512514011556256 -0.78532918789044 -0.22684076943350862 0.9733652895385061 0.033215635541622816 -2.5451353267705934 -0.1534693855388885 -0.0694027236132278 0.985713147755158 -1.747476377103102
27844314100042 p2at_met_088.pcd box_map.pcd 0.4406 0.9477921678036234 0.31827146287326963 0.019831353222036115 -1.138697918041439 -0.31546005869069366 0.9448817440326004 -0.08765524037258558 -1.9098008534904793 -0.04663644520085491 0.07682295044074118 0.9959534508523012 0.6065877837750596
27844314100043 p2at_met_088.pcd box_map.pcd 0.4406 0.9446309244729616 -0.17215595120600502 -0.27934699746679503 -0.0006767346295610821 0.08878670787494047 0.9536612923237345 -0.2874840169959967 1.3105386535700156 0.3158945030134078 0.24676399248630287 0.9161431083505087 4.039020273393342
27844314100044 p2at_met_088.pcd box_map.pcd 0.4406 0.8893811895917809 0.43529636107197345 -0.13970747166063316 -2.9711600548013397 -0.4252496641833656 0.8998940432279436 0.09671315357694815 -4.487386748035654 0.167820805361681 -0.02660430416984743 0.9854584660387239 1.1453710371073635
27844314100045 p2at_met_088.pcd box_map.pcd 0.4406 0.9905966504527819 0.10393385957318577 0.08897206834704001 -0.6540025467426158 -0.10763055606818084 0.9934721345782154 0.03779922243986835 -1.89657504659935 -0.08446265158153181 -0.047019896329381326 0.9953166279315296 0.10098284046436684
27844314100046 p2at_met_088.pcd box_map.pcd 0.4406 0.9757235089958046 -0.043105184731717636 0.21472209258052283 0.5679923389723758 0.07486354796557748 0.9870251450236966 -0.14204510648718774 2.383093263514226 -0.20581322401371543 0.1546716074145327 0.9662906450343421 -3.5163931669172523
27844314100047 p2at_met_088.pcd box_map.pcd 0.4406 0.9810159861405637 -0.19327225362573638 -0.01592076992756724 -0.024461785278386827 0.19381441963312832 0.9799329490245585 0.046555194751023245 1.9050695724513527 0.006603459618347157 -0.048757065072265064 0.9987888380066169 0.11374647172425556
27844314100048 p2at_met_088.pcd box_map.pcd 0.4406 0.9988698282902635 0.04494610060110933 -0.015456848712937475 -0.704915758126667 -0.04404296523344464 0.9975418588331796 0.05450189986680012 -0.6081839628249122 0.017868501471171673 -0.05375953791096124 0.9983940247912018 -0.012528640369078081
27844314100049 p2at_met_088.pcd box_map.pcd 0.4406 0.9710543304744909 -0.1704427889272339 0.16734020129498012 0.29411403092469257 0.17620973780513016 0.9841468003041007 -0.020129673465994632 2.3133873311709476 -0.16125636598096016 0.04903397958463769 0.9856936914055542 -1.725381258723734
27844314100050 p2at_met_088.pcd box_map.pcd 0.4406 0.9860286759186149 -0.16431548039782906 0.02734726984204729 0.19666353919939894 0.16441679302060408 0.9863898414474994 -0.0014828560269851418 -0.11341393421389134 -0.026731412963084133 0.005958488970164594 0.9996248936327014 -1.8733498045883743
27844314100051 p2at_met_088.pcd box_map.pcd 0.4406 0.9990050556064052 0.032056206444635874 0.03100481416203704 -0.4204393743701704 -0.032432621151996285 0.9994052690552404 0.011714660466006027 -0.43476117198956193 -0.03061084706529125 -0.012708572421857904 0.9994505831850536 -1.188752004379758
27844314100052 p2at_met_088.pcd box_map.pcd 0.4406 0.9671868441048231 0.25255269424167226 0.027690164712853384 -2.6568407980004487 -0.24611535715822855 0.9583904499293356 -0.1446201108253034 -1.45096289715022 -0.06306218804822858 0.13305969380514088 0.9890997312319177 0.6905522862250404
27844314100053 p2at_met_088.pcd box_map.pcd 0.4406 0.9701496309447973 -0.07355173310502282 -0.2310840456087799 -0.14294733928042547 0.036398313903745524 0.986265214363943 -0.16110893730829992 2.444956963587655 0.23975999733616446 0.14788870644133986 0.959501992798592 0.48898320231381653
27844314100054 p2at_met_088.pcd box_map.pcd 0.4406 0.9916542885077989 0.003960736980952311 -0.12886459811235543 0.1862133975538125 -0.01157112413004709 0.9982284060730646 -0.0583623028606296 0.4254675368027449 0.12840514464170896 0.059366336179661014 0.9899433099719122 0.3891366528663769
27844314100055 p2at_met_088.pcd box_map.pcd 0.4406 0.9910237296757276 0.12981019879554057 -0.031957464046333615 0.5003079402075592 -0.1281937330918147 0.9905725397365789 0.04829503406985508 -3.1523402125306124 0.03792537429736239 -0.04376477817247716 0.9983217468210932 -0.08372759182218426
27844314100056 p2at_met_088.pcd box_map.pcd 0.4406 0.8925530634483408 0.4458010408636745 -0.06790037476955917 -3.0004682881633826 -0.4399594096826573 0.8939156894230126 0.08573481227055939 -2.6709310506610677 0.09891787887267851 -0.046649460535409734 0.9940015498333418 -0.127707411566927
27844314100057 p2at_met_088.pcd box_map.pcd 0.4406 0.99128353366688 0.03278968397342377 -0.12760012737386417 -0.2981433870062329 -0.032928919719753896 0.9994571768971774 0.0010187221476451657 -0.38025420470235693 0.12756426665408055 0.0031918918601819314 0.9918251709345551 1.5464349596888094
27844314100058 p2at_met_088.pcd box_map.pcd 0.4406 0.9999395329054112 -0.010119211882120897 -0.004304890683020569 -0.2770555987189667 0.010121568903839872 0.9999486372181765 0.00052608785996357 -0.4787089753891008 0.004299345977336061 -0.0005696282966308706 0.9999905955296633 1.425367011774232
27844314100059 p2at_met_088.pcd box_map.pcd 0.4406 0.8946482894831334 0.07815708042736116 -0.4398816987599901 -1.9055451650583493 -0.15617433342149253 0.9771746476382467 -0.14401140785861666 -1.9795350587848324 0.41858573280184336 0.1975377907949245 0.886433756973754 5.651703621367144
27844314100060 p2at_met_088.pcd box_map.pcd 0.4406 0.982064105815247 -0.043863015854635305 -0.18337428366440936 -0.17623897102312824 0.05442419130495999 0.9971124001549735 0.052961012622389406 2.063887238654913 0.18052174237498478 -0.061991106598638684 0.9816155068215741 4.706651991283702
27844314100062 p2at_met_019.pcd box_map.pcd 0.4337 0.9279139705867455 0.3726898325709643 0.008829036649983186 10.711470775595487 -0.3726902299053953 0.927954326043912 -0.0016617188246968785 -7.506487717785123 -0.008812248464708445 -0.0017485635863021733 0.99995964258683 0.386237148594327
27844314100063 p2at_met_019.pcd box_map.pcd 0.4337 0.9936995197234291 -0.009664799107489139 0.11165955471717695 -0.1131269317106689 0.007724020808032481 0.9998117187046603 0.01780074839410561 0.17827568004290972 -0.11181057196876973 -0.016826134405889228 0.9935870758000889 0.17896691718405489
27844314100064 p2at_met_019.pcd box_map.pcd 0.4337 0.9986771508102538 0.024231520591130744 -0.04535175695996119 -1.2304908374941643 -0.021566001115523276 0.9980621644936625 0.058367999812491134 -1.9847376027900714 0.04667821810436887 -0.0573127317100426 0.9972644557681447 -2.012667419937043
27844314100065 p2at_met_019.pcd box_map.pcd 0.4337 0.9786675257380335 -0.16743776691417045 -0.11905657594854498 -5.15435254787438 0.11019578893075037 0.9168818887791204 -0.383646308636956 -1.9333219968404556 0.17339769943031325 0.36234265031821594 0.9157734663073865 15.549954713186388
27844314100066 p2at_met_019.pcd box_map.pcd 0.4337 0.9947150123148465 -0.0815164326536454 -0.06242688109219022 -3.6434007192654825 0.07870371964736099 0.9958238736832036 -0.04626593905075862 1.1313358249915453 0.06593761285597444 0.04110819638469442 0.9969766032364314 3.273426606167141
27844314100067 p2at_met_019.pcd box_map.pcd 0.4337 0.9823027233795896 0.185931042222472 -0.022605467902857654 5.3782415629339475 -0.18651038129922978 0.9820822322395157 -0.026988271287097493 -3.8577990942210936 0.01718247097066431 0.030726806822632527 0.9993801208918592 -0.09690435130315489
27844314100068 p2at_met_019.pcd box_map.pcd 0.4337 0.9998361746170937 -0.018090041827430233 -0.00061181184875993 -0.968746377112506 0.01807518346755461 0.9996566082199521 -0.018972437502741874 0.031746880919080234 0.0009548139455930365 0.01895827072448936 0.9998198199183023 0.6987238034922489
27844314100069 p2at_met_019.pcd box_map.pcd 0.4337 0.8794945537568265 0.27539527052384405 -0.38813241926587316 5.726450726499031 -0.28025013014762534 0.9588570686422719 0.045309893698711134 -4.0590164415568175 0.38464164421487157 0.06892435627445645 0.9204891301084615 7.866739401739913
27844314100070 p2at_met_019.pcd box_map.pcd 0.4337 0.9810964470457298 -0.192273963806841 0.021919955206413953 -7.366486449137392 0.19225490883916893 0.9813404560281369 0.0029932239694674036 1.5847207064645414 -0.022086457875549748 0.0012775775883111951 0.9997552481352712 -2.1049158759075777
27844314100071 p2at_met_019.pcd box_map.pcd 0.4337 0.9539696898827723 0.2467935685600981 0.17039590752814307 7.01896603029266 -0.19343797897090403 0.940532004846274 -0.2792513136074754 -4.402301483729367 -0.22918023273532864 0.23343624906432306 0.9449782741133047 6.7271783008530965
27844314100072 p2at_met_019.pcd box_map.pcd 0.4337 0.9045016586332209 -0.16091112313999473 0.39494855358587905 -5.205632360325245 0.11015828940322914 0.9828123609343737 0.1481384975972038 1.2014865463836117 -0.41199745242599123 -0.09048465971880422 0.9066811046614269 -9.66524773872727
27844314100073 p2at_met_019.pcd box_map.pcd 0.4337 0.9996167410782477 0.009470094263692719 -0.02601323260843025 1.1519993334280247 -0.013547423974927593 0.9868051449827452 -0.161344578896308 -1.0412092647102926 0.024142043404548046 0.1616351544380744 0.9865552384889722 4.16596653039734
27844314100074 p2at_met_019.pcd box_map.pcd 0.4337 0.9552827192688437 0.2919291802837673 -0.047034880303569365 8.327231403387964 -0.29536873280199866 0.9346240857324497 -0.19807859564254748 -6.665768575118403 -0.013864990056429948 0.20311369246712546 0.9790569901609941 6.1079101378210225
27844314100075 p2at_met_019.pcd box_map.pcd 0.4337 0.9591093390216546 -0.27649676645540455 0.06048813058071857 -8.26970740745408 0.27258254541048843 0.959890895269005 0.06563707121137491 2.70266090013381 -0.07621044376582271 -0.0464651193840448 0.9960085144925432 -0.8335110440836846
27844314100076 p2at_met_019.pcd box_map.pcd 0.4337 0.9212747526152463 0.3888813866910555 -0.004908897937242974 9.963532543597216 -0.38856618576413154 0.919848925025128 -0.05379846104518846 -9.201601359715081 -0.016405775642466605 0.051470595638266885 0.9985397479871349 1.1771504839687315
27844314100077 p2at_met_019.pcd box_map.pcd 0.4337 0.993712782642477 -0.09051878526546495 0.06588820172845632 -2.5518031505089596 0.0950868256833094 0.9930151540560191 -0.06985269784748711 1.4066420038998675 -0.059105001433187025 0.07567861870545105 0.995378995898757 3.7249437063830193
27844314100078 p2at_met_019.pcd box_map.pcd 0.4337 0.9996668681748156 -0.02506231932843999 0.006167075760420011 -0.29873706134034705 0.02488403188599412 0.9993130719847818 0.027462139709697908 -1.9799926937869752 -0.006851104338154888 -0.027299529487107323 0.9996038205504869 0.15266030745779924
27844314100079 p2at_met_019.pcd box_map.pcd 0.4337 0.9972057432290841 -0.01319056843246811 -0.07353036498861042 -2.3178450944387485 0.004349196563584541 0.9928694712186991 -0.11912723286953336 0.9130049196994477 0.07457741052209572 0.11847456278175961 0.9901525073510088 3.7036836604015617
27844314100080 p2at_met_019.pcd box_map.pcd 0.4337 0.9079352457956155 0.35267840069032397 -0.2264321866002499 8.942999661111145 -0.38495383335957467 0.9153856595909968 -0.11781188563521255 -8.045203206662212 0.1657230690755633 0.1941315015696084 0.9668758061273977 9.428151898595058
27844314100081 p2at_met_019.pcd box_map.pcd 0.4337 0.9813877682754923 0.19183406122406188 0.00881709892943256 6.104420432008003 -0.19179884008068365 0.9814230616751803 -0.004688171905915342 -3.270894413381099 -0.009552655282844947 0.0029098052164963175 0.9999501386622481 -0.023832027718973414
27844314100082 p2at_met_019.pcd box_map.pcd 0.4337 0.9789041525836775 0.20381962389060176 -0.014290590314113023 8.043391629419702 -0.19482597741166213 0.9100594341510893 -0.3658342040298988 -6.629853461163664 -0.06155890333674492 0.36090079970774896 0.9305703166286169 8.552196657061018
27844314100083 p2at_met_019.pcd box_map.pcd 0.4337 0.967740219067096 -0.01671399166770112 -0.25139512899517574 -1.9555870418606727 -0.0020098774452869655 0.9972532981018557 -0.07403931264960623 -0.7212183835579576 0.2519421139718883 0.07215609404272955 0.9650485320956002 6.025679502634842
27844314100084 p2at_met_019.pcd box_map.pcd 0.4337 0.9281650137389286 0.35182605067147066 -0.12135953749059103 9.44875873980298 -0.37215897209018667 0.8797923150650065 -0.2957417485667722 -9.457928213024257 0.002721537027143013 0.3196621848474917 0.94752766757216 9.968802145817355
27844314100085 p2at_met_019.pcd box_map.pcd 0.4337 0.9859977540871215 -0.15895397044104975 -0.05041888749444987 -5.87599336402198 0.14395155395908027 0.9639368774687928 -0.2238384380942635 0.24627792432015982 0.08418063344925669 0.2134463200355989 0.9733212673189374 8.16413223137048
27844314100086 p2at_met_019.pcd box_map.pcd 0.4337 0.973385171872046 -0.2132776558638895 0.08386863948361074 -4.679189654980432 0.22854483431631603 0.9304966827768651 -0.2862571956275991 -0.5070664141099233 -0.01698722717088344 0.29780625388069715 0.9544751800139124 9.486780418848966
27844314100087 p2at_met_019.pcd box_map.pcd 0.4337 0.9206357054407653 0.32495252396701574 0.21641569960391177 10.490300303479383 -0.3512249954325564 0.9313971760425617 0.0956049321078272 -6.5152400263035215 -0.17050190747022514 -0.16402791721962337 0.9716089449575932 -6.790224280544806
27844314100088 p2at_met_019.pcd box_map.pcd 0.4337 0.9853318242103395 0.16330396584169798 -0.049527880417984234 3.848623629670694 -0.15916014821891383 0.9841290488095936 0.07847332354410516 -3.0071540446212226 0.061556830792837185 -0.0694393982512663 0.9956851543300442 -2.944543545077729
27844314100089 p2at_met_019.pcd box_map.pcd 0.4337 0.998116716975152 -0.014877125209426047 0.05951210330888375 0.18825359772822914 0.013744018499568727 0.9997172497366222 0.01940418858204099 0.33227933220283906 -0.05978395478912134 -0.01854970955424794 0.9980389706946444 -1.322827583942849
27844314100090 p2at_met_019.pcd box_map.pcd 0.4337 0.9895209089914343 -0.0175529895036512 0.14331874695325164 -1.2479970248628156 -0.0221981851276575 0.9622894628313755 0.27112032439627387 -1.227613296843609 -0.14267309222766467 -0.2714606459197857 0.951815899463236 -8.797848715034693
27844314100091 p2at_met_019.pcd box_map.pcd 0.4337 0.9893015327575558 0.1398146312084221 0.04164548215117433 5.2849509421599965 -0.13580792428838592 0.9868980648888359 -0.08711152173594021 -1.5617058598099627 -0.053279311031871425 0.08052377548726876 0.9953277031195531 1.9522144336058709
27844314100093 p2at_met_042.pcd p2at_met_078.pcd 0.4368 0.9456786571667253 0.3093258202558204 0.10004706043859204 28.049116948602094 -0.319947222030813 0.940104661632551 0.11763077952437626 -16.34993284841914 -0.0576684705372447 -0.14325069668176363 0.9880048509021018 -16.881739808033018
27844314100094 p2at_met_042.pcd p2at_met_078.pcd 0.4368 0.9717972948062525 0.027243600341514223 0.2342387757133333 2.4728689412009928 0.016912581865013553 0.9826944548103723 -0.1844602208054744 -1.8320294953767329 -0.23521050652959496 0.18321952604833633 0.9545190531847515 7.025176969300994
27844314100095 p2at_met_042.pcd p2at_met_078.pcd 0.4368 0.9428503132282117 0.31322285346810136 -0.11368698654975298 28.019839280306545 -0.3329949554786897 0.873246378422461 -0.35574586743601355 -25.349625623891008 -0.012150986429458256 0.37327229556632857 0.9276422515665372 34.73456921046032
27844314100096 p2at_met_042.pcd p2at_met_078.pcd 0.4368 0.9894112163385508 -0.039685736093952206 0.13960833547518123 -3.2381342147053402 0.03909577699951612 0.9992111804627096 0.006966854320460458 1.3057579583276004 -0.13977469443455662 -0.0014349874562489488 0.9901822941290794 -5.02067215529993
27844314100097 p2at_met_042.pcd p2at_met_078.pcd 0.4368 0.9999845529508429 0.005415348066419239 0.0012521441701218773 -0.3181495997077448 -0.005414695179196307 0.9999852030259053 -0.0005242188049484132 -1.549838881385212 -0.001254964469468787 0.0005174307283131463 0.9999990786643865 -1.4172350028932814
27844314100098 p2at_met_042.pcd p2at_met_078.pcd 0.4368 0.9772238283332789 -0.21199558453202452 -0.00956354937120139 -21.2296960931805 0.20926829624608453 0.9701720844161695 -0.12236382964686075 3.9399271427030333 0.03521888021943871 0.1175755023740498 0.9924392332619558 11.851418336276588
27844314100099 p2at_met_042.pcd p2at_met_078.pcd 0.4368 0.9873197533993285 0.15459772055917645 0.03604510154508588 15.62165634389605 -0.1523636233363759 0.9866118401843512 -0.05815843096111691 -7.181858707130273 -0.04455368482291589 0.05192900543968495 0.9976564276156121 3.668130022783875
27844314100100 p2at_met_042.pcd p2at_met_078.pcd 0.4368 0.9972909360762454 0.0733899149974404 0.004970834621523651 6.864370442902597 -0.06937948008747687 0.9609400520243128 -0.26791921199925617 -7.2272894399704875 -0.024439242274617815 0.26684852780590607 0.9634285581426695 21.984569890825043
27844314100101 p2at_met_042.pcd p2at_met_078.pcd 0.4368 0.9826481129514026 0.18402392778976606 0.023192242536552853 17.381392310413748 -0.15903848085489575 0.900295901871359 -0.40518397140188456 -16.51418982044592 -0.09544342680569617 0.3944648058755853 0.9139409549884076 34.70158187715229
27844314100102 p2at_met_042.pcd p2at_met_078.pcd 0.4368 0.955442480889885 0.21492070439941954 -0.2023332808300187 19.78435555386481 -0.16421374331575597 0.9566108530706965 0.24068552572512839 -7.765004142558574 0.2452825151069862 -0.19673527037064745 0.9492795800895433 -10.821998733623712
27844314100103 p2at_met_042.pcd p2at_met_078.pcd 0.4368 0.9706406109841248 -0.24044859692915108 0.006424682339803662 -24.883309821590103 0.24026150009154937 0.9704654086081504 0.021709497202235643 5.995185378611929 -0.01145495011439002 -0.01952851581196324 0.9997436777434797 0.15700783011837105
27844314100104 p2at_met_042.pcd p2at_met_078.pcd 0.4368 0.9998117817073965 -0.0184877415520337 0.005882565034610582 -1.6801871328581797 0.018514961152765436 0.9998179700256149 -0.004606845707213746 0.7998440375202066 -0.005796324058642949 0.004714894077674878 0.9999720858110207 0.8416183600582774
27844314100105 p2at_met_042.pcd p2at_met_078.pcd 0.4368 0.9656247160354506 0.25928046209664374 -0.01850809975135519 25.78781859585193 -0.25383271241546074 0.955887198444895 0.14781278008677037 -13.2336835308202 0.05601662154454898 -0.13803371263615574 0.9888421675305994 -10.897180026529554
27844314100106 p2at_met_042.pcd p2at_met_078.pcd 0.4368 0.9745325597628747 0.03520905238970705 0.22146469829712842 2.9688164162458293 -0.016475381171708364 0.9961696435343526 -0.08587550940686152 -0.8248074289129658 -0.2236400048677923 0.08003976468268699 0.9713798352304179 0.2919850037981382
27844314100107 p2at_met_042.pcd p2at_met_078.pcd 0.4368 0.9927959594829263 0.1195109880478982 0.008561925612306412 11.489619162886079 -0.11956824410323255 0.9928045835501791 0.006518733299117148 -4.876613693012367 -0.007721258734515255 -0.007495506491916283 0.9999420980966769 -0.9658471350475208
27844314100108 p2at_met_042.pcd p2at_met_078.pcd 0.4368 0.999422420860607 0.006157202192115947 0.03342025646653931 -0.30279906089775466 -0.010903649916472443 0.9895525952206047 0.14375942303259703 -2.0126945962706446 -0.032185945684768534 -0.1440407933653921 0.9890481862614408 -16.294238321567963
27844314100109 p2at_met_042.pcd p2at_met_078.pcd 0.4368 0.9982455166499188 0.05121325256992676 0.02971685127239152 6.129414834980373 -0.049322612478919906 0.9969060264269569 -0.06120175137910329 -1.7324216059034214 -0.03275924887098057 0.05962866118591098 0.9976829428122869 6.1842536398773635
27844314100110 p2at_met_042.pcd p2at_met_078.pcd 0.4368 0.9986852097799035 -0.051222920514625965 0.002015981354652727 -6.222339548482282 0.050762270672175806 0.9936542948646474 0.10037098272531315 3.088999554638532 -0.007144483401531343 -0.1001366801476495 0.9949480396713853 -12.121127768058326
27844314100111 p2at_met_042.pcd p2at_met_078.pcd 0.4368 0.9622788018924205 -0.10229804956743624 0.2521004095260183 -10.329405036410051 0.1477723105555098 0.974544698554195 -0.1686000437514748 2.0672437008049904 -0.22843566197416235 0.19949370810782885 0.952900524065243 11.170202471027139
27844314100112 p2at_met_042.pcd p2at_met_078.pcd 0.4368 0.9448867818041135 -0.3268916337181604 0.018188715648387734 -31.386064348288784 0.30204025782980487 0.8917964355323132 0.33685427149134656 1.0790436575977065 -0.12633547491489 -0.31279542416239553 0.9413810973251462 -33.62131124070381
27844314100113 p2at_met_042.pcd p2at_met_078.pcd 0.4368 0.988991535314274 0.13030194814870233 -0.0701223600955378 12.147596407655854 -0.11696257193600612 0.9786617063001607 0.16894088133951748 -5.483350221632897 0.0906393945413912 -0.15887941002631908 0.9831285944508272 -15.257721022223732
27844314100114 p2at_met_042.pcd p2at_met_078.pcd 0.4368 0.9549123326120761 0.23355167144894812 -0.18329226330853832 20.42857120614785 -0.22079777189257893 0.9713918002559918 0.08744320626953278 -10.232739458677786 0.19847110860938083 -0.04303007272624531 0.9791616985404084 2.942825634232163
27844314100115 p2at_met_042.pcd p2at_met_078.pcd 0.4368 0.9999473058660513 -0.009521631435665446 0.0038371898609597718 -3.0221836677611194 0.009555064685556365 0.999915706832074 -0.008790902648113413 -0.3821277319125258 -0.003753162677068307 0.008827104016443973 0.9999539969441605 0.27265311253342617
27844314100116 p2at_met_042.pcd p2at_met_078.pcd 0.4368 0.9634576658411346 0.1709182498311607 -0.2062432496025158 15.75694336537234 -0.19246521413296983 0.9772380045371531 -0.08923577666492838 -10.80053396681787 0.18629671892092667 0.12566954429334043 0.9744232643756005 17.41128981088816
27844314100117 p2at_met_042.pcd p2at_met_078.pcd 0.4368 0.9179409464804006 -0.3784380964999476 0.11903371745922509 -39.253181694172646 0.39595283584900315 0.8925744859493829 -0.2157130937503033 2.4062605850788366 -0.024612406582832397 0.24514361943499796 0.9691743059390865 20.139588977372632
27844314100118 p2at_met_042.pcd p2at_met_078.pcd 0.4368 0.9976184464686206 0.0681750612576757 -0.010468824578141458 8.06962112607571 -0.06789463097185067 0.9973756497169564 0.025142244069997956 -4.691187949334612 0.012155424745024223 -0.0243715894884043 0.9996290668418344 -2.067324918016716
27844314100119 p2at_met_042.pcd p2at_met_078.pcd 0.4368 0.8966137208404863 -0.4426323191157494 -0.012667504678981797 -47.74626412014574 0.44260343365909527 0.8967026572808171 -0.005152178054031751 5.356352539148929 0.013639505627313503 -0.0009871675313518945 0.9999064903212238 1.6384537990702266
27844314100120 p2at_met_042.pcd p2at_met_078.pcd 0.4368 0.9261220733902632 0.31237079406229024 0.21147669421525897 28.41488701376994 -0.3519384600907622 0.91729110075349 0.18632325884707374 -20.05274267474721 -0.13578374530209006 -0.24698486491148586 0.95945883237187 -29.70682548726499
27844314100121 p2at_met_042.pcd p2at_met_078.pcd 0.4368 0.9677379591128177 -0.24277169804897436 -0.0674176914361237 -24.962696182451616 0.24374110086232448 0.9698190790824579 0.0064210278052400215 6.145543966822297 0.06382411959894899 -0.022646334671886925 0.9977041772406029 2.237794207420446
27844314100122 p2at_met_042.pcd p2at_met_078.pcd 0.4368 0.9672203623665848 0.06002286181281107 0.2467428351203992 4.059903348002035 -0.06536026712654901 0.9977705327181952 0.013490719787888163 -3.296015572154712 -0.24538297843289472 -0.029175676496858573 0.9689870864961784 -10.3251115837333
27844314100124 p2at_met_040.pcd p2at_met_042.pcd 0.4090 0.996906721482147 0.0591568651984901 0.051744120087259676 4.725012583968493 -0.05201901559897387 0.9901722122027335 -0.12981915189084603 -3.2735368005320216 -0.058915283923874906 0.12672590690712182 0.9901866156632985 8.922377600432196
27844314100125 p2at_met_040.pcd p2at_met_042.pcd 0.4090 0.9121030421189833 0.13434322726084377 -0.3873240734145474 7.661562227188597 -0.09641089627612051 0.988576493147524 0.1158510089527866 -3.9106733908189217 0.39846327263190967 -0.0683257966311758 0.9146357777160173 7.833336850984773
27844314100126 p2at_met_040.pcd p2at_met_042.pcd 0.4090 0.978169455177717 0.19611979550597944 0.0687134831603027 18.11361699287634 -0.1991134148369694 0.9791694862437909 0.03976135361166367 -6.983098576604434 -0.059484157464734545 -0.052575117876840056 0.9968437650860577 -6.030883487622243
27844314100127 p2at_met_040.pcd p2at_met_042.pcd 0.4090 0.8799820018039776 -0.47408427959248034 0.0295934510380848 -45.540435589992256 0.47497094704554843 0.8789737120252166 -0.0425183846267305 5.486895003643774 -0.0058545677653823736 0.051471442683206976 0.9986573058984699 2.0550408239835862
27844314100128 p2at_met_040.pcd p2at_met_042.pcd 0.4090 0.9957695785600005 0.009902262380867478 0.09135037829248129 1.224090050402964 -0.013214632140389693 0.9992742226458847 0.035726761018273365 -0.640827409284538 -0.09093030249500526 -0.036782783407500505 0.9951777263046856 -4.357683628565004
27844314100129 p2at_met_040.pcd p2at_met_042.pcd 0.4090 0.9883154568410575 -0.1523136612562463 -0.0057538129765809885 -12.302472617245073 0.15241162276238224 0.9870950215080199 0.04913365202200192 5.12651915928433 -0.0018041662864901466 -0.04943649571722634 0.9987756394081764 -5.50659480247662
27844314100130 p2at_met_040.pcd p2at_met_042.pcd 0.4090 0.9796719602666051 -0.04905396983131436 0.19451621606224928 -4.525301904028588 0.010623925459896308 0.9809681167964716 0.19387801844615207 -1.1165393815035705 -0.20032469262477282 -0.18787033260356042 0.9615481036600393 -22.983181207440794
27844314100131 p2at_met_040.pcd p2at_met_042.pcd 0.4090 0.982047097231959 -0.1742615124189991 0.0722248164257013 -16.066031889519188 0.18606734439365888 0.9578291898793435 -0.21895704228312038 2.69837327036727 -0.031023252063166487 0.22846480758428342 0.973057752410874 18.18173627881105
27844314100132 p2at_met_040.pcd p2at_met_042.pcd 0.4090 0.9881157082767956 -0.03173433834403486 0.15040039503442995 -2.5310305100893373 0.06197633844423463 0.9776502827874719 -0.20089514189900562 -0.38445815820631535 -0.140663714332062 0.20782891121170374 0.9679983797170663 13.775241067320719
27844314100133 p2at_met_040.pcd p2at_met_042.pcd 0.4090 0.9685512602194989 0.031983834735408605 0.24674985439274036 2.6722123167799907 -0.1060834938678488 0.9501332001906087 0.29324596199153813 -7.007844485644327 -0.22506609841557787 -0.31019983270654844 0.9236456653570235 -35.6151445999045
27844314100134 p2at_met_040.pcd p2at_met_042.pcd 0.4090 0.973817340782651 -0.04670611000484383 -0.2224821927238701 -6.211639580076188 0.04548641399135796 0.9989086523814823 -0.010606146313226544 1.16808767782399 0.22273475914911134 0.00020853207475494961 0.974879061002523 9.772409334059429
27844314100135 p2at_met_040.pcd p2at_met_042.pcd 0.4090 0.9940803824026021 0.09665286336739064 -0.0496227500767652 7.8733601036820176 -0.09935129923455387 0.9935233640820046 -0.05514203807969871 -4.44326040616762 0.043971725718951735 0.059745702992443916 0.9972446732428487 6.734411551775967
27844314100136 p2at_met_040.pcd p2at_met_042.pcd 0.4090 0.9899639350897683 -0.141205679934144 -0.005688864202727651 -13.058293227075524 0.14122236076479794 0.9869785871583223 0.07700333311603623 5.611217632868225 -0.005258520856501591 -0.07703391749935905 0.997014605466291 -8.806102177706643
27844314100137 p2at_met_040.pcd p2at_met_042.pcd 0.4090 0.9473247146139514 0.31889488765809715 -0.02969740236325341 27.659419005703402 -0.2957725311223587 0.9066517864017632 0.30083408724405664 -17.117798931670045 0.12285965535955529 -0.27620388997988593 0.9532139928918952 -21.851873729290517
27844314100138 p2at_met_040.pcd p2at_met_042.pcd 0.4090 0.9922501514012224 -0.05202835803698031 0.11283920862992154 -4.501780103974916 0.03257321883753351 0.9852723548397954 0.1678611694317851 0.4951207781214013 -0.1199108938287649 -0.1628847345469185 0.9793313743533221 -18.281042139471566
27844314100139 p2at_met_040.pcd p2at_met_042.pcd 0.4090 0.9990750458821809 0.04146936973575468 0.011372953408750408 2.664199211410363 -0.041104256980286795 0.9986846332901256 -0.030650339121551382 0.6124277011892441 -0.012629044050001466 0.030154512164630245 0.99946546345659 3.4412068024223554
27844314100140 p2at_met_040.pcd p2at_met_042.pcd 0.4090 0.9955860584178688 0.09382151792897628 -0.002433733238137895 8.01151263008147 -0.09382872146104018 0.9955837225184896 -0.0030368544932800833 -3.9491422312901725 0.002138062898553334 0.003251804073065029 0.9999924271999824 0.4018850587080012
