id source target overlap t1 t2 t3 t4 t5 t6 t7 t8 t9 t10 t11 t12
27844314100030 p2at_met_022.pcd p2at_met_020.pcd 0.1603873733125025 -0.18117829488295883 0.7484024356480887 0.6380189807359278 -14.923138926678254 -0.730662845874837 0.3318002079775756 -0.5966912330880368 0.6078704114448334 -0.6582600026747698 -0.5742842643691765 0.48671485756710364 6.6122156743474845
27844314100061 p2at_met_086.pcd p2at_met_033.pcd 0.11067992182214538 0.5980037347522777 0.6582056282798139 0.4573367294708608 -5.315275686519535 -0.39275321707164834 0.7380510288122973 -0.5486579894150638 -0.8497969013018631 -0.6986676203333015 0.14847905498717714 0.699869649669077 -2.5507617115862486
27844314100092 p2at_met_069.pcd p2at_met_073.pcd 0.14226673653612285 -0.3096267298518947 -0.2710524197749085 0.9114065360174837 -2.2387652470614827 0.164845989478372 0.9286935926302597 0.3321957416349549 -4.156566219852828 -0.9364598698898519 0.2530983934000136 -0.24286645578221316 9.695962326348104
27844314100123 p2at_met_048.pcd p2at_met_076.pcd 0.18780390770046856 0.532395970741492 -0.06801054529229089 -0.8437589087335726 -3.1104158229500185 -0.8362552537275306 -0.19682994658023817 -0.5117959776535211 -8.009693861141642 -0.13126949741401212 0.9780759366522956 -0.1616656462901344 -9.502507622691807
27844314100154 p2at_met_100.pcd p2at_met_088.pcd 0.14152200483380353 -0.7484551658426523 0.5484421226921548 0.3728620425577952 -0.08674685036952332 -0.20752902001222495 -0.7276813898307247 0.6537671609577757 -9.59260678256425 0.6298782188456854 0.41193571458535627 0.6584545515620942 0.20767486288617254
27844314100185 p2at_met_071.pcd p2at_met_050.pcd 0.1533208342642873 0.7587829782076033 -0.22849126152163649 0.6099509286743081 -13.360421385636032 -0.0599654627320417 0.9079676312460444 0.41472752969724513 -0.6143892128412527 -0.648577316333012 -0.35126417981015134 0.6752487991256035 -10.541492087616607
27844314100216 p2at_met_051.pcd p2at_met_056.pcd 0.1093658373125576 0.5735334151552014 -0.3326054873658372 0.7486207394098465 10.61094976489345 0.7916780728191068 -0.009768107645945046 -0.6108603875604 -11.695111044919901 0.21048812488555335 0.9430154685089482 0.25771413510906327 -4.275444053748353
27844314100247 p2at_met_014.pcd p2at_met_007.pcd 0.12385143137174827 0.8223444748843765 0.44569721605778284 -0.35369981089262864 -3.0132943239549252 -0.5491008047159386 0.45871742766933526 -0.6986176549535068 -1.6379049347449732 -0.14912367648179775 0.7687212193967137 0.6219564421740336 -8.04202160974765
27844314100278 p2at_met_000.pcd p2at_met_087.pcd 0.1363237888021631 -0.3490955876499108 -0.7598520077189251 0.5484133450681905 -15.803697325280755 -0.1188652684328797 -0.544598641393118 -0.8302309123088285 -2.2976584852268673 0.9295177882341699 -0.3550172476912759 0.09979696988370092 -23.815342654430253
27844314100309 p2at_met_038.pcd p2at_met_044.pcd 0.17776762600883203 0.13631124223988583 -0.9293147778091646 0.34321026934595394 1.4808413697659082 -0.24613544000947485 0.30381093752980076 0.9203891890980715 -16.547836095229858 -0.9596023084644811 -0.2099356043713561 -0.1873244554426146 -3.220673608834559
27844314100340 p2at_met_031.pcd p2at_met_077.pcd 0.2571222386178818 -0.22592971135308143 -0.8900145354191873 0.39601754035709325 4.679328252517429 -0.005145892334136981 0.40761363826246216 0.9131399901956571 4.49544985525127 -0.9741300145873749 0.20426759078475298 -0.09667195061130146 15.080847792514733
27844314100371 p2at_met_101.pcd p2at_met_008.pcd 0.26771258686152305 0.0616418700305256 -0.8270726222657374 -0.558704892906458 10.22466295121614 -0.3137135049095767 -0.5474551151504801 0.7758071498335932 5.607601414076095 -0.9475147052666195 0.12745106666501976 -0.2932100082013913 13.890171740575255
27844314100402 p2at_met_004.pcd p2at_met_006.pcd 0.25093329943019616 -0.13355577745746192 0.0353237287671016 0.9904115753027731 16.88730426309498 0.5632966224722094 -0.8195316851666498 0.10518903041340397 0.5323974775909321 0.8153893360960356 0.5719440979622913 0.08955545425582304 -13.697728663326668
27844314100433 p2at_met_045.pcd p2at_met_074.pcd 0.1917189638926914 0.6550164438728591 0.2137892548770629 -0.7247396862013726 -2.4153916866582947 -0.7125578664347118 -0.14438060173825207 -0.6865970643861741 5.96117768885187 -0.25142542679324503 0.9661513320079886 0.057765547007053275 -9.238022708541092
27844314100464 p2at_met_070.pcd p2at_met_086.pcd 0.2746347528753497 0.05157415587364206 -0.28604457135095473 0.9568273666898174 2.78593716242226 -0.09485640821505718 0.9523676733444928 0.28982421670546465 -10.430031011769273 -0.9941540968413599 -0.10570864661439133 0.021984398206319422 -0.28030334757214204
27844314100495 p2at_met_086.pcd p2at_met_069.pcd 0.192832443809667 -0.17239996900202903 -0.5916967244750958 0.7875107852807746 -7.364652684764782 -0.4308512129097072 0.7642439125206516 0.47989423262773345 8.973090145903006 -0.8858021692355094 -0.25656622618842395 -0.3866888782433455 -14.165839836343558
27844314100526 p2at_met_068.pcd p2at_met_070.pcd 0.19667465840204276 0.13060508356195766 0.7998100376449143 -0.5858721838679616 1.587278865678511 -0.7498104482216618 0.4662954250198649 0.4694175841861636 -5.747026521014371 0.6486344146631479 0.3779847619785541 0.6606064757679955 11.659915602605015
27844314100557 p2at_met_073.pcd p2at_met_075.pcd 0.19487808698376233 0.3292448418055417 0.11883055371524331 0.9367374945245719 -0.28741848161037775 -0.9072386177988644 0.3148182599592497 0.2789400537223657 -19.33232556082125 -0.26175546702762453 -0.9416840036338936 0.2114599555026701 -1.3221846759615121
27844314100588 p2at_met_034.pcd box_map.pcd 0.26317551410808226 0.7710125030580055 -0.0059441122823296055 -0.6367922641312503 -20.908147506518198 -0.6282655264806218 0.15625074798106203 -0.7621470540462554 25.241774240916467 0.10402955524395952 0.9876995349216955 0.11673679947304644 -4.837615279236102
27844314100619 p2at_met_019.pcd p2at_met_059.pcd 0.19427919312742373 -0.7593360605156638 -0.6253045819379511 0.18000813039403493 7.600384995802209 0.5982375653022466 -0.7796948310081007 -0.18489939415933548 -9.474510797823253 0.255969847173045 -0.032713151891146 0.9661310920530166 4.191818815416649
27844314100650 p2at_met_054.pcd p2at_met_052.pcd 0.33860269619150135 -0.44738233006784184 -0.8319438545299624 0.32820492630808784 -15.361332896060784 -0.6380090402573046 0.039717960785762604 -0.7690038674421433 -8.152372771943256 0.6267324112354663 -0.5534364520889903 -0.5485568140185016 -11.332094475631367
27844314100681 p2at_met_083.pcd box_map.pcd 0.3046454873334341 0.36286541188254995 0.7885298946710211 0.49653730783236805 24.516421318794485 -0.21839317629415528 0.5899794558211214 -0.7773214664842105 7.515064221561528 -0.9058880247621433 0.1736227142948812 0.38629268653887383 -7.575525735235508
27844314100712 p2at_met_063.pcd p2at_met_033.pcd 0.31791189480700477 0.1578542904787093 0.96152339927529 -0.2248438916749904 -5.937402571261522 -0.9868223508965112 0.16180512258232221 -0.0008660699756646156 1.7211600788955896 0.035548146907346895 0.22201769062894794 0.9743944141358993 -9.734532790607364
27844314100743 p2at_met_074.pcd p2at_met_071.pcd 0.285193000967203 -0.21078651259999398 -0.2891688526036966 -0.9337828552665729 21.737785227989875 0.1841403302419018 0.9263982674861013 -0.32844876126597383 -7.385917675482135 0.9600319707615653 -0.24117965229805544 -0.1420246120679552 -1.970061962818181
27844314100774 p2at_met_001.pcd p2at_met_093.pcd 0.3625342037570329 -0.872072678723153 -0.2914139834276722 0.3931502680749951 -8.054386403677059 -0.3221006044880591 0.9466187421512053 -0.012812400106802131 -16.008432375742405 -0.3684296996891687 -0.13780728308361018 -0.9193849624156698 8.76649724148566
27844314100805 p2at_met_085.pcd p2at_met_071.pcd 0.36527422152473776 0.9612282079607594 0.2426732579869111 0.13095809283341456 -5.356981371335454 -0.22824483609129456 0.9666700681113389 -0.11598825033285666 4.01523998508337 -0.15474051511548367 0.08160066957836452 0.9845794552529306 -10.562613914425503
27844314100836 p2at_met_003.pcd p2at_met_052.pcd 0.3646540592327238 0.87145105562165 0.4592880043936711 -0.17212665881841535 -5.686826609891345 0.17680721216732198 0.03318126861102244 0.9836860338232839 -21.04625270170839 0.4575065763259929 -0.8876674672609347 -0.05228958008079665 0.6074950565973812
27844314100867 p2at_met_009.pcd p2at_met_014.pcd 0.3065420373286263 -0.03727954778123089 -0.17971323372763928 -0.9830124052830576 -2.135798284807061 -0.07669885071831448 -0.9802799191352604 0.18212239411631248 17.556076642739157 -0.9963571255406953 0.08218536222054768 0.02276059359860227 -6.602342864841216
27844314100898 p2at_met_052.pcd p2at_met_051.pcd 0.32720074043603453 -0.06985342027573527 0.4165960284892253 -0.9064040206898829 -8.618353763487212 -0.08857102559090249 0.9024448731736874 0.42160221098602235 6.853968893864037 0.9936174681946552 0.10973149014540637 -0.02614052350109669 -2.184625600591522
27844314100929 p2at_met_083.pcd p2at_met_035.pcd 0.3512947325227307 -0.6936203002306529 0.6381893778083522 0.33407364032579273 10.134119786084577 0.7196704877323105 0.633947144271279 0.28317027979190923 -5.453220689521111 -0.031068765586631186 0.4368355941574339 -0.8990046693327263 1.4266116421473904
27844314100960 p2at_met_083.pcd p2at_met_077.pcd 0.4147463447292832 0.5702551725662378 -0.8074541246321536 -0.15108565377286204 13.411003725725356 0.24323537009854973 -0.009702820845703397 0.9699187646399352 5.469026647434907 -0.7846308640975526 -0.5898505674170018 0.1908683190667565 -21.9435261960813
27844314100991 p2at_met_041.pcd box_map.pcd 0.4535672437410262 0.22628967998197425 0.8645942372652393 0.4486310127726288 -3.4487809264334413 0.3016680597610602 0.3757271055852923 -0.8762565399747357 -0.5577911414675398 -0.9261691867329926 0.33362545918475334 -0.17579729955294937 -3.436163991674552
27844314101022 p2at_met_098.pcd p2at_met_003.pcd 0.3835086585276854 -0.8718895455576376 -0.30240791915946597 -0.3851727804206031 -0.9712962552485731 0.013850546172811784 -0.8014581303465258 0.597890481335977 14.7551207580939 -0.48950667280233373 0.5159596066855364 0.7029714798986484 3.7326399731959006
27844314101053 p2at_met_088.pcd p2at_met_089.pcd 0.38565413782123104 -0.14278999004549192 0.6013471418613168 -0.7861250751108462 -2.8854291922834956 0.09292425842678492 0.7989007051463529 0.5942413192571618 2.7110447228252226 0.9853811957504772 0.011801622425974101 -0.16995476094971368 -9.362634695297743
27844314101084 p2at_met_002.pcd p2at_met_093.pcd 0.39353145552875674 0.40752765344045955 0.3841322861130384 0.8284706382527288 -3.291529043565176 -0.48209848336069994 0.8609966250297683 -0.16206746752097417 -5.262076056489304 -0.7755657702752398 -0.3333574634726511 0.5360695267635109 10.954551740057845
27844314101115 p2at_met_006.pcd p2at_met_004.pcd 0.38680585859263983 0.04894650679584464 0.9227329366800501 0.382319456787508 6.040166931070734 -0.050232930998009684 -0.3800196503602792 0.9236134028820719 15.14040854186793 0.997537413892749 -0.06441267659290395 0.027750945538925847 7.754157423465333
27844314101146 p2at_met_052.pcd p2at_met_017.pcd 0.3968222953517071 0.047063556133146944 0.6017501188770443 0.7972965672292617 5.40165354732944 -0.8637675267648058 0.4253985640288144 -0.2700772508539595 -11.743164378447357 -0.5016878326117865 -0.6759680881178379 0.5397929811099829 14.953349351222453
27844314101177 p2at_met_062.pcd box_map.pcd 0.4479295441259619 -0.1953213418341922 0.9560503285271019 0.21867176943380517 21.100574130454216 -0.8925934623203072 -0.08090799801404441 -0.44354346673173534 -21.14600868839151 -0.40635758199784733 -0.28181849687446 0.8691673316296942 16.480685443519484
27844314101208 p2at_met_017.pcd p2at_met_007.pcd 0.3873008198867871 -0.014056001923106395 0.6399925006358248 0.768252580822116 -7.563046433967512 -0.05005832547921196 -0.7678154379590262 0.6387124683940393 -13.168419536620828 0.9986473816418663 -0.029479694056979422 0.04282936817362572 14.244173861760054
27844314101239 p2at_met_006.pcd p2at_met_005.pcd 0.3701117787251183 -0.8210211983278248 -0.45471154889340126 -0.3451979130865459 13.804125707779704 -0.43391718868462403 0.8899656930826716 -0.14027451122678097 7.177898109433928 0.37099874024095403 0.034618960684051556 -0.9279878567636437 -12.763933270297219
27844314101270 p2at_met_009.pcd p2at_met_090.pcd 0.5029435657764093 -0.5025528051779844 -0.5265778691589887 0.6856795357305904 5.980210360179727 0.8017272825862262 -0.5806535302091675 0.1416857163320885 -4.766823370095254 0.3235336804177341 0.6209325451026145 0.7139809045539981 -0.38358108379943384
27844314101301 p2at_met_100.pcd p2at_met_005.pcd 0.5042962037181691 -0.136606998646859 0.8609839445275203 -0.4899440531188527 -1.3979984973583206 -0.10227079755995616 0.4796803848241685 0.8714628003428421 -2.5855408369014867 0.985332031290543 0.16915488665944511 0.022525817012546634 4.509622445454727
27844314101332 p2at_met_000.pcd box_map.pcd 0.46338681228149853 0.3062048086910601 0.8295732627998699 0.4669548337709435 13.814094869796376 -0.9382968486945026 0.34582974877495537 0.0008992175582269446 -1.3994689897240478 -0.16074090600851118 -0.43841759375033007 0.8842807103096468 3.927384678220622
27844314101363 p2at_met_056.pcd box_map.pcd 0.5021382785191112 0.7597502011947121 0.4399685305180226 -0.4787560171302351 -10.92785659927942 -0.5594734408694655 0.8175221596691001 -0.13655397252240903 13.63060129997707 0.33131420245180376 0.3715981843386508 0.8672633329329351 6.121304520440982
27844314101394 p2at_met_042.pcd p2at_met_040.pcd 0.538349869565692 0.027958402994367637 0.3931879275937221 -0.9190329598532139 -6.75954916850666 -0.1159899409104761 0.9144580133533715 0.3877020446443245 11.270890786999512 0.9928568181311892 0.09575904870224788 0.07117263014707081 -5.806428797949418
27844314101425 p2at_met_094.pcd p2at_met_032.pcd 0.4859554692785082 -0.18727796989206974 0.7383348902184828 0.6479109135360863 -7.638569481982321 0.9818689047995077 0.12100577266043705 0.14591455297764433 -7.5676539302287615 0.029332844746464304 0.6634901603406878 -0.7476097854831544 -1.2719977386613888
27844314101456 p2at_met_054.pcd box_map.pcd 0.49217284330309086 -0.028477207022958355 -0.330682326480421 0.9433123807274386 4.13791436140508 -0.07557792468768448 -0.940281558199907 -0.3319014441201752 3.6552761754857905 0.9967331769235308 -0.08074521820300773 0.0017843086264430277 -1.699281282342619
27844314101487 p2at_met_060.pcd p2at_met_095.pcd 0.5110461718293395 -0.2701523681764436 -0.2860720317755632 0.91933698424705 -1.832841017321729 -0.955909088901489 0.19387030000270675 -0.22057225694176924 -4.3189812609261455 -0.11513258324290576 -0.938390696571882 -0.32583337591958517 7.851834000392849
27844314101518 p2at_met_003.pcd box_map.pcd 0.53547923522306 -0.058946053235492374 -0.8420390699487409 -0.536186131383326 5.401765561728218 0.419158634178597 -0.5083545104354552 0.7522511090809114 2.9153386337574205 -0.9059974625800511 -0.1804048125737992 0.3829134385193613 17.57152408243702
27844314101549 p2at_met_038.pcd p2at_met_040.pcd 0.5417694533272422 -0.01087158655384668 0.962969621197546 0.2693906406252021 0.06830102626033965 -0.012623811425641396 0.2692529176741622 -0.9629867629978309 0.7473591395570457 -0.9998612143647198 -0.013869930591224877 0.009229140507248823 -9.628697209000553
27844314101580 p2at_met_038.pcd p2at_met_037.pcd 0.6212375006344856 0.7374685425960352 0.23609526071595163 0.6327710301117988 -0.2347353055329487 0.668980520885174 -0.12667059101899547 -0.7324067340263195 2.0320604255929293 -0.09276427845610241 0.963438420055151 -0.25135870664083526 5.2817722091415416
27844314101611 p2at_met_057.pcd p2at_met_023.pcd 0.5760720735022722 -0.20981461843772958 0.9643086339725118 0.16151372801064978 -5.381390892621196 0.6378870436619675 0.009811760130730526 0.7700674313924283 -9.412933172894286 0.7409979388756929 0.2645989187604614 -0.6171786344104676 0.8018353342495483
27844314101642 p2at_met_059.pcd p2at_met_058.pcd 0.6353156900233679 -0.6619101707035928 0.48086312090347694 0.5750178996119242 -3.528084026056408 0.23945503902857468 -0.5912767842983386 0.7700993758169394 -6.23453808722246 0.7103071238576764 0.647427542899423 0.27622701984464043 -8.888903545270528
27844314101673 p2at_met_065.pcd p2at_met_034.pcd 0.5560538116591929 0.951985441820945 -0.23593747361906475 -0.19508261609695893 8.020503173252148 0.29956960680831596 0.5865759856292168 0.75245376187499 18.421687907467327 -0.06310126177574665 -0.7747658495476981 0.6290914950441968 9.158251287505358
27844314101704 p2at_met_034.pcd p2at_met_033.pcd 0.5850191296030607 0.3146950865624657 0.3090265369939864 0.8974795830139792 11.336393004951699 -0.3352441982693055 -0.8483962321608002 0.40967689803322765 1.3194793016637354 0.8880193297559531 -0.42979813015980123 -0.16338677208062394 -2.5707218012532156
27844314101735 p2at_met_077.pcd p2at_met_078.pcd 0.6122631466893762 -0.010056822000433396 -0.6533031350179945 -0.7570296388563076 7.275817238417962 0.0029543548715018075 0.7570452078296939 -0.6533558181338779 3.253418676971796 0.9999450645503205 -0.008807217367346298 -0.005683379601916505 -15.526457908925067
27844314101766 p2at_met_044.pcd p2at_met_074.pcd 0.584835265198255 0.608793775395638 0.3338188743068709 0.719677079109804 11.082161394596632 0.2128818780261999 -0.9426312948849701 0.25715277154159355 -2.1594748957564507 0.7642325857012143 -0.0033467984669535433 -0.6449320537021385 -20.972120678267217
27844314101797 p2at_met_100.pcd p2at_met_006.pcd 0.5599125136697392 0.8268704411235113 0.12920198997645732 0.5473500885012564 -9.68598511876989 0.030342696122758903 -0.9820843498066558 0.18598293109003333 3.0434667570250005 0.5615733205808585 -0.13717571086370067 -0.8159768562654377 1.340295603488606
27844314101828 p2at_met_095.pcd p2at_met_069.pcd 0.60949996117711 -0.6467534775040532 -0.1502299377255672 -0.7477572501469889 15.803434489096826 0.1313749624727511 -0.9876985751479043 0.08480650851251423 -3.261231499458624 -0.7512992470192537 -0.04338767638134253 0.6585339406336858 -14.460372691854078
27844314101859 p2at_met_072.pcd p2at_met_073.pcd 0.6131589043916043 0.9284739573260934 -0.21167292729081122 -0.3051732006899728 3.0701271430549095 0.2579485570370039 0.958699190862513 0.1198265553293187 7.060616456401908 0.2672052628406689 -0.18997482278370914 0.9447279577839046 -1.0839994517714029
27844314101890 p2at_met_100.pcd p2at_met_091.pcd 0.6926215572934376 0.4536769965123999 -0.45692804393063485 -0.7651104139307029 4.619792361000925 0.2137738635399456 -0.7776822707330395 0.5911945712324396 1.573767094083558 -0.8651461830827739 -0.4317719866517826 -0.2551372835163065 -14.387902985212214
27844314101921 p2at_met_033.pcd p2at_met_034.pcd 0.6625013478380677 -0.11608047290955747 -0.7137860906010625 -0.690677016175828 1.7231125274600956 0.1578932364841244 0.6732741136622921 -0.7223376590936006 -7.84311704508829 0.9806095296710415 -0.19290252651716727 0.03454801849067024 -9.264859728465838
27844314101952 p2at_met_072.pcd p2at_met_074.pcd 0.6908658749988302 0.4014819853524836 -0.796123239035534 0.452769260998357 8.249149166225587 0.1711413750321255 -0.42044037706283444 -0.8910333995352671 13.924142676468154 0.89973487494347 0.4352214121603299 -0.03254961148196278 0.5085025648760624
27844314101983 p2at_met_089.pcd p2at_met_087.pcd 0.6908062475211997 0.10516566439502467 -0.12334250996828437 0.9867759666039081 21.306906861297975 -0.04249522263552517 0.9908146610628743 0.1283762574466897 -5.451450616111236 -0.9935463447094507 -0.05543403879914648 0.09895821470148164 3.2991388073029855
27844314102014 p2at_met_017.pcd p2at_met_006.pcd 0.6732841804153824 0.3141976786520792 0.7845101665521712 0.5346247443823842 -11.979601042273732 0.05239759173301628 -0.5766155478882902 0.815333675444641 7.1486798935264195 0.9479104974153547 -0.2281628990650575 -0.2222777100385988 7.2036653661787255
27844314102045 p2at_met_101.pcd p2at_met_006.pcd 0.6418887456121498 0.21532062397345664 -0.8627162967322821 -0.4575561388990626 -9.245972557462458 0.7740060698710702 0.43646392313810545 -0.4587088920019252 3.0064666332962116 0.595442384025878 -0.2553817439666175 0.7617273345194774 -13.527742118972688
27844314102076 p2at_met_100.pcd p2at_met_087.pcd 0.6574799893399009 0.25130162747831947 -0.47548605914782416 0.8430661300175804 5.132471566102211 -0.7371099187431392 -0.6585281687091331 -0.15168921750433706 -19.069157206398646 0.6273089029475274 -0.5833126593625988 -0.5159746909588707 9.2495450722714
27844314102107 p2at_met_088.pcd p2at_met_087.pcd 0.7234022478800816 0.18899510886835855 -0.04324193057589759 0.9810254758485666 -1.7165915771426297 0.9817847533360915 -0.01149940338847144 -0.18964825820054104 -0.5330257935268367 0.01948196449609757 0.9989984480277125 0.04028093714890868 21.205666396124446
27844314102138 p2at_met_095.pcd p2at_met_063.pcd 0.6660455004270518 -0.9556276934032448 -0.16786540277924739 -0.24206800315315263 -1.200707938625071 0.11754949697674566 0.5361795364566722 -0.8358789508329673 2.6715082842240703 0.27010706647792043 -0.8272440457536513 -0.4926555200176113 -9.773999918478157
27844314102169 p2at_met_073.pcd p2at_met_070.pcd 0.6500287161280217 0.03603909932312127 0.974641845013158 -0.220849399522222 -0.6083741931421266 -0.05739842684629726 0.2226469008760744 0.9732079829747855 1.0955022032459019 0.9977006584720434 -0.022397131057957875 0.06396690241698583 -3.8607990832473407
27844314102200 p2at_met_010.pcd p2at_met_005.pcd 0.8170749981269199 -0.677275663076544 -0.6430065209239235 0.3575476055765714 -20.371508815895915 0.578563099453481 -0.16526522519703504 0.7987190653110484 11.347280180419695 -0.45449138182699256 0.7478168354549696 0.48394996069336105 -2.341732377383518
27844314102231 p2at_met_029.pcd p2at_met_028.pcd 0.7302419823942297 0.1972616227019968 -0.8317404106891338 0.5189371266691616 -4.339869460725493 -0.9799618448483255 -0.15238139417971672 0.12827584865948755 3.3438628544680804 -0.027615844192076272 -0.5338424860710471 -0.8451328683793111 -11.166441033761092
27844314102262 p2at_met_031.pcd p2at_met_035.pcd 0.751774501039389 0.6400376597125091 0.6922849600793334 -0.33330665789583314 -2.4814632745206073 -0.7547933764977927 0.6476201289252183 -0.10428387893603205 -5.0029011397872925 0.14366193979198405 0.3183232675423512 0.9370333742169299 8.685685782062002
27844314102293 p2at_met_101.pcd p2at_met_092.pcd 0.7881653413568307 0.05301461285371428 -0.9975263584133517 -0.046158586357999354 13.01211814518002 0.29522835049644136 0.05981401381196222 -0.9535525705564709 -20.88109527651136 0.9539547535848447 0.03692489705199564 0.29766907815656346 2.1018953950859744
27844314102324 p2at_met_068.pcd p2at_met_035.pcd 0.7498099526343489 0.5207497391270011 0.5205915611710394 -0.6766122491033251 32.53703112083553 -0.5453926671232898 0.812606453969132 0.20546919383658713 9.247728772879437 0.6567850088478759 0.26202133005771233 0.7070914189462935 -6.8519871813266295
27844314102355 p2at_met_026.pcd p2at_met_094.pcd 0.760451166556267 -0.38794913968336736 -0.7649924186423522 -0.5140837134540048 12.464618396472417 -0.8652358726203369 0.11008429832713547 0.48913017898382294 1.1177038726709967 -0.31758833377480905 0.6345613025402246 -0.7046059917206171 -16.478123205033462
27844314102386 p2at_met_067.pcd p2at_met_066.pcd 0.8126653487937529 0.3451624092010674 -0.22315536547330445 0.9116274426184148 3.7983428338117635 0.507034005802522 0.8617174112738621 0.018963651212832472 -18.715376169516563 -0.7897970804164594 0.4556805744904535 0.4105798165980486 -15.54198441554169
27844314102417 p2at_met_094.pcd p2at_met_026.pcd 0.7643950312264086 0.13463922299198 -0.26223428804923554 0.9555655172741565 13.32633485369585 -0.29448412453029205 0.9101860934478507 0.29127371267206326 10.459032599953797 -0.9461243998712555 -0.32061574113797153 0.045322913661920816 10.593974902093423
27844314102448 p2at_met_074.pcd p2at_met_073.pcd 0.7826518948386529 0.14131669757575988 0.3858659381393648 -0.911667191890829 -11.342465467874412 -0.7695283280836653 -0.5365214008855284 -0.34636821255506306 -1.627186096083135 -0.6227806542138576 0.7505013418879798 0.22111533768895714 3.474999153688474
27844314102479 p2at_met_079.pcd p2at_met_080.pcd 0.7454983006480759 0.07212247474409714 0.9055409894121076 0.4180835623787766 -5.913407529165823 -0.02308811638312175 -0.4175470970799394 0.9083619105852001 -13.827435128630718 0.9971285210636924 -0.07516607090075222 -0.009207294210385075 -9.144217591467859
27844314102510 p2at_met_010.pcd p2at_met_088.pcd 0.8468944332059639 -0.6086357395162927 0.7930069275275836 0.02650564990180332 6.972314615432006 0.6930617210297022 0.5475977309132367 -0.46883064740055275 -9.51083600696117 -0.3863003849684884 -0.2669770364505832 -0.8828902958925651 -11.044979918584607
27844314102541 p2at_met_010.pcd p2at_met_011.pcd 0.8783340825653705 0.46956851713414755 0.44061765032708616 0.7650892065221385 14.413901441412374 0.702860537121355 0.33787660023492644 -0.6259604367459402 -17.51423315512529 -0.5343149568128504 0.8316823247093361 -0.15103654422740354 -7.2622146287129485
27844314102572 p2at_met_056.pcd p2at_met_053.pcd 0.8777228524349706 0.744561920978394 0.4822154494138745 0.46162301304802644 9.813498812507754 -0.5195140701169899 0.8528210189334927 -0.05292863700982886 4.409603628624704 -0.4192048148333254 -0.2004110027214423 0.8854957669061682 7.62463246077882
27844314102603 p2at_met_070.pcd p2at_met_048.pcd 0.8218254585017096 -0.7775507268072813 -0.44879362045279325 -0.4404533499501876 -11.562660897357254 -0.007388911076357807 0.7069164731020586 -0.7072584421907256 -9.288826728136163 0.6287768055793518 -0.5466748451299185 -0.5529795136057082 -5.111328974600557
27844314102634 p2at_met_067.pcd p2at_met_033.pcd 0.8808701895179929 -0.5348902778677332 0.8449157732942647 0.0031187627569178034 -3.975356969960482 0.2686345970167419 0.1735616654783364 -0.9474765440695821 -1.7523035388602268 -0.8010791745690509 -0.5059581843541429 -0.3198100557468876 13.334823231843757
27844314102665 p2at_met_057.pcd p2at_met_019.pcd 0.8392832337824698 -0.8890507422515135 0.4575829325109622 -0.014374893971835084 -5.628544742444033 0.01010909559358375 -0.011769811252837055 -0.999879631620403 1.020567314533757 -0.4576970437836726 -0.8890890458315979 0.005838209823749267 9.846859792168106
27844314102696 p2at_met_100.pcd p2at_met_007.pcd 0.9026438883630316 0.025302115765450828 0.7982779913560045 0.6017574689643781 6.049772470734775 -0.14296218059244126 0.5986524782662143 -0.7881478447512078 -0.4537201931290976 -0.9894046785102879 -0.06608675194275021 0.12927073667157418 -16.97746365795513
27844314102727 p2at_met_094.pcd p2at_met_034.pcd 0.8844377775816936 -0.05991275785172779 0.5899324460067026 -0.8052267820900826 -7.933784436606052 0.007498576201956875 -0.8063871315277339 -0.5913404818388613 -4.047062192420777 -0.9981754519129108 -0.041466893481694744 0.04388922354558244 6.1793383053844515
27844314102758 p2at_met_090.pcd p2at_met_005.pcd 0.892547627766354 0.22149925193272257 0.4069929131904266 -0.8861686351964926 -3.445563130829476 -0.22522989499833218 0.9055220764761621 0.3595848486982452 -3.2378387680002687 0.9487937477620121 0.11994389366311879 0.2922394336509806 -11.779724640139733
27844314102789 p2at_met_101.pcd p2at_met_100.pcd 0.8949065119277885 -0.32718150360297943 0.8900585300296919 -0.3174083754746828 -1.8639049218367363 0.7850095074056185 0.06902428345146636 -0.6156262840204272 -12.575556581328147 -0.5260345397242291 -0.4505901257411167 -0.7212878770655463 7.333647054284986
27844314102820 p2at_met_016.pcd p2at_met_007.pcd 0.9104627665456885 -0.023817778653998853 -0.9996872057836428 0.007629155423872991 3.0410418845369707 -0.679839939078468 0.021791544281651934 0.7330366879165092 9.661065098501217 -0.7329736493584023 0.012272701019469867 -0.6801463152557048 -2.474695688529522
27844314102851 p2at_met_041.pcd p2at_met_040.pcd 0.9974749558529863 0.33458851341237156 -0.9390015132121923 0.07954046063301434 -14.408378231918837 0.304944594153737 0.18774872062720827 0.9336804658978675 14.500709050838571 -0.8916609900567096 -0.2881433256004022 0.34916200068596914 -0.647533003512636
27844314102882 p2at_met_041.pcd p2at_met_042.pcd 0.9983661479048735 0.48079150768081846 -0.7977186711250701 -0.36398413135802676 24.275491326167806 -0.8608065973940142 -0.3504061924921912 -0.36909010030894174 11.412840101350337 0.16688777074712413 0.49077532741731966 -0.855153816557862 -7.715353720212406
27844314102913 p2at_met_089.pcd p2at_met_088.pcd 0.9280628529339553 0.6854809455259371 0.0004557012422905238 0.7280904240939063 5.14816131202502 -0.47227977854871395 0.7613604986558674 0.44416438607847203 -15.733289400233655 -0.5541368820921815 -0.6483286075925279 0.5221133329865164 -25.265511265850712
27844314102944 p2at_met_003.pcd p2at_met_093.pcd 0.9290727704419545 0.08241000388294895 0.7437411792086841 -0.6633684116758112 15.3237990672943 0.0510808700870759 0.661605395921576 0.7481103159284748 3.2104125557504926 0.9952885691954669 -0.09553720969722174 0.016531956693309646 -0.35324821554208097
27844314102975 p2at_met_092.pcd p2at_met_101.pcd 0.9792939579090292 0.11422421039210132 0.915144354730178 0.38660527643293696 -15.522294248169494 0.18656466064099952 0.36246895059407347 -0.9131319112018483 15.15679162688694 -0.9757799225031277 0.17642865374059213 -0.1293308663045004 5.261307196354666
27844314103006 p2at_met_004.pcd p2at_met_088.pcd 0.9162862195305186 -0.11419598768293768 -0.7574549214840425 0.6428229292089083 -1.5770509803064692 0.028308481934966434 -0.6492740576571392 -0.7600275178596965 4.229557360267707 0.9930548354686439 -0.06859475178930702 0.09558689125244804 -10.719560228974991
27844314103037 p2at_met_091.pcd p2at_met_100.pcd 0.9786070310087778 -0.3835263531437729 -0.9048003668777342 0.18505089176265954 4.934048313443964 -0.3896135687745672 0.34018801973473645 0.8558465857007926 -6.948314208188645 -0.8373224011520196 0.2561413815198086 -0.48299357055983694 -4.812628856575333
27844314103068 p2at_met_066.pcd p2at_met_067.pcd 0.9144758353142868 -0.18800486881124173 -0.9312963995857919 0.31199548942542177 -11.215395348064781 0.7769607055198797 0.05330079975652796 0.6272886790173763 6.340577879348856 -0.6008212973766145 0.3603415613884349 0.7135598978045405 6.329562278293124
27844314103099 p2at_met_058.pcd p2at_met_059.pcd 0.9161324472151973 0.30094398961776403 0.8674969997304403 0.39608290870930973 4.4593645364887555 -0.3338094612924936 0.4848869560004492 -0.8083661815367051 -21.444942973979934 -0.8933106730945052 0.11105672136031514 0.4355025212052611 -9.753912042098762
