id source target overlap t1 t2 t3 t4 t5 t6 t7 t8 t9 t10 t11 t12
27844314100000 p2at_met_022.pcd p2at_met_020.pcd 0.1603873733125025 0.9907904190960595 -0.11199054535484577 0.07610823331663423 -0.0805689407909347 0.11215425117726864 0.9936885190929208 0.0021332992720916977 -0.015187195707643994 -0.07586678700407141 0.00642220943619891 0.9970972800362242 0.1501999860137964
27844314100001 p2at_met_022.pcd p2at_met_020.pcd 0.1603873733125025 0.987329764794937 -0.1526331263921695 -0.04339428853808119 -0.16467456635895097 0.12456665370207912 0.91492688916923 -0.38391657461039835 0.17027749515686946 0.0983009884764163 0.3736467799979913 0.9223475480867784 -0.16032896291723872
27844314100002 p2at_met_022.pcd p2at_met_020.pcd 0.1603873733125025 0.9683986947121709 -0.22738976260207702 0.10245908424114905 0.05988638379373055 0.18674054207494087 0.9333797400712371 0.30648039214623035 -0.13079812154948392 -0.16532373702926348 -0.2776619467775895 0.9463466094863753 -0.0010075539131322324
27844314100003 p2at_met_022.pcd p2at_met_020.pcd 0.1603873733125025 0.985103132794107 0.1710750497919771 -0.017468402843658748 0.12246417281087739 -0.17136328871402298 0.9850680831687747 -0.01659803612811476 -0.06527587529202848 0.014368056248156631 0.019344220347906373 0.9997096378943144 0.058719120839216016
27844314100004 p2at_met_022.pcd p2at_met_020.pcd 0.1603873733125025 0.9958968245519217 0.07395896209062476 0.052149657466533134 -0.04121259969303859 -0.06709902688369514 0.9901533322598628 -0.12285804493785264 0.03589838435408743 -0.06072261060478512 0.11885474555594232 0.99105313380271 -0.015578169305720653
27844314100005 p2at_met_022.pcd p2at_met_020.pcd 0.1603873733125025 0.9864795730126037 0.08452491039881298 0.14040509802334095 0.11724253176713724 -0.14985005193101597 0.812099904320694 0.5639492063462733 -0.0711995763216872 -0.06635521053499241 -0.5773640835074455 0.8137860290705811 -0.03708290546456238
27844314100006 p2at_met_022.pcd p2at_met_020.pcd 0.1603873733125025 0.9952600939534126 -0.09550190402422806 0.018350250995316897 0.1160929722933078 0.09487792821807725 0.9949646149008524 0.03230470294312698 -0.04755962143895594 -0.021343011054895174 -0.030410547889596264 0.9993095989012439 -0.1680365657704691
27844314100007 p2at_met_022.pcd p2at_met_020.pcd 0.1603873733125025 0.9807661648866745 0.017667091867979587 -0.19438519408229854 -0.29154343832932755 -0.023548663463078996 0.999330840859017 -0.02798805025564871 0.029371491931102126 0.19376065199773446 0.032027244229537434 0.9805259126430441 0.05027015469467308
27844314100008 p2at_met_022.pcd p2at_met_020.pcd 0.1603873733125025 0.9613346775412451 0.01620192594793551 -0.2749056844669589 -0.06357065881396688 -0.055361879982312345 0.9892574342973486 -0.13529519922100172 0.32683900499487395 0.2697604492906504 0.14528326222591545 0.9519044456853333 0.055142328679130485
27844314100009 p2at_met_022.pcd p2at_met_020.pcd 0.1603873733125025 0.967009347438185 0.0016184228759358842 0.2547357506801321 0.037875601015886655 -0.04531386460315451 0.9851247724445524 0.16575836748350295 0.0348128103507718 -0.25067823128844424 -0.17183295208854346 0.9526982003418678 -0.11637929283561982
27844314100010 p2at_met_022.pcd p2at_met_020.pcd 0.1603873733125025 0.554629371152427 -0.11714180842181592 -0.823810692680503 -0.33773565483587037 0.19408137394012392 0.9809457766468689 -0.00882063309436204 0.7825223628419009 0.8091468846535698 -0.1549941289157049 0.5667963823606188 -0.049025647021735765
27844314100011 p2at_met_022.pcd p2at_met_020.pcd 0.1603873733125025 0.9504953185993853 -0.2962049159580838 0.09392176043344502 0.07759866761739302 0.21973333325523897 0.854406211452682 0.4708580338994087 -0.0972735462954923 -0.21971779986426915 -0.4269106154610578 0.8771951976780685 1.3500083089303077
27844314100012 p2at_met_022.pcd p2at_met_020.pcd 0.1603873733125025 0.7770583021296781 -0.5751523851029077 0.25569538322343377 -0.18284211676270265 0.36390207196495483 0.7419738608922477 0.5630719951944549 -0.150447299083713 -0.5135714917233577 -0.34449168881569275 0.7858560932040657 -0.08347326438922222
27844314100013 p2at_met_022.pcd p2at_met_020.pcd 0.1603873733125025 0.8844072359803963 -0.4534544774595841 0.11046663667085731 0.22392754457290912 0.3449423201502443 0.7945149654789496 0.4997607081387549 0.022536279791092934 -0.3143861267850127 -0.40388736858416213 0.8590904241017234 -0.21229724409670125
27844314100014 p2at_met_022.pcd p2at_met_020.pcd 0.1603873733125025 0.9533552062435848 -0.2503536300150518 0.16863247215924423 0.47803897772817794 0.20871140760781928 0.9503235555504247 0.23092138943883359 0.12935555570376875 -0.21806741861776244 -0.1849545882217721 0.9582475678200807 -0.09601102356588163
27844314100015 p2at_met_022.pcd p2at_met_020.pcd 0.1603873733125025 0.9666041867908621 -0.22143170959402414 -0.12901296083976924 -0.43191009776128203 0.22846504085392688 0.9726304418250392 0.042352671023710695 -0.3139917770002392 0.11610370875208767 -0.07041322050223874 0.9907380618470826 0.3336407190800107
27844314100016 p2at_met_022.pcd p2at_met_020.pcd 0.1603873733125025 0.9100481890676378 0.3257523132421207 -0.2563156725448527 -0.143214587681182 -0.37757889770011094 0.9066141563552478 -0.18837448741225976 -0.5690958580133563 0.17101599219453723 0.2682092502388196 0.9480597705313987 0.08668350999975223
27844314100017 p2at_met_022.pcd p2at_met_020.pcd 0.1603873733125025 0.9248983918646739 0.27900488015935454 -0.2583006805515697 -0.7767321281097338 -0.21530740300550077 0.9442670362136992 0.2490029849845639 -0.3330579341986074 0.31337786606135204 -0.17468841165761484 0.933422879457844 -0.26881523491343273
27844314100018 p2at_met_022.pcd p2at_met_020.pcd 0.1603873733125025 0.9953505823025235 -0.01049304339163274 -0.09574504869917953 0.23855619564037323 0.0036491373297701086 0.9974427009679601 -0.07137746200649409 0.8340615118743433 0.09624916678483729 0.07069621154009131 0.9928434637782044 -0.03974502962058476
27844314100019 p2at_met_022.pcd p2at_met_020.pcd 0.1603873733125025 0.9321446352818596 0.3575051195457811 0.05741487972473489 -0.15043122187125038 -0.3251760651329241 0.896281651512852 -0.30156214587720215 0.05483471730094123 -0.15926991423340858 0.2624295918145501 0.9517162411980429 0.5945757693482931
27844314100020 p2at_met_022.pcd p2at_met_020.pcd 0.1603873733125025 0.9279488445016282 -0.06994456348852493 0.3660856457531397 -0.5517687128323319 0.3684044698486526 0.3209601589027368 -0.8725037094434976 -0.521345370774487 -0.05647201593379447 0.9445063972443649 0.323602498415639 -1.451101198616857
27844314100021 p2at_met_022.pcd p2at_met_020.pcd 0.1603873733125025 0.2659998668756548 0.1023062962922714 -0.9585288167609213 0.981933401779222 -0.17438735358918156 0.983053113824865 0.05652987093031936 2.2985328749203764 0.9480680997324483 0.1521183655519437 0.279332921675032 -0.6749476646546808
27844314100022 p2at_met_022.pcd p2at_met_020.pcd 0.1603873733125025 0.5509547099079138 -0.2788595466666884 0.7865661198291825 -0.2267138339994979 0.48264081820702903 0.8753795312842043 -0.027722135723943914 -1.7154716884628152 -0.6808132990994935 0.3949025568940979 0.6168834754860659 1.1318787075059822
27844314100023 p2at_met_022.pcd p2at_met_020.pcd 0.1603873733125025 0.7209702475345336 0.69188874339272 -0.03862471924087671 0.3102290676058193 -0.559382040189132 0.61398199178769 0.5568822558443263 0.5168037080606832 0.40901544626558783 -0.3798895635929793 0.8296928854638312 -0.7259042759307731
27844314100024 p2at_met_022.pcd p2at_met_020.pcd 0.1603873733125025 0.48764547498600286 -0.4337381248936956 -0.757676137765587 2.0378460310406465 0.43349100206115393 0.8736112490061576 -0.22110842756873408 0.6858948440500638 0.7578175518274122 -0.2206232640126656 0.614034146867017 -0.06718179560950592
27844314100025 p2at_met_022.pcd p2at_met_020.pcd 0.1603873733125025 0.7242165003443009 -0.2414849185385627 0.6459067229464921 0.3962553973736654 -0.0654295831513778 0.908386554896771 0.41298043117248573 -0.017987065747085064 -0.6864615286217355 -0.34134865021147953 0.6420682741898331 -2.4926572225427712
27844314100026 p2at_met_022.pcd p2at_met_020.pcd 0.1603873733125025 0.39167414474059803 0.8997479028570217 0.19247097351578046 -0.5422504440519138 -0.6262554191470009 0.4139422253220067 -0.6606481545304423 -0.5141077058469795 -0.6740886546521423 0.1382228107074091 0.725602467105376 -0.33933079434198526
27844314100027 p2at_met_022.pcd p2at_met_020.pcd 0.1603873733125025 -0.311270034657983 -0.07466460299149319 -0.9473838517645005 -1.5499248296518304 0.9482697535832119 -0.0898761121477307 -0.30447784632784564 1.8095555111274506 -0.0624134597923619 -0.9931502814404933 0.09877792522328041 -1.8669102620540976
27844314100028 p2at_met_022.pcd p2at_met_020.pcd 0.1603873733125025 -0.22143135802503705 -0.47502579809306933 0.8516564124277055 0.14025037645235286 -0.017239828780484273 0.8751065380427101 0.4836231336263 0.5752187842567783 -0.9750235597085883 0.09240691652114047 -0.20196539256082352 0.5500737513886724
27844314100029 p2at_met_022.pcd p2at_met_020.pcd 0.1603873733125025 0.7517298914489229 0.007356845739570114 -0.659430092673177 0.4384095077404511 0.1863062367824887 0.9568359547876444 0.22305815780097413 0.2395832382638935 0.6326074267965386 -0.29053542373759034 0.7179115621826138 -1.1963714096122031
27844314100031 p2at_met_086.pcd p2at_met_033.pcd 0.11067992182214538 0.969363926259797 0.12171918699062897 -0.21334952070377652 0.11145216893471946 -0.11907804975055108 0.9925641298304126 0.025236208938762314 -0.03214681988296489 0.21483481220183134 0.0009421742598293096 0.9766499453611145 -0.10238519553911446
27844314100032 p2at_met_086.pcd p2at_met_033.pcd 0.11067992182214538 0.9996213667479579 -0.021289792622673047 0.017431806304237255 -0.06323878785266963 0.019288000453767495 0.9939750443823194 0.1078961731650462 -0.08882987004666988 -0.019623867596382072 -0.10751909539821168 0.9940093299085829 -0.05595388417890456
27844314100033 p2at_met_086.pcd p2at_met_033.pcd 0.11067992182214538 0.9231120217377646 0.37170116062726183 -0.09850097721121086 -0.2680713316620342 -0.3840414686525729 0.9040991032079343 -0.18739520253673533 -0.28828133286872853 0.019399630882875593 0.21081522422955065 0.9773334106407356 -0.04716142628210865
27844314100034 p2at_met_086.pcd p2at_met_033.pcd 0.11067992182214538 0.9943001276666918 -0.10383788050030487 -0.024185753972213245 -0.05065162698099467 0.10122108301742233 0.9906210525104605 -0.09178356430128112 0.05425019638247067 0.03348952783752142 0.0888123014918075 0.9954852217029382 0.15419233924392828
27844314100035 p2at_met_086.pcd p2at_met_033.pcd 0.11067992182214538 0.9848176107567257 -0.1341156780797253 -0.11021460173964931 -0.04978663219439963 0.12238982960886974 0.9866913278481042 -0.10705584130563064 -0.05834851601303216 0.12310565848784469 0.09194133152483724 0.9881253910338069 0.021703644963260313
27844314100036 p2at_met_086.pcd p2at_met_033.pcd 0.11067992182214538 0.9845775844686647 0.02556922542050552 -0.17306991325254956 -0.034576662188097 0.000524234757790806 0.9888263825359335 0.149070823365334 -0.040396025649811235 0.17494772173357498 -0.14686252044785036 0.9735628868994219 -0.17666512505945572
27844314100037 p2at_met_086.pcd p2at_met_033.pcd 0.11067992182214538 0.9231006248274056 -0.30747436238460535 -0.230964830481686 -0.030924387778586172 0.34377607195746884 0.9289623758003006 0.13728407299084128 0.040569621239643756 0.17234630484216015 -0.20612719574001337 0.9632280780706155 0.06481005231005442
27844314100038 p2at_met_086.pcd p2at_met_033.pcd 0.11067992182214538 0.9327363066585004 0.3605499202271559 -0.002595624250886469 -0.32641238403711165 -0.3475358016924818 0.8971050846355515 -0.2728027376383973 0.0684266070195764 -0.09603045758000026 0.25535509030609077 0.9620664889038306 0.010892938455173397
27844314100039 p2at_met_086.pcd p2at_met_033.pcd 0.11067992182214538 0.9975784909349645 -0.06952592188524633 0.0018167580809120235 -0.02179375021914403 0.06947589393784241 0.9949777472585941 -0.07205818913732141 0.1288912670009337 0.003202278166494023 0.07200992047085554 0.9973987751989294 0.06298341843476254
27844314100040 p2at_met_086.pcd p2at_met_033.pcd 0.11067992182214538 0.9832175387699574 -0.178504997595414 -0.03767276587415273 -0.04307284602529823 0.17525753013053125 0.9815269061757415 -0.07674458017100126 0.013321323006457775 0.05067612443442582 0.06885418132937575 0.996338813921132 -0.16195625048650478
27844314100041 p2at_met_086.pcd p2at_met_033.pcd 0.11067992182214538 0.6056723710454315 0.2779620695587225 0.7455857206511113 0.4172719443324289 -0.2519860056633414 0.9557787288794617 -0.15162478152134173 -0.2739870994830995 -0.7547609104226579 -0.09604222669322085 0.6489313205492305 0.04286017799988338
27844314100042 p2at_met_086.pcd p2at_met_033.pcd 0.11067992182214538 0.8174554744782009 -0.5140608789256791 0.2598229397181425 0.007822893394394088 0.44234547301180216 0.8491976933648056 0.2884332853362427 0.3845787793592088 -0.3689133092632797 -0.12084986695090591 0.9215738060005633 0.5656155522932392
27844314100043 p2at_met_086.pcd p2at_met_033.pcd 0.11067992182214538 0.5909520935444112 0.645885759638553 -0.4833292962687098 0.11964648726393626 -0.625697829043361 0.7451556329583013 0.23074945157234444 0.3460340103358991 0.5091933325033842 0.16605621989748554 0.8444805989289841 0.7814400611664033
27844314100044 p2at_met_086.pcd p2at_met_033.pcd 0.11067992182214538 0.8002579772186985 -0.27322801896053023 0.5337917379959538 -0.9960472532986789 0.2497005881891642 0.9611520687123177 0.11762787538682021 -0.1833374271769269 -0.5451942646028316 0.03915546532651607 0.8373948073514914 0.3538240270704961
27844314100045 p2at_met_086.pcd p2at_met_033.pcd 0.11067992182214538 0.7554704048372306 -0.5526427276412371 0.35192397332424585 -0.3565799169618699 0.5087256473162369 0.833273983456998 0.2164548088086347 -0.27362133417777207 -0.41287126707697497 0.015507549095854459 0.9106573629764891 -0.3158668016532647
27844314100046 p2at_met_086.pcd p2at_met_033.pcd 0.11067992182214538 0.9805749107985163 -0.14340025984362897 -0.1338252957749815 -1.1300556639094255 0.14946695308216373 0.9880967717839524 0.03639230037337601 -0.5455212952430425 0.1270136774084423 -0.05568783589718185 0.9903365037623689 -0.14700195842802805
27844314100047 p2at_met_086.pcd p2at_met_033.pcd 0.11067992182214538 0.8759916922205038 -0.12195779944365236 0.4666528156086921 0.39543728176425685 -0.16839999202191158 0.8292857306804967 0.5328476513758269 0.6637371228603973 -0.4519734481666796 -0.545354446249938 0.7059097180998043 0.3072023886039979
27844314100048 p2at_met_086.pcd p2at_met_033.pcd 0.11067992182214538 0.9980497892230423 0.04751620780822896 -0.04048244344609091 -0.29064260838572875 -0.03565562091481256 0.9662584634162372 0.2550946071042493 0.014429511539739849 0.051237631961478555 -0.2531536921951117 0.9660682756404759 0.27597440870306733
27844314100049 p2at_met_086.pcd p2at_met_033.pcd 0.11067992182214538 0.8707565702269618 -0.007803135272075282 0.4916524244692625 0.11321359324920648 -0.09512318487274857 0.9783130008336511 0.1839979676505191 -0.2194579094636662 -0.4824257197810281 -0.20698498370602217 0.8511302141352842 0.20331846334425327
27844314100050 p2at_met_086.pcd p2at_met_033.pcd 0.11067992182214538 0.9894992518617866 0.12288708851530529 0.07609201036374558 -0.7546904746139457 -0.14448062803877135 0.8557747844978336 0.49676439721381876 -0.7035247094559047 -0.004071693319374466 -0.5025418208407316 0.8645433127493354 -0.668722045156328
27844314100051 p2at_met_086.pcd p2at_met_033.pcd 0.11067992182214538 0.4203066333300873 0.8984739349269791 -0.126834231324032 -0.5634224990884404 -0.6146127989754863 0.17906725042210708 -0.7682356586112005 -0.48220450396276593 -0.6675278580810289 0.4008484851949634 0.627476733116581 -1.2817342613666451
27844314100052 p2at_met_086.pcd p2at_met_033.pcd 0.11067992182214538 0.4941208359141759 0.8441003582707529 -0.20818065395867652 0.16953852626890237 -0.8099237000558057 0.5339698358900802 0.2426928397119159 0.02811887949669119 0.31601930258037875 0.048690856705411636 0.9475025070520413 -0.33176300244448076
27844314100053 p2at_met_086.pcd p2at_met_033.pcd 0.11067992182214538 0.7480139426388063 -0.6111013089922204 0.25890216639870667 -0.8155522357998064 0.316988901164511 0.6716897069578072 0.6695901538295281 -0.6177308168955927 -0.5830893397726156 -0.41879365768231275 0.696145598369052 -0.3776646358259722
27844314100054 p2at_met_086.pcd p2at_met_033.pcd 0.11067992182214538 0.6977892989774577 0.661743562307138 -0.27419983949230675 0.15519181234364654 -0.6634456468896305 0.45275066605334785 -0.5956985042884104 -0.7590829776876795 -0.2700554903269837 0.5975887315983364 0.7549554556468505 0.07729429737096224
27844314100055 p2at_met_086.pcd p2at_met_033.pcd 0.11067992182214538 0.9255226367086475 -0.27460183305753244 0.2607713217002895 -0.16667096467035528 0.30337166254452147 0.12549017903338994 -0.9445728396111868 1.1446561284985661 0.22665719336664744 0.9533341744884691 0.1994504160124601 2.1025428569703153
27844314100056 p2at_met_086.pcd p2at_met_033.pcd 0.11067992182214538 0.8307589733544167 -0.54375684251056 0.11902951068563562 1.1432522726243917 0.5265231364143096 0.6982684381615234 -0.48496863309693056 -0.44228659080530985 0.18059046212786004 0.4655638350327623 0.8663933289782609 0.429773788829353
27844314100057 p2at_met_086.pcd p2at_met_033.pcd 0.11067992182214538 0.1823993725150841 0.9762253191757214 -0.11710932971528952 0.3628000064229754 -0.9306721509895649 0.13300267662260978 -0.34082199955941495 -0.5271647222369984 -0.3171432109923842 0.1711561106460483 0.9328053224065338 -1.8631094875338567
27844314100058 p2at_met_086.pcd p2at_met_033.pcd 0.11067992182214538 0.17941042937145335 0.7989836357797444 -0.5739660683254122 -0.13406433898318473 -0.9835953724150281 0.13455638605525855 -0.12014458928928334 1.209844552903495 -0.01876276089740264 0.5861055610791703 0.8100174257851358 -0.8764254152397278
27844314100059 p2at_met_086.pcd p2at_met_033.pcd 0.11067992182214538 0.1588395149485331 0.7359851853741379 -0.6581001560558316 -1.1106911937432118 -0.9167205511416279 0.35744378599878346 0.17848633271330663 -0.5776220378437545 0.36659710801573986 0.5749432552527695 0.7314689423576672 0.2059420902307337
27844314100060 p2at_met_086.pcd p2at_met_033.pcd 0.11067992182214538 0.9701580970409648 -0.2300201680661962 0.07670716412860829 -0.16962951356561695 0.1707935478373935 0.8728190097304604 0.45718326770591106 -0.7451904840425813 -0.17211284310873018 -0.4304389602904663 0.8860583901194619 0.000913065820268332
27844314100062 p2at_met_069.pcd p2at_met_073.pcd 0.14226673653612285 0.9953726542988098 -0.08030481568207043 -0.05276756250208175 0.07011641314260024 0.0800342384157399 0.9967659349961078 -0.007224369352956247 0.07904055768554023 0.053177060424161406 0.0029677280205779675 0.9985806891959415 -0.08223790134794356
27844314100063 p2at_met_069.pcd p2at_met_073.pcd 0.14226673653612285 0.9621919621176602 0.2270217754543253 0.15049166590124888 0.12309009860598026 -0.21070721083160518 0.9705348839712551 -0.11689529630600132 -0.06343558585075373 -0.1725951892137573 0.08076603533954274 0.9816759894159575 -0.03527086282230236
27844314100064 p2at_met_069.pcd p2at_met_073.pcd 0.14226673653612285 0.9785783945353534 -0.10261891138298163 0.1784760061610022 0.1984454581003823 0.16965571265496743 0.8930566718402 -0.41673339204489096 0.012278337830939247 -0.11662446103689164 0.43808576775361857 0.8913358487010254 -0.14189045311186269
27844314100065 p2at_met_069.pcd p2at_met_073.pcd 0.14226673653612285 0.9865074136771821 -0.14586020038530972 0.07435001481852398 0.08287835329072771 0.13663305819786276 0.9836979216408065 0.11691794715550569 -0.11089856098683129 -0.09019163025168629 -0.10518175175911201 0.990354617765489 -0.15829509723629692
27844314100066 p2at_met_069.pcd p2at_met_073.pcd 0.14226673653612285 0.995307005974993 -0.09129092988882467 -0.03209252213722566 0.09549764092493926 0.09675158494096131 0.9448506348991638 0.312884017715924 -0.1681253024356197 0.0017591669922349343 -0.31452065727179257 0.9492489986725361 -0.02417544460209153
27844314100067 p2at_met_069.pcd p2at_met_073.pcd 0.14226673653612285 0.9835629910244604 0.004394972728454502 -0.18051184698443865 -0.05153429014611499 -0.042350453551537715 0.9774325634368269 -0.20695898873277413 0.0029645536954135215 0.17552857821732706 0.21120196056862167 0.9615526247070277 -0.08851064006308068
27844314100068 p2at_met_069.pcd p2at_met_073.pcd 0.14226673653612285 0.9701463254084339 -0.24204936549051975 0.015106686008198767 -0.14227707174036405 0.24250587701045062 0.9675248034639603 -0.07132078447001033 -0.08244293772438557 0.002647057216177846 0.07285505711796716 0.9973390264801797 0.08039000621377376
27844314100069 p2at_met_069.pcd p2at_met_073.pcd 0.14226673653612285 0.9963018505085643 0.08031000581835585 -0.03054383143395351 0.02030194698768331 -0.08233156418741466 0.9940015610925865 -0.07198895806965427 0.09232068557513277 0.024579182485667293 0.07423745355921413 0.9969376431238715 -0.07101711119323179
27844314100070 p2at_met_069.pcd p2at_met_073.pcd 0.14226673653612285 0.954499552508217 0.28139588963356926 -0.09872668108948753 0.14830093805688105 -0.2746325796139883 0.9584821167902774 0.07673967688096807 -0.07089922947840048 0.11622198792044332 -0.046134424138175686 0.9921512306262887 0.10503046040414077
27844314100071 p2at_met_069.pcd p2at_met_073.pcd 0.14226673653612285 0.957890565583946 -0.2870962790733471 0.004625030541132967 0.08280327536605728 0.2870836089598656 0.9579001248525534 0.003217494994747331 0.06405177656248082 -0.00535404817372722 -0.0017542376409839843 0.9999841282832703 -0.17295653807906425
27844314100072 p2at_met_069.pcd p2at_met_073.pcd 0.14226673653612285 0.888524769598238 0.45489310880564116 0.059966602134330735 0.6626067576800228 -0.4585363409070392 0.8850068331999882 0.08066801879872765 0.04976632756359446 -0.016375526800122577 -0.09917239913639009 0.9949355141774521 -0.598127978242449
27844314100073 p2at_met_069.pcd p2at_met_073.pcd 0.14226673653612285 0.9745035085427043 -0.18772193864171843 -0.1228958322749549 0.15986078934292566 0.2241483104082942 0.8389746327219715 0.49586197735876014 -1.221972861773913 0.010022314057438954 -0.5107661298496872 0.8596612785389989 -0.617581784382503
27844314100074 p2at_met_069.pcd p2at_met_073.pcd 0.14226673653612285 0.873370549494401 -0.4476312333330438 -0.19196396073374392 0.807084118419762 0.4862713661916749 0.7790136906650973 0.3958255021830029 0.3325827466901927 -0.027641304200965333 -0.4390489137910291 0.8980378664627608 -0.6785041057332629
27844314100075 p2at_met_069.pcd p2at_met_073.pcd 0.14226673653612285 0.9201928872293063 -0.31473723791309177 -0.23277783692489132 0.8043447775987816 0.3514472070901368 0.9261126445073898 0.13711393186715792 0.37156093177236377 0.1724236379419479 -0.20798038550393877 0.9628157914806431 -0.613441106483868
27844314100076 p2at_met_069.pcd p2at_met_073.pcd 0.14226673653612285 0.9819324857714105 -0.13487949027706425 0.13272571902000707 0.2619441866079449 0.04318672020889193 0.8426142220251907 0.5367831778646582 -0.07752549246014775 -0.1842376198944652 -0.5213528516690801 0.8332152803880524 -0.3547577415690573
27844314100077 p2at_met_069.pcd p2at_met_073.pcd 0.14226673653612285 0.7839391449816949 -0.3688112301155369 0.4994173540297069 0.21387990823835445 0.41278054595547736 0.9105024004711215 0.024445850711794004 0.5131007320686091 -0.4637366039532216 0.18698570875066842 0.8660165742507143 -0.6328336620086675
27844314100078 p2at_met_069.pcd p2at_met_073.pcd 0.14226673653612285 0.9888673687608222 -0.09506451402733038 -0.11447298883490478 0.49102300216338496 0.14251721545259877 0.8262698883562167 0.5449467083077422 0.2372654011613985 0.04278048970835035 -0.5551943891724351 0.8306196602126397 -0.16352962021283574
27844314100079 p2at_met_069.pcd p2at_met_073.pcd 0.14226673653612285 0.9615030607735384 0.2644615887288383 -0.07464537634800836 0.6623294144733036 -0.25480685139217596 0.959747712911367 0.11814311679063552 0.5460306585546282 0.10288504559323744 -0.09457481508530166 0.9901869882728506 0.4543034516432039
27844314100080 p2at_met_069.pcd p2at_met_073.pcd 0.14226673653612285 0.98146679698877 -0.18614012234771452 0.04554976685980349 0.5211798363310711 0.18485266802721975 0.982275723548481 0.03104664314425388 0.5074831580023578 -0.05052145615303535 -0.022051253471991702 0.9984795063938423 -0.06102706837720697
27844314100081 p2at_met_069.pcd p2at_met_073.pcd 0.14226673653612285 0.8909752722632904 0.12328781385324157 -0.43699333996142775 0.4462772637171321 0.16266540925024914 0.8118785037675742 0.5607078203071311 -0.48799734422018026 0.42391394038036123 -0.5706605033427611 0.7033090082430212 0.08334405164702591
27844314100082 p2at_met_069.pcd p2at_met_073.pcd 0.14226673653612285 -0.1884715272051497 -0.9802544591969747 -0.05983041582176285 -0.3750697634655416 -0.4444596180395787 0.13946427374720166 -0.8848759033221989 -0.1289921913796436 0.8757477555581118 -0.14018170912288141 -0.46196856717997337 0.5808270024532428
27844314100083 p2at_met_069.pcd p2at_met_073.pcd 0.14226673653612285 0.018339209489314667 -0.9386494546872428 0.3443847769728638 -0.18805882658855103 0.12763310234781405 -0.3394268845781607 -0.9319330347244037 0.045030248087719604 0.9916518867931325 0.06104581264023018 0.11357792117623236 1.2239969854905837
27844314100084 p2at_met_069.pcd p2at_met_073.pcd 0.14226673653612285 -0.14327700525270992 0.3949490017726569 0.9074618370844016 -0.08276403438362775 -0.012045603809599542 0.9161582355419788 -0.40063573340064207 -1.148872781744034 -0.9896093184659678 -0.06833281384071713 -0.12650700912571122 -2.245026264480759
27844314100085 p2at_met_069.pcd p2at_met_073.pcd 0.14226673653612285 0.8478763022199971 -0.18905283745212528 -0.49534311419968763 -1.2234490869781856 -0.296589989976653 0.6052901223475611 -0.738686838676664 0.13770192597770206 0.4394771370383144 0.7732288745512387 0.45713997154135605 -0.4581372062368904
27844314100086 p2at_met_069.pcd p2at_met_073.pcd 0.14226673653612285 0.24403050188352318 0.8929049499855013 -0.37837793862996977 0.7953525065861976 -0.21893413219531926 0.4308264029707807 0.8754749889420833 -1.0188847310771207 0.944731157478337 -0.1308027553022023 0.3006221536996133 1.2747728757509742
27844314100087 p2at_met_069.pcd p2at_met_073.pcd 0.14226673653612285 0.741255453955772 0.3369681484299467 0.5805108258460957 0.8662770174473295 -0.5469364022415985 0.8045712810917117 0.23135605793983108 0.5661963844230611 -0.3891027163665644 -0.48899644230417005 0.7806929969777017 0.5046922622087713
27844314100088 p2at_met_069.pcd p2at_met_073.pcd 0.14226673653612285 0.8167572558763528 0.5665543949959246 -0.10919570726055278 -0.41242902047026275 -0.47327153417625323 0.5495888051591498 -0.6884520318672858 -0.023748814455332473 -0.3300327861164495 0.6139774122510864 0.7170147120761707 0.8934372451203167
27844314100089 p2at_met_069.pcd p2at_met_073.pcd 0.14226673653612285 0.43849133466487056 -0.37200759259235844 0.8181293910363192 0.30971256850569456 0.40004230642760547 0.8959486210553617 0.19298243831260362 -0.5184557235407646 -0.8047928320331279 0.24266524160380684 0.541684481986944 0.3087238309282813
27844314100090 p2at_met_069.pcd p2at_met_073.pcd 0.14226673653612285 0.22028345935340532 -0.9063338878012047 -0.3606023867897302 0.1692518377551032 0.5175316604277335 0.421954993632927 -0.7443889868900198 0.9421210683784732 0.8268229423463104 -0.022646570852782544 0.5620061875445858 1.0913625581883868
27844314100091 p2at_met_069.pcd p2at_met_073.pcd 0.14226673653612285 0.35641849077160725 -0.9331338907362615 -0.04719111564157254 -0.6472489370463816 0.9307678500290376 0.3590118552925895 -0.06914981642560908 0.12425316334636399 0.08146820722473495 -0.019277700038628883 0.9964894889023206 1.1255851802414618
27844314100093 p2at_met_048.pcd p2at_met_076.pcd 0.18780390770046856 0.9720979148436336 0.1950225974687477 -0.13035271548073923 -0.2590961058256078 -0.1878032202905058 0.9800086468716114 0.06567345358201622 0.007296496605174882 0.14055459581662744 -0.039360367546763225 0.989290233986674 -0.009891879867430705
27844314100094 p2at_met_048.pcd p2at_met_076.pcd 0.18780390770046856 0.9543695243922588 -0.2937860385099465 -0.05355907474860343 -0.09637144550174188 0.29850595374434213 0.9333786924934655 0.19924460338581304 0.08445326250285551 -0.008544383563192249 -0.20614068006053896 0.9784850604550404 -0.17292696382517606
27844314100095 p2at_met_048.pcd p2at_met_076.pcd 0.18780390770046856 0.9905931547271687 0.12574539201458784 -0.05397497748747421 -0.0406909415351242 -0.1297251983020336 0.9884802018910579 -0.07796321821802664 -0.023938145237581806 0.04354968120633919 0.08423174494518808 0.995494067491271 0.14253206630602808
27844314100096 p2at_met_048.pcd p2at_met_076.pcd 0.18780390770046856 0.9783186615202625 0.20588349977888395 -0.022462881382423402 0.04924166880796117 -0.1988996385825301 0.9642420176945764 0.17514641042291285 -0.12441500791491428 0.05771941001899997 -0.16688114282653638 0.9842861138286815 -0.01672139731744157
27844314100097 p2at_met_048.pcd p2at_met_076.pcd 0.18780390770046856 0.9956864009665849 -0.09243348722310006 0.008039985695610088 -0.1806648936583676 0.09124620974133248 0.9912203114539501 0.09568920194554081 -0.018774407608637685 -0.01681428375070973 -0.09454281887542135 0.995378789838843 -0.13357240979176827
27844314100098 p2at_met_048.pcd p2at_met_076.pcd 0.18780390770046856 0.9665117159886343 0.06740913208265177 -0.24761080705124533 -0.051053150279378956 -0.04538441894371029 0.9945740092439338 0.09360979998690958 -0.11455759180085684 0.25257742847263137 -0.07923729581649688 0.9643267566431213 -0.051905213080721706
27844314100099 p2at_met_048.pcd p2at_met_076.pcd 0.18780390770046856 0.9390229963676643 0.004752495303552803 0.3438215032267228 -0.0857016093587785 0.12178185249358454 0.9304963341761585 -0.34546454592036163 0.1697319731744997 -0.32156646699543234 0.3662703726390118 0.8731786881451901 -0.08966789564859662
27844314100100 p2at_met_048.pcd p2at_met_076.pcd 0.18780390770046856 0.9755214890025475 0.19150409658016895 0.10809257831722774 0.1540894572695846 -0.16248305920687386 0.9589258383827367 -0.23250912230005358 -0.01789457646417835 -0.148179215698519 0.20925443239028194 0.9665689331651379 -0.04214139657267735
27844314100101 p2at_met_048.pcd p2at_met_076.pcd 0.18780390770046856 0.9980376877730794 -0.024269126219075527 0.05772160165074799 -0.11128186095585813 0.014079762341328229 0.9852076791787334 0.1707852135861462 0.060790112324035056 -0.06101257310568673 -0.16963737324014552 0.9836160976332213 -0.054664111662770055
27844314100102 p2at_met_048.pcd p2at_met_076.pcd 0.18780390770046856 0.9711215017303874 -0.17311159785696992 -0.16418100853729783 0.11710848910432346 0.1605510891493804 0.9831845805198265 -0.0870139552083507 -0.08199835747994123 0.17648336083003757 0.058141683115127296 0.9825849418929008 -0.019892014295290056
27844314100103 p2at_met_048.pcd p2at_met_076.pcd 0.18780390770046856 0.9964928179214858 0.06363455232009581 -0.054338822051257375 0.3114677108913158 -0.07266066839273956 0.9801012907263514 -0.18472110649641832 -1.7059013097604887 0.041502904713014536 0.18802155107210922 0.9812876261488379 0.0617931952847193
27844314100104 p2at_met_048.pcd p2at_met_076.pcd 0.18780390770046856 0.7622141116168084 0.5398203485380606 0.35724450920405576 0.6397106461213098 -0.5053089133213577 0.8411124872903623 -0.1928540532169575 -0.0043368008939145206 -0.4045893599320037 -0.033522753891459256 0.9138838409783513 0.2347836236206313
27844314100105 p2at_met_048.pcd p2at_met_076.pcd 0.18780390770046856 0.8296085569828544 -0.5538423914076651 0.07076897385623537 -0.006474323687986524 0.5582985755588892 0.8244910200069525 -0.09228899423447107 0.4851725117580944 -0.007234826172145187 0.11607395662995901 0.9932142235603179 -0.5141175437687838
27844314100106 p2at_met_048.pcd p2at_met_076.pcd 0.18780390770046856 0.9389170590338871 0.3367271428374679 0.07106044984147072 -0.19334001742485454 -0.29291171417465806 0.8903155538882909 -0.3486272252762966 0.2489108577216875 -0.18065847324280168 0.30651761088247725 0.9345637860865778 0.36049216707855875
27844314100107 p2at_met_048.pcd p2at_met_076.pcd 0.18780390770046856 0.7889298964939928 0.24732451003275732 -0.5625124044454791 0.15438608062877138 -0.23637570457789178 0.9671325651476139 0.09370767159790806 -1.2344305089354919 0.5672002686029715 0.05903548228017348 0.8214612998362517 -0.4712755133027038
27844314100108 p2at_met_048.pcd p2at_met_076.pcd 0.18780390770046856 0.9996559760910669 -0.013723214317811702 -0.022351797560906644 0.3647692896223802 0.01984562341885252 0.9529438244503287 0.30249664241623997 -0.006346127461772587 0.017148781196733392 -0.3028361616960049 0.952888334734295 0.5659896130286863
27844314100109 p2at_met_048.pcd p2at_met_076.pcd 0.18780390770046856 0.8401041061159294 -0.42540928963455715 0.3365293853139372 0.4584277759133676 0.43378433901417346 0.8993945655131714 0.0540422311846023 0.5850013689944464 -0.32566276746535144 0.10058007664540164 0.9401209550205831 -0.13429076870720646
27844314100110 p2at_met_048.pcd p2at_met_076.pcd 0.18780390770046856 0.8873335621684513 0.40821727825899623 -0.21447098447171029 -0.27279342313806915 -0.4422054855422587 0.8851530385121262 -0.14477018674121317 0.19192970399738468 0.13074195197327673 0.22329969131991145 0.965941918466452 -0.1688991068732651
27844314100111 p2at_met_048.pcd p2at_met_076.pcd 0.18780390770046856 0.9509186896817721 0.16629439022635684 -0.2609594248022962 0.3671539622906436 -0.20028512867769827 0.9736105809069188 -0.10939974395148047 -0.48050416034758586 0.23588029346356806 0.15629655314604926 0.9591307912011816 0.1000525603835037
27844314100112 p2at_met_048.pcd p2at_met_076.pcd 0.18780390770046856 0.9979429388420739 -0.05083030270127732 0.03906624044545627 0.046360071385919764 0.06331391776082984 0.8770840864495031 -0.476145831773015 -0.1683073825366512 -0.010061741053145818 0.47763980741175455 0.8784981364480191 0.051097423011065846
27844314100113 p2at_met_048.pcd p2at_met_076.pcd 0.18780390770046856 -0.016457891627753962 0.8074917329798503 -0.5896492508028541 -0.10909599989566333 -0.9249734699158751 -0.23623169060401178 -0.2976888783716244 -0.25386877875476493 -0.3796751476656781 0.5405105822493843 0.7507963057457574 1.1453390139931783
27844314100114 p2at_met_048.pcd p2at_met_076.pcd 0.18780390770046856 0.7990411079085757 0.3840374077482248 0.4626538417891494 -0.9782206310394729 -0.5477425159252391 0.7822966138133504 0.2966313271791344 0.7006595433483059 -0.24801500785259883 -0.49043580361367306 0.8354407689439663 0.4646839462940901
27844314100115 p2at_met_048.pcd p2at_met_076.pcd 0.18780390770046856 0.9761327278917277 0.20423611421671714 -0.07384109417059385 -0.6506557339360667 -0.21341827948361694 0.8391328510595975 -0.5003086010202544 1.4535091652945378 -0.04021859670484801 0.5041266387746708 0.8626927590729189 0.2958074181335962
27844314100116 p2at_met_048.pcd p2at_met_076.pcd 0.18780390770046856 0.44453016491245767 0.5096570286938503 0.7366428209015944 -0.7122076536510161 -0.48430769183500577 0.8285487007115915 -0.280985960821145 -0.6948209431132951 -0.7535509220433293 -0.2318550487957698 0.6151457097595324 -0.21645236308886398
27844314100117 p2at_met_048.pcd p2at_met_076.pcd 0.18780390770046856 -0.18184537737810919 -0.98331588725796 0.004703678592783006 -1.3599937967633215 0.9233603307455561 -0.16910895240397567 0.34468516333356647 0.13282353718897996 -0.33813896304873026 0.06702259382418055 0.9387065641537875 1.3077226435842457
27844314100118 p2at_met_048.pcd p2at_met_076.pcd 0.18780390770046856 0.8137915633791226 -0.5806604564890697 -0.02401511280149953 1.1408952088303008 0.570972368643803 0.7911450840418265 0.21927154453265607 0.4289752285929111 -0.10832287670777913 -0.19215329886930538 0.9753682710214613 -1.1230111105618037
27844314100119 p2at_met_048.pcd p2at_met_076.pcd 0.18780390770046856 -0.19282924355213177 0.062135529512261624 -0.9792630181944703 -0.21172447705206496 -0.1407002404109333 0.9859289157995836 0.09026414204191545 -0.0014916350194140583 0.9710923360728464 0.15518810831532287 -0.18137344308937148 -1.6842969460330202
27844314100120 p2at_met_048.pcd p2at_met_076.pcd 0.18780390770046856 0.9600226670769658 -0.0834729344019683 0.26718672856404 1.0304155353909703 -0.13351889727217545 0.702372498122147 0.6991749265762303 -1.5314552643956971 -0.24602679278820747 -0.706898255128685 0.6631483047753112 -1.4105276068107815
27844314100121 p2at_met_048.pcd p2at_met_076.pcd 0.18780390770046856 0.9422328769563564 0.33181078060380087 -0.045812787053884384 1.6456712262610198 -0.3346592100107315 0.9267637207315575 -0.17062303212284435 -0.6503635464429419 -0.014156932490527956 0.17609830155596723 0.9842707805535846 1.9381382088199883
27844314100122 p2at_met_048.pcd p2at_met_076.pcd 0.18780390770046856 0.09398080585980517 -0.21035045025058213 0.9730982973005959 1.3984912350735497 -0.029030832448467006 0.9764297064306027 0.21387435369205987 0.6256097242265235 -0.9951506513575172 -0.04834993773754691 0.0856590019991168 -1.0066081652456946
27844314100124 p2at_met_100.pcd p2at_met_088.pcd 0.14152200483380353 0.9614468934408705 0.2522199005949661 -0.10956729820874533 -0.039323812888082926 -0.26212491986405356 0.9610232343951454 -0.08789123584838433 -0.2378538054664682 0.08312880053965768 0.11322307492979626 0.9900859244652854 0.2162880961537635
27844314100125 p2at_met_100.pcd p2at_met_088.pcd 0.14152200483380353 0.9607613511100133 -0.22169738305108636 -0.16669702025399757 -0.02120232357550747 0.2268278715272112 0.9738590673179829 0.012150460937077556 0.15324851410346793 0.15964567927663043 -0.04948522356065876 0.9859332988277933 0.15611387579903047
27844314100126 p2at_met_100.pcd p2at_met_088.pcd 0.14152200483380353 0.943320804390662 -0.19090994477692463 -0.2714760633813348 0.07628138885897175 0.22791103961973952 0.9672485774389202 0.11174411600543066 -0.10507114613900909 0.24125177309857113 -0.16728294123328058 0.9559361901032615 0.1336634755095128
27844314100127 p2at_met_100.pcd p2at_met_088.pcd 0.14152200483380353 0.9914256439377058 0.10111795530318807 -0.0827668512026873 -0.13187441333559444 -0.06309504247730618 0.9251047462385306 0.3744332037917188 -0.08173952169909278 0.11442992684386478 -0.3660005021885166 0.923552610434436 -0.15736301345769282
27844314100128 p2at_met_100.pcd p2at_met_088.pcd 0.14152200483380353 0.999728449688821 -0.02321761882711554 0.001992249679480198 0.07721504415015329 0.022988073587483265 0.9686029639416431 -0.24754766554383123 0.0063744675881047255 0.0038177683956826494 0.2475262418804577 0.9688736678354997 0.019001077394532814
27844314100129 p2at_met_100.pcd p2at_met_088.pcd 0.14152200483380353 0.9211200680699518 -0.3869017477757483 0.04295180749256762 -0.02897232266629863 0.38493511898925886 0.9217175589452452 0.04755728861850485 -0.035303926045729954 -0.05798943324031074 -0.02727231380154428 0.9979446109541239 -0.16979420335604012
27844314100130 p2at_met_100.pcd p2at_met_088.pcd 0.14152200483380353 0.9983136258938273 -0.05595347672263082 0.015463272531048644 -0.12546690838172347 0.05680207330747797 0.996498496239203 -0.06135365890457586 0.03562668587400233 -0.011976177298761532 0.06212853962276236 0.9979963004649123 -0.018652540744930574
27844314100131 p2at_met_100.pcd p2at_met_088.pcd 0.14152200483380353 0.9470588482328534 0.32104152216889953 0.0034465964859986056 0.01912268080308355 -0.3188658618121187 0.9392794401369996 0.12680179614950124 0.02343783520725555 0.03747132443183946 -0.12118776497403028 0.9919220863888066 0.12435425735115149
27844314100132 p2at_met_100.pcd p2at_met_088.pcd 0.14152200483380353 0.9112715151348594 -0.35493912008473394 0.2088119889692475 -0.03590362404991609 0.3080455640793033 0.9240488807611844 0.22636606727835082 -0.0776757838695953 -0.27329865743336934 -0.14195734217530911 0.9513968450902286 -0.05635113832871132
