id source target overlap scale t1 t2 t3 t4 t5 t6 t7 t8 t9 t10 t11 t12
27844314100000 p2at_met_080.pcd p2at_met_031.pcd 0.11 2.86 0.7341860733061716 -0.5766821922007261 0.3583412604792108 -65.5044373254171 0.6446103663197478 0.7577838754290194 -0.101198190561378 -18.134260698222587 -0.21318603471237377 0.305288793338932 0.9280896870805502 32.66115496727374
27844314100001 p2at_met_080.pcd p2at_met_031.pcd 0.11 2.86 0.9819703578152066 -0.18190455420870497 -0.05142907281302719 -20.115237756112283 0.18332696380579713 0.9827490135450125 0.02440493224847816 2.258016458493872 0.046102502253384026 -0.03339325582265351 0.9983784100988661 -5.257278848079455
27844314100002 p2at_met_080.pcd p2at_met_031.pcd 0.11 2.86 0.8628945680344571 0.27298106019551394 -0.4253167116763238 24.456000168761648 -0.3260533524460272 0.9437025500185409 -0.0558095730785535 -14.223344730081276 0.38613750894640464 0.18683371714719157 0.9033221940822824 26.20348235714087
27844314100003 p2at_met_080.pcd p2at_met_031.pcd 0.11 2.86 0.9633829562498966 0.05153013908769129 0.26313100230268044 6.503283587135616 -0.07478343854540327 0.9940553540303935 0.079128948197453 -3.4784869413672843 -0.2574892559438858 -0.09590932117950007 0.9615095866315384 -13.842472485983345
27844314100004 p2at_met_080.pcd p2at_met_031.pcd 0.11 2.86 0.9907596756450677 -0.13175989433849422 -0.032165126450696406 -14.589710264514409 0.13246318407282803 0.9909695952801939 0.020803030920922963 1.5950478626692863 0.02913365718492164 -0.024871499233412336 0.9992660499311052 -2.664489492562055
27844314100005 p2at_met_080.pcd p2at_met_031.pcd 0.11 2.86 0.9805785604577762 0.09340382304862088 -0.17245698771130435 9.978192820233902 -0.02796071154926473 0.9369090067558992 0.3484533134715943 -5.733933713261816 0.19412337669691893 -0.3368638284226673 0.9213245224784857 -33.45991160514159
27844314100006 p2at_met_080.pcd p2at_met_031.pcd 0.11 2.86 0.999903554606672 0.01136255331635094 0.00798585418568978 -0.2892344356023031 -0.011064947839620531 0.9992770751741893 -0.03637160926635138 -0.6350584586288566 -0.008393355362934042 0.036279738332170235 0.9993064255634008 5.699590299022551
27844314100007 p2at_met_080.pcd p2at_met_031.pcd 0.11 2.86 0.7669003398661869 -0.5579899102125213 0.3170349015710248 -61.5779294136957 0.5674225929415685 0.8203395049648612 0.07123691187490774 -10.004434402965982 -0.2998257322722551 0.12526115397452153 0.9457347268512334 4.519330325578579
27844314100008 p2at_met_080.pcd p2at_met_031.pcd 0.11 2.86 0.9959693134390912 0.02123223009654435 -0.0871453905424305 1.6632817784597336 -0.019452169981682307 0.9995854694847254 0.021225038940008958 1.3101140454173572 0.08755992102936752 -0.01944432051084725 0.9959694667153217 3.895176552244904
27844314100009 p2at_met_080.pcd p2at_met_031.pcd 0.11 2.86 0.857036854124755 0.43597323815247263 0.2746182191457636 46.979345569697756 -0.4580022388605313 0.8887609040829934 0.01838490066117158 -20.749724035519705 -0.23605461205128794 -0.1415322966266984 0.9613775684614698 -15.794723030957039
27844314100010 p2at_met_080.pcd p2at_met_031.pcd 0.11 2.86 0.9829222478271256 0.10967880154912152 0.14776472927332487 11.8739337422271 -0.14756562827182668 0.9495268866683658 0.2768087369405474 -7.0461533753105945 -0.10994653282032882 -0.293886461043425 0.9494959230750597 -36.140125047624366
27844314100011 p2at_met_080.pcd p2at_met_031.pcd 0.11 2.86 0.8243385689093521 0.030674602229984735 0.565265417822914 -2.023732208920004 -0.23447091587498842 0.9273547655110334 0.2916102338614343 -12.98385248095823 -0.5152565510667724 -0.37292386309005293 0.7716466023515985 -49.17541809373719
27844314100012 p2at_met_080.pcd p2at_met_031.pcd 0.11 2.86 0.9621014583965652 0.13857409117885006 -0.23485741420095252 10.417103585366895 0.017083774856530752 0.8289345516943565 0.5590846569562854 -14.228694096703997 0.2721560735825188 -0.5419084150123817 0.7951517725257957 -53.937936636264716
27844314100013 p2at_met_080.pcd p2at_met_031.pcd 0.11 2.86 0.8895063946274318 -0.45668358073315074 0.014781102991834424 -52.78487033062366 0.4549547102945406 0.8822124767340739 -0.12131511643460444 -5.707885904186972 0.04236254829112658 0.11463530426303589 0.9925039856437872 16.747831562853158
27844314100014 p2at_met_080.pcd p2at_met_031.pcd 0.11 2.86 0.9457871229964414 0.3247310901737336 0.00603631085121732 34.41961548404489 -0.32476355298839166 0.945330731593553 0.02963853159577785 -11.639598241016497 0.003918242523138217 -0.029992115286793585 0.9995424555246032 -4.315403034265254
27844314100015 p2at_met_080.pcd p2at_met_031.pcd 0.11 2.86 0.986074171347153 -0.16591082103962376 0.011459845722479359 -17.217458411798184 0.16448573499395755 0.9831300194869852 0.07999879853483652 4.778598431759615 -0.02453918469555716 -0.0769997678274274 0.996729082634293 -9.876697147396483
27844314100016 p2at_met_080.pcd p2at_met_031.pcd 0.11 2.86 0.9824905305601046 0.10582225441325845 -0.15334277886688974 7.792073826948833 0.0013400233683384805 0.8190057462573301 0.5737837501488224 -17.531909633031134 0.186307707025492 -0.5639425840175306 0.8045235858783346 -57.918162015569344
27844314100017 p2at_met_080.pcd p2at_met_031.pcd 0.11 2.86 0.9279458581053919 -0.07854387545171745 -0.3643450892410557 -11.377363581062292 -0.1634380405793201 0.7927954574906542 -0.587165538390816 -29.31193876089973 0.3349693886262448 0.6044056768522358 0.722834203999887 70.83681752612561
27844314100018 p2at_met_080.pcd p2at_met_031.pcd 0.11 2.86 0.856481783735729 -0.5111804041843068 -0.07164878580152503 -58.3807808024396 0.4169783020063675 0.7670019882648818 -0.487685396186522 -19.794424965402502 0.30424997910394436 0.3878176689833602 0.8700743679936574 51.58163986742724
27844314100019 p2at_met_080.pcd p2at_met_031.pcd 0.11 2.86 0.824135734547727 0.29587042861467944 0.48297099344872085 29.545766997046975 -0.1478258207501218 0.9355205546295486 -0.32085638311427533 -10.916848372395098 -0.5467612072569078 0.19303362747715136 0.8147332084197754 7.493386761874409
27844314100020 p2at_met_080.pcd p2at_met_031.pcd 0.11 2.86 0.914073379876873 -0.017057110992840116 -0.4051899692305423 -3.5484917220191345 -0.14404098001590426 0.9203176462720202 -0.3636861642080801 -12.079091238353874 0.3791069140447425 0.39079980159271654 0.8387809385045452 47.56369729596667
27844314100021 p2at_met_080.pcd p2at_met_031.pcd 0.11 2.86 0.9929327974325961 -0.11689244100231583 -0.020508949734185926 -11.721662391182825 0.11465363442903037 0.9894512813944656 -0.0885477603277726 -1.3610493389507599 0.030643170444546307 0.08557054974329957 0.9958607719564699 11.09069116486184
27844314100022 p2at_met_080.pcd p2at_met_031.pcd 0.11 2.86 0.7562097648406572 0.6540446611410127 0.019296963299335612 69.5541336369607 -0.6541182855746852 0.7563859717643538 -0.0030871013797267484 -34.974213464030164 -0.016615054513080374 -0.010288000341756599 0.9998090302715291 -2.9965868387597046
27844314100023 p2at_met_080.pcd p2at_met_031.pcd 0.11 2.86 0.9894840754939798 -0.051508347285029205 0.13515973699215675 -5.2036797612268515 0.07507042919450158 0.9816141937749931 -0.17549360455590265 -1.637560886543442 -0.12363533072862905 0.1837946265249206 0.975158366757004 19.508236817624123
27844314100024 p2at_met_080.pcd p2at_met_031.pcd 0.11 2.86 0.8689518780770296 0.46630675387296333 0.16577287135977004 50.083520942294705 -0.48177882748751116 0.8736619204516284 0.06785285651711187 -22.730259904197258 -0.11318919988745502 -0.1388267266963836 0.9838268877112506 -12.948219538491099
27844314100025 p2at_met_080.pcd p2at_met_031.pcd 0.11 2.86 0.9689545102979031 0.23293360897077578 0.08287997819256804 23.780159092842403 -0.22389490746063231 0.9688880076854354 -0.1054850651824357 -7.758650852098661 -0.10487243387347184 0.08365382462982512 0.990961053845335 5.767716947642227
27844314100026 p2at_met_080.pcd p2at_met_031.pcd 0.11 2.86 0.7669858926484223 0.6077405826100185 -0.2058738077734471 63.244592307143385 -0.6396344171177964 0.7496375829243062 -0.17003325176500356 -38.38313327016775 0.05099463615597087 0.2620970784198853 0.9636932440185937 25.3151712908629
27844314100027 p2at_met_080.pcd p2at_met_031.pcd 0.11 2.86 0.9313289764387938 0.3288843226280704 0.1564015344392252 34.94533017431336 -0.3588015984883714 0.9021788122794523 0.239446870090687 -17.046526468621785 -0.06235182890387689 -0.2791209289958604 0.9582294904817058 -32.453366162619986
27844314100028 p2at_met_080.pcd p2at_met_031.pcd 0.11 2.86 0.9878511680487755 -0.1537608349399626 0.022531653806042162 -16.941099278309625 0.12823217073902246 0.8884253954271483 0.4407457624840802 -9.117340752607106 -0.08778712987806324 -0.43250193340455795 0.8973491502358997 -49.402920408267185
27844314100029 p2at_met_080.pcd p2at_met_031.pcd 0.11 2.86 0.9676913606564982 0.187281236095575 -0.16881696928119644 20.50120996678718 -0.03474236595519249 0.7621970919491319 0.6464120675174017 -23.350994120367787 0.24973265408954914 -0.6196622722344809 0.7440781342376549 -60.50808608455676
27844314100031 p2at_met_097.pcd p2at_met_054.pcd 0.13 3.47 0.9926635782318429 0.11978325012126952 -0.01646187845719046 1.641377294029084 -0.12033536224488146 0.9920015195851404 -0.038110178878687576 2.9056012246325107 0.011765247355966665 0.03981153264015083 0.9991379388370232 -3.9316357748771344
27844314100032 p2at_met_097.pcd p2at_met_054.pcd 0.13 3.47 0.9784702123639356 -0.05852167125878825 0.19791729967224422 -0.590458446521712 0.0645059672652193 0.9976306028326767 -0.023919876230624817 -1.5387296992841193 -0.19604852384971702 0.036171733228976904 0.9799268248249756 2.9097991282497744
27844314100033 p2at_met_097.pcd p2at_met_054.pcd 0.13 3.47 0.995649490457698 0.05412086817613721 0.07584869002947373 1.0681894401409728 -0.07022364534725223 0.970877525003984 0.22905342406583074 0.4000636962379116 -0.06124321828145015 -0.23338329646741884 0.9704542777197344 -4.838418285150157
27844314100034 p2at_met_097.pcd p2at_met_054.pcd 0.13 3.47 0.7949303672283461 0.30597353641585967 0.5238949381998066 8.306691521863993 -0.310014118201016 0.9471234398964732 -0.0827552784704273 3.6388004352415937 -0.521514101222827 -0.09663014339140799 0.8477532999722871 9.235509823583692
27844314100035 p2at_met_097.pcd p2at_met_054.pcd 0.13 3.47 0.9983188376882266 -0.057591398368146696 0.006536753844963842 -1.0273103823180634 0.05725713449724121 0.9974253289717407 0.04317793041334202 -0.6048504927894817 -0.00900660124536725 -0.042731065509954286 0.9990460135421145 -0.968412809588133
27844314100036 p2at_met_097.pcd p2at_met_054.pcd 0.13 3.47 0.9413477099408576 0.22417947787841516 0.2522063652790395 5.923253415848134 -0.27226835562377394 0.9461296430863598 0.17523881133813823 2.030099225638116 -0.19933497313574777 -0.23362846609828736 0.951673950633058 -1.5843560881010847
27844314100037 p2at_met_097.pcd p2at_met_054.pcd 0.13 3.47 0.8163644574481421 -0.35974388652445766 -0.4518112534274449 -3.358866338602322 0.3269442445811107 0.9327504679127195 -0.1519342803447914 -6.044821608592559 0.47608458655021324 -0.02368334260363117 0.8790805228944796 -5.637750062311899
27844314100038 p2at_met_097.pcd p2at_met_054.pcd 0.13 3.47 0.8810485423729277 0.459009434456888 -0.11429700373197439 12.860447798958687 -0.4650739676967651 0.8846885792075508 -0.03212977420576001 4.439156836723516 0.08636938435190715 0.08146445175223746 0.9929269220579023 0.39785867865889446
27844314100039 p2at_met_097.pcd p2at_met_054.pcd 0.13 3.47 0.9122813242729397 0.03542488464060341 -0.4080292427400412 3.711747128992908 -0.16139653815118554 0.9467312562732465 -0.2786594442470837 -2.5611122543615696 0.37642255890903303 0.3200703140615833 0.8694026979489397 -0.8655418683311549
27844314100040 p2at_met_097.pcd p2at_met_054.pcd 0.13 3.47 0.9496652628358538 0.2296960317199082 -0.21301554303626669 3.7118240512214378 -0.24591729285328906 0.9678570463463628 -0.05270126102290232 3.274846475921561 0.1940633237853519 0.10243276258024747 0.9756264426057548 0.8903829873163236
27844314100041 p2at_met_097.pcd p2at_met_054.pcd 0.13 3.47 0.7589278907562212 -0.6137055568921705 0.21770150682065595 -6.303407795538831 0.649641054856458 0.7365055546096462 -0.188483601074805 -17.033414630051823 -0.044664935657647925 0.2844732983406501 0.9576429324408392 6.568376410734236
27844314100042 p2at_met_097.pcd p2at_met_054.pcd 0.13 3.47 0.9977679173314256 -0.027653002281108785 0.06078235442092209 3.693248945415341 0.015108777362554969 0.980108852883907 0.19788471731086443 -1.4009246436780225 -0.06504543020626692 -0.19652467520246147 0.9783389719549399 -0.6277040760180133
27844314100043 p2at_met_097.pcd p2at_met_054.pcd 0.13 3.47 0.9577259494038906 -0.28607534321355116 0.030362869489979703 -6.142725542649373 0.285084912305232 0.9579287792353353 0.03315187307858629 -4.173816415017569 -0.03856939997374672 -0.02309441313282027 0.9989890136871956 2.5195236374709045
27844314100044 p2at_met_097.pcd p2at_met_054.pcd 0.13 3.47 0.7297999779807087 -0.32950603838755316 -0.5990139921617001 -3.995661831528281 0.2595836391645651 0.9441253802452473 -0.20308520540612499 -8.336874100804831 0.6324621146103835 -0.007282653562230679 0.7745570582853497 -12.917265989122619
27844314100045 p2at_met_097.pcd p2at_met_054.pcd 0.13 3.47 0.9089960271769708 0.4153445755023504 -0.034858373129797636 9.563891303239568 -0.41476392381599025 0.9096423064476149 0.022842106326412356 5.462867898928112 0.04119599588852397 -0.006305388285906032 0.9991311885840202 -2.524216377429723
27844314100046 p2at_met_097.pcd p2at_met_054.pcd 0.13 3.47 0.93775710363742 0.09324996081990022 -0.3345385768258185 2.3296369844192917 -0.05824020659736715 0.9918617280260065 0.11321833249416909 3.3227216221380895 0.342373615970993 -0.08668769972926556 0.9355562782658217 -4.955513000713367
27844314100047 p2at_met_097.pcd p2at_met_054.pcd 0.13 3.47 0.9669261145551322 -0.13419210318644476 0.21690174834176323 -2.4806758897771424 0.15151406601706852 0.9863002129965988 -0.06523325564341484 -3.278856682260566 -0.2051764528163269 0.09593940423654027 0.974011423918861 5.4585957450701
27844314100048 p2at_met_097.pcd p2at_met_054.pcd 0.13 3.47 0.9971220359162413 -0.06855390296398231 0.03237294979847931 -1.997814075992224 0.06919054340739206 0.9974230497621367 -0.018971781840092728 0.6472504771490635 -0.030988936626476223 0.02115708372160904 0.9992957838473837 4.714429971758844
27844314100049 p2at_met_097.pcd p2at_met_054.pcd 0.13 3.47 0.7670048536615655 -0.4987923873016397 0.4036207487599361 -5.746744364984766 0.5739689191488704 0.8145462762920437 -0.08410733398368456 -13.352673507977407 -0.28681568002931407 0.2961764983058187 0.9110522748671589 11.408365426545256
27844314100050 p2at_met_097.pcd p2at_met_054.pcd 0.13 3.47 0.9817606365409075 0.12234281098923938 0.14552762328177868 7.112954614371613 -0.10250372748375025 0.9852812631287996 -0.1367984589798221 0.2726417008684623 -0.16012194849779063 0.11938621832761206 0.9798509542183967 4.467922002650792
27844314100051 p2at_met_097.pcd p2at_met_054.pcd 0.13 3.47 0.8157750848893764 0.5291493313415505 0.23347804182518028 14.571040591310314 -0.4626809222329721 0.8392860887153976 -0.2855262255738625 1.1454062000635137 -0.3470408838672716 0.12489934519283807 0.9294959808923453 10.895980100537992
27844314100052 p2at_met_097.pcd p2at_met_054.pcd 0.13 3.47 0.9843588613965459 0.1627277807915819 0.06750778731926069 2.8471711495898653 -0.1627532862042138 0.9866533098663355 -0.005158871924577838 1.2149681113852213 -0.06744627357997574 -0.005908932936816782 0.9977054097737084 -1.2378742590688467
27844314100053 p2at_met_097.pcd p2at_met_054.pcd 0.13 3.47 0.9486822502800515 0.0017114509212799653 0.316226278065757 -0.030128653343179934 0.11294891075623914 0.9321910206818178 -0.3438930713451052 -3.2656551174674413 -0.2953718530303058 0.3619626664394196 0.8841597686739138 10.019797996083717
27844314100054 p2at_met_097.pcd p2at_met_054.pcd 0.13 3.47 0.9281112291398558 0.3686768650256116 0.05183546603815958 9.23609377072032 -0.36677249756896413 0.9293278727225537 -0.042750906516673674 4.697431221636709 -0.06393341357639526 0.020665773052566068 0.9977401688077961 1.5774054200325542
27844314100055 p2at_met_097.pcd p2at_met_054.pcd 0.13 3.47 0.9447793701514968 -0.3277070859352256 -8.697116419293146e-05 -5.495918747820152 0.32770708812932237 0.9447793733185316 1.1901389004622683e-05 -8.194985472658065 7.826839249369448e-05 -3.9745253776598124e-05 0.9999999961471867 0.7114956210255263
27844314100056 p2at_met_097.pcd p2at_met_054.pcd 0.13 3.47 0.7840509497810735 0.5525336184123716 -0.28279092749154533 17.76373380687886 -0.5979460934898325 0.7945863170153533 -0.10532356855056198 8.753962378555217 0.1665069891255174 0.25167277432433616 0.9533814751904122 3.830607787441537
27844314100057 p2at_met_097.pcd p2at_met_054.pcd 0.13 3.47 0.9868045958992906 0.021467172429522285 0.1604862923115831 0.1477306749958771 -0.10763711386313463 0.8274249846344501 0.5511643552715421 -1.931809943712491 -0.12095842769833084 -0.5611658001968413 0.8188174420822913 -10.731294721595606
27844314100058 p2at_met_097.pcd p2at_met_054.pcd 0.13 3.47 0.8721234566446244 -0.4648439008394845 -0.15271157199951632 -7.988309330619218 0.48625704316410373 0.8581023342007146 0.16496809392300105 -10.83380483593587 0.05435774409902319 -0.21812962176562967 0.9744047946130235 -6.4177929689051885
27844314100059 p2at_met_097.pcd p2at_met_054.pcd 0.13 3.47 0.9958090104045769 0.019946974338209366 0.08925543687534246 1.2649139951023614 -0.0040400053622106705 0.9845673822978744 -0.17495927546656312 -1.9811612332645405 -0.09136790001817233 0.17386543051987716 0.9805216565259572 6.997357162347067
27844314100060 p2at_met_097.pcd p2at_met_054.pcd 0.13 3.47 0.9715267360550467 -0.21896532852149625 0.09049854162195581 -4.273625359198595 0.19965459700613897 0.9622640338974654 0.18489448602295833 -2.7815728554064223 -0.12756897359681113 -0.1615614866632853 0.9785826704998435 0.29638933946375734
27844314100062 p2at_met_076.pcd p2at_met_083.pcd 0.15 40.53 0.7969150297631156 -0.5999090960160633 0.07096134056542523 -48.45477431946726 0.6030393745806286 0.7969491175986352 -0.034865694660524714 -1.4045227153250224 -0.03563633038146441 0.07057747853208077 0.9968695358375622 2.035019520519592
27844314100063 p2at_met_076.pcd p2at_met_083.pcd 0.15 40.53 0.8876632718493638 0.4309877434932092 0.16218347871566313 32.49326477718673 -0.3641701573979677 0.8725665741903482 -0.32558819091984703 -18.08218780234121 -0.28184040212578054 0.22995029585619375 0.9314981745367121 9.604628490113873
27844314100064 p2at_met_076.pcd p2at_met_083.pcd 0.15 40.53 0.8682438611340831 -0.017286349808109294 -0.49583644451904785 -7.341140984078571 0.2009943969081367 0.9259645357738702 0.31967316262178724 0.3944171180534779 0.4536009810555016 -0.377214608146865 0.8074374832679578 -19.20872767808007
27844314100065 p2at_met_076.pcd p2at_met_083.pcd 0.15 40.53 0.8819129885458983 0.47106610542461785 -0.01806114487304193 31.318597119286 -0.43953297701059596 0.8355197277016001 0.32972343978195856 -21.17150721668702 0.17041197949159886 -0.28284891539747287 0.9439047877324429 -12.850393236842775
27844314100066 p2at_met_076.pcd p2at_met_083.pcd 0.15 40.53 0.922777141384813 -0.24027438747208923 0.3012483461574271 -18.79172644661283 0.3088039134972988 0.928733888524917 -0.20516702296943265 1.5807807558456863 -0.23048316716503503 0.2823501071901678 0.9312120739247721 17.22555301837754
27844314100067 p2at_met_076.pcd p2at_met_083.pcd 0.15 40.53 0.8301971696651564 -0.4785147626834086 0.2860004919121722 -34.57703727184854 0.5471290511746446 0.7977533395382107 -0.25345494790270984 -3.412894361926483 -0.10687591328590547 0.36689675816184786 0.9241018926555827 27.334548979342625
27844314100068 p2at_met_076.pcd p2at_met_083.pcd 0.15 40.53 0.9996767555569297 -0.02522208489056801 0.003198567326729382 -1.6372168721853875 0.02540954190313614 0.9869107803863366 -0.15925283902494464 -1.1778115995259357 0.0008599880484103828 0.15928263556020517 0.9872326485836819 11.13885092713848
27844314100069 p2at_met_076.pcd p2at_met_083.pcd 0.15 40.53 0.860354003492405 0.4423914813361962 0.2531417901409337 34.01860643811429 -0.4293332581450289 0.8966814681005653 -0.10786703952361386 -19.888092806559015 -0.2747070114233792 -0.015878350234857563 0.9613968669954435 -6.914271554207865
27844314100070 p2at_met_076.pcd p2at_met_083.pcd 0.15 40.53 0.7337460189136368 0.6793916807550098 -0.006612401172930298 43.62018661763999 -0.6794211794180234 0.7337357068060673 -0.0043328415645044445 -35.66783292954771 0.0019080583353514391 0.0076718106522360935 0.9999687508290972 -3.9275862247462783
27844314100071 p2at_met_076.pcd p2at_met_083.pcd 0.15 40.53 0.9795529078536953 0.18816703873630583 -0.0711987798250727 15.650809368023362 -0.18628800558170658 0.9819663912930149 0.032230193101553464 -3.3217126061041142 0.07597946888311119 -0.018307700679848975 0.9969412963680746 2.5631084780605367
27844314100072 p2at_met_076.pcd p2at_met_083.pcd 0.15 40.53 0.9559291472706912 -0.0049846701140038654 0.2935551370052716 -1.1011089487497614 -0.010176587110814183 0.9986925061225717 0.05009705869003826 0.5108545889443779 -0.29342103277220133 -0.05087662801789919 0.9546285488337457 -11.272268020389294
27844314100073 p2at_met_076.pcd p2at_met_083.pcd 0.15 40.53 0.8586199364112119 -0.5111398758377568 0.03883081412704213 -41.82627453854602 0.511816896517221 0.8590431392639524 -0.009399432058068775 4.157880287834335 -0.028552919932762596 0.027944806531740283 0.999201590546781 -2.5213927480559577
27844314100074 p2at_met_076.pcd p2at_met_083.pcd 0.15 40.53 0.9037458699080886 -0.42286481927109826 -0.06654883355020993 -33.353003057902185 0.4262567349188942 0.8746859145190122 0.2307157274186628 -2.4846605115682863 -0.03935223704385392 -0.23687527427923033 0.9707427598879034 -17.075307379828164
27844314100075 p2at_met_076.pcd p2at_met_083.pcd 0.15 40.53 0.7248781091374912 -0.6204926413411571 -0.29923336868526157 -57.41271292862306 0.6052654162220907 0.781092596932039 -0.15345400269612608 -2.0377189153013457 0.32894604849238557 -0.06988016213087582 0.9417596615494889 1.8265778114718838
27844314100076 p2at_met_076.pcd p2at_met_083.pcd 0.15 40.53 0.9998917415991126 0.013434185231455767 0.006002311976238984 -0.4401205109572466 -0.013364123501577225 0.999843825446 -0.011563949175914273 -1.0363862804708475 -0.006156726803079499 0.011482481642723093 0.9999151200628965 0.2620517977300665
27844314100077 p2at_met_076.pcd p2at_met_083.pcd 0.15 40.53 0.9918589634914757 -0.12634454867183853 0.015901306943929057 -9.361860162330725 0.1273168877770739 0.9814642498383822 -0.14324222972273873 1.1897029273723936 0.002491310573894047 0.1441005944126925 0.9895599082731339 8.739168186900207
27844314100078 p2at_met_076.pcd p2at_met_083.pcd 0.15 40.53 0.9944303348952135 -0.10508370680381224 0.008107009594412105 -9.314052925824889 0.10522909423063645 0.9942410515276496 -0.020287167978638596 1.3160175385389778 -0.005928470932146088 0.021027268523612093 0.9997613251225728 -0.0020190331784406546
27844314100079 p2at_met_076.pcd p2at_met_083.pcd 0.15 40.53 0.8111591109141288 0.20626763628652672 -0.5472426874813122 9.102320800606288 -0.01750168337968877 0.9438793392548323 0.32982644528105765 -2.74532746111992 0.5845635875248109 -0.2579640578620024 0.7692463565019287 -8.718945335482331
27844314100080 p2at_met_076.pcd p2at_met_083.pcd 0.15 40.53 0.9203194384517975 0.3905845204911779 0.021350961581259213 27.065832522757216 -0.3908669961161883 0.9203807975355525 0.011053455338836197 -15.597002376933036 -0.01533370649502031 -0.018518096027848686 0.9997109370036059 -1.7944355815984743
27844314100081 p2at_met_076.pcd p2at_met_083.pcd 0.15 40.53 0.9826310144943687 -0.05861825179575129 0.17606870792442805 -3.471035468458169 0.05144645530782655 0.9976600856210432 0.04502905500754418 2.4284362035999147 -0.1782962467076283 -0.03518883509044502 0.9833474433255776 -4.588390750774494
27844314100082 p2at_met_076.pcd p2at_met_083.pcd 0.15 40.53 0.8392932281943981 0.2527175644173234 -0.48137377342560095 13.272618662661507 -0.28189474759345656 0.9593681864684931 0.012166925304936911 -9.634181287068568 0.46488947975432526 0.12548512034153894 0.8764309762820015 18.907306134445353
27844314100083 p2at_met_076.pcd p2at_met_083.pcd 0.15 40.53 0.9026284284412438 -0.3110157369868275 0.29754181473572866 -23.160396402572292 0.2630684916131587 0.9457722737813422 0.19055123947864266 0.8551972650041284 -0.34067123284784057 -0.09372308943376828 0.9354993819436344 -13.828506512564342
27844314100084 p2at_met_076.pcd p2at_met_083.pcd 0.15 40.53 0.9724481355955611 0.1582224886863739 0.17120241718681287 10.463509579510802 -0.1648464740594201 0.9859997938620615 0.025100726964555252 -6.697216155427034 -0.16483404856671505 -0.05263126996247095 0.9849160806156245 -6.532477787073881
27844314100085 p2at_met_076.pcd p2at_met_083.pcd 0.15 40.53 0.7946172288863205 -0.577905571683264 -0.18603389415497612 -47.23849607754297 0.4985489396285434 0.7960022134793516 -0.34326291808354076 -4.277088772814704 0.3464569444422784 0.18001562808104316 0.9206312830304582 18.138810228909854
27844314100086 p2at_met_076.pcd p2at_met_083.pcd 0.15 40.53 0.9971820693280544 0.04264792713719472 0.0617177034692618 5.481459591486409 -0.03828085500060128 0.9967918166712474 -0.07028975997723437 -0.009350398065005372 -0.06451741432390282 0.06772908184919392 0.9956155255523204 2.8912233306170254
27844314100087 p2at_met_076.pcd p2at_met_083.pcd 0.15 40.53 0.9757702453127626 0.1717000413759108 0.13561535368011068 12.716632888905414 -0.20236310837753804 0.943895075746976 0.260981337164923 -8.104654337235264 -0.0831961581447832 -0.2821013679018961 0.9557704836925166 -23.614495737217958
27844314100088 p2at_met_076.pcd p2at_met_083.pcd 0.15 40.53 0.9495611508921185 0.2849215304205203 0.1309707685678902 21.679173641750957 -0.26272343019531313 0.9508685854435691 -0.16378440842447214 -11.483535142128787 -0.171201693749927 0.12111422178825396 0.9777634301495336 4.711003034575081
27844314100089 p2at_met_076.pcd p2at_met_083.pcd 0.15 40.53 0.929065538274707 0.3667106448926768 0.04858527053260219 26.60368100513158 -0.3655891168211728 0.9302742206239808 -0.03056913646735815 -13.041050432965935 -0.05640765242627891 0.010638485082107288 0.9983511403223386 -2.377396781579005
27844314100090 p2at_met_076.pcd p2at_met_083.pcd 0.15 40.53 0.8582817327664629 0.45745998306868507 0.23255715660928605 30.96423979915008 -0.46568155858162985 0.8846886693297742 -0.021601952608441034 -19.655072911146192 -0.21562271029829316 -0.08975701783321274 0.9723428019753663 -12.903985694759243
27844314100091 p2at_met_076.pcd p2at_met_083.pcd 0.15 40.53 0.8095526165841951 0.5867623966165246 0.01828799875643616 42.18130195509307 -0.5866771530475726 0.8075433413990416 0.06069324389144092 -26.053314489063744 0.02084416162089914 -0.05986352544666223 0.9979889173970915 -4.890054015966925
27844314100093 p2at_met_074.pcd p2at_met_038.pcd 0.12 32.64 0.9901921801188658 0.09525550222506446 -0.10220487134818217 4.432663771955639 -0.09149108810061632 0.9949648341319406 0.040918939856322695 -4.685858177427109 0.10558800703495162 -0.031166779375656223 0.9939214277968537 3.2000939016679126
27844314100094 p2at_met_074.pcd p2at_met_038.pcd 0.12 32.64 0.9023239864795556 -0.4294541854399197 0.0371554307171662 -29.49269284172942 0.42972406368307986 0.8894056975789654 -0.15586768172323154 5.86258641861812 0.03389177651501094 0.1566097306115086 0.9870788923700311 11.380569999475677
27844314100095 p2at_met_074.pcd p2at_met_038.pcd 0.12 32.64 0.957142732221061 0.004362039991289551 -0.2895837750349914 -4.275283473482524 0.004688560982523865 0.9995221595805002 0.030552739704422703 -0.5894970384697209 0.2895786724748825 -0.030601063946331067 0.956664919045868 6.0245034758970615
27844314100096 p2at_met_074.pcd p2at_met_038.pcd 0.12 32.64 0.971657673856755 0.07269081510815559 0.22493868105373005 4.6762217760946 -0.09006584689802641 0.9936144968895619 0.06795862560002015 -4.261029726810836 -0.21856236651770822 -0.08629181287824696 0.9720001105824857 -10.85079745777555
27844314100097 p2at_met_074.pcd p2at_met_038.pcd 0.12 32.64 0.8457227689690269 0.21687136182579717 0.4875651858646043 10.283364939540842 -0.15864529896178078 0.9745618510710301 -0.15830624610019156 -5.942425692177743 -0.5094945212312779 0.05653327212209987 0.8586147692524742 -11.564003561454957
27844314100098 p2at_met_074.pcd p2at_met_038.pcd 0.12 32.64 0.9563454036044883 -0.09460322656518594 0.27650261938727577 -7.0830947915261255 0.1705941863437751 0.9489352202932158 -0.2653668616703519 -1.88863563169412 -0.23727851270242303 0.30095211780368386 0.923648596707213 9.555634536207302
27844314100099 p2at_met_074.pcd p2at_met_038.pcd 0.12 32.64 0.9997523840692 -0.019828447512781275 -0.010099664211431119 -4.563215913053188 0.019695226116033374 0.9997198950429385 -0.013123624635535559 -2.68983556808109 0.010357056347684001 0.012921459846665814 0.9998628742278822 2.6291863269757503
27844314100100 p2at_met_074.pcd p2at_met_038.pcd 0.12 32.64 0.8811441347461078 0.4715511286409821 0.034993526257707026 28.140243402317292 -0.4703013151165341 0.8663254605761765 0.16821673328516945 -20.582889584217902 0.04900700768452814 -0.164680689319942 0.9851287143124583 -8.786479903880785
27844314100101 p2at_met_074.pcd p2at_met_038.pcd 0.12 32.64 0.9728176609780352 0.2221132257496497 -0.06550964384203105 12.05605310889506 -0.23085057166810735 0.9524909393822056 -0.19866812516181756 -9.119328902020092 0.018270524068363433 0.20839079956151788 0.9778749728919228 16.882089465367745
27844314100102 p2at_met_074.pcd p2at_met_038.pcd 0.12 32.64 0.9959095312022138 -0.028006642035993803 -0.0859059582476937 -3.277110938325812 0.027371596340309758 0.9995886631850459 -0.008561550427112317 3.444149377620045 0.08611040224252775 0.006175146459846166 0.9962664634483235 -0.25399568015927265
27844314100103 p2at_met_074.pcd p2at_met_038.pcd 0.12 32.64 0.9905553282218011 -0.13529932369212042 -0.02223139086639732 -7.617433043071973 0.13710485000973263 0.9792185156584706 0.149443496664894 0.029649918121921637 0.0015497855362710446 -0.1510800833997529 0.9885203116601677 -11.254677243991106
27844314100104 p2at_met_074.pcd p2at_met_038.pcd 0.12 32.64 0.7535208338946419 0.4674883580192886 -0.4622347758478942 20.96734564999631 -0.4571551327655777 0.8778781128032851 0.14261557995895682 -19.399879682783393 0.4724569159963802 0.10384918958456994 0.8752141499940557 19.1190813108722
27844314100105 p2at_met_074.pcd p2at_met_038.pcd 0.12 32.64 0.8721772048400578 -0.48441959030523285 0.06815118403882954 -33.26599863255702 0.4844121133287371 0.8746599797660564 0.017743287633037452 7.015974418641012 -0.06820430937829934 0.017537968073649345 0.9975172138154194 -1.3105024068173279
27844314100106 p2at_met_074.pcd p2at_met_038.pcd 0.12 32.64 0.8369127631451674 0.5410515480364956 0.08270579938573194 28.570731329841472 -0.5438608940040851 0.8390511547781491 0.014439101029221212 -24.12472723604359 -0.06158209851733282 -0.05706471793294444 0.9964693989829468 -3.559540793254837
27844314100107 p2at_met_074.pcd p2at_met_038.pcd 0.12 32.64 0.9854520704447767 -0.08201684983640876 -0.14885379806714732 -5.659890079533316 0.07770467246112177 0.9963769804020682 -0.03456727936309743 -1.0391630348287302 0.1511495972002998 0.022497761394605725 0.9882548507335639 2.094304832521577
27844314100108 p2at_met_074.pcd p2at_met_038.pcd 0.12 32.64 0.9716447364233795 -0.22273720157106797 -0.07933880019908832 -17.250823858103825 0.23253998808492837 0.9609287761638599 0.15013674127836865 4.51810033275647 0.04279789857227566 -0.16432901805985414 0.9854766936367807 -6.5776641771362
27844314100109 p2at_met_074.pcd p2at_met_038.pcd 0.12 32.64 0.9981205987981576 -0.03523529297002377 -0.05013725545065274 -2.2806996095333076 0.027028757614865312 0.9874112647967752 -0.15584749088204702 -4.37481869204842 0.054997422817840064 0.1541994431953289 0.9865078890721789 10.34341721289949
27844314100110 p2at_met_074.pcd p2at_met_038.pcd 0.12 32.64 0.9898409955803651 -0.055745108567820514 -0.13079482535342696 -2.2920075850263117 -0.001655989218159938 0.9153495311591215 -0.40265679369220336 -7.4787203640338475 0.14216912874524096 0.3987827963660647 0.9059581779278119 27.842631959475405
27844314100111 p2at_met_074.pcd p2at_met_038.pcd 0.12 32.64 0.9984220237073997 0.04870535318043598 0.027950870247447142 2.743690610818028 -0.05052328706138362 0.9963700750263129 0.0685132910943037 -1.8513224097437635 -0.024512446645197562 -0.06981734858635612 0.9972585812094262 -4.359355785076192
27844314100112 p2at_met_074.pcd p2at_met_038.pcd 0.12 32.64 0.9487379624140475 -0.05367046476045421 -0.31147352999386346 -6.1292763248706414 0.07021390518751276 0.9966416256624754 0.04213641554732716 0.9592142683804554 0.3081660042781492 -0.0618461899332118 0.9493201581121011 2.907794152949048
27844314100113 p2at_met_074.pcd p2at_met_038.pcd 0.12 32.64 0.9798567667643648 -0.1985596709300409 -0.021325423940426372 -13.085566807616853 0.19798259639637428 0.9798488354010376 -0.0264414690851439 4.279755039532083 0.026145901212913214 0.021686789605290004 0.9994228709642282 1.398762503765914
27844314100114 p2at_met_074.pcd p2at_met_038.pcd 0.12 32.64 0.9269166249595168 -0.37051265643470305 -0.059547811003917185 -23.29666594678332 0.3751765902476805 0.9114618357219482 0.16875973498586785 5.467881287929069 -0.008252060577976415 -0.17876714867132606 0.9838568036315759 -9.527510456044839
27844314100115 p2at_met_074.pcd p2at_met_038.pcd 0.12 32.64 0.7984927675066047 0.3395604555517362 -0.4970995848571401 12.641337212960828 -0.26141099455590566 0.9394019129886059 0.22178443993806285 -10.354539353773472 0.5422855264202945 -0.047145974365213325 0.8388704697009062 10.714711412553886
27844314100116 p2at_met_074.pcd p2at_met_038.pcd 0.12 32.64 0.9270819919180795 -0.3719139847947531 -0.04689315701991305 -24.014983715420573 0.36416624989394486 0.9232281350024805 -0.12260812851529344 5.531532667003345 0.08889275954422278 0.09659088287167648 0.991346699518732 11.766654329659126
27844314100117 p2at_met_074.pcd p2at_met_038.pcd 0.12 32.64 0.9709414689593495 0.2185172385962944 0.09758524627888465 11.486538079597208 -0.2187292992271272 0.9757472255373976 -0.008651330283873722 -7.948567980176151 -0.09710899811382193 -0.012944817199210205 0.995189566963505 -1.823726145174751
27844314100118 p2at_met_074.pcd p2at_met_038.pcd 0.12 32.64 0.9726374963047411 -0.02445778560714741 0.23103704790626048 -1.6870186526409476 0.17432904318758885 0.7341899200449832 -0.6561817934121923 -13.709137637323058 -0.15357631810713743 0.678503484167573 0.7183643480081117 39.0060239268465
27844314100119 p2at_met_074.pcd p2at_met_038.pcd 0.12 32.64 0.9994662128329257 0.03246018033022242 -0.0036913545397307887 3.822045654439979 -0.032453152800641656 0.9994713593143465 0.001948020438905537 -0.6147030047427243 0.0037526362342697487 -0.0018271845176748255 0.9999912895210795 -1.674420321390003
27844314100120 p2at_met_074.pcd p2at_met_038.pcd 0.12 32.64 0.8823659572250983 -0.45529559769637373 0.11889590509575135 -31.010982344353707 0.46123694143659766 0.786758085061154 -0.41020994557070245 -2.126829609005762 0.0932244677348639 0.4167944749024487 0.9042076997605935 26.875478383032515
27844314100121 p2at_met_074.pcd p2at_met_038.pcd 0.12 32.64 0.9858508981038472 -0.16752028206931935 -0.005912850687594194 -8.968483176150638 0.15245659122337524 0.9107480045935908 -0.38379038539460747 -3.88657569408932 0.06967779058198367 0.377458643064652 0.9234013094399449 25.10091711127272
27844314100122 p2at_met_074.pcd p2at_met_038.pcd 0.12 32.64 0.8388877591206555 0.5333533736450835 0.10863473854588679 27.452388659891458 -0.5389237211301141 0.8418778921471929 0.02833438753653606 -23.019003433586555 -0.07634494351819385 -0.0823152084077273 0.9936778431986879 -9.059451329706105
27844314100124 p2at_met_019.pcd p2at_met_047.pcd 0.12 112.74 0.9987609238336045 -0.04737345327640534 0.015243783904041039 0.9468491374055645 0.047609674049604894 0.9987453535253521 -0.015525390443066419 1.0997636927665693 -0.014489166985552982 0.01623190488474844 0.9997632666305944 -2.9538849131553686
27844314100125 p2at_met_019.pcd p2at_met_047.pcd 0.12 112.74 0.9181793531529155 0.3729623574961918 -0.13358800595329118 10.461101658661955 -0.3851634090714554 0.9193137193797719 -0.08069345495506251 -7.219176554969585 0.09271366542289436 0.12554427605834073 0.98774632927328 6.198739834801716
27844314100126 p2at_met_019.pcd p2at_met_047.pcd 0.12 112.74 0.8187140053293468 0.32239035263299504 -0.47515454118292055 8.406776850278181 -0.4454770439198397 0.8787419920395415 -0.17135552155334782 -9.022161103701897 0.3622948810265193 0.35196160579749575 0.8630558772330033 16.532364241609766
27844314100127 p2at_met_019.pcd p2at_met_047.pcd 0.12 112.74 0.8933676212671452 -0.4295006245342074 0.13199813179059994 -13.882575962422198 0.44910843455896104 0.8626856982416646 -0.2325403192078549 2.201565621877206 -0.013996688161211378 0.2670254661526077 0.963587823265996 4.924141999453715
27844314100128 p2at_met_019.pcd p2at_met_047.pcd 0.12 112.74 0.9864677875812345 0.16211006548094947 0.024528162066217933 3.8256122754190116 -0.1626048107148853 0.986494125742365 0.0197234735324036 -1.7616527357558316 -0.020999514207730982 -0.02344496844888861 0.9995045541954624 -5.438131631566938
27844314100129 p2at_met_019.pcd p2at_met_047.pcd 0.12 112.74 0.9464924617967605 0.0680586564761905 -0.31546796832731455 -1.2776032083714064 -0.02630503781434119 0.9905273294919438 0.13477260298422708 1.869948836892698 0.3216520864964096 -0.11926285594523514 0.9393169361000003 0.27258386855615324
27844314100130 p2at_met_019.pcd p2at_met_047.pcd 0.12 112.74 0.9740030699813269 -0.14682529846708572 -0.17251188769763542 -4.189263359850502 0.16655350627015983 0.980317007861512 0.10601176183126074 3.360360458826893 0.15355112899639067 -0.13198824124710243 0.9792860434808772 -5.9222870161132155
27844314100131 p2at_met_019.pcd p2at_met_047.pcd 0.12 112.74 0.9350729310590083 0.23844043760837508 0.2622685099546682 7.113068044127003 -0.1979732318832959 0.9650775415892647 -0.17155739033251777 -4.133859988175194 -0.2940156680491671 0.10849652728611973 0.9496227095580931 0.0032442593185075808
27844314100132 p2at_met_019.pcd p2at_met_047.pcd 0.12 112.74 0.9918609550830414 -0.04286326250067721 0.1198940636960606 -1.5013323316686886 0.03677215981266553 0.99794029772699 0.05256396517842225 -1.2382022011170792 -0.12190018065806457 -0.04772738103400018 0.991394191558114 0.9554898045223795
27844314100133 p2at_met_019.pcd p2at_met_047.pcd 0.12 112.74 0.998994808476176 0.044825946252023685 -8.473640823093717e-05 0.07928666845257304 -0.044825476448805635 0.9989901319209074 0.0030647978376309097 -1.5217228987615683 0.00022203329878008935 -0.0030579187789507773 0.9999952999059323 0.013960751612231093
27844314100134 p2at_met_019.pcd p2at_met_047.pcd 0.12 112.74 0.9607290601674915 0.008427784755959589 0.2773601366342971 0.45861281988374536 -0.023184999452146214 0.9984816055597965 0.04996938221686585 0.23173917457970425 -0.2765178633471855 -0.054437632230273064 0.9594656926889408 -4.81198348156601
27844314100135 p2at_met_019.pcd p2at_met_047.pcd 0.12 112.74 0.9801667789984425 -0.19622840558918983 -0.027703757646617845 -6.9870105470576345 0.1973897562274676 0.9791268696545445 0.04845469282694203 0.08695824495174342 0.017617306385456298 -0.05296211816399345 0.9984411072042777 2.3599372616936862
27844314100136 p2at_met_019.pcd p2at_met_047.pcd 0.12 112.74 0.9851023506500077 0.1535088759861866 -0.07751376482462072 4.657050408778382 -0.1607223839665373 0.982174875314734 -0.09747219907542673 -4.442248452370576 0.06116922458182689 0.10847828950506294 0.9922150909304462 2.7775684685302124
27844314100137 p2at_met_019.pcd p2at_met_047.pcd 0.12 112.74 0.9580334637477943 -0.2682564386758609 0.10104635296906102 -8.646236380133763 0.26271390311107135 0.962688173268261 0.06490674973811075 1.8350252093777666 -0.1146877824859762 -0.03563655648857246 0.9927621811844398 0.5154539320641172
