id source target overlap t1 t2 t3 t4 t5 t6 t7 t8 t9 t10 t11 t12
39885980090030 1311878000.413021376.pcd 1311878018.416634987.pcd 0.11568800470613402 0.2548253099985179 0.13592926773381514 -0.9573856566491417 -2.651154765013247 -0.24336300423129098 0.9672181578302164 0.07254986791885512 -8.682182759010402 0.9358624415776498 0.21450470702730853 0.27955182186394106 0.5981322109786656
39885980090061 1311878006.916911054.pcd 1311878010.916860226.pcd 0.1283375055846707 0.07812125607753992 0.9397956393300902 0.33268788021960466 4.724938726304875 0.38777134176927464 -0.33607400982631963 0.8583051010111236 -9.63583603774659 0.9184391410710475 0.06195495311438309 -0.39068033983459005 8.71715179182096
39885980090092 1311877998.913084884.pcd 1311878000.413021376.pcd 0.139991844501835 -0.37736379577224555 0.7451504046518522 -0.5498612916795873 -2.3164434766017385 -0.9209255313658413 -0.3644265496791008 0.13816459592648583 2.527529840649062 -0.09743064876570506 0.5585196185776888 0.8237494184185669 -1.9424168532305084
39885980090123 1311878001.913061553.pcd 1311877997.913031100.pcd 0.1741286463291607 0.6703950541810089 0.39179920066452 0.6301300323649757 -2.7701017554984504 -0.7418793559661429 0.33834019051713016 0.5789135830779004 1.8965541230691436 0.013619563902823317 -0.8555812654794839 0.517489329010388 14.538946704460683
39885980090154 1311878015.916479078.pcd 1311878012.916702147.pcd 0.10446861389305839 0.1641615007418478 0.9805719732060887 0.10737600773404438 0.28975667729526955 -0.017124040838286725 -0.10600352249161682 0.9942182961727961 0.5754936644594174 0.9862848315266501 -0.16505107870621916 -0.0006103428220856078 1.9131884997103998
39885980090185 1311878022.916648841.pcd 1311878012.416841708.pcd 0.14973306873130782 0.7779699452223153 0.41462951109182156 -0.47206475494633626 6.471811446591051 -0.617620287364811 0.6426208017517578 -0.4534133718708968 6.0206861603699275 0.11536006660103748 0.6442987456822222 0.7560232677279974 1.2571834567876636
39885980090216 1311878017.416621070.pcd 1311878007.416739415.pcd 0.10088597283353436 -0.869077073950426 -0.024686038212184534 0.49406035972455037 -1.324613368383618 0.07442033045893415 -0.9939116800895443 0.08124768671145138 1.064224695341225 0.48904667870066204 0.10737863706979 0.8656229978188458 -0.3426083433810795
39885980090247 1311878001.913061553.pcd 1311878017.916603725.pcd 0.14291905255829154 -0.6608563562815108 0.5683793255238359 -0.49011612774871405 6.591733703751931 0.7215037992076032 0.6609419059225283 -0.20636875908065566 -0.21903313391498347 0.2066425515021505 -0.49000075439999535 -0.8468755024182222 -3.5267408610486646
39885980090278 1311878020.917095002.pcd 1311878022.916648841.pcd 0.14204594017094016 0.5270439678900839 0.6582434751340207 -0.5375315649840144 0.5168004798129124 0.32295730202835077 -0.7401917240264994 -0.5897582494117798 3.152709977429067 -0.7860809353859466 0.1372287838835798 -0.6026981200373774 4.732228360516044
39885980090309 1311878009.916847863.pcd 1311878012.916702147.pcd 0.15921649641327215 -0.16691132285575144 0.34900850053065213 0.9221353896580963 -1.1279157914063316 -0.9326062286161586 0.24763489512978143 -0.26253110493883886 10.347242248112297 -0.3199784877908022 -0.9038086220386528 0.2841544335035149 -3.312764259860204
39885980090340 1311878074.904122485.pcd 1311878071.764567719.pcd 0.20956579689342286 0.6737701738372962 0.7386419030078852 0.021021226609053312 1.5101202620958167 0.4248285803763862 -0.41048044618389123 0.8068621199412312 3.075235681789555 0.6046109742161845 -0.5347092129574383 -0.5903656726434837 -6.366422504442683
39885980090371 1311877983.913158829.pcd 1311877982.413358758.pcd 0.25075886970450545 0.3172033430618958 -0.6403107462349812 0.6995599955731877 -0.093119007357333 0.11150010118743348 0.7577184090988671 0.6429856452113637 1.082447822520932 -0.9417801052185957 -0.12595618590876367 0.3117455254623033 -6.768009322400194
39885980090402 1311878011.916757612.pcd 1311878002.413051547.pcd 0.20708097457229538 -0.814038478229145 0.17414160922181776 0.5540902958002543 -1.5453538737488932 -0.4208967076413269 -0.8342626155150601 -0.35616267329783724 -0.447474990809683 0.4002340783330036 -0.5231449018117316 0.7524174999621716 -3.4660922813640154
39885980090433 1311877985.913466362.pcd 1311877987.413251256.pcd 0.22240889730241362 -0.9315352744869786 -0.15095548857822993 -0.3308390437275756 -2.0757647199537823 -0.20636141195400565 0.9685348688840049 0.13912287882369404 -2.3375907788522747 0.2994277876931564 0.19787028130558407 -0.9333757827012817 3.4627257435269776
39885980090464 1311878009.916847863.pcd 1311878017.416621070.pcd 0.18874046285265267 -0.5573435965391396 0.5306796007120282 0.6385509194926735 4.960547942418615 0.4019007623895122 0.845406208089021 -0.35180125144074137 -0.008942621211435174 -0.7265286591646234 0.06055992662367657 -0.6844622726635774 12.350279943348134
39885980090495 1311878020.917095002.pcd 1311878019.916992351.pcd 0.22580662393162393 0.33877058241464014 -0.8240544386960438 -0.45405811803754087 1.298567453197483 0.8512401427573377 0.4740148192105524 -0.22516698365269783 1.0141102349722477 0.40078012905945387 -0.31023254702583225 0.8620504944125675 7.206842002067782
39885980090526 1311878011.916757612.pcd 1311878007.916757408.pcd 0.21514402777343383 -0.7476147333911201 -0.6622524571282643 0.04993889710537375 2.274026214812039 0.17880733668679785 -0.2731313138218456 -0.9452127917865515 3.001299830055424 0.6396093704469148 -0.697725568140891 0.3226125924370781 8.662543012352641
39885980090557 1311877996.881722927.pcd 1311877996.149588245.pcd 0.2058110121625836 0.5953753996190849 0.528600225406254 -0.6050701903323885 -4.957664024370627 -0.7938808855655423 0.2711724475353696 -0.5442597203829693 -3.3343393738263365 -0.12361744643085654 0.8043925070499693 0.581095019372718 12.111574239932937
39885980090588 1311877978.913364175.pcd 1311877980.413271843.pcd 0.1898727866136387 0.25884347794851537 -0.9434147659840975 -0.20728876777743466 -0.13603389925403414 -0.20470716596733646 -0.26330644249146173 0.9427431747533961 -0.10535284076446678 -0.9439782996049952 -0.20158942597681406 -0.2612789184170833 9.15241610006418
39885980090619 1311878017.416621070.pcd 1311878003.916859696.pcd 0.22430331466243994 -0.5444140368501231 0.2951590601697014 0.7851716281681932 -6.771726088126066 -0.38130000844579237 -0.9208276394815462 0.08177262332885053 2.060633028787966 0.7471436676033542 -0.25486778448164454 0.6138556445888776 -8.734966445211139
39885980090650 1311878020.917095002.pcd 1311878011.416686707.pcd 0.34207799145299145 0.016969845262601924 0.4720927567768911 -0.8813855304862672 -0.8599085772862486 0.22711293060851367 -0.8602904396502657 -0.45642094189110693 -2.4167880976006586 -0.9737205662314914 -0.19242865806617246 -0.12181736515241282 -4.208037533635272
39885980090681 1311878015.416753850.pcd 1311878018.916738987.pcd 0.2673049632431313 -0.995755281127001 -0.030727610846475843 0.08675963369767309 -1.2696411765318696 -0.005844297370533923 -0.9196156954376691 -0.39277578450425954 -3.9167987147338046 0.09185458233496924 -0.3916156108180052 0.9155326040440661 -4.470743641155406
39885980090712 1311878014.916627300.pcd 1311878000.413021376.pcd 0.315128754037098 -0.18587732577747132 -0.8093641906238769 0.5571168878229883 13.98494017796025 0.33432826095549245 -0.5852635657919086 -0.7387091257612945 3.8245988509412268 0.9239449300084349 0.04895064343087269 0.3793805488153177 -2.3253769407953073
39885980090743 1311878005.416898313.pcd 1311878000.413021376.pcd 0.3476359124569077 0.5875813948869685 -0.2961644830765646 -0.7530170671018523 -1.7789785956663138 -0.6411311694572022 0.39734871497892077 -0.6565552697641232 1.5012213046131477 0.49365871605100287 0.8685623740806364 0.04359443081729303 8.196259466807351
39885980090774 1311878015.916479078.pcd 1311878007.916757408.pcd 0.3136457589999754 0.5446574394044496 0.8386409737139453 -0.005439752707126433 4.953746278936809 0.6848248252643658 -0.4484866043759884 -0.5743472158868076 -6.871646503665929 -0.48411076460146996 0.3090972062368439 -0.8185937238298121 -1.2711148035227307
39885980090805 1311877999.413111309.pcd 1311878005.916916207.pcd 0.34318002659750513 0.8514964391366409 -0.34379414585263784 -0.39592852816521784 8.140488621963474 0.5177976440328427 0.6703795157912749 0.5314855639069542 0.03471690393275122 0.08270074952295198 -0.657568924208642 0.7488415693211956 -11.12342045579542
39885980090836 1311878010.416760630.pcd 1311878014.916627300.pcd 0.2902979223833791 -0.8151801424638497 0.5787498722263671 -0.02302000718030632 -7.186957984678999 -0.5132502809969648 -0.7402000061495687 -0.4343709243868825 -8.883887511064614 -0.26843152644418306 -0.3422755268700086 0.9004398810118884 7.352012861623472
39885980090867 1311878010.916860226.pcd 1311878001.913061553.pcd 0.33130430258571353 0.20718957083087003 0.9734861955539849 -0.0969386858006071 0.6118550813945439 -0.47289274509189627 0.18640209002042057 0.8611775150777393 4.852314416828355 0.8564139964867288 -0.13258539852430196 0.4989751283578986 -3.159133407252397
39885980090898 1311878006.916911054.pcd 1311877998.913084884.pcd 0.27981504988972494 -0.5973137222463841 0.43844919686158024 -0.6715494166385704 -5.148109177951217 -0.40894899542614516 -0.8868083677098247 -0.21524785271816893 7.091460848804488 -0.6899108901561967 0.1460589632007262 0.7090061656379392 5.590184385687135
39885980090929 1311878003.916859696.pcd 1311878000.913078958.pcd 0.32272460958691074 -0.9953013234975187 0.03731080290973507 0.08934863977878185 11.180812279061337 -0.01733794997636703 0.8391853162961324 -0.5435691312092485 -8.714248816986007 -0.09526106725575043 -0.5425641979519025 -0.8345953631347972 1.0791769347782827
39885980090960 1311878009.416624944.pcd 1311877999.413111309.pcd 0.3587521322661068 -0.9581999353612487 0.1977915258009855 -0.2067157376568527 8.71532551929731 -0.2547136948196347 -0.9187945750582158 0.30155838989310585 6.946123150069248 -0.13028360428322772 0.34160655901915954 0.9307691127718306 8.942104830793795
39885980090991 1311877979.913186829.pcd 1311877979.413486189.pcd 0.4013806894288342 -0.9965426148864335 0.04336957508007886 0.07086534182999765 0.6115635170412438 0.034584878423186284 0.9920742162273785 -0.12079998212452704 4.856718057316615 -0.07554272234810205 -0.11793146083300261 -0.9901441650820507 0.97561712921109
39885980091022 1311878016.416706986.pcd 1311878009.416624944.pcd 0.4227103932709946 0.3549461738831827 0.16699170337819358 0.9198516101244475 1.1528355754896924 0.5849018532610196 0.7279001305624042 -0.35784245413178595 7.877596654709624 -0.7293168280641232 0.665037721433968 0.16069160952707462 6.485187832185294
39885980091053 1311878020.917095002.pcd 1311878021.416795219.pcd 0.4194871794871795 0.02914777988149181 0.9897478947902949 0.13981956832346426 -5.780006656099863 -0.9995555403356426 0.02798529508154529 0.010273511742370428 -2.246114769565084 0.006255294741408082 -0.14005687422393315 0.9901237009941333 -5.705946622264907
39885980091084 1311878013.916760920.pcd 1311878010.416760630.pcd 0.4194257660718025 0.5262439175716672 -0.07544683681648373 0.8469799962414764 2.834506666184433 -0.8475981969267534 -0.12637215157259385 0.5153711050043746 -2.9049205490640024 0.06815156480478679 -0.9891096269480448 -0.1304511789650009 1.1386177237069843
39885980091115 1311878012.916702147.pcd 1311878014.416698005.pcd 0.3835390744110559 0.4567198490214779 -0.22944390102626566 0.8595129293917848 0.46087118960469864 0.07962365258083148 0.9728329771074281 0.217384619055684 3.265229240245911 -0.8860400969817818 -0.03084631151607925 0.4625812918897255 -8.04786022553729
39885980091146 1311878009.916847863.pcd 1311878003.412829146.pcd 0.39568705482750754 0.274845857766139 0.8002354279665702 -0.532994384863439 10.390624156004511 0.9427887970201738 -0.3330985741578478 -0.01395077443235887 4.554629435304562 -0.1887035735804945 -0.4986668223585455 -0.846003759800618 5.9566078301598
39885980091177 1311877987.913317487.pcd 1311877988.413341687.pcd 0.42286206071223054 0.9578380076107091 -0.2840662381115786 0.04304327521789411 -2.3554366078164186 -0.009509228085706062 -0.1810776249879249 -0.9834228329207874 1.7088286500058953 0.2871513986689973 0.9415504586021234 -0.17614428219096467 0.7203590080228073
39885980091208 1311878004.416857264.pcd 1311878001.913061553.pcd 0.36179581115642495 -0.4725356040244775 0.5040952262935625 0.7229094727261942 -9.20718948178477 -0.6091180295519987 -0.7796210690889163 0.1454861323540689 4.299114432576238 0.6369343207928999 -0.37158981614233877 0.6754522037386437 2.498039537320267
39885980091239 1311878019.416709866.pcd 1311878017.916603725.pcd 0.4079567721631732 0.04997636241652481 -0.9272519198678016 0.3710879145176894 -6.151630049729988 0.9936910073558695 0.08351484304072321 0.07485621478515153 7.782150213401834 -0.10040191780882243 0.3650056822754396 0.9255756623890621 5.853338091686553
39885980091270 1311878002.413051547.pcd 1311878009.416624944.pcd 0.4746095282944824 0.5581650881247833 -0.6487860007648965 -0.5172315338512772 -0.5944246711237938 0.39079524186510883 0.7554619944264146 -0.5258861606021354 -1.6360443236115523 0.7319363451381848 0.09139967280442379 0.6752149927815586 -0.34123451591137133
39885980091301 1311877998.913084884.pcd 1311877999.413111309.pcd 0.465048253364143 0.2615815711262079 -0.7615778074696158 -0.59293703275889 -0.6238720222822538 -0.9118354603413967 -0.3964008314091986 0.10687597542052596 -2.06004345680183 -0.31643510379086803 0.5127042266530172 -0.7981248029356022 -0.3755425571452292
39885980091332 1311878033.052407257.pcd 1311878033.552322017.pcd 0.46292619150673564 0.5696762734036674 -0.7660640254813179 0.2976824690576666 0.003001287327011864 0.7659885816371227 0.6261672826162243 0.14551985081961377 1.1306394342196957 -0.2978765454386415 0.14512216593054345 0.9435089404097711 -2.6512173850083087
39885980091363 1311878002.912842635.pcd 1311878006.916911054.pcd 0.4702154369482465 -0.32105522499938194 -0.3775445705605497 -0.8685526119590263 4.896924797460387 -0.7145006476799823 -0.5053984979687765 0.48379870061399605 11.211091506480498 -0.6216207581520123 0.7759075044688994 -0.10749501171385822 1.4879680134203244
39885980091394 1311878008.416883803.pcd 1311878004.916798830.pcd 0.45494758853650036 -0.7146257379581087 0.15999513981486357 0.6809637361001323 -0.654188007349876 -0.29924540393059407 -0.9498394273945177 -0.09086941395909856 2.422876760892221 0.6322675405825006 -0.26871289027971224 0.7266575119843454 4.089713302262081
39885980091425 1311878039.133184373.pcd 1311878036.751372637.pcd 0.48282546166993207 -0.60857034003615 -0.4696550928779972 0.6395828601221614 1.7386995463018287 -0.6700656081809389 0.735912657877497 -0.0971835413472179 -5.102904424159206 -0.42503437738775096 -0.4877054989534541 -0.7625543418859859 2.0793459636329317
39885980091456 1311878010.916860226.pcd 1311878012.416841708.pcd 0.43674886842516 -0.002899732945374045 0.7990562689963758 -0.6012492582335854 1.5859774240943845 -0.22786890812061156 0.5849058230946479 0.7784349290864925 -0.041296068046600465 0.973687502364473 0.13926326539171674 0.18038400885796524 6.820621629314314
39885980091487 1311878007.416739415.pcd 1311878006.916911054.pcd 0.509672944709677 0.5746085619545913 -0.1488666664789808 -0.8047755688015835 4.94322037297254 -0.14462140440875967 0.9493755226086258 -0.27887410503386 4.840524182012005 0.8055492845973574 0.27663122145382335 0.5239899974251906 0.8403022506230737
39885980091518 1311878017.416621070.pcd 1311878006.916911054.pcd 0.464564244081411 0.8996144713722154 0.2604301124397825 0.35052811503828263 -6.8816760040751195 0.36692525602945597 -0.01558226469372348 -0.9301199113634396 -4.819463369772376 -0.23676921122774264 0.9653669507299371 -0.10957641649997324 -8.563055680059188
39885980091549 1311878009.416624944.pcd 1311878003.412829146.pcd 0.4611205878493636 0.22815880768927393 0.8002415885693783 0.5545781806001444 -0.28852261342566426 -0.8934678490815549 0.39841406861851864 -0.20731963868485284 3.3238758278660674 -0.38685754630275543 -0.44819597259546606 0.8058918097473229 0.32532878640428636
39885980091580 1311878003.412829146.pcd 1311877999.413111309.pcd 0.5201843534176447 0.7585179146826257 0.6245638299749513 0.1859316955027862 2.8391969415318012 0.6161897499971826 -0.5945844327887675 -0.5165070612137543 -6.493882086612598 -0.21203953665279107 0.5063490639591224 -0.8358527743112361 0.8979346467636748
39885980091611 1311878008.416883803.pcd 1311878005.916916207.pcd 0.5421101310956811 -0.15862319430267552 -0.6846816871487988 -0.711371681691287 4.098078786039437 -0.8330850968410279 0.47950861878273815 -0.2757547931305014 1.5019337929704955 0.5299131095289025 0.548892040201117 -0.6464592984506173 -10.715439779347285
39885980091642 1311878006.416765302.pcd 1311878001.913061553.pcd 0.5799264577131851 -0.6171335679753234 -0.4580727621331822 0.6397776987905436 0.04838743150724069 0.707616300743664 0.032510997382681095 0.7058485715584012 -1.7068802540566381 -0.3441298159123951 0.8883199759325803 0.30407612559890435 -2.130541618042205
39885980091673 1311878003.412829146.pcd 1311878000.913078958.pcd 0.5617328669302258 -0.9953564149751476 -0.01228196959632127 0.09547125426355857 -0.34066324139141096 0.07431534098991374 -0.7284261618425568 0.6810819017099736 0.643689273909891 0.06117873210009225 0.6850142188058261 0.7259563917842923 2.395426813035659
39885980091704 1311878032.020372911.pcd 1311878031.522514648.pcd 0.5536126988957896 0.7772667046523355 0.6160616210870473 -0.12776755794214112 -4.082441661568379 -0.10249665935504187 -0.07637585320297097 -0.9917969368114496 1.3715096311285524 -0.6207663849307206 0.7839864846227373 0.003779850384190264 -4.077385638097517
39885980091735 1311878032.521522728.pcd 1311878033.052407257.pcd 0.5386097136765724 0.738301000551405 0.21546142932606277 0.639130663524732 2.507397941276905 -0.5863192934276438 0.6734087680391377 0.4502780444153581 -3.302820971018176 -0.333378641696349 -0.707175369763951 0.6235075602267518 12.035917823016401
39885980091766 1311878000.913078958.pcd 1311878006.916911054.pcd 0.5362217672920092 -0.2020819355593965 0.9737547647285386 0.10471174475213701 -0.08878362754452586 -0.11734849189420127 0.08207254690173282 -0.9896936033415695 2.938908373441686 -0.9723128214575414 -0.21228696430429178 0.0976832739814952 12.909380047484824
39885980091797 1311878001.913061553.pcd 1311878007.416739415.pcd 0.5811889910342574 0.9131388160082978 -0.04315243209643321 -0.4053583233426038 0.07058577289344807 -0.3632949420493115 0.3649248653517851 -0.8572319567826254 -0.14746065565748542 0.18491697537097987 0.9300364026489201 0.31754999916155596 10.074564907512373
39885980091828 1311877988.413341687.pcd 1311877987.913317487.pcd 0.5277284055563068 -0.055101337715551424 0.4262310796222073 -0.9029346096733941 -2.8789244443455884 0.23868444308921455 0.8837134067229631 0.4025920409114998 9.709755003790534 0.9695326602075602 -0.1933330844480137 -0.1504285187345436 8.16550718011665
39885980091859 1311878006.916911054.pcd 1311878007.416739415.pcd 0.5176262844742608 0.03167809177552777 0.9681595358229491 0.24832158926793474 -4.746248386917777 -0.9268763057301832 -0.06451714309691858 0.3697808163258059 -3.3137201399095053 0.37402782299907705 -0.24187734793010968 0.8953203539409051 1.7733622790775674
39885980091890 1311878007.916757408.pcd 1311878002.912842635.pcd 0.68172884088774 -0.18613913415830674 0.9824702752241429 0.010216703763572924 6.094929463225192 -0.9813480013483143 -0.18539792472496863 -0.050830205167237436 2.1708788436952533 -0.04804500998505923 -0.019487632197668758 0.9986550501583936 4.441044792382511
39885980091921 1311877998.913084884.pcd 1311877997.913031100.pcd 0.6478401522359657 -0.7869337521891765 -0.05587400580418242 -0.614502534690344 3.0664686240422014 -0.40925925062989954 0.7925734540484698 0.45203339004052634 1.9670284615058955 0.4617814801822572 0.6072111785969291 -0.6465697558250089 -3.110664617652851
39885980091952 1311878012.916702147.pcd 1311878013.416594433.pcd 0.608714896965524 -0.6288331445749744 0.7675795232130181 -0.12405866284957819 -0.7811544685506232 -0.7576967921951455 -0.6407507322336417 -0.1238308129636507 -0.9686900986098363 -0.17454067543451313 0.016129931373936486 0.9845178403323811 12.40312002388141
39885980091983 1311878001.913061553.pcd 1311878005.916916207.pcd 0.6311897014734509 0.46171483504974586 0.8024425759387925 0.3780282045240821 1.749916689289079 -0.46429165808129325 0.5817578491866716 -0.6678256218099314 -3.966461880221269 -0.7558125874389163 0.13282965493598614 0.641173623473765 -2.628648323820769
39885980092014 1311878002.912842635.pcd 1311878007.416739415.pcd 0.6598161496719851 0.4748289895377491 0.756603727626817 -0.4495422449956907 2.553023661386238 0.8385306368613991 -0.5440314322127495 -0.029936128830579528 -1.100744188848967 -0.26721489804907345 -0.36274040318904366 -0.8927573008129777 -4.458191942077386
39885980092045 1311878012.416841708.pcd 1311878011.416686707.pcd 0.6320378157490496 -0.4358804785320628 -0.8023618246938511 -0.407705421485431 0.1709161179895329 -0.5608341548772335 -0.11214773954687084 0.8202974675309352 -0.013153809409900526 -0.703898614260462 0.5862067781836714 -0.4011089054779519 12.375644570925616
39885980092076 1311878001.913061553.pcd 1311877999.912887758.pcd 0.6370579292118388 0.6618020223082461 -0.7379261390526506 -0.13222366116381581 3.150071952341239 0.4321655655148386 0.231408199719633 0.8715980547739641 0.938432155047721 -0.6125773479748947 -0.6339678685906458 0.47205268174503384 -0.7420260704990265
39885980092107 1311877999.912887758.pcd 1311878003.412829146.pcd 0.6504187582735887 0.6165167844080136 -0.509285030577388 -0.6004463441249283 0.24680319344633134 0.6829740710848579 0.7253599728685894 0.0860193465788634 0.2277617846552218 0.39173137833083826 -0.4631216550647011 0.7950250686872418 -2.86610709800341
39885980092138 1311878006.916911054.pcd 1311878001.913061553.pcd 0.6255824013729425 -0.25479468237845854 -0.7676747004998098 0.5880095441778033 -1.758911286189208 0.7100084544311572 -0.5613366670915901 -0.42519306298996096 -0.7167674189482655 0.6564812750322282 0.30915481621840024 0.6880811254067557 -2.829849675346418
39885980092169 1311878009.416624944.pcd 1311878002.413051547.pcd 0.6324104448235139 0.3317285806866077 -0.8610556245493366 0.38540804375051774 0.18562660467005027 0.3857708218493972 -0.24900644682488016 -0.8883561574330923 0.19211994002216562 0.8608931535128442 0.443372305034494 0.2495675807534108 5.803096980487083
39885980092200 1311878006.416765302.pcd 1311877999.912887758.pcd 0.7615128699001926 -0.4038694509350424 0.9145896914057472 -0.020375548477708227 0.004954259939490392 -0.8977396168485807 -0.39194860209897103 0.20109667737987633 0.8060503331980777 0.17593478036474464 0.0995087417617295 0.9793594658607261 2.379058168749746
39885980092231 1311878003.412829146.pcd 1311878005.416898313.pcd 0.7613685757456585 0.7663396524174707 -0.40361083068235615 -0.4998218027343033 -0.5484011161783705 -0.2533681747562664 0.5250696696689142 -0.8124693286607536 0.7173566655121181 0.5903626894997247 0.7492664007879146 0.30011956866718276 -14.905536432999218
39885980092262 1311878007.916757408.pcd 1311878001.913061553.pcd 0.7056546449106863 -0.26622158514263844 -0.7954412485152679 0.544425649436737 0.1729577365155467 0.4019535542316742 0.42174547514621974 0.8127509424382195 0.029502284810857798 -0.8761046785885038 0.4352056690280601 0.20745268810303052 3.3855752410832665
39885980092293 1311878011.416686707.pcd 1311878010.916860226.pcd 0.709909875651215 -0.5696728245709463 -0.6415124022351085 0.5137457646773352 -0.28341480150103854 0.8132902844921571 -0.34992156226407334 0.46488042915715005 -0.22296969813514755 -0.11845584027824743 0.6826541862767782 0.7210766088722915 3.2663263714176516
39885980092324 1311878006.416765302.pcd 1311878003.916859696.pcd 0.7243354929084224 0.46699965808297283 0.8826358404732246 -0.05352842667696142 0.6065824417626118 -0.8076927700576184 0.4011418436201072 -0.4321083318957327 -5.499412787331844 -0.35992180893499315 0.245028966469652 0.9002316907573165 -7.675708147144287
39885980092355 1311878013.916760920.pcd 1311878012.416841708.pcd 0.6898194467065311 0.2422764582174049 0.7076373949968018 -0.6637404876875983 -1.61776991944612 -0.9701350210985682 0.1683474194170979 -0.17463443879625956 -0.9145136358686693 -0.011838861081660268 0.6862277053411239 0.7272904356517724 -7.787471522718428
39885980092386 1311878032.020372911.pcd 1311878032.521522728.pcd 0.7666891756940548 0.35315463712934303 -0.7985124362745931 -0.4875035296168177 -3.6943046175243346 0.6418504640751855 -0.1723188747328887 0.7472176303977707 -1.1718107487760667 -0.680668630128134 -0.5767877378426178 0.4516703681158247 4.089112481526642
39885980092417 1311878007.916757408.pcd 1311878002.413051547.pcd 0.7092058711830981 0.033753339309789854 -0.3280410316039552 -0.9440602701468008 -8.23675678511617 0.4373883011646365 0.8541855840071431 -0.2811733665884607 -1.214228725041847 0.8986390744285222 -0.40343037770920087 0.1723129253760729 -1.5990863254744878
39885980092448 1311878007.916757408.pcd 1311878000.413021376.pcd 0.7129103398650134 -0.7076740331466129 -0.5283741280960483 0.4690610232888123 5.956064595028837 0.15831543924489014 -0.7655885145930212 -0.6235466686784151 6.364073729132152 0.6885736594633173 -0.3670081839441628 0.6254368940279295 -1.6249054877930889
39885980092479 1311878008.416883803.pcd 1311878000.913078958.pcd 0.6923607946167664 -0.217997084487357 0.24324446361904628 0.945150465308934 4.464361851031313 0.7381049121513142 -0.5924934535356107 0.32272689100158025 10.29247613750421 0.6384969927988016 0.7679737224906381 -0.05037808800222131 9.794172925862204
39885980092510 1311878000.413021376.pcd 1311878002.912842635.pcd 0.794454248890315 0.5149001556728475 0.7737551633355182 -0.36902679699407037 1.5311493707069113 -0.7747230077880434 0.23572005241336336 -0.5867199656514925 -1.7231594782889494 -0.36699058692550235 0.5879957517719552 0.720818219113674 -6.400035537769166
39885980092541 1311878004.916798830.pcd 1311878005.416898313.pcd 0.7967883301155343 -0.4010066336332628 0.5732895342062067 0.7145157729201987 1.3708264118185909 -0.17119430180829412 -0.8131321637988493 0.5563349667459093 -4.63564041876666 0.8999367704513963 0.10077298331116324 0.42421529324634105 -4.344309571611341
39885980092572 1311878003.412829146.pcd 1311878004.416857264.pcd 0.8024617252775306 0.7991015300509041 0.5240883726098492 -0.29456429241417564 -2.4977684677224086 -0.46413282231154757 0.22637198031562034 -0.8563506581892151 0.008842309114211931 -0.3821223206296925 0.8210280776094958 0.4241408113509406 2.9542882388908187
39885980092603 1311878004.916798830.pcd 1311878006.416765302.pcd 0.7891575495694279 -0.5167915546806341 0.4068604950979751 0.7532536269673074 13.951524699029996 -0.5393964927296448 -0.8379944429345934 0.08256353457609725 -4.259923744569484 0.6648141940736005 -0.3636342271285403 0.6525275750639953 -0.233633869264584
39885980092634 1311878003.412829146.pcd 1311877999.912887758.pcd 0.7853786765466851 -0.5342620321951711 0.604280889361011 -0.5911080169543904 -2.988085423628541 0.7075670714385944 0.702282349643247 0.07841135629085655 -2.6894526999496753 0.46250721115513127 -0.3763563579011604 -0.8027720545066804 -3.030693159724458
39885980092665 1311878006.916911054.pcd 1311878006.416765302.pcd 0.7757408996461269 -0.4529872977751577 0.3839673279547585 -0.8045940585895742 -0.041289313665689484 0.33606804344315044 -0.762377231590325 -0.5530273292785486 -1.7978126902461709 -0.8257486168505842 -0.5209127065218839 0.21630805337155687 -1.3123997689857172
39885980092696 1311878006.416765302.pcd 1311878003.412829146.pcd 0.8206128523901243 0.7436592106736578 0.5917680554229215 0.3110973271521412 -2.5223222873915327 -0.6583311655989034 0.5670905812158626 0.4949831806207605 4.66154792420283 0.11649487019359105 -0.5729038673959439 0.8113014876982226 -1.639271961986358
39885980092727 1311878017.416621070.pcd 1311878016.416706986.pcd 0.7699375461773083 0.762669956512307 0.4718086793739261 -0.4424150850739018 3.6328477887785473 -0.39910659113698854 -0.19497050529030607 -0.8959355060370449 2.539770753537402 -0.5089680405924607 0.8598738698985304 0.03960380690283177 -5.701639801288167
39885980092758 1311878003.412829146.pcd 1311878005.916916207.pcd 0.846928707939202 -0.18388651663038674 0.9821598963620936 -0.039340653013696825 0.1473092809962056 -0.9779720517504852 -0.1868309892426741 -0.0930851623705422 0.16729919783520528 -0.09877456654670214 0.021356952886716032 0.9948806288027252 1.8064169707450415
39885980092789 1311878002.912842635.pcd 1311878001.913061553.pcd 0.7839353689155261 -0.4770301554413006 -0.1105060379480951 -0.8719120634425598 -3.528702948453094 -0.5143761466102041 -0.7693085979787612 0.3789214441997052 -5.0756179343386005 -0.7126425545798442 0.6292477228031633 0.3101417300992354 4.885827940435589
39885980092820 1311878001.412900789.pcd 1311878002.413051547.pcd 0.915867846824382 0.14751452312128416 0.4582145093574153 -0.8765152188539815 -2.021209581798952 -0.4258073393853192 0.829299878620017 0.3618698951922096 -7.429025625110893 0.8927080010809221 0.3198455482497268 0.3174448772164011 8.03994374469457
39885980092851 1311878002.413051547.pcd 1311878001.412900789.pcd 0.9213419811489036 -0.5559932479567126 0.6196657191641243 -0.5539728375284786 0.10202335318346678 -0.40439197118658143 -0.7839513039217306 -0.4710493463738692 -0.5371744827706564 -0.7261808603002261 -0.0378780882863288 0.6864594733568737 -12.977796755080982
39885980092882 1311878001.412900789.pcd 1311878000.913078958.pcd 0.9123146584912725 0.238484246025776 0.965382343852004 0.10565128762267037 2.698556785509047 -0.9692564456801572 0.24339122460119234 -0.03609230242864157 1.0246765235447655 -0.06055746778875191 -0.09379574599065259 0.9937480320126785 -8.807720088062617
39885980092913 1311878001.913061553.pcd 1311878000.913078958.pcd 0.9121257761548189 0.3541630913793045 0.9214619145664399 0.15961342270688106 5.15247229121569 -0.935115606311307 0.35100034810778474 0.048554695563362754 -1.8306546657692109 -0.011283064197783368 -0.16645328363166953 0.9859847852936391 0.20911829646695215
39885980092944 1311878004.916798830.pcd 1311878005.916916207.pcd 0.8624697373663082 0.4000497904390758 0.8817696759095457 0.24988478108125378 -3.1970119284614915 -0.9120095476489458 0.35607245855485453 0.20359516019755103 2.673846107901531 0.09054695006910297 -0.3093455073297105 0.9466290756828184 -4.029225998782185
39885980092975 1311878003.916859696.pcd 1311878004.416857264.pcd 0.9105539923761854 0.21778791474830628 0.9738137511872378 -0.065231910812311 -1.2525118602188257 -0.7573143641446616 0.21077322545041666 0.6181016108160495 -4.52856882146332 0.615664988487856 -0.08521399786343009 0.7833870030313115 -0.21137294857992586
39885980093006 1311878087.124652811.pcd 1311878088.124396737.pcd 0.893750781807984 -0.3828450104421974 -0.9130788711358626 -0.14041607124817382 -8.174730466145988 0.889075248076423 -0.3228793752571268 -0.3244905426840883 -9.13243303715993 0.25094800504758025 -0.24907003858117094 0.9354085816603424 -3.359852015165404
39885980093037 1311878001.412900789.pcd 1311878001.913061553.pcd 0.9228046876655623 -0.10490770902494273 -0.8885993584900387 -0.44652609406195903 -1.1584696403453911 0.9312272022134498 0.06980189157817857 -0.3576920376382718 3.400837069059163 0.3490132811869035 -0.4533418974937125 0.8201651379642709 5.022199321284539
39885980093068 1311878000.913078958.pcd 1311878002.413051547.pcd 0.8977615196160688 0.21742231352099523 0.7752807227430436 -0.5930154622994263 -3.9933708686665077 0.9755497454258995 -0.15262260852745518 0.1581424470714238 -4.134441153017419 0.03209722390863379 -0.6128997799879679 -0.789508472347232 -3.5322718904721375
39885980093099 1311878087.624133648.pcd 1311878088.124396737.pcd 0.9345752041237447 -0.8301511053699909 -0.5573126208236237 -0.015867732153216213 1.6298274632050338 0.35973556259883566 -0.5571575878774088 0.7484422137161472 9.978162629740694 -0.42595711903275135 0.6156119434687176 0.6630101566371264 7.151945975705937
