id source target overlap t1 t2 t3 t4 t5 t6 t7 t8 t9 t10 t11 t12
1807261650000 1311878220.377686160.pcd 1311878219.377635725.pcd 0.4480 0.9929724590507855 -0.06704347592697332 -0.09752367867479833 0.20447119613854348 0.07044139757771198 0.9970081849530081 0.03182276926992432 -0.4999391379539262 0.09509839680002327 -0.038468837678535026 0.9947243052493127 -0.19719464770101575
1807261650001 1311878220.377686160.pcd 1311878219.377635725.pcd 0.4480 0.9665616192181283 -0.1840827627292139 -0.1785277925713804 0.22293317654763678 0.14230229470483471 0.9641986020954423 -0.223765753945802 -0.4900577079412996 0.21332766622303884 0.19087847490792348 0.9581527616411993 -0.991874773273942
1807261650002 1311878220.377686160.pcd 1311878219.377635725.pcd 0.4480 0.9999544393226982 -0.008550175624834226 -0.0042442638481446715 -0.4276024647568226 0.00865006356107308 0.9996720672061825 0.02410258177264559 0.5625041395871365 0.0040367907076752025 -0.024138196794751723 0.9997004810323341 -0.6031057614717851
1807261650003 1311878220.377686160.pcd 1311878219.377635725.pcd 0.4480 0.9439019903302024 -0.3226532042278305 0.07031317410127502 -0.04662482298057258 0.3269785832529104 0.9429746398982242 -0.0623204188266879 -1.5728101511663488 -0.04619565720499969 0.08181526942037268 0.9955763270312679 0.8914525488146307
1807261650004 1311878220.377686160.pcd 1311878219.377635725.pcd 0.4480 0.8954826395174987 -0.3816240752522162 -0.22907183919169194 0.7279344710791422 0.4093691999651944 0.9081822087943073 0.08730368691727708 -1.8766062381781636 0.17472178010377026 -0.17195389154475116 0.9694865438674153 -1.0978000610432843
1807261650005 1311878220.377686160.pcd 1311878219.377635725.pcd 0.4480 0.9874088101053669 0.15801185414356694 -0.00748970469483887 -0.20486013109645995 -0.15788764748535905 0.9873432676837812 0.014992082278732896 0.2416591598031147 0.009763836225724264 -0.013620782269217245 0.9998595610347145 -0.7592327387417825
1807261650006 1311878220.377686160.pcd 1311878219.377635725.pcd 0.4480 0.9951196193207409 0.06954463428267142 0.0700034790952065 0.4033157826972107 -0.07897786809630257 0.986635270436449 0.14252487320379514 0.07645213193805847 -0.05915606134544933 -0.14735802310456098 0.9873126016783179 0.660177476554446
1807261650007 1311878220.377686160.pcd 1311878219.377635725.pcd 0.4480 0.9966383663026407 -0.018338653509140934 -0.0798477338505924 0.08706174507065523 0.01664067308756452 0.9996221267333719 -0.021879025212364088 -0.05875182267220755 0.08021879338905674 0.020476755908154266 0.9965669308454308 -0.31389741825590894
1807261650008 1311878220.377686160.pcd 1311878219.377635725.pcd 0.4480 0.955282878304129 -0.00310507468964011 -0.2956771565916966 -0.6801051267409566 -0.03370893581485563 0.9922824406211037 -0.11932839427921557 0.199742748007716 0.2937657741555487 0.12395933424392752 0.9478057572037604 -0.9924155269917215
1807261650009 1311878220.377686160.pcd 1311878219.377635725.pcd 0.4480 0.9646434101811873 0.26352168682933746 0.004405878417554429 0.2257662841884125 -0.2634883725733385 0.9646375727712438 -0.00694483381058145 1.014852220860493 -0.006080190183148754 0.005538390436183488 0.999966178187399 0.11821054199678038
1807261650010 1311878220.377686160.pcd 1311878219.377635725.pcd 0.4480 0.9287817227003969 -0.3704211551628285 -0.012356350007945915 0.18920216452441174 0.37031430584027936 0.9288513885041564 -0.01011992904782454 -1.4664564715061592 0.015225848669784934 0.004823471958732242 0.9998724456902233 0.8390608346951408
1807261650011 1311878220.377686160.pcd 1311878219.377635725.pcd 0.4480 0.890266287591365 -0.4554343735623448 0.0023384944223901255 0.6029546101913437 0.455431056650579 0.8902691821172306 0.0018264748709723188 -1.8788458629162303 -0.0029137289554956054 -0.0005610260169988235 0.999995597707001 0.8821146132662367
1807261650012 1311878220.377686160.pcd 1311878219.377635725.pcd 0.4480 0.9998870774244007 0.0017756690859608573 -0.014922446146237368 -0.2317938546264262 -0.001223690956211856 0.9993175548799944 0.036917842422233414 0.6538352041965771 0.014977816267195857 -0.03689541310198783 0.9992068822380576 0.6376446569469776
1807261650013 1311878220.377686160.pcd 1311878219.377635725.pcd 0.4480 0.9898060766527438 -0.03455813742216291 0.13816535658121237 0.19653869372353006 0.029703308826813248 0.9988719730557184 0.0370471981196314 0.21417884492959827 -0.13928978449994678 -0.03256557356607074 0.9897160397569957 1.1644358115369622
1807261650014 1311878220.377686160.pcd 1311878219.377635725.pcd 0.4480 0.9435695865611577 -0.1814078520685251 0.277069714196067 0.05952882959626349 0.2140279472846372 0.972469703171589 -0.09216677380968963 -0.8753188301891927 -0.25272212625318485 0.1462664268424099 0.9564191859644094 1.3435801055670105
1807261650015 1311878220.377686160.pcd 1311878219.377635725.pcd 0.4480 0.8846814084450673 0.41964179548946284 -0.20307527921938745 0.40699210942929387 -0.42287498586095834 0.9057118624922393 0.029372920759322248 1.263383706768701 0.19625379457413467 0.05988977892110608 0.9787224644893131 -1.27649626832445
1807261650016 1311878220.377686160.pcd 1311878219.377635725.pcd 0.4480 0.9869982795093697 -0.1520617077988683 0.052073345070542516 0.07120259269937756 0.1542147370677901 0.9872209054230047 -0.04015842087153506 -0.8548319367450559 -0.0453013368087142 0.047666769526312276 0.9978354914344694 -0.04079510704277767
1807261650017 1311878220.377686160.pcd 1311878219.377635725.pcd 0.4480 0.9451960394690322 -0.2289722235857944 0.2327577448727168 0.1511876464691615 0.1306843253298658 0.9185958292332153 0.3729655609147036 -0.6647496233001026 -0.2992090474653692 -0.3221077821809319 0.8981762202225951 1.438974401468018
1807261650018 1311878220.377686160.pcd 1311878219.377635725.pcd 0.4480 0.8694846556769559 -0.47085107598646747 -0.1493174396536168 0.9310032050898069 0.4788386704200559 0.8776579171390091 0.020739049967860065 -2.217113363355768 0.12128462908661898 -0.08953124999463678 0.9885717950769783 -1.0496256123484236
1807261650019 1311878220.377686160.pcd 1311878219.377635725.pcd 0.4480 0.960432137689378 -0.27849918510332633 0.002883190974457574 0.37681021749301413 0.2785056139876399 0.9604322342518395 -0.002132225923221603 -0.9001057289402523 -0.002175286367299622 0.0028508431740613596 0.9999935703905388 -0.3172826171490853
1807261650020 1311878220.377686160.pcd 1311878219.377635725.pcd 0.4480 0.9632846046201919 -0.12401370915521437 0.2381246951563117 0.0849608615037063 0.03084432621406879 0.9321735820304059 0.3606952183007175 -0.2128178161172857 -0.26670470194977924 -0.3401073549721735 0.9017735797037476 1.0644247065295858
1807261650021 1311878220.377686160.pcd 1311878219.377635725.pcd 0.4480 0.9981857288612223 -0.05618901314474568 0.021634359237344004 -0.07497263193617343 0.056435237419813385 0.9983462842526861 -0.01094352302617267 -0.149110645982571 -0.02098367639762272 0.012144608708174775 0.9997060536998691 0.04973404390373823
1807261650022 1311878220.377686160.pcd 1311878219.377635725.pcd 0.4480 0.9706502078137649 0.16603510032816515 0.1739842508105586 0.05406867522102443 -0.17952134833254701 0.9816194751700535 0.06477106962011006 0.6920488924533217 -0.16003205792577793 -0.09410393948121917 0.9826159926492931 1.1349351640082685
1807261650023 1311878220.377686160.pcd 1311878219.377635725.pcd 0.4480 0.927778062714276 -0.3723823171424073 -0.023649021666793692 0.3265526773534475 0.3714889424979314 0.9277765291419495 -0.035023957159147766 -1.554835861248529 0.03498330956204047 0.023709109071594056 0.9991066240392552 -0.22053648847646426
1807261650024 1311878220.377686160.pcd 1311878219.377635725.pcd 0.4480 0.9951857924727973 0.018342174876812636 -0.0962746232455817 -0.387385714015001 -0.01068256068514427 0.9967791713345037 0.07948060449511 -0.42271300714595894 0.09742238632623657 -0.0780695088654227 0.9921764109411254 0.35638319766148996
1807261650025 1311878220.377686160.pcd 1311878219.377635725.pcd 0.4480 0.983107737430062 0.15683862403125923 0.09434417108187226 0.18874295309396816 -0.1682991135994518 0.977233741233439 0.12918832515569922 0.663521723608793 -0.0719345881115829 -0.14288408241255274 0.9871218536869395 0.04191281285366997
1807261650026 1311878220.377686160.pcd 1311878219.377635725.pcd 0.4480 0.9978530622387551 0.0148345547719019 0.0637902983647096 0.13573302503239715 -0.021768774929131606 0.9937569248639134 0.10942255125477285 0.02230253622100751 -0.06176881590919516 -0.11057626449531574 0.9919463206804278 0.09500609220535625
1807261650027 1311878220.377686160.pcd 1311878219.377635725.pcd 0.4480 0.8892012245003426 0.4478820766576167 -0.0933960799817202 0.5561210915726109 -0.454456753924783 0.8882242582305856 -0.06728094754739129 1.6860096993133242 0.052822733356390095 0.10227078028247565 0.9933531327484567 -0.22200453587112873
1807261650028 1311878220.377686160.pcd 1311878219.377635725.pcd 0.4480 0.9745111799638198 -0.21757832719322467 0.05465923216915693 -0.11923002643561276 0.21581680417196059 0.9757565381513225 0.036363240943956786 -0.6444030955522146 -0.061245956295296264 -0.02364000403436334 0.9978427145831801 0.21510184581908043
1807261650029 1311878220.377686160.pcd 1311878219.377635725.pcd 0.4480 0.9840775602078448 -0.14195611835678904 0.10695707529868737 -0.14396249576407483 0.11275674787206603 0.9637753676952181 0.24170841200351809 -1.045132664724461 -0.1373945825158005 -0.22579969239354694 0.9644362226763823 0.5362383608863885
1807261650031 1311878203.142803439.pcd 1311878344.984868502.pcd 0.4070 0.9982219465867126 -0.058887797882470554 0.00922890097398454 -0.5177584236963777 0.059325186603662476 0.9665016757690444 -0.2497098976213586 0.4222565262972464 0.005785117723516354 0.24981340635798965 0.9682767137635516 1.1144691614132112
1807261650032 1311878203.142803439.pcd 1311878344.984868502.pcd 0.4070 0.9297007175530727 -0.295891538128197 0.2193280042434881 -0.8134896810293379 0.26054062571887193 0.9492454176676494 0.17621498059753238 -0.5586076995919198 -0.2603366246445561 -0.10668333844185685 0.9596059124284197 0.005747903006618538
1807261650033 1311878203.142803439.pcd 1311878344.984868502.pcd 0.4070 0.8662928083687376 -0.49780442426499927 -0.04156350984696036 -1.272083279919395 0.49818556594875685 0.8670693747784288 -0.0013569088625774196 -1.0100704502098885 0.03671392173171642 -0.019530860286662056 0.9991349425615842 -0.07210435233606853
1807261650034 1311878203.142803439.pcd 1311878344.984868502.pcd 0.4070 0.9995324005154067 0.015508678362701622 0.02635263203839784 -0.7714546058631803 -0.01688997049511264 0.9984501734807936 0.05302810549932537 -0.0634047095057002 -0.025489394198041394 -0.053448404762122016 0.998245239814246 -0.6753178034426837
1807261650035 1311878203.142803439.pcd 1311878344.984868502.pcd 0.4070 0.9911799495455347 0.03423281430304671 0.12802508365083873 -0.4368792586561433 -0.014675339913606256 0.9884719268331138 -0.15069135430160333 0.45859253622008034 -0.13170779026819654 0.14748343733356753 0.9802559327517198 0.23736122442511934
1807261650036 1311878203.142803439.pcd 1311878344.984868502.pcd 0.4070 0.9846085574204524 -0.08624390446259805 -0.15201308363907998 -0.06724089441853587 0.07167850695327718 0.9925194153800017 -0.09883016611687331 0.011815375622951915 0.1593994363081773 0.08641295641734542 0.9834249440947943 -0.7062510137014524
1807261650037 1311878203.142803439.pcd 1311878344.984868502.pcd 0.4070 0.9998071778250037 0.014318159248006702 -0.01343865638187247 -0.3198315233423299 -0.015450504865000408 0.9959713474254744 -0.08833095157928281 0.04672914787434721 0.012119780073001333 0.08852155343888699 0.996000524853149 0.5285201755143165
1807261650038 1311878203.142803439.pcd 1311878344.984868502.pcd 0.4070 0.919052234038878 -0.016183833292174512 -0.39380334514592247 0.0761469771607628 0.030925658947672716 0.9990371992754055 0.03111716700803606 0.02110232190941095 0.3929205959564854 -0.04077692980013185 0.918667865590865 0.323281920873308
1807261650039 1311878203.142803439.pcd 1311878344.984868502.pcd 0.4070 0.9862491711732272 -0.029948979470998206 -0.1625288620176991 -0.1405639391612452 0.05065003236859323 0.9908931266923028 0.12476131489773822 -0.028128189104425563 0.1573122582038126 -0.1312778355344034 0.9787844417011435 0.14298874312502824
1807261650040 1311878203.142803439.pcd 1311878344.984868502.pcd 0.4070 0.9706192925252536 -0.03174627387049658 -0.2385170079325905 0.10761859247810479 0.022922457862981697 0.9989495455512992 -0.03967828585476434 0.0020306782857470347 0.23952609440997413 0.03304511368102687 0.9703274037965289 -0.520183095543664
1807261650041 1311878203.142803439.pcd 1311878344.984868502.pcd 0.4070 0.9992889467172508 -0.037615373648838435 0.002585465912749004 -0.46254357033645177 0.03763428590295771 0.9992618873353387 -0.007703313805845621 -0.36738562225581023 -0.002293794520473615 0.007795138502628673 0.9999669866162696 0.3430968328485908
1807261650042 1311878203.142803439.pcd 1311878344.984868502.pcd 0.4070 0.9986744362788572 -0.051276839780622176 0.0044783953843987685 0.1993177266185271 0.05124168014447044 0.9986570475433618 0.007641440174940518 -0.10805400705929409 -0.004864210015859128 -0.007401830455219501 0.9999607754141328 -0.06081470538533923
1807261650043 1311878203.142803439.pcd 1311878344.984868502.pcd 0.4070 0.9378916042610685 -0.24756182006492347 -0.24304831598417115 -0.671267952838106 0.24955042805856756 0.9680866717461569 -0.02308202424472594 -0.7057826788904298 0.24100606322743157 -0.039004374544285 0.9697395197959214 -0.42772862129733424
1807261650044 1311878203.142803439.pcd 1311878344.984868502.pcd 0.4070 0.999809415727261 0.012006653442664765 0.01539391101119542 0.3743774731374263 -0.011733148760936642 0.9997738590748285 -0.017735950236126827 0.19504738539512861 -0.015603379225878865 0.017551950995042767 0.9997241937519572 0.4547427053964819
1807261650045 1311878203.142803439.pcd 1311878344.984868502.pcd 0.4070 0.9897785248210502 0.11632150389278528 0.0825092693894822 0.34580950342402805 -0.07502252181501423 0.9167199787240038 -0.3924233706455027 -0.06354910574829373 -0.12128517231542 0.3822221714400966 0.9160764807787809 1.9729564573671245
1807261650046 1311878203.142803439.pcd 1311878344.984868502.pcd 0.4070 0.9184157735133404 0.395101911454339 0.020172915679702426 1.4144140650189743 -0.3947025539130706 0.9116377640840925 0.11457085593752041 0.30110295217703775 0.026876772432573165 -0.11318598261659486 0.9932102357722273 -0.8487058576741364
1807261650047 1311878203.142803439.pcd 1311878344.984868502.pcd 0.4070 0.9919970738307677 -0.11129147492722406 0.05963231606870016 -0.6865112875811746 0.11124863413004192 0.9937843593714991 0.004048267873936777 -0.024970502842019543 -0.05971220072476287 0.0026181438276254585 0.9982122010912827 -0.5715773390508629
1807261650048 1311878203.142803439.pcd 1311878344.984868502.pcd 0.4070 0.9808338039434479 -0.08741460798964326 -0.17413711652557975 -0.14923212221245685 0.05015202251597847 0.9768654805518716 -0.20789085488235895 -0.10828170299926462 0.18828123560085094 0.19517304941046096 0.9625267046188584 -0.4689817027634433
1807261650049 1311878203.142803439.pcd 1311878344.984868502.pcd 0.4070 0.9620723426413389 0.09176144602976208 -0.25689812094901254 0.8196259110761897 -0.12250407754343548 0.986757517207355 -0.10631252616699781 0.6107137918273556 0.24374076087072175 0.1337514084311029 0.960573267498559 -0.2298446902937884
1807261650050 1311878203.142803439.pcd 1311878344.984868502.pcd 0.4070 0.933739802354016 0.3200875663278276 -0.16023086900535682 1.5227118003746398 -0.27516981707156823 0.9281583176564131 0.25060668214957205 -0.23087110374203684 0.22893569680738507 -0.18991073494551466 0.9547368011550469 -0.9819752555966997
1807261650051 1311878203.142803439.pcd 1311878344.984868502.pcd 0.4070 0.9635576979418712 0.2059747034231312 -0.1706780134836198 0.6151183476364446 -0.2115829778559383 0.9772426686677672 -0.015146287225385736 0.19489517976651627 0.1636740853604354 0.05070688399865933 0.9852104372653445 -0.3871215190615459
1807261650052 1311878203.142803439.pcd 1311878344.984868502.pcd 0.4070 0.9521518346444038 -0.30340891031487216 -0.036741215614591115 -0.9412765375720186 0.28970091070565374 0.934293632449856 -0.2077710054361973 -0.43175153649756237 0.0973666581516017 0.1871855803880078 0.9774872338681431 0.3240557474396723
1807261650053 1311878203.142803439.pcd 1311878344.984868502.pcd 0.4070 0.9061633271257449 -0.11834084132312979 0.4060338284519336 -0.4872090486913603 0.02784796322812401 0.9746665479286933 0.2219225344412084 -0.3995947945529267 -0.4220100893538512 -0.18979084704931926 0.8865026333067808 0.018014286646557465
1807261650054 1311878203.142803439.pcd 1311878344.984868502.pcd 0.4070 0.9808915982133762 0.16129471042836302 0.10879195256193788 0.5619663157035657 -0.17804924227181929 0.9696113351796446 0.1677865489769006 0.06456725794901838 -0.07842282754937763 -0.1839507409035837 0.9798020131843899 -0.27835020225406787
1807261650055 1311878203.142803439.pcd 1311878344.984868502.pcd 0.4070 0.9186685647254251 0.3157598317775352 0.23736848320943899 1.0247714054905117 -0.22699732624548574 0.913739904858484 -0.33697418320489897 0.07532393740759125 -0.3232959666663467 0.25568557821087795 0.9111007644779151 0.744698556214556
1807261650056 1311878203.142803439.pcd 1311878344.984868502.pcd 0.4070 0.9945577640348124 -0.09900094149005659 0.032460246181394 -0.02290108214532438 0.09791913468680732 0.9946344288205216 0.03337957559738569 -0.5465188008702031 -0.03559068783068404 -0.03001943685276406 0.9989154800836664 -0.331015665524532
1807261650057 1311878203.142803439.pcd 1311878344.984868502.pcd 0.4070 0.9506501063578524 0.3100738427393128 0.010889781020753487 1.491970930205292 -0.30659190037474515 0.9334322174331601 0.18629466466438666 -0.10760057893027536 0.04760023010875457 -0.18043976143491725 0.9824335654826254 -0.47030344139014013
1807261650058 1311878203.142803439.pcd 1311878344.984868502.pcd 0.4070 0.973575435158087 -0.06806286368400707 0.217986968977216 -1.0458401136825723 0.08099420170858149 0.9954122135170683 -0.05093588588254864 -0.23913604315209944 -0.21352004905003905 0.06724560779844789 0.9746215762466406 0.2854568572181579
1807261650059 1311878203.142803439.pcd 1311878344.984868502.pcd 0.4070 0.9591106335509403 -0.016327910930463506 -0.2825600678336567 0.046962481258121525 -0.10086627009891394 0.9130670737042414 -0.3951386015988645 -0.000590542370715541 0.2644480821746431 0.4074824146411966 0.874085404060915 0.8325768725940905
1807261650060 1311878203.142803439.pcd 1311878344.984868502.pcd 0.4070 0.9090694322582945 -0.41663055610221683 0.0034273977795790354 -1.0116077918240785 0.4163444874839333 0.9086959688595593 0.030477925128320343 -0.6223574090565022 -0.01581249744103551 -0.026279571920870583 0.9995295638570841 0.12851013628787722
1807261650062 1311878200.642380345.pcd 1311878199.638105605.pcd 0.4077 0.9974696780683361 -0.06378595673510962 0.031394156424986795 -0.25312595730065773 0.0628609834789263 0.9975827041987173 0.02961832270127098 -0.08597103845510898 -0.03320750051286565 -0.027569911261394936 0.999068146776148 0.6705294715618173
1807261650063 1311878200.642380345.pcd 1311878199.638105605.pcd 0.4077 0.9993042686833503 0.023245381075964647 -0.02916557645354475 0.15378453372592504 -0.02272124518276205 0.9995766066697986 0.01817559946289155 0.020083860250966628 0.02957572667880185 -0.01750027591564875 0.9994093339239417 -0.0317155912527049
1807261650064 1311878200.642380345.pcd 1311878199.638105605.pcd 0.4077 0.967901164655159 0.15265671661164007 0.19965786318735362 0.6130915900290278 -0.16493014082999405 0.9852199296923039 0.0462573105885951 0.2566686805611981 -0.18964541677822044 -0.07770210428582255 0.9787732111600572 0.2211569091307535
1807261650065 1311878200.642380345.pcd 1311878199.638105605.pcd 0.4077 0.980661720963039 0.08969619451875792 0.17394591609653826 0.5620610066412123 -0.0004375071269113323 0.8897945819246716 -0.4563610528572885 -0.9117538523215385 -0.19570998345849577 0.44745971289754355 0.872626728738195 1.646378256942595
1807261650066 1311878200.642380345.pcd 1311878199.638105605.pcd 0.4077 0.982647235839164 0.1851775004308285 0.010663171753317659 0.8180516473643384 -0.18524365995874623 0.982676754115568 0.005584206835339766 -0.011668658800142784 -0.009444381543470043 -0.007462590373454071 0.9999275540768837 -0.06137815893547793
1807261650067 1311878200.642380345.pcd 1311878199.638105605.pcd 0.4077 0.8885172590779529 0.4587534199835543 0.00907634144325296 1.96417115236003 -0.4555096015582247 0.8842695031743044 -0.10285158552076906 -0.20927730621634472 -0.05520944854704947 0.08725104818431284 0.9946553027968379 1.025762893665774
1807261650068 1311878200.642380345.pcd 1311878199.638105605.pcd 0.4077 0.8720558739700556 0.48934383042860463 0.007821016288412773 2.4702777556696525 -0.4889127792330106 0.8717827026991867 -0.030971173325447757 -0.568760386135505 -0.02197377930570968 0.023184798812206885 0.9994896788496925 -0.05664884571087325
1807261650069 1311878200.642380345.pcd 1311878199.638105605.pcd 0.4077 0.9921079733784439 0.11877675617224787 0.04017276878826484 0.6149015448602572 -0.11844566119625746 0.9929046761675958 -0.010532302136915615 0.011709614281762426 -0.04113872266731666 0.0056908907668544 0.999137237450182 0.046742932189705544
1807261650070 1311878200.642380345.pcd 1311878199.638105605.pcd 0.4077 0.9815982795911865 0.008562108842523352 0.19076558336291163 -0.0748019592648207 0.0594526506685366 0.9356401490276863 -0.3479121927382455 -0.6100672728565151 -0.18146680090889397 0.35285152942791376 0.9179137205360176 1.846136987670527
1807261650071 1311878200.642380345.pcd 1311878199.638105605.pcd 0.4077 0.9921407532588994 0.02450292658040468 0.12270424732607699 0.0830121828981405 -0.032140118444074425 0.9976413273623561 0.0606530685545007 -0.12757014995022728 -0.1209286504897191 -0.06412011016577711 0.9905881449740169 -0.1160692045584783
1807261650072 1311878200.642380345.pcd 1311878199.638105605.pcd 0.4077 0.9488699767356655 -0.29915491239857234 0.10075765795938188 -0.9760365084897019 0.29738520819874364 0.9542041543220532 0.032503381656756467 -0.32942361396645103 -0.10586692209678705 -0.0008776459066083854 0.9943799196199685 0.22499932754466578
1807261650073 1311878200.642380345.pcd 1311878199.638105605.pcd 0.4077 0.9745097515773911 0.14366661450514578 -0.172309744231722 0.4194610763814796 -0.1962746154424082 0.917978250291084 -0.34466245418591024 0.14009649498360727 0.10866010957801572 0.3696969513928262 0.9227768661585226 1.0297937649829896
1807261650074 1311878200.642380345.pcd 1311878199.638105605.pcd 0.4077 0.9524513898996346 -0.1642393743745282 -0.2566354959535368 -0.30521079732927026 0.17221846827295686 0.9850197390165191 0.008770001912507229 -0.7194558601049872 0.25135064961915415 -0.0525503725285787 0.9664684729897489 -0.458375755829887
1807261650075 1311878200.642380345.pcd 1311878199.638105605.pcd 0.4077 0.9982662614440364 0.05869872539083568 0.004350965414485972 0.1532786740189036 -0.05865542101552546 0.99823318612947 -0.00948934641049795 -0.5475405791639335 -0.004900290607529794 0.009217686656544509 0.9999455092177091 0.49255859601952545
1807261650076 1311878200.642380345.pcd 1311878199.638105605.pcd 0.4077 0.9718107083463267 0.20933018690607608 0.10846575493342579 1.0357924890578505 -0.22322213551350611 0.9650073037665033 0.1375964457901925 -0.5404496317223249 -0.07586715600443077 -0.15792965689562785 0.9845315627813201 -0.9970255910611123
1807261650077 1311878200.642380345.pcd 1311878199.638105605.pcd 0.4077 0.8944922709324982 -0.4469809052540014 0.009573274274549542 -1.4679282304686514 0.43949532307579936 0.883037294957126 0.1645873528230534 -0.21161693181445784 -0.082020962177489 -0.14301470572327493 0.9863160526476105 -0.24924062708601052
1807261650078 1311878200.642380345.pcd 1311878199.638105605.pcd 0.4077 0.9496349122157743 -0.012277652752857835 0.31311785759330074 -0.28412815088615595 0.030058182588625654 0.9981935085955345 -0.05202139038131615 -0.04816518235605476 -0.3119135123081512 0.05881308222340242 0.9482884488376815 0.08649685747544442
1807261650079 1311878200.642380345.pcd 1311878199.638105605.pcd 0.4077 0.8964486240611865 -0.16691927449848853 0.4105092206268987 -0.662060501026632 0.15634465282016946 0.9859106434983328 0.059468921053305084 0.03144974338544934 -0.41465191902769033 0.010870089125752151 0.9099151758318201 -0.179761095176944
1807261650080 1311878200.642380345.pcd 1311878199.638105605.pcd 0.4077 0.940587551497517 -0.31499292835754816 0.12678530298359558 -1.0787510488415948 0.254957286199233 0.9017820683186979 0.3489783424122097 -0.8860816579294581 -0.22425842276674468 -0.29591984783651737 0.9285147298102406 -0.7338454085276046
1807261650081 1311878200.642380345.pcd 1311878199.638105605.pcd 0.4077 0.9865311980209123 -0.10114754449613995 -0.12855103878936597 -0.41917277452160706 0.07767113651557404 0.9813110688263098 -0.1760561863478379 -0.16709239786410587 0.14395620821556376 0.1637002151536978 0.975950229097176 1.229969722153208
1807261650082 1311878200.642380345.pcd 1311878199.638105605.pcd 0.4077 0.9600124904271554 -0.2795618806946698 0.014871889130510994 -0.8923315315115222 0.2787325532865642 0.9594267995997503 0.04252505083046117 -0.197123422280233 -0.026156872179288627 -0.03667930032375036 0.9989847080739307 0.6722208630197974
1807261650083 1311878200.642380345.pcd 1311878199.638105605.pcd 0.4077 0.9937450053196105 0.1073538318405729 0.030757424981180382 0.18934546180197198 -0.10863691193819389 0.9931238825936383 0.043623103817475126 0.61534041465224 -0.025862825964307345 -0.04669163320428085 0.9985744867669395 0.044425990746845834
1807261650084 1311878200.642380345.pcd 1311878199.638105605.pcd 0.4077 0.9312644139246193 -0.3240050440741254 0.16663529869796295 -1.9447875672003745 0.34975999317885226 0.9231123423598392 -0.15978595230639106 -1.2097419235529334 -0.1020516463814497 0.207085332163954 0.972985676499598 1.1494302443118427
1807261650085 1311878200.642380345.pcd 1311878199.638105605.pcd 0.4077 0.9736065513701766 0.1281749231638817 0.18884245338642627 0.6413359662343529 -0.18956147174186253 0.9149373415164239 0.35630900848830316 -0.2503259203489481 -0.12710913248122893 -0.3827020383676989 0.9150860168689485 -1.1086562081675564
1807261650086 1311878200.642380345.pcd 1311878199.638105605.pcd 0.4077 0.9963647486686044 0.08501768887635701 -0.005411117137118929 0.14793174325036063 -0.08423910414385029 0.9927195549180133 0.08609099033245489 -0.09041460868864513 0.01269097882711205 -0.08532220028517933 0.9962725837816202 -0.5605170158926612
1807261650087 1311878200.642380345.pcd 1311878199.638105605.pcd 0.4077 0.9810935333635497 -0.19179173284355022 -0.025911580520951397 -0.6343201487436735 0.19281109491743292 0.9801906246060319 0.045279367389328626 -0.22426285353136938 0.01671407996170176 -0.049419334751748575 0.9986382572702331 -0.20508570699900536
1807261650088 1311878200.642380345.pcd 1311878199.638105605.pcd 0.4077 0.9241332782618099 0.3703119462459715 0.09405714473978646 1.7033592460444185 -0.38148018848349297 0.8806329600347561 0.2809954723745962 -0.5237787231828697 0.0212261584767272 -0.29555820436581437 0.9550888953539228 -0.5530558111029569
1807261650089 1311878200.642380345.pcd 1311878199.638105605.pcd 0.4077 0.9943436959409393 -0.02308520911469063 -0.10367105412140835 -0.044726419658241756 0.016334701428124206 0.9977189948243633 -0.06549797627344084 0.13433309780955163 0.10494661438925514 0.063434064088573 0.9924526828224305 0.12920992483469307
1807261650090 1311878200.642380345.pcd 1311878199.638105605.pcd 0.4077 0.9907502315160657 -0.11516243238847726 0.07177459799421837 0.1642313134134461 0.10800675353585387 0.9894389222373069 0.09667036956855858 -0.7554055998597313 -0.08214937578282364 -0.08802404971509652 0.99272516172919 -0.3562220022119352
1807261650091 1311878200.642380345.pcd 1311878199.638105605.pcd 0.4077 0.9802130476942035 -0.1514751377273752 0.12742709201937324 -0.663516286808863 0.1851236875954363 0.9294286423116198 -0.3192046665414625 -0.2774088173068006 -0.07008281830169504 0.33647835220300826 0.939079718169677 1.01113500287935
1807261650093 1311878211.841877951.pcd 1311878213.873790060.pcd 0.4509 0.9346547037988566 -0.236482348502658 -0.2655121155678947 0.444829081472271 0.25293888689571564 0.967045086715406 0.02908126124413085 -0.12092977388517395 0.24988498186691427 -0.09433927658330019 0.9636688210848744 0.4582655481393271
1807261650094 1311878211.841877951.pcd 1311878213.873790060.pcd 0.4509 0.9836216359916657 -0.1577220819602464 0.08724804909683803 0.3015598908466862 0.14461602284952013 0.9794920876119516 0.14029061351625735 -0.019385032171307062 -0.10758570139319631 -0.12537541691937118 0.9862587498663968 0.13784614270872886
1807261650095 1311878211.841877951.pcd 1311878213.873790060.pcd 0.4509 0.9638640779606265 -0.06206401623436631 -0.2590638861477454 -0.23324425474671837 0.059640156948467755 0.9980715189547643 -0.01721321383391136 -0.3805915837156802 0.2596326075366378 0.0011405876512305558 0.9657067920251655 -0.0363546071135587
1807261650096 1311878211.841877951.pcd 1311878213.873790060.pcd 0.4509 0.9917500758933242 -0.11282503597088923 -0.06084651365323477 0.13171114986524718 0.12818277853569518 0.8765085270995376 0.4640064409129125 0.04592472805475811 0.0009809446746150766 -0.4679778981746539 0.8837396248712506 -0.7560257935251551
1807261650097 1311878211.841877951.pcd 1311878213.873790060.pcd 0.4509 0.9833389133000257 -0.13907108764373105 -0.11706329130651613 0.022673201393526854 0.1165036826823253 0.9764803222828515 -0.18141960234724985 -0.021252547941363435 0.13954022184080342 0.16475865007934448 0.9764133928376092 -0.9565561498201917
1807261650098 1311878211.841877951.pcd 1311878213.873790060.pcd 0.4509 0.9325305424520948 0.3608394879920197 0.013477807672578973 0.19092556052680604 -0.3600420744215618 0.9263303807885602 0.11082296817149245 0.054153466338454664 0.027504400379222173 -0.10819838045820326 0.9937487702764725 -0.2476989390863788
1807261650099 1311878211.841877951.pcd 1311878213.873790060.pcd 0.4509 0.9585514275277419 0.23362142889935392 0.16309564293245948 -0.6041860155631584 -0.2760979764997851 0.9029729552166872 0.3292563583592076 -0.512057630763613 -0.07034961376761273 -0.3606395293173877 0.9300484190279993 -0.4261372533464001
1807261650100 1311878211.841877951.pcd 1311878213.873790060.pcd 0.4509 0.9848320405367282 0.14447100350281003 0.096093605818259 -0.04612214557982092 -0.12589727640399026 0.9760874899188551 -0.1772091640349506 0.1404405642657979 -0.11939735225841973 0.16242333936599077 0.9794707402995144 0.11747822440702105
1807261650101 1311878211.841877951.pcd 1311878213.873790060.pcd 0.4509 0.9851308015709993 0.16750872336817074 0.03818548666242017 -0.06256205927448627 -0.1694087627519697 0.9840875295441578 0.053594825296134935 0.09124926680250617 -0.028600260469566745 -0.05926686925460152 0.9978323823718244 0.19040654589744227
1807261650102 1311878211.841877951.pcd 1311878213.873790060.pcd 0.4509 0.9919376532488734 0.12434728287749384 0.024442694370756603 0.2614776499580166 -0.12538571992752107 0.9909977875190851 0.046923409621801936 0.0842366080109209 -0.01838785755260627 -0.0496098616533315 0.9985993933111327 0.03927160633844651
1807261650103 1311878211.841877951.pcd 1311878213.873790060.pcd 0.4509 0.9768484273188326 -0.21252441892098714 -0.024505538292810953 0.13711499540568511 0.2090724453570941 0.9726501853715707 -0.10119451313709835 0.2478254501399052 0.04534162146558672 0.09372826819559957 0.9945648038734959 -0.49195396055823476
1807261650104 1311878211.841877951.pcd 1311878213.873790060.pcd 0.4509 0.9924346884880569 0.10284879537925766 0.06704859711171449 0.18240145858525086 -0.09005284117062197 0.9809971655708549 -0.17185763567280787 0.4428126715218692 -0.08344983452776975 0.1645195624568228 0.9828374426558563 0.7088720004852169
1807261650105 1311878211.841877951.pcd 1311878213.873790060.pcd 0.4509 0.9999952231708061 -0.003090202409231597 -6.545715772436576e-05 0.5804881757226084 0.003090122631758488 0.9999945226193516 -0.0011856953300741027 0.4407347562604838 6.912083775620638e-05 0.0011854873955655402 0.9999992949207238 -0.03767313290958613
1807261650106 1311878211.841877951.pcd 1311878213.873790060.pcd 0.4509 0.9933017224671112 0.09324248108410318 0.06824608314878135 0.34645647144436165 -0.09671842247937654 0.9940786401331746 0.04952982923531046 0.21318446400135138 -0.06322368936538382 -0.055798718195482266 0.9964382911905636 -0.16824647578321775
1807261650107 1311878211.841877951.pcd 1311878213.873790060.pcd 0.4509 0.9849240060820271 0.06958906299142271 0.15837318130070743 -0.0362648687164116 -0.0634489218466993 0.9970362652291118 -0.043507702013271345 0.058509073944527076 -0.16093146541252396 0.03280317255937256 0.9864203035776472 -0.21942552340353674
1807261650108 1311878211.841877951.pcd 1311878213.873790060.pcd 0.4509 0.9500472891179729 0.3025195609252494 -0.0767597791632112 -0.22591119778251112 -0.28691431432465236 0.9433392310557532 0.16670714257869867 -0.6564290087469573 0.12284268262784398 -0.1363561894771716 0.9830140715758143 0.40709523691157995
1807261650109 1311878211.841877951.pcd 1311878213.873790060.pcd 0.4509 0.9325798970258982 0.1682152858634286 -0.3193718103794546 0.20565774287036329 -0.2032096225461092 0.9759137859937124 -0.07936076872161986 0.02579146118633563 0.29832965821023083 0.1389096825613809 0.9443005427949639 -0.1413031393832242
1807261650110 1311878211.841877951.pcd 1311878213.873790060.pcd 0.4509 0.9294056448628384 0.30542876806611396 -0.2071676010738829 -0.05198581371087671 -0.33907572006386677 0.9283046256143533 -0.1525718785561927 0.13690845150019948 0.1457148014453639 0.21204666868548366 0.9663350386585012 0.5399019861209013
1807261650111 1311878211.841877951.pcd 1311878213.873790060.pcd 0.4509 0.9914881023333334 -0.07697220974366127 -0.10500772285228833 -0.04516985955830438 0.07542596401282607 0.9969774763908685 -0.018623520666910733 0.3644777603984036 0.10612382806976504 0.010544690439875423 0.9942970092579712 -0.39588291634072315
1807261650112 1311878211.841877951.pcd 1311878213.873790060.pcd 0.4509 0.988439349014983 0.13819635264895674 0.062365226154980455 -0.017695646987791414 -0.12594268989358126 0.9774048463761614 -0.16975925642733444 0.11715099235644513 -0.08441618435587982 0.15994228457452228 0.983510230462234 0.17435650856094287
1807261650113 1311878211.841877951.pcd 1311878213.873790060.pcd 0.4509 0.9564483614495984 0.27540872143948714 0.0967293545695677 0.44166321695209176 -0.29114784094652035 0.9238759236303468 0.24836709212041994 0.4984975241959788 -0.020963458506598504 -0.2657128410356572 0.963824267963928 0.09494512514633602
1807261650114 1311878211.841877951.pcd 1311878213.873790060.pcd 0.4509 0.9668868068647508 -0.2551606789408177 0.004788594088776438 -0.04149889392015771 0.23923398918215658 0.912749922805704 0.3311414755631999 -0.2694766993121554 -0.0888650726150488 -0.3190307294613522 0.9435689654330942 -0.47562916091058727
1807261650115 1311878211.841877951.pcd 1311878213.873790060.pcd 0.4509 0.9752715646072657 -0.18831600173966992 0.11568257758746796 0.6688394985407674 0.1876078329493118 0.9820955229743368 0.017078781274643982 -0.327400070437982 -0.11682754933901092 0.005046507955868173 0.9931393942810306 -0.2540944750242989
1807261650116 1311878211.841877951.pcd 1311878213.873790060.pcd 0.4509 0.9971872756602003 -0.07123666944379384 -0.02329966068300648 0.012671809333463957 0.0659488830925653 0.981664031479095 -0.1788476282175791 0.1521829793554071 0.03561294821031733 0.17680799254209606 0.9836008599493005 -0.2552708225116586
1807261650117 1311878211.841877951.pcd 1311878213.873790060.pcd 0.4509 0.9723985225044322 -0.1700368605029178 0.15977665505795474 0.4510989564859417 0.20607746601059437 0.947017410413145 -0.24635361247002904 -0.365511848112581 -0.10942207927950241 0.2724802569814778 0.9559190960125539 0.2913486515160164
1807261650118 1311878211.841877951.pcd 1311878213.873790060.pcd 0.4509 0.9306073547872599 -0.25762056329835653 0.26000307033128817 0.33661279617635625 0.15792813677764683 0.9234454334979845 0.3497245129607883 0.016782118085083814 -0.330194874021085 -0.2843944034568141 0.900050647715251 0.5448126262293433
1807261650119 1311878211.841877951.pcd 1311878213.873790060.pcd 0.4509 0.9897464713776631 -0.03972873357921761 0.13719894359526302 0.11852569252018857 0.030510916264114382 0.9971742922429763 0.06864775945683525 -0.5301920105494835 -0.13953854802236126 -0.06375781221082528 0.9881618971595192 0.7996849880576572
1807261650120 1311878211.841877951.pcd 1311878213.873790060.pcd 0.4509 0.9728611114136664 -0.17325736834480268 -0.1533725601703217 0.028722322671784095 0.17068083408337384 0.9848722482852909 -0.029911660503556245 -0.1805554986095802 0.15623479374188515 0.002922134786345046 0.9877156222074859 -0.17442326635860272
1807261650121 1311878211.841877951.pcd 1311878213.873790060.pcd 0.4509 0.9719914484162614 -0.2337698691584439 -0.024171728926628472 -0.5881568987213984 0.2201578756528949 0.9417011041131247 -0.25442000766474027 0.6383924879150114 0.0822382757216058 0.24197247526478302 0.9667916979476868 -0.16373038448456
1807261650122 1311878211.841877951.pcd 1311878213.873790060.pcd 0.4509 0.9506543499952176 0.3035214196031973 -0.06427328120790385 0.1954203440193773 -0.2823211370353916 0.9322078082274631 0.22645833582094813 0.3709250913795666 0.12865101017175917 -0.19713789620925123 0.9718979202879161 0.6824566933573993
1807261650124 1311878209.174682467.pcd 1311878210.274577047.pcd 0.4021 0.9666157155091336 0.23161286334924008 0.10958804707600159 -0.018185640432662464 -0.22454019210810994 0.9717145872959875 -0.07316052873128999 0.06237022492053672 -0.12343322348062855 0.04611119568342441 0.9912809879009211 -0.6291818045824822
1807261650125 1311878209.174682467.pcd 1311878210.274577047.pcd 0.4021 0.9530179925857027 -0.03575648753860706 -0.30079590989044214 0.448942864650668 0.15558183286253274 0.9098003474551463 0.3847825633440658 -0.38096144846989377 0.25990575040012576 -0.4135030850784508 0.8726191606534611 -0.3457753059462785
1807261650126 1311878209.174682467.pcd 1311878210.274577047.pcd 0.4021 0.9371707465705597 -0.16449605151684316 -0.3076557179831829 0.22595348047689573 0.20842417562814947 0.9711793532648133 0.1156288320699687 -0.24792842393025177 0.27976839490211547 -0.1724868482740258 0.9444458334845821 -0.5455872492203045
1807261650127 1311878209.174682467.pcd 1311878210.274577047.pcd 0.4021 0.9900561093437809 0.0963852639209126 0.10246356059571382 0.07396455231347693 -0.10095148375342597 0.9940730755835789 0.04034251266079057 -0.03929065600479194 -0.09796784308658257 -0.05028519959889091 0.993918357020466 0.824518999541496
1807261650128 1311878209.174682467.pcd 1311878210.274577047.pcd 0.4021 0.9906065148737129 -0.1338988343654941 -0.027745897810635384 0.21805030827114774 0.1345230612195707 0.9906662491596794 0.02199838121334345 -0.4176503071049476 0.024541366911235443 -0.025524202856385576 0.9993729215756618 0.012550351268812265
1807261650129 1311878209.174682467.pcd 1311878210.274577047.pcd 0.4021 0.9993607324878405 0.02755029024893949 0.022783938829052074 -0.14279916990533287 -0.02727488205008492 0.999552152868153 -0.012311559844075491 0.03216190511748553 -0.023112922154516775 0.011682260219644422 0.9996646025671009 -0.02039743338041078
1807261650130 1311878209.174682467.pcd 1311878210.274577047.pcd 0.4021 0.9674145155935523 0.21474007065696582 0.13414863798463902 -0.02061625328603678 -0.21405351128827588 0.9766234196526357 -0.019692396785352773 0.08222233238442134 -0.1352414482473933 -0.009664276498173682 0.9907655385789891 0.06452446965036907
1807261650131 1311878209.174682467.pcd 1311878210.274577047.pcd 0.4021 0.9989518218483896 -0.04515373332397815 -0.0075098596984521405 -0.2817069929321668 0.04522839162682228 0.9989257375723487 0.01008778500910815 -0.026495086647561287 0.007046290984210267 -0.010416870088767544 0.999920916173334 -0.19567602722445115
