id source target overlap t1 t2 t3 t4 t5 t6 t7 t8 t9 t10 t11 t12
39885980090000 1311878031.020700170.pcd 1311878029.416843446.pcd 0.12975305177494037 0.9280410388030018 -0.198523647571183 0.31516375370984245 0.1592088105086456 0.2134196063991304 0.9768727473802005 -0.01310370292320711 -0.09539071004102213 -0.30527348706018637 0.0794228983410461 0.948946837982625 -0.10319797361035982
39885980090001 1311878031.020700170.pcd 1311878029.416843446.pcd 0.12975305177494037 0.998463467784002 -0.05330946823735768 0.015126271748029956 0.027405077066884543 0.05492022757222422 0.9883433216936515 -0.14199030624297668 -0.09752993011636034 -0.007380521943616108 0.14260287184979606 0.9897524684667527 -0.027661548798149152
39885980090002 1311878031.020700170.pcd 1311878029.416843446.pcd 0.12975305177494037 0.9960646418676069 0.08728547882655562 -0.01537772438219431 -0.01897515940168106 -0.08557610297098935 0.9923111458328818 0.08941655582794271 0.05948948416154076 0.023064254192460904 -0.08774870393260449 0.9958755972191976 0.01904462133904819
39885980090003 1311878031.020700170.pcd 1311878029.416843446.pcd 0.12975305177494037 0.9890979344641763 0.0016477993327778523 0.14724999421412174 -0.06701046528212362 0.011801947257658757 0.9958338693650555 -0.09041912776812777 -0.03052558607471334 -0.14678552408063758 0.09117120917691324 0.984957776017628 0.037621281101723324
39885980090004 1311878031.020700170.pcd 1311878029.416843446.pcd 0.12975305177494037 0.9903142731762058 -0.06967705913407525 0.12009474498873707 0.026542577911744587 0.08493696665030274 0.9882556809257331 -0.1270292124444646 0.1182921767942014 -0.10983329203719866 0.13599932554407076 0.9846018644161859 -0.06574963165015811
39885980090005 1311878031.020700170.pcd 1311878029.416843446.pcd 0.12975305177494037 0.9977215361229778 -0.06686260660540949 0.009007119091920111 -0.028054996641648046 0.06741225783030658 0.9933495011258382 -0.09334000271731764 -0.04801391443034792 -0.0027062613743039934 0.09373452112737786 0.995593549445955 -0.07728696691246376
39885980090006 1311878031.020700170.pcd 1311878029.416843446.pcd 0.12975305177494037 0.9889751958248741 0.1479104217388453 0.007111201318274805 -0.10486657765778545 -0.14784032853819565 0.9889652235485477 -0.009540643022862214 0.026447803578357538 -0.008443891334597692 0.008384136962635378 0.9999292009670092 0.05793871550763602
39885980090007 1311878031.020700170.pcd 1311878029.416843446.pcd 0.12975305177494037 0.9777763905179679 0.11370813765466774 0.17613571351875718 -0.15930770557860147 -0.11512088699333008 0.9933490293917725 -0.002210697693648721 0.042622977849580766 -0.17521561438274696 -0.018115331560060163 0.984363410148379 0.09663195897680187
39885980090008 1311878031.020700170.pcd 1311878029.416843446.pcd 0.12975305177494037 0.9925443509131103 -0.0169878761243262 0.12069433928423234 -0.02414518595825578 -0.012211797523424146 0.9713961949203467 0.23715038371362404 -0.026547171313543096 -0.12127070327049205 -0.2368561685053965 0.9639463532630973 -0.04286206519300659
39885980090009 1311878031.020700170.pcd 1311878029.416843446.pcd 0.12975305177494037 0.9813347548291901 0.04749822643356964 -0.18634918151148028 -0.02638452960138949 -0.05803747122052935 0.996984544450331 -0.05151184389528364 0.05505619313306179 0.18334053261256633 0.06136559795871942 0.981132260446322 -0.0668139147193438
39885980090010 1311878031.020700170.pcd 1311878029.416843446.pcd 0.12975305177494037 0.8700172909064241 -0.4748423629876415 -0.13264480327611686 -0.9205232273589011 0.4219581671842182 0.8563102124302107 -0.2977987999207906 -0.6733563319632497 0.25499258552040716 0.20311954706536903 0.9453683043817247 0.7115172396961079
39885980090011 1311878031.020700170.pcd 1311878029.416843446.pcd 0.12975305177494037 0.9895288493770245 -0.0748355833053535 0.12341917080393089 -0.4497865142716034 0.1427679148088481 0.6331549446888978 -0.7607444633496405 0.21806926437045204 -0.02121270260282402 0.7703988911514259 0.6372092040773876 -0.3488732598250486
39885980090012 1311878031.020700170.pcd 1311878029.416843446.pcd 0.12975305177494037 0.8511656746475774 -0.5024107052572866 -0.15198841253401718 -0.012909245733219953 0.4992135358338621 0.8643051723178429 -0.061338525780112806 0.34437974719406017 0.16218150308215779 -0.023665425149364865 0.9864771197095815 0.9913540137963194
39885980090013 1311878031.020700170.pcd 1311878029.416843446.pcd 0.12975305177494037 0.902217848968159 -0.3303921294256921 0.27720749235333575 0.3126462984601505 0.3751409077755819 0.918299064067746 -0.12647580102776218 0.18237206946941192 -0.2127727715582526 0.21810059547341554 0.9524494096473372 -0.5134165799957844
39885980090014 1311878031.020700170.pcd 1311878029.416843446.pcd 0.12975305177494037 0.9325803768163884 -0.23027037136783388 -0.27797373409572834 0.1453577570448173 0.3334318706519286 0.844528735584019 0.4190398577777698 -0.12772143249222048 0.13826434251302244 -0.4834736506191189 0.8643704071441036 -1.2242295218021233
39885980090015 1311878031.020700170.pcd 1311878029.416843446.pcd 0.12975305177494037 0.7374872034073091 -0.33111997281271216 0.5886188821427454 0.45536610503531205 0.2754385589574441 0.9432490143593827 0.1855125255865485 0.9020759287630378 -0.6166410828431017 0.025315222980688917 0.7868372858701633 -0.1737575692982043
39885980090016 1311878031.020700170.pcd 1311878029.416843446.pcd 0.12975305177494037 0.8313316458612068 -0.541822619231595 -0.12375760129669455 1.0736212645934728 0.41044402795649804 0.7486665538789153 -0.5206093458803012 0.30941463546128545 0.37473109626042916 0.38200345599494734 0.8447780567127521 0.5502306142379882
39885980090017 1311878031.020700170.pcd 1311878029.416843446.pcd 0.12975305177494037 0.9196599699831975 -0.18764938357392164 0.34498296835471687 0.04506204944402337 0.2099463443105829 0.9773095464448056 -0.028081718937251865 0.5431719597483455 -0.3318856310856596 0.09825354585039595 0.9381887702412014 -0.053504251949341664
39885980090018 1311878031.020700170.pcd 1311878029.416843446.pcd 0.12975305177494037 0.9554832884868627 -0.14666527232564563 -0.25600973285399636 -0.5537105672437661 -0.0033182000192153727 0.8623000476836531 -0.5063868257699857 0.15531243303553358 0.2950265665511546 0.48469364103360546 0.8234266205137063 -0.20247951418794674
39885980090019 1311878031.020700170.pcd 1311878029.416843446.pcd 0.12975305177494037 0.9665913816909002 0.2244408141355824 -0.12380396516684383 -0.5695389942768319 -0.16251019916710832 0.9101204408693503 0.3811446159641324 -0.7752828988819712 0.19822092726940538 -0.34829169393187687 0.9161884958514381 -0.025690433094185595
39885980090020 1311878031.020700170.pcd 1311878029.416843446.pcd 0.12975305177494037 0.04998272039477236 -0.7341394667951179 -0.6771565335693941 0.22136720404111596 0.38096174036729324 0.640757090226861 -0.6665572021217153 -0.9830357890910878 0.9232387990321145 -0.22465438926890832 0.3117058314243619 -0.3090441312873607
39885980090021 1311878031.020700170.pcd 1311878029.416843446.pcd 0.12975305177494037 -0.21547275961670398 0.8845762261619928 -0.41363799386923966 0.7486613189320639 -0.06421524565660741 0.40983578144762045 0.9098961668621754 -0.30786442415431126 0.974396167936032 0.22261970342767334 -0.031505167153200064 -0.3206460473304797
39885980090022 1311878031.020700170.pcd 1311878029.416843446.pcd 0.12975305177494037 0.8413388237629449 -0.06539607986297186 0.5365373578491436 1.3803258316494826 -0.415627759825004 0.556328434196748 0.7195500250622213 -1.4754139138596973 -0.3455467390846468 -0.8283851918297129 0.44088028427818887 -0.23256182730134722
39885980090023 1311878031.020700170.pcd 1311878029.416843446.pcd 0.12975305177494037 0.8449462714406577 -0.254258109553557 -0.4705513915660881 1.2907499753489577 0.3091337603001607 0.950103158307219 0.04171698475837238 -2.1900995266971655 0.4364654815918589 -0.18071193181663162 0.8813858865887789 -0.3595555479715856
39885980090024 1311878031.020700170.pcd 1311878029.416843446.pcd 0.12975305177494037 0.49808423538886004 -0.8667817990893713 -0.024523605454487618 -0.5120230205635311 0.616721154811695 0.3342259792366859 0.71270471586135 -0.030862694033430917 -0.6095630497863398 -0.3701112097338733 0.7010353634193534 1.4249881189554516
39885980090025 1311878031.020700170.pcd 1311878029.416843446.pcd 0.12975305177494037 0.5606647299407371 -0.6787378734297141 -0.47430998278824943 1.1686728412808953 0.6119040885511412 -0.04630708462404881 0.7895752277826467 0.1691504543830397 -0.5578785235289824 -0.7329191995614048 0.3893597307110639 1.5258317812358209
39885980090026 1311878031.020700170.pcd 1311878029.416843446.pcd 0.12975305177494037 -0.08265860020125387 0.5838670983424312 0.807630340741331 0.2663114875778575 -0.9751321412471079 -0.2146030536398888 0.05534289905005585 -0.27222287955325397 0.2056328352175278 -0.7829717369366689 0.5870863618231787 -0.6981895351960945
39885980090027 1311878031.020700170.pcd 1311878029.416843446.pcd 0.12975305177494037 0.7592124934307437 0.13824040613499194 -0.6359921225379329 -0.5207294596682281 -0.3292433054899022 0.9245018466150575 -0.19208118438678762 0.48264617449180525 0.5614225107784293 0.3552265836293515 0.7474080804180963 -0.14611226320623677
39885980090028 1311878031.020700170.pcd 1311878029.416843446.pcd 0.12975305177494037 0.4682751866189916 -0.3134453580281953 0.8261176412155383 0.4676905660291454 0.011326524085683576 0.9370162171937414 0.3491021606465181 1.0273989104878152 -0.8835100788610647 -0.15411883806500556 0.4423316903686729 -0.791801859104124
39885980090029 1311878031.020700170.pcd 1311878029.416843446.pcd 0.12975305177494037 0.7654448157318448 -0.10366804008335206 0.6350961907731133 -0.7597301571025457 0.6386678876663319 0.24312672559169135 -0.730063507214878 -0.5088931823238775 -0.07872460436907858 0.9644388693786345 0.2523095398485621 0.44552188571506995
39885980090031 1311878032.521522728.pcd 1311878003.412829146.pcd 0.16419180490359261 0.9901842333436188 0.0702613534179149 -0.12082436117601893 0.006098626181066937 -0.04696330463605242 0.9814539764089764 0.18585623532362322 -0.28925930267966377 0.13164206035827436 -0.17835760260468725 0.9751199585372752 0.014204024495659544
39885980090032 1311878032.521522728.pcd 1311878003.412829146.pcd 0.16419180490359261 0.9983047273409932 -0.015076962677245677 -0.056217048704588574 -0.0815032186383618 0.014288963836564075 0.9997943150810434 -0.014392812237523974 -0.14046926663822704 0.05642248559840754 0.013565129120513254 0.9983148252885166 0.15688735792924768
39885980090033 1311878032.521522728.pcd 1311878003.412829146.pcd 0.16419180490359261 0.983667186062161 0.16739965793875833 0.06615301645833269 -0.09456822422972731 -0.16236615081561923 0.983852131999447 -0.0753141117551165 -0.02315932062483222 -0.07769234282649304 0.06334300973374478 0.9949630962925214 0.12323774861175135
39885980090034 1311878032.521522728.pcd 1311878003.412829146.pcd 0.16419180490359261 0.9815849379599205 -0.06768634759792631 -0.17863249401794748 0.0036540452703725038 0.09805742465533114 0.9810532778648271 0.16709041702216995 0.17135695092281011 0.1639382537426314 -0.1815296789495627 0.969624269818101 -0.005608280144097791
39885980090035 1311878032.521522728.pcd 1311878003.412829146.pcd 0.16419180490359261 0.9681306490100492 -0.22802288278162247 -0.10357901030295245 -0.1201369264980859 0.16906303006954482 0.9001505100565024 -0.4014308796153114 -0.13549924367753582 0.18477212536279614 0.3711261566812247 0.9100135369959823 -0.02633718401764326
39885980090036 1311878032.521522728.pcd 1311878003.412829146.pcd 0.16419180490359261 0.9890577188390769 0.01001633885821017 -0.14718866043523468 0.18889015434919657 -0.02035984637944358 0.9974132897773011 -0.06893624613384919 -0.068037829006684 0.1461174372217319 0.0711786648617315 0.9867032442473544 -0.14704791691721084
39885980090037 1311878032.521522728.pcd 1311878003.412829146.pcd 0.16419180490359261 0.9863662458026591 0.14671069927125144 0.07454931160319084 0.16893647373032478 -0.16080623928687884 0.9555342723255117 0.24717525729280979 -0.14428961758863193 -0.03497116737514317 -0.25579332503154983 0.9660987487424484 0.12482637212861761
39885980090038 1311878032.521522728.pcd 1311878003.412829146.pcd 0.16419180490359261 0.9495495050494778 0.3109506084533417 -0.04081000567003512 0.06703347032120877 -0.31072324226368214 0.9151513331111489 -0.25680557669574083 -0.0662346871529081 -0.04250651923454574 0.256530225523979 0.9656010766435483 -0.1555090935243997
39885980090039 1311878032.521522728.pcd 1311878003.412829146.pcd 0.16419180490359261 0.9892275148747658 -0.12396046314100394 0.07786351772533232 -0.03627981826546763 0.13580397992704563 0.9756868428538549 -0.172024602071483 0.035884133541163134 -0.05464616043849671 0.1807456452027138 0.9820105951004731 -0.09753689986081891
39885980090040 1311878032.521522728.pcd 1311878003.412829146.pcd 0.16419180490359261 0.9944375321859547 0.07834995869550682 -0.07039373943981671 0.1968203667204759 -0.06575692439258057 0.9839017729750011 0.16617258507671456 0.10289654481155963 0.08228014021826209 -0.16061937961859357 0.9835809033407478 -0.01015054559092317
39885980090041 1311878032.521522728.pcd 1311878003.412829146.pcd 0.16419180490359261 0.8886942390976419 0.12268336391948945 -0.44178200689034597 0.3675062836193014 -0.11122369627847517 0.992441188541306 0.051863056917942706 -0.7087916493540194 0.44480539428025945 0.0030462278506982743 0.8956220641068782 0.43348721269493706
39885980090042 1311878032.521522728.pcd 1311878003.412829146.pcd 0.16419180490359261 0.5973591400486017 -0.697364699671713 0.39603602544740296 0.8297480689813208 0.6306827743550244 0.713531451764655 0.30514276244812466 1.1280465535578825 -0.49537995108022276 0.0674932811056387 0.8660504379499792 0.4270610382483215
39885980090043 1311878032.521522728.pcd 1311878003.412829146.pcd 0.16419180490359261 0.9921099104639384 0.12536261789523795 -0.001462735002737331 -0.2857952242867782 -0.12333169346042434 0.9738085830614174 -0.1910134470242814 0.07184882218883874 -0.022521521871747295 0.18968673540963954 0.9815863301117296 -0.2631910992755842
39885980090044 1311878032.521522728.pcd 1311878003.412829146.pcd 0.16419180490359261 0.9742876802023923 0.05664246218418261 -0.21807142793945755 0.849407462074872 -0.07317552172047892 0.9949642144695842 -0.06849492642421574 -0.3910505747340335 0.21309354571825095 0.08269125348328234 0.9735262181218269 -0.327300620236974
39885980090045 1311878032.521522728.pcd 1311878003.412829146.pcd 0.16419180490359261 0.9642036227373052 0.11536935513551597 0.23874942051421078 -0.5145032119849239 -0.08245468970579434 0.9862010305168565 -0.14355748518628836 -0.2865701897518906 -0.2520170590372355 0.11873263790173882 0.9604113507508734 0.2569467787890933
39885980090046 1311878032.521522728.pcd 1311878003.412829146.pcd 0.16419180490359261 0.8676328385457379 -0.028757904374351433 -0.49637308590722506 -0.09985383000854356 -0.13052505601707262 0.9501379766773074 -0.28319787256844464 0.21148832089471273 0.4797670968593051 0.3105008988900815 0.8206172826352404 0.026447073477805887
39885980090047 1311878032.521522728.pcd 1311878003.412829146.pcd 0.16419180490359261 0.8143539853537298 -0.12691403520411992 0.5663218291808155 0.1290112630023996 0.33244432771324384 0.9018531813792898 -0.2759376889939889 -1.0224580058451718 -0.4757187777561306 0.4129814365129036 0.7766195835709734 -0.060720979993922966
39885980090048 1311878032.521522728.pcd 1311878003.412829146.pcd 0.16419180490359261 0.9670171163612524 -0.17185461230371807 0.187999704505903 -0.5919102362025825 0.20140666500169874 0.9677453438401087 -0.15134168219193084 -0.2999604641622753 -0.15592707256041713 0.1842143906043408 0.9704389761015424 0.6023654826868485
39885980090049 1311878032.521522728.pcd 1311878003.412829146.pcd 0.16419180490359261 0.9955370502988581 -0.012952570255933871 -0.09347840609474577 -0.3854589209690734 0.012929152586712685 0.9999160484780976 -0.00085615964426505 0.010931539772220843 0.09348164790823173 -0.0003562579291251134 0.9956209392056042 -0.22674338245063802
39885980090050 1311878032.521522728.pcd 1311878003.412829146.pcd 0.16419180490359261 0.9074195802567173 -0.4044023926172979 -0.11422963806354358 -0.2235269670281146 0.37113777392097275 0.8987375369331794 -0.23351143971177765 0.003502229825907165 0.1970950484809505 0.169497919021701 0.9656210422891606 0.5497799487760172
39885980090051 1311878032.521522728.pcd 1311878003.412829146.pcd 0.16419180490359261 0.9988996360427694 0.028705204038292326 -0.037088116354734954 1.064291571500389 -0.009917391862413277 0.9022111426680058 0.4311805879029552 -1.1149931799393298 0.04583843858891455 -0.43033831494164076 0.9015030628017406 -0.7630405668604255
39885980090052 1311878032.521522728.pcd 1311878003.412829146.pcd 0.16419180490359261 0.15499653424518067 -0.5085359330647313 0.8469753710433179 1.991386811794602 0.9833514244321916 -0.002893986492352396 -0.1816909488922389 0.6300485346596705 0.09484751150748566 0.8610359049564458 0.49962097627769014 -1.1303610330584202
39885980090053 1311878032.521522728.pcd 1311878003.412829146.pcd 0.16419180490359261 0.4344620584945844 0.7891015514222535 0.43423664201865925 0.14454021180047544 -0.0714754193217308 0.5108008459376925 -0.8567226857169832 0.05817525298243822 -0.8978496445181852 0.34117625552246533 0.2783249512821988 -0.9209251143320055
39885980090054 1311878032.521522728.pcd 1311878003.412829146.pcd 0.16419180490359261 0.37495560030302005 -0.9243517439060832 -0.07058435619303469 0.05059374685215995 0.8589101498360289 0.37503975629560476 -0.3487384918622898 -0.10165497755198585 0.3488289728650027 0.07013583061115566 0.9345583518188851 -0.16836640588851728
39885980090055 1311878032.521522728.pcd 1311878003.412829146.pcd 0.16419180490359261 0.9566445299128815 -0.2592305679319809 -0.132780857194943 2.238092382615905 0.2741529601621175 0.9553756960240739 0.1099883352036216 1.1489591392367675 0.09834326526056394 -0.1416220042796261 0.9850237611762019 0.4530889932334994
39885980090056 1311878032.521522728.pcd 1311878003.412829146.pcd 0.16419180490359261 0.6994000153171239 0.6362087432526833 0.3256962597010417 -0.3467014865356948 -0.6290993773929865 0.7642538388524167 -0.14195084770124247 0.7807179049409202 -0.33922498719605526 -0.10561488914062207 0.9347576708717883 0.6771143797650822
39885980090057 1311878032.521522728.pcd 1311878003.412829146.pcd 0.16419180490359261 0.1812686728030123 -0.982093992240298 -0.05131333808814437 -0.9936370403913422 0.12469841437462886 -0.02880319850339802 0.9917765278571719 -0.31095140906110025 -0.9754957579162957 -0.18617670681771015 0.11724444603402154 0.2993751078927575
39885980090058 1311878032.521522728.pcd 1311878003.412829146.pcd 0.16419180490359261 0.6594409192005095 -0.07385927022799169 0.7481192968273012 0.48752503736756964 0.3797484933137032 -0.8261288258823918 -0.41629586218476045 -1.8558523256717303 0.6487902248877979 0.5586197018075617 -0.5167352057315926 -0.1522865690994794
39885980090059 1311878032.521522728.pcd 1311878003.412829146.pcd 0.16419180490359261 0.2446163725574112 -0.27585340697080946 0.9295524343141978 0.37383898292931483 0.027502093595147215 0.9602652998755624 0.2777304245176968 -0.6647884292805376 -0.9692298309094379 -0.04237277094424287 0.24248316056536623 -1.6340884051651972
39885980090060 1311878032.521522728.pcd 1311878003.412829146.pcd 0.16419180490359261 0.9151008917397448 0.4021650234905367 -0.02921732051335216 1.0509872360537982 -0.40137337664058365 0.9154403717626206 0.029467580003305183 -0.23191048445249374 0.03859754475688924 -0.0152387541476025 0.999138633979674 2.21596945448926
39885980090062 1311878018.416634987.pcd 1311878029.416843446.pcd 0.12973567871066424 0.9894390554515747 -0.08874392960160565 0.11460746269750607 0.036083617080088844 0.11594043591346392 0.959081882022208 -0.2583016819475533 -0.008229701642485132 -0.08699523473898413 0.2688614113918252 0.9592420813314563 -0.08042580700886937
39885980090063 1311878018.416634987.pcd 1311878029.416843446.pcd 0.12973567871066424 0.9812221578813608 -0.1752672902472239 0.08052610664896816 0.1780579262882631 0.1793479594818261 0.9826841851685338 -0.046541397157367076 0.06984754778122104 -0.07097454693304416 0.0601096430620735 0.9956653275567041 -0.007905545324398324
39885980090064 1311878018.416634987.pcd 1311878029.416843446.pcd 0.12973567871066424 0.9941246836020798 0.10424936053770868 0.029123603495158617 0.08613041841592362 -0.08328060824441984 0.9085411283233343 -0.40941098963682176 0.07364308101057444 -0.06914082544708196 0.40458013912257373 0.9118851118885837 -0.03722659179843414
39885980090065 1311878018.416634987.pcd 1311878029.416843446.pcd 0.12973567871066424 0.8808868917851351 -0.23795980309925416 0.4091618457164448 0.056102136842761496 0.2617839799387205 0.9651237505890831 -0.0023008468668952176 0.0695993437499871 -0.39434430606839904 0.10913880225577652 0.9124589251651865 0.0032230684111581955
39885980090066 1311878018.416634987.pcd 1311878029.416843446.pcd 0.12973567871066424 0.973731098265618 0.22406867105053668 -0.04050899806314277 0.12544487455034514 -0.2268156951812999 0.970145141079319 -0.08586644082301191 0.12151020323854185 0.02005962835789767 0.09279890028354075 0.9954827850928958 0.015114288861845147
39885980090067 1311878018.416634987.pcd 1311878029.416843446.pcd 0.12973567871066424 0.8703733896333884 -0.15365535861997057 0.46780358419475004 -0.11219353769325402 0.10872383745414285 0.9865857789329463 0.12176874794674197 -0.16167418637097578 -0.48023878413486293 -0.05512287705336406 0.8754040088085208 -0.10423908603759745
39885980090068 1311878018.416634987.pcd 1311878029.416843446.pcd 0.12973567871066424 0.9252840697954469 -0.35309938826239684 0.1384565353874467 -0.010488477358154053 0.33571293785693346 0.9323530304741896 0.13421866457784942 0.013790524258507473 -0.1764828987132773 -0.07770874194269033 0.9812314395123319 0.03784901808604013
39885980090069 1311878018.416634987.pcd 1311878029.416843446.pcd 0.12973567871066424 0.9777382671031651 -0.1379949784409595 0.1580672862017259 0.0072101020274156664 0.14292141722942894 0.9895282889052003 -0.02018003849048687 -0.17605556175327652 -0.15362730727064994 0.042321996425324235 0.9872221123330573 -0.16922595581845226
39885980090070 1311878018.416634987.pcd 1311878029.416843446.pcd 0.12973567871066424 0.9881915214939547 0.03378206373489981 -0.1494533004562757 -0.01948383907251269 -0.00818977803621194 0.9856434622049528 0.16864131447646888 -0.07921742591664868 0.153004720133662 -0.16542592778172607 0.9742811801704756 -0.03919494602275658
39885980090071 1311878018.416634987.pcd 1311878029.416843446.pcd 0.12973567871066424 0.9886434483651707 -0.14977205856202971 0.012347569749383155 -0.008982794315123782 0.13908526858409934 0.943020115186075 0.30227198086711704 -0.01409694167087588 -0.05691590346742198 -0.2971218484536836 0.953141745546775 0.19554836470369494
39885980090072 1311878018.416634987.pcd 1311878029.416843446.pcd 0.12973567871066424 0.9537984225582994 -0.20125775515948496 0.2230782040304801 0.29729622420133567 0.2039446632633864 0.9789186363975649 0.011174866438389854 0.6350082836502348 -0.22062443983313276 0.03483703922116135 0.9747364963140651 -0.2905451582536959
39885980090073 1311878018.416634987.pcd 1311878029.416843446.pcd 0.12973567871066424 0.9971061495519147 0.06955200033337414 0.030689505948800017 0.23379484928153357 -0.07601599749122195 0.9071535772207576 0.4138767394539077 -0.4072557134456258 0.0009458600158823351 -0.4150119354731977 0.9098154751176861 -0.7835413443116336
39885980090074 1311878018.416634987.pcd 1311878029.416843446.pcd 0.12973567871066424 0.9786123057451399 0.15568845306634013 -0.13445839737997292 -0.5015211816021821 -0.10756639185149178 0.9444188287210905 0.31064859133936984 0.19040077611689113 0.17534944079817313 -0.2895413295868027 0.9409667327131573 0.05209650717494304
39885980090075 1311878018.416634987.pcd 1311878029.416843446.pcd 0.12973567871066424 0.8873555904626624 -0.06201639599943735 0.456896074290315 0.00845329246985612 -0.0350131521132078 0.9789893902487472 0.2008826845685903 0.4329922240499189 -0.4597544292921575 -0.19425174492814049 0.8665403189342176 -0.17871699959141535
39885980090076 1311878018.416634987.pcd 1311878029.416843446.pcd 0.12973567871066424 0.946511735712002 0.2581657444872841 0.1935613146596689 -1.4715961017089938 -0.2004503584804894 0.9405339880567299 -0.27425439120485573 0.08240769848536333 -0.25285408429467043 0.220785564934461 0.9419758735615654 -0.08436816045428061
39885980090077 1311878018.416634987.pcd 1311878029.416843446.pcd 0.12973567871066424 0.9957440003517234 0.01337775765765625 -0.0911861906409091 -0.6397050204294132 0.014317943202308829 0.9549415967941233 0.29644821337755717 0.35812793283163197 0.0910432988528132 -0.2964921285841215 0.9506858237197261 0.31368948273069847
39885980090078 1311878018.416634987.pcd 1311878029.416843446.pcd 0.12973567871066424 0.9678556815473625 -0.13941504794219123 -0.20932946305708403 0.06490722704192542 0.15505127967661353 0.9860727761062996 0.060162952825306745 0.09078245283889284 0.19802646380505598 -0.09068585683165835 0.9759926203632755 -0.18493282324798563
39885980090079 1311878018.416634987.pcd 1311878029.416843446.pcd 0.12973567871066424 0.868600003979289 0.3973340695385743 -0.2960737581601841 0.28574396707583005 -0.39837917643655274 0.915283465673773 0.05958363236612886 -0.6859111042888272 0.294666022589836 0.0661952766300092 0.9533048413193775 -0.3341749662821577
39885980090080 1311878018.416634987.pcd 1311878029.416843446.pcd 0.12973567871066424 0.9146310133573775 -0.2661419206913044 0.3043330206461331 -0.7121390058988786 0.28766396170302766 0.9573413516426387 -0.027330963619384273 0.9202344179218318 -0.2840766701828491 0.11254338934734706 0.952173529863142 0.2930209175811896
39885980090081 1311878018.416634987.pcd 1311878029.416843446.pcd 0.12973567871066424 0.9479758503594636 0.0662370165656916 -0.3113750869477644 -0.06919597905735131 0.02239316242718953 0.9618165741653164 0.2727772423377792 0.2593179085675417 0.3175536701279975 -0.2655589111616673 0.9102956285135442 0.6306771266092444
39885980090082 1311878018.416634987.pcd 1311878029.416843446.pcd 0.12973567871066424 0.49959262106248614 0.3992768810183337 -0.7687556082814531 -1.4813323270455172 -0.7325981894228207 -0.2788463685811549 -0.6209223748452843 1.4148644877440888 -0.4622846588784018 0.8733972034609307 0.153199931959207 2.275389621895848
39885980090083 1311878018.416634987.pcd 1311878029.416843446.pcd 0.12973567871066424 0.6341861145870417 -0.6670215687010115 -0.39101176318959147 -0.6419389887092815 0.6812213144045185 0.721243653035533 -0.1254795352116819 1.6193743174720965 0.36571230887949563 -0.18678816837155746 0.911792019755836 -0.1005707393466594
39885980090084 1311878018.416634987.pcd 1311878029.416843446.pcd 0.12973567871066424 0.9401061991779393 0.24673260350797777 0.23520917633754 -1.2370539056743686 -0.24235705413175068 0.9690085420818899 -0.04780694180670736 -0.772304155680496 -0.23971523226484506 -0.012061000725697085 0.9707683244120124 0.9475111875459962
39885980090085 1311878018.416634987.pcd 1311878029.416843446.pcd 0.12973567871066424 0.41540725854527577 -0.4067926852926362 0.8136071046520578 0.2011600177139303 0.19796997091235974 0.9134230643767101 0.35562086002035903 0.458473105228351 -0.8878314593237039 0.013342288299486527 0.459975307139498 -1.5926554140302622
39885980090086 1311878018.416634987.pcd 1311878029.416843446.pcd 0.12973567871066424 0.932729173602174 0.11244454909328329 0.3425967193226083 0.5829763285187546 0.13399338549779594 0.774005218363929 -0.6188389892276067 1.6678399701938156 -0.3347567196551025 0.6231148732975447 0.7068704218745755 -0.361117235696488
39885980090087 1311878018.416634987.pcd 1311878029.416843446.pcd 0.12973567871066424 0.9604756894917467 -0.1915794893201395 -0.20194986795536266 0.027625848600011164 0.17158544305235898 0.9787347354581907 -0.11241331478126292 -1.6673023499170432 0.21919143602768684 0.07331859845509996 0.9729231714234687 0.5052653726927964
39885980090088 1311878018.416634987.pcd 1311878029.416843446.pcd 0.12973567871066424 -0.06953026519157746 0.7281080011608376 0.6819268882130683 -1.1690353800985558 0.13285910167094217 -0.6707329597664627 0.7297025118403464 -0.7911382877239209 0.9886930774136021 0.14133660293246875 -0.050099534388360394 0.06049685639195123
39885980090089 1311878018.416634987.pcd 1311878029.416843446.pcd 0.12973567871066424 0.9916110559781427 -0.11211229024220976 0.06432999330451664 -2.014177317168732 0.08958714318617259 0.9548719649291522 0.2831848766584828 1.6106360072782944 -0.09317541219470321 -0.27504611425902104 0.9569054172661793 -0.5896813259485828
39885980090090 1311878018.416634987.pcd 1311878029.416843446.pcd 0.12973567871066424 0.8219381764900713 -0.49999629427485476 0.27280274877572114 -0.6484550741272009 0.5223932473993221 0.8526307831910511 -0.011226870739674141 -0.4223146581386861 -0.22698662757917484 0.1517381074958679 0.9620044790092224 0.8843951119678382
39885980090091 1311878018.416634987.pcd 1311878029.416843446.pcd 0.12973567871066424 0.9178128395715099 -0.2933014856609822 0.26757023382047224 0.4357706089267459 -0.3315204044640349 -0.19538968098178855 0.9229935503511589 -0.10221559558997757 -0.21843491694709488 -0.9358403234926861 -0.2765665850810979 0.26577319474771816
39885980090093 1311878087.624133648.pcd 1311878005.416898313.pcd 0.15761428097461502 0.9949304968611561 -0.08380087909195114 -0.05559423602343712 0.12992271506141825 0.06342466868937802 0.951895072867351 -0.29978839479289987 0.04235956049680559 0.07804241037574429 0.2947425705836827 0.9523844807998854 -0.13739050310463774
39885980090094 1311878087.624133648.pcd 1311878005.416898313.pcd 0.15761428097461502 0.9807294795291137 -0.04371015454727508 0.1904182511525794 -0.18803121925361876 0.03659408918627099 0.9984998562838684 0.04072971443210985 0.08690555643673133 -0.19191289852217 -0.03297664917100129 0.9808577776570219 0.048326301896238814
39885980090095 1311878087.624133648.pcd 1311878005.416898313.pcd 0.15761428097461502 0.9393324793067761 -0.29577455914252454 -0.17370061451655858 -0.20237273208441478 0.32941957829894947 0.9190189035330677 0.21653405363180211 0.018873124643269748 0.09558888404373769 -0.26061785263662024 0.9606982357297995 -0.06978271999961387
39885980090096 1311878087.624133648.pcd 1311878005.416898313.pcd 0.15761428097461502 0.9954360332003109 0.09344752940813947 0.019356214866134792 0.04968561372566752 -0.09529190624157716 0.9842756198449037 0.14873115606279871 0.043729258909245575 -0.005153291305131001 -0.14989684261666428 0.9886882118050558 -0.132831831287805
39885980090097 1311878087.624133648.pcd 1311878005.416898313.pcd 0.15761428097461502 0.9848712786591656 0.045948938265899957 0.1670845879921221 -0.15604388702746846 -0.017176576239462248 0.9853415073891563 -0.1697264830389049 -0.04908592051147476 -0.17243413148489667 0.16428879720876358 0.9712237957395543 0.1544244533654607
39885980090098 1311878087.624133648.pcd 1311878005.416898313.pcd 0.15761428097461502 0.9866911453035346 -0.1570196781302355 -0.04225404666391648 0.026980670577633006 0.15741200142093423 0.9875141600849966 0.006102904249580208 -0.19792485107231675 0.040768193340581 -0.012672975637196745 0.9990882594146746 -0.015653761196550844
39885980090099 1311878087.624133648.pcd 1311878005.416898313.pcd 0.15761428097461502 0.9668244939555872 0.2552801496931676 -0.009079816086075651 0.20228948426821078 -0.24435374951645572 0.9139146797213706 -0.32411603367780806 -0.2015310280029491 -0.0744422123849918 0.3155820073489912 0.9459737594948442 0.07749259838140221
39885980090100 1311878087.624133648.pcd 1311878005.416898313.pcd 0.15761428097461502 0.9770263974682705 0.19319240008235256 -0.08997841519271955 0.04032391071780705 -0.18637473316719477 0.9793039299389514 0.07891939966182161 -0.28545303479224854 0.10336284384163462 -0.06033663361959805 0.9928119727100516 -0.01815983729413171
39885980090101 1311878087.624133648.pcd 1311878005.416898313.pcd 0.15761428097461502 0.9982522831472497 0.013056316311128583 -0.057636028625217016 0.04535358624127461 -0.0017885589024647626 0.9815171556834262 0.1913658124017169 -0.0656793202225983 0.05906928345896446 -0.19092827371424181 0.9798250935999465 -0.06764326016281084
39885980090102 1311878087.624133648.pcd 1311878005.416898313.pcd 0.15761428097461502 0.996562331082909 -0.013754243604004145 0.08169664038061772 -0.0550368813072513 0.01974810491925979 0.9971350398036776 -0.07301866027130433 0.1047602209271231 -0.08045826631674444 0.0743810001183095 0.9939788399169792 0.15686869852828547
39885980090103 1311878087.624133648.pcd 1311878005.416898313.pcd 0.15761428097461502 0.868128292395438 0.489037289821613 0.08482804433978533 0.10448906628307114 -0.472527107298371 0.8666204486958843 -0.16027205236839664 -0.29322816457430984 -0.15189272797212744 0.09905315273163168 0.9834211062017681 0.26763171709679745
39885980090104 1311878087.624133648.pcd 1311878005.416898313.pcd 0.15761428097461502 0.8195594500401465 0.21097246187602028 0.5327409578583797 0.11894856915572956 -0.40254194548674693 0.8736565942251397 0.2732839868903312 -0.4258252398041277 -0.4077772553412435 -0.4384230556174036 0.8009387831348046 0.46790839539292256
39885980090105 1311878087.624133648.pcd 1311878005.416898313.pcd 0.15761428097461502 0.9963058358852185 0.0845036638398031 0.015290918177332394 -0.5412959552100451 -0.07295242685587117 0.7389071660152731 0.669846358075579 -0.5487958612702913 0.04530590245095099 -0.66848734528705 0.7423422690337507 -0.11290991339700246
39885980090106 1311878087.624133648.pcd 1311878005.416898313.pcd 0.15761428097461502 0.9594752814261337 -0.17921249143158194 0.21746279508717528 -0.2605757769026322 0.20757207345279885 0.9714011395219406 -0.1152981372702141 0.4978708276875827 -0.19058074051369275 0.15576491598033376 0.9692348901555763 -0.5927969581293349
39885980090107 1311878087.624133648.pcd 1311878005.416898313.pcd 0.15761428097461502 0.9615328050522546 0.1533438926580093 -0.22790418028819018 0.29678527851641096 -0.11789059395514478 0.9797504547923963 0.16183588659810783 0.23612296491241105 0.24810576910915663 -0.12874275481976205 0.9601400056326017 0.990981013379718
39885980090108 1311878087.624133648.pcd 1311878005.416898313.pcd 0.15761428097461502 0.8626493631507105 -0.049641153505402276 -0.5033605389125444 0.6538033962420616 0.015649439687986565 0.9973153146018222 -0.07153501449025328 -0.27978978345178634 0.5055602548590288 0.05383232429796954 0.8611102772395371 -0.45182934651505524
39885980090109 1311878087.624133648.pcd 1311878005.416898313.pcd 0.15761428097461502 0.8634248614857589 0.1526706741597767 0.4808213533318765 -0.23304499525378772 -0.01305602628937362 0.9595509632036324 -0.2812320913276297 -1.0345742843453598 -0.5043084856968293 0.23654516327031583 0.8304934298280694 0.5825233877261683
39885980090110 1311878087.624133648.pcd 1311878005.416898313.pcd 0.15761428097461502 0.9068835589381448 0.07645036309415754 -0.41438816647010535 -0.11901988517443424 -0.2300910432618249 0.9136980372555649 -0.3349835944132386 1.2462220041555003 0.3530160369421895 0.3991381198258312 0.8462082716232044 0.43094576193976475
39885980090111 1311878087.624133648.pcd 1311878005.416898313.pcd 0.15761428097461502 0.8631623075085946 -0.3819769166863858 -0.3302188153561215 0.3631532049342864 0.4295767080679316 0.8992361331651296 0.08269358315942217 0.34090821869129895 0.26535765069422335 -0.21323229569881552 0.9402751221259953 0.26418079506689707
39885980090112 1311878087.624133648.pcd 1311878005.416898313.pcd 0.15761428097461502 0.8257064292383581 -0.3419570487893194 -0.44863601003234216 0.0672520529047794 0.23436201379961083 0.9313813138948773 -0.27857367897065105 -0.14465773617496722 0.5131114296156652 0.12487683896844685 0.849189281542706 0.4937422171827235
39885980090113 1311878087.624133648.pcd 1311878005.416898313.pcd 0.15761428097461502 0.4527967039302026 -0.678767808344122 0.5781430681636354 1.881389663428384 0.5899816957316864 0.7142585773419535 0.3765053563961776 0.026080046508331397 -0.6685033609575263 0.17061344334244605 0.7238745121492576 -0.48087972444898197
39885980090114 1311878087.624133648.pcd 1311878005.416898313.pcd 0.15761428097461502 0.9654860810921757 -0.2287915909690505 0.12446298694440569 0.6231485740884058 0.07152593733806843 0.692404073893276 0.7179558752067606 0.2920303341773459 -0.250440946143364 -0.6842740725453841 0.6848710288346056 0.5203730298155733
39885980090115 1311878087.624133648.pcd 1311878005.416898313.pcd 0.15761428097461502 -0.046828909119486894 0.8959888972313041 -0.4416004407933833 -0.3207753880738117 0.002593060367830413 -0.44197491297681935 -0.8970236631979459 0.12369547066018098 -0.9988995591692928 -0.043151736203363544 0.018373849733458042 1.4495881347796833
39885980090116 1311878087.624133648.pcd 1311878005.416898313.pcd 0.15761428097461502 0.3095934651728418 0.6097801194153821 0.7296026948196084 1.376679551597768 -0.7142036705636065 0.6556811345495923 -0.24493951651220108 -0.5127110096250451 -0.6277459703381167 -0.44525324901849034 0.6385017940168488 -0.6718873666459969
39885980090117 1311878087.624133648.pcd 1311878005.416898313.pcd 0.15761428097461502 0.45865695889598124 -0.8733114105175814 -0.16419797293536448 -0.31227751311631446 0.8741841488813415 0.4766033262887325 -0.09301259707760351 0.36633160110349017 0.15948626242060737 -0.1008783903039123 0.9820324243469749 -0.43731415805487533
39885980090118 1311878087.624133648.pcd 1311878005.416898313.pcd 0.15761428097461502 0.3382421973079025 -0.9046456862317134 0.2592458260853465 0.4574433220962369 0.415023407829443 0.3906443037111749 0.8216766997619237 0.2153330619049073 -0.8445991871378737 -0.1703326461966792 0.5075815232311743 -1.6998031232807547
39885980090119 1311878087.624133648.pcd 1311878005.416898313.pcd 0.15761428097461502 0.33105672511161616 0.37212779602007995 -0.8671345617536008 2.4023492678082636 0.09933266566724941 0.9001040862894178 0.4242000181241514 -0.03155079027472128 0.9383679802134182 -0.22656905630365706 0.2610210651190053 0.9377168334606915
39885980090120 1311878087.624133648.pcd 1311878005.416898313.pcd 0.15761428097461502 0.3966203722058083 -0.7701057215076861 0.4996293206492718 -0.14722144278916202 0.9171224168808609 0.35597520044098 -0.1793547577445685 0.47681263196467394 -0.039733522445598024 0.5293570008719359 0.8474682370578468 -0.8602637547890459
39885980090121 1311878087.624133648.pcd 1311878005.416898313.pcd 0.15761428097461502 0.6951556156344662 0.22667824019782032 0.6821844658687896 -0.7164603039706673 -0.4888535924970582 0.8448366693215098 0.21742393445170227 -1.2743838930467184 -0.5270491771690632 -0.48463179589308547 0.6981054270343816 -0.0037612313473547403
39885980090122 1311878087.624133648.pcd 1311878005.416898313.pcd 0.15761428097461502 0.8607311214835012 -0.48746989206627744 -0.1466800628532947 0.31341290269960154 0.48631817165683533 0.8725654799972484 -0.04608816587286313 -2.0552525685098537 0.15045455269318891 -0.031663661286456854 0.9881097308132479 0.35030262170927307
39885980090124 1311878024.919119424.pcd 1311878029.416843446.pcd 0.1375215760966609 0.986575734672635 0.07146984848209725 0.14683453447025466 0.021431214913684198 -0.06593451708263778 0.9969298602782306 -0.04223142364053969 0.17089295407137553 -0.14940200538222267 0.03198303368308656 0.9882591392667193 -0.08383645328084073
39885980090125 1311878024.919119424.pcd 1311878029.416843446.pcd 0.1375215760966609 0.9357502533210319 -0.13099462364165504 -0.32743224029805845 0.04522652983633389 0.14283788386412638 0.98966998042667 0.012274720994493515 0.04751365968246599 0.32244193638986024 -0.05825580159310709 0.9447949297270289 -0.04784417111195208
39885980090126 1311878024.919119424.pcd 1311878029.416843446.pcd 0.1375215760966609 0.9971252880600578 0.056170811761238455 0.050852726743316395 0.12770460252540647 -0.034269791258134515 0.9329015547625841 -0.35849723922044 0.1255384147423882 -0.0675776687839317 0.3557239505960163 0.932144693518175 -0.11328183079184653
