id source target overlap t1 t2 t3 t4 t5 t6 t7 t8 t9 t10 t11 t12
1807261650030 1311878219.377635725.pcd 1311878218.377605708.pcd 0.6141 0.5016113344500389 0.7915875950981295 0.34896296141282807 0.2801799289829292 0.6273620002361373 -0.055112219233426546 -0.7767751051307447 -3.2259167140730387 -0.5956534141688132 0.60856529853248 -0.5242568908570583 8.05822630208635
1807261650061 1311878212.373798852.pcd 1311878206.706723027.pcd 0.6084 -0.6459998143312333 0.7633130057264376 0.006123330211876117 -2.781247461221608 -0.7600662417140375 -0.6424687881508346 -0.09763792530925919 -1.3987261142865024 -0.07059424970003259 -0.06772821820238295 0.9952031653729906 -4.579652872108607
1807261650092 1311878343.688151572.pcd 1311878342.884819671.pcd 0.6276 0.39567436938028044 0.8996504347479007 0.18458301296010657 2.572623344667445 -0.6511767171052455 0.133096281389126 0.7471641472798478 -1.9500287659491162 0.6476192372957684 -0.41582986321126586 0.6384942038469474 -15.673453107439155
1807261650123 1311878216.373846096.pcd 1311878215.873690025.pcd 0.6079 -0.7851147585402466 0.493464358783543 -0.37428297120312204 -1.8703411600191704 -0.27733323447483316 -0.8204478622451931 -0.4999515800485282 0.2458621303011388 -0.5537879494698468 -0.2887182570390023 0.7809997919809859 -5.211168307632323
1807261650154 1311878213.373869962.pcd 1311878206.706723027.pcd 0.6370 0.40345236489051656 -0.6098496872681486 0.6821360188431564 0.3850150510097283 0.4652848776783841 0.7786598013858612 0.4209499926470393 3.508994333432624 -0.7878681183218805 0.14755430405336428 0.5979059754570668 1.6144998234226267
1807261650185 1311878212.373798852.pcd 1311878213.873790060.pcd 0.6134 0.8986739007380987 -0.1885043672039013 -0.39604459809120907 -0.02126351303069561 -0.3159267344198671 -0.9045427704162171 -0.28634363091669124 0.7385685801166686 -0.30426225301698107 0.3824506243069976 -0.8724425490289999 4.62237742051861
1807261650216 1311878212.873843826.pcd 1311878212.373798852.pcd 0.6272 0.5907946122439206 0.26816430884775244 0.7609531060477788 4.23931968475427 0.14336819154008218 -0.9630317866674064 0.22806871666826387 1.1592217872914543 0.7939819190624438 -0.02564529836811716 -0.6074002229778389 -3.2707138163678615
1807261650247 1311878215.373858075.pcd 1311878214.873908526.pcd 0.6035 0.5300108344640031 -0.7369873815016772 0.4194497763237842 2.056713277933632 0.7900606345481298 0.24947767489378092 -0.5599688236562814 9.404951451859512 0.30804660213704305 0.6281802999433319 0.7144905889337717 -0.6158398950259044
1807261650278 1311878208.574565202.pcd 1311878207.475541077.pcd 0.6180 -0.5788990145917394 -0.8149288491729767 -0.027692989912993765 -8.19893614397211 0.741825883886325 -0.5404594580207447 0.39698606050111596 -1.643146422745413 -0.33848233174123865 0.20927146251109097 0.9174067615172037 -4.8218446688466905
1807261650309 1311878212.373798852.pcd 1311878211.841877951.pcd 0.6272 0.6445169962796002 0.2539778584650949 0.7211747977544736 4.652101376293069 0.5305909322857922 0.5305636072809504 -0.6610412401697182 2.3614341314230636 -0.5505189407121389 0.8087011228126925 0.20719891379704392 -3.573983583992295
1807261650340 1311878220.377686160.pcd 1311878219.877535582.pcd 0.6789 0.6768611985696079 -0.7360742970653982 0.0073175863912765815 2.0507237502328395 0.576548202776648 0.5362961933350112 0.6164240122589268 0.1612737905950805 -0.45765826524376374 -0.41301455448211044 0.7873803972921937 16.427415478114106
1807261650371 1311878218.377605708.pcd 1311878217.873733634.pcd 0.6656 -0.09716295000859043 -0.6617617284004426 -0.7433914015981671 5.96148112521279 -0.9818650406563841 0.1859039924349719 -0.03715841134353398 1.5721674327570783 0.1627894440142405 0.7262996078900201 -0.6678236866840961 -1.7444203233474203
1807261650402 1311878212.873843826.pcd 1311878213.373869962.pcd 0.6450 -0.5309592447732048 -0.5995228218337125 -0.5988778393716122 10.199038256031272 0.6945328703374121 0.09701893601174352 -0.7128894851770678 1.6737819248644992 0.4854960065857839 -0.7944556074166081 0.364875205287458 9.958001347595747
1807261650433 1311878213.873790060.pcd 1311878206.706723027.pcd 0.6732 0.2247971451815759 -0.7973729087917957 0.5600559684916537 -5.387281292478688 0.30952231119208784 0.6034318937145453 0.7348917529285426 -3.321588955040317 -0.923938408332786 0.00814824968863942 0.3824544726297363 -6.6288056841949246
1807261650464 1311878213.373869962.pcd 1311878212.873843826.pcd 0.6452 -0.8248973139289206 -0.5638602297521877 -0.040075713052443236 -5.981851530165677 0.5630675143939026 -0.8133274249416889 -0.14647004496481134 8.304872732954777 0.049993956706026084 -0.14338807879852358 0.9884029862112642 -5.847917379183889
1807261650495 1311878217.873733634.pcd 1311878217.373712739.pcd 0.6692 0.583893242117143 -0.8098489531886768 0.05668646072154315 8.932329779836312 -0.3975587888825507 -0.3461184653647432 -0.8497935145173761 -3.614324103896088 0.7078246189503231 0.47365248965117734 -0.5240588019059221 1.8938794132187171
1807261650526 1311878213.873790060.pcd 1311878213.373869962.pcd 0.6474 -0.26840635475058355 -0.9113891128403993 -0.31197421964882566 3.150831100590053 0.7982923602050518 -0.3917015645575806 0.4574922862315727 -1.003959291388479 -0.5391542788179944 -0.12625279925266333 0.8326901550475514 -7.241559642664827
1807261650557 1311878210.274577047.pcd 1311878210.773874648.pcd 0.8752 0.46279722258567246 0.832948299825216 0.30334116203586564 3.6863943309174343 -0.869972555879045 0.49246682797032837 -0.024983501878737255 3.288109206476139 -0.17019542527421044 -0.252336190759718 0.9525544415142925 7.35826047034552
1807261650588 1311878203.642340500.pcd 1311878203.142803439.pcd 0.6100 0.5797927468342965 -0.2513346685517373 -0.7750298414269798 -0.8083293545729595 0.11567010122248204 -0.9162064038813909 0.3836486063703479 0.6118483478010204 -0.8065114992370053 -0.3120844595149168 -0.502137921021466 -1.9321235533242707
1807261650619 1311878209.774248168.pcd 1311878210.773874648.pcd 0.8239 -0.9402421331104427 -0.03377890257028422 0.3388269718677539 3.2578245982783227 0.15924088113031493 -0.9231693776297092 0.3498580311835306 -3.2424171116885203 0.3009768643945334 0.3829063670767601 0.8733817270537048 12.67703125265051
1807261650650 1311878195.138440919.pcd 1311878195.638286681.pcd 0.7166 0.08744184565622476 0.6937868684974573 -0.7148522257982586 0.05151692693701576 -0.9780324767985049 0.19610120123000324 0.07068799900641887 -0.2079427498170363 0.18922578565199483 0.6929676038435284 0.6956935403378011 3.9949738348029142
1807261650681 1311878210.773874648.pcd 1311878210.274577047.pcd 0.6967 -0.865017034421813 0.5017417243769889 -0.0008787373315764204 -2.0990239703247435 -0.5017419523006522 -0.8650173473485728 4.5689920937245045e-05 -2.8307363912183634 -0.0007371984958586968 0.00048042194421672144 0.9999996128664919 -3.802380562311612
1807261650712 1311878195.638286681.pcd 1311878196.138421351.pcd 0.7082 -0.8323079419225303 -0.06551836539536249 -0.5504278641280812 6.93600011162819 0.29298054779437244 -0.8949501585971356 -0.33649162283936745 0.5182650382514924 -0.4705591232000407 -0.44132930723313796 0.7640697312093493 -5.95070506433937
1807261650743 1311878211.841877951.pcd 1311878211.342384516.pcd 0.7095 -0.5075425943232952 -0.794106431841231 -0.33435832553709144 7.713480250589095 0.8581441033611488 -0.5007335261832437 -0.11337827667849322 0.6632805244638694 -0.07739000461344667 -0.3444719301546692 0.9356013448694094 2.740665038265998
1807261650774 1311878211.841877951.pcd 1311878213.373869962.pcd 0.6969 -0.31344087360940803 -0.9414400653719637 -0.12427961242055575 0.796557914717858 0.9425405800361188 -0.2924951726563833 -0.16144295883651594 -0.8271642223012252 0.11563768302827397 -0.16774140003333993 0.9790254077288838 -5.357035658090952
1807261650805 1311878196.138421351.pcd 1311878195.138440919.pcd 0.6238 -0.27930378805063133 0.04447374308432919 -0.9591722890892109 4.19324381221382 -0.4192756329910582 0.8930156423065521 0.16349619621191117 4.295543595924615 0.8638271456492412 0.4478226755892173 -0.23077589490152378 -9.608809590070567
1807261650836 1311878209.174682467.pcd 1311878210.773874648.pcd 0.6254 0.06885218360491441 -0.9966746726178057 -0.04357721623767459 -0.5397451471552372 0.9606472724687651 0.054454121842940406 0.27238128884458357 0.8763352117665211 -0.2691025728438088 -0.060616380430574185 0.9612020909841689 3.678877433351854
1807261650867 1311878210.274577047.pcd 1311878209.774248168.pcd 0.9899 0.45215591424361634 -0.48273282121998645 0.750016034849597 -9.159656032335516 0.8771274942970211 0.08804522762036915 -0.4721179901693078 5.096321336742897 0.1618715168358803 0.8713306268060763 0.4632284002810938 9.052886390100811
1807261650898 1311878211.841877951.pcd 1311878212.373798852.pcd 0.7922 0.27979544995001254 0.7679660491011583 -0.5761446464345801 -0.8984910146088319 -0.9587046750702924 0.19162467888825713 -0.21015548634127323 -0.42026964200062294 -0.050988745676225244 0.6111531149138729 0.7898683548196089 -0.4549150869337585
1807261650929 1311878210.274577047.pcd 1311878209.774248168.pcd 0.9899 -0.8157608081993564 -0.5718592827665439 0.08666755171151103 2.1453685826736235 0.5737232260389096 -0.7810486330164677 0.24658607577601374 2.6112911165999555 -0.07332096364232812 0.25087844382657076 0.9652378166616344 -1.6438356764326534
1807261650960 1311878213.373869962.pcd 1311878212.373798852.pcd 0.7545 -0.6751578421116529 0.7101929360446528 0.1994689996651407 -5.930982945199786 0.14847619715689503 0.395699885364865 -0.9062981957391615 -2.2318292506015123 -0.7225764368653071 -0.5822779356239666 -0.3726066271183708 14.173831228445575
1807261650991 1311878210.773874648.pcd 1311878209.774248168.pcd 0.7392 -0.027363316284836015 0.9709482515030909 -0.23771988100490488 0.39050053659119643 -0.9815051584387386 0.01897800420648288 0.19049267522528254 -1.0323997991091964 0.18946997883581002 0.23853580079189127 0.9524714162958008 1.732896994446331
1807261651022 1311878212.373798852.pcd 1311878212.873843826.pcd 0.7323 -0.34084080985224036 -0.8118392576176974 0.47407231740528194 -0.8517757195589439 -0.8565235720464319 0.06028349133428911 -0.5125751371275913 -3.1596073516810526 0.38754988436082555 -0.5807606395609934 -0.7159065348693334 14.832775705958431
1807261651053 1311878210.773874648.pcd 1311878209.174682467.pcd 0.7709 0.28299754292906076 0.2628480604567582 -0.9224008281708307 -1.4761444682578273 0.913380824492928 0.2195910122839667 0.34280498358793043 -0.2646172378388748 0.2926565566406003 -0.9395161970068545 -0.17793666125069296 5.883598302874279
1807261651084 1311878209.174682467.pcd 1311878210.773874648.pcd 0.6254 0.36420553547053824 -0.9304508614958814 -0.04019356010843692 -1.0838768704882646 0.9311598345263737 0.3646010207425395 -0.0027309775382363156 -2.2577430762192012 0.017195653445990604 -0.03643199164292661 0.9991881802180684 2.995247962100058
1807261651115 1311878209.774248168.pcd 1311878210.274577047.pcd 0.9032 0.3164998564611846 0.05735331144559114 0.9468571373371352 5.330370975143226 -0.933808932653251 0.19437601527714346 0.30036451518442686 0.5230816064395949 -0.16681941780573883 -0.9792489787338073 0.11507701547984989 9.51267689105054
1807261651146 1311878212.373798852.pcd 1311878213.373869962.pcd 0.8729 0.7106782583356698 0.684663339396848 0.16177924717013548 0.8290014773208719 -0.7009207969712583 0.7088182401234977 0.07928895787815597 -0.6933306026598521 -0.060385838589485465 -0.16974337734999967 0.9836364858745636 -10.687620204293708
1807261651177 1311878212.373798852.pcd 1311878213.373869962.pcd 0.8729 -0.9008767734374034 -0.400136140773739 0.1682620216439582 0.23857019582600975 0.41847156950081005 -0.9035862449766768 0.09172482438510099 0.7595417936573675 0.11533683106684528 0.1530456361208887 0.9814654597405914 3.2666185540386787
1807261651208 1311878213.373869962.pcd 1311878213.873790060.pcd 0.6199 -0.07825629921612609 -0.9747118961893633 0.20931476550862765 9.171414484587643 0.3207824611288434 0.17417345204726656 0.9310006558719819 -8.144892041424841 -0.9439144899116223 0.14000117152679187 0.29904031117226926 3.749957260551325
1807261651239 1311878195.638286681.pcd 1311878195.138440919.pcd 0.7823 0.8381215259291115 0.12037532023446001 0.5320357977173237 5.231921458798827 -0.4449998783032055 0.7149738898447826 0.539247109542882 5.194813138954515 -0.3154796603338954 -0.6887104755401009 0.6528020104112258 4.706050703886675
1807261651270 1311878195.638286681.pcd 1311878195.138440919.pcd 0.7823 -0.5441554649812264 -0.3988282641311124 -0.738126578346308 -4.713245284874553 0.2903468901646957 0.7359032333402613 -0.6116740263661997 2.266319460024346 0.7871426257691518 -0.5471585208049967 -0.2846472199192054 -0.9488793216758333
1807261651301 1311878196.138421351.pcd 1311878195.638286681.pcd 0.7767 0.8199998486382528 0.5716541558827568 -0.02849165307972501 9.563666250374924 -0.21226817146266236 0.25750098784478326 -0.9426746334992041 -1.6349529421328473 -0.5315472430717145 0.7790409278856495 0.3324947534351873 -1.8384914170369675
1807261651332 1311878211.841877951.pcd 1311878212.373798852.pcd 0.7922 0.19912632120789903 0.9381964589812744 -0.2830832254959772 -3.130553550975725 -0.5811710914468096 0.34564423697819807 0.7367294102384425 -5.843212794804725 0.7890430093909537 0.01781756994533429 0.614079525413859 3.2817328620534516
1807261651363 1311878210.773874648.pcd 1311878209.174682467.pcd 0.7709 -0.27004110822068733 0.5876442462231801 -0.7627267136738647 4.756666390790705 -0.8514104347627456 -0.5156663159944662 -0.09585677923760982 3.5092237057678193 -0.4496421593312349 0.6235082119984354 0.6395775466059286 -0.526694659275236
1807261651394 1311878212.373798852.pcd 1311878213.373869962.pcd 0.8729 0.6486095129808898 -0.7605850789557205 0.02856636729815603 -3.5105640040395985 0.7601931976155885 0.6455091793795835 -0.07364917946374733 -1.1397940889453773 0.03757661466496983 0.06948551652406992 0.9968749976921396 -12.197667163232053
1807261651425 1311878213.373869962.pcd 1311878213.873790060.pcd 0.6199 0.16346696983026943 -0.922184429667156 0.3505059592274744 1.9211367593253414 0.7844301779129408 0.336957559543719 0.5207003927843854 -3.109921792423776 -0.5982874273741525 0.18983013655845918 0.7784707274523655 12.789873219764445
1807261651456 1311878203.642340500.pcd 1311878203.142803439.pcd 0.6100 -0.9215522299455816 0.3045918615348362 -0.24075980845869893 4.8624077574558715 -0.2972888220142639 -0.9524324267214943 -0.0670211073825035 -5.530867298574564 -0.24972153248708362 0.00981174888329802 0.9682679824284979 8.331276944623408
1807261651487 1311878196.138421351.pcd 1311878195.138440919.pcd 0.6238 0.7170954688859121 -0.6723438204082965 0.183651506016341 6.4703741765942215 0.6088226118606006 0.7325283813636241 0.30452782760205255 -1.8554478852963447 -0.33927734346774524 -0.10656433575810051 0.9346309039154999 3.6233044570780524
1807261651518 1311878213.373869962.pcd 1311878213.873790060.pcd 0.6199 0.13895472821230465 0.7141214984357448 -0.6860918808580462 0.5668694794510235 0.3852045821196689 0.5992752780431976 0.7017738745780293 -0.4053993525437648 0.9123097135411066 -0.36180053427010733 -0.19181074000276693 15.302002476264843
1807261651549 1311878203.642340500.pcd 1311878203.142803439.pcd 0.6100 0.0110423285761172 -0.7260838438876029 -0.6875175042317252 0.9275290524182078 0.9700944741331354 0.17450589422640028 -0.16871397137344626 0.07666475078429502 0.24247634572463497 -0.6650939366177139 0.7062968761352268 1.6699048050860215
1807261651580 1311878209.774248168.pcd 1311878210.773874648.pcd 0.8239 0.5200609890026208 -0.8293313316994934 0.2043186481434348 1.1272098376082083 0.8540771457146831 0.507570532098891 -0.11368546130754177 -2.31357028862869 -0.009423209934834476 0.2336272612654468 0.9722805695415961 -3.286757697454943
1807261651611 1311878211.342384516.pcd 1311878211.841877951.pcd 0.9120 0.2068328310761321 -0.9739695456291766 0.09275507628118063 -7.9943859571971805 0.0394337276818042 0.1030269822718683 0.9938965851863409 0.5345820618154848 -0.9775812810759776 -0.20191276609181397 0.05971661225323249 -0.08697060526214001
1807261651642 1311878213.373869962.pcd 1311878213.873790060.pcd 0.6199 0.7299198538431719 -0.6390042048229654 -0.24267392357674514 4.172118335786321 -0.38980326619556166 -0.09750054113654555 -0.9157221511688753 -2.015936795877447 0.5614894661779813 0.762998866772848 -0.32025350688870713 5.868749578698887
1807261651673 1311878196.138421351.pcd 1311878195.138440919.pcd 0.6238 -0.019723332043352373 0.813101941426644 -0.5817870942375138 -3.100395690821608 -0.043437165022324364 -0.5820477300139596 -0.8119936284727978 -0.1897680516104532 -0.9988614532896596 0.009255962068797974 0.04679876385386632 1.1776841891570864
1807261651704 1311878210.274577047.pcd 1311878210.773874648.pcd 0.8752 -0.1812448343700634 0.15168183991749487 0.9716701752412757 11.422529136211 -0.0681748938335342 0.9837191490068469 -0.1662793424572975 6.394035956932158 -0.9810721145078758 -0.09638078292112148 -0.1679531208955553 1.535676924836812
1807261651735 1311878213.373869962.pcd 1311878213.873790060.pcd 0.6199 -0.3577534229501035 -0.9072605864872247 0.22111245232763582 7.750148711960634 0.9132706797799095 -0.2905364990670166 0.2855261952329824 6.267078066737259 -0.19480542554514751 0.3040834933315818 0.932514919591872 -7.378212352079245
1807261651766 1311878209.774248168.pcd 1311878210.274577047.pcd 0.9032 0.6461097734640259 -0.30259247359876473 -0.7006996186352938 5.404847007670615 -0.04876366538340782 0.8998126557664159 -0.4335427193033746 -1.5661456922988448 0.7616851485834815 0.314284869893494 0.5666222330471946 6.184407429197865
1807261651797 1311878210.274577047.pcd 1311878209.174682467.pcd 0.6228 0.9257345408464093 -0.07236206281026128 0.3711863302301578 3.9441435628009507 0.3688071756373881 -0.044351535995694524 -0.9284472028355708 -2.431759885799712 0.08364703869391157 0.9963918271045114 -0.014370100802459485 -4.849719362855186
1807261651828 1311878212.373798852.pcd 1311878213.373869962.pcd 0.8729 0.4340685963250246 -0.7319907731374066 0.5251418491475655 1.446142154258582 0.8877341514859559 0.4467651951952032 -0.11103574490992338 1.3409663660610232 -0.15333795997707939 0.5143834837977339 0.843739949051942 1.4961216847408527
1807261651859 1311878210.274577047.pcd 1311878209.174682467.pcd 0.6228 -0.15863803186109404 0.8081976879700207 -0.5671423736656889 5.17440096902465 0.9872960339863909 0.12462952089470336 -0.09855974734291997 -10.723932524265145 -0.008973077620417713 -0.5755727405649698 -0.8177013539162988 2.2961936312115947
1807261651890 1311878212.373798852.pcd 1311878213.373869962.pcd 0.8729 -0.6052811886007158 -0.18076028600238953 -0.7752163580126772 4.9917692114229855 -0.2708491813118123 -0.8689985304080451 0.4141041839095315 0.6746559733584211 -0.7485154665795664 0.460616188548549 0.47702968790022043 0.7873109278441187
1807261651921 1311878209.774248168.pcd 1311878210.274577047.pcd 0.9032 -0.4988845857792351 -0.8575624992460216 -0.12530255368027604 0.503602603031946 0.6274325247523427 -0.2576400921901012 -0.7348129080107244 -2.033419474466856 0.5978650323900723 -0.44520573085169696 0.6665952747072428 -4.962634760697517
1807261651952 1311878203.642340500.pcd 1311878203.142803439.pcd 0.6100 0.8224164787720386 -0.5680446827735816 0.030925294127333663 5.073314274752997 0.38058327238357126 0.50897636128208 -0.7720747609123523 -1.2679782990293793 0.42283271896343766 0.6467366558567055 0.6347788510538706 -4.2853698326922425
1807261651983 1311878210.274577047.pcd 1311878209.174682467.pcd 0.6228 0.6860676609979224 -0.6833997116838814 -0.24955159507249736 -1.875721671094921 0.602876935544901 0.7260251463061175 -0.3307973511368706 -1.3254403316171965 0.4072475477161639 0.07650046406113206 0.9101082978841597 -0.8366527885542845
1807261652014 1311878209.174682467.pcd 1311878210.773874648.pcd 0.6254 -0.35087304311253403 0.9354793233802294 0.042030264631788015 1.5733288981973788 -0.9351260359974438 -0.3523954527058451 0.036833974968089926 -0.05975094851983165 0.04926869611281847 -0.02637954587006288 0.9984371363000437 -9.164442594745202
1807261652045 1311878211.342384516.pcd 1311878211.841877951.pcd 0.9120 0.7064070157592559 -0.6453156471566189 -0.2907865946376077 -0.6747150590494799 0.6306449506801962 0.7603595741498288 -0.1553713750349902 7.165936701904387 0.3213659506974488 -0.07362766826081675 0.9440883921534041 -7.803135706296491
1807261652076 1311878209.774248168.pcd 1311878210.274577047.pcd 0.9032 -0.24930369589292586 -0.8745984897521644 0.41584269734763946 1.0736073377444373 -0.3030257212278247 0.47828877132495984 0.8242665002890853 -0.5011734690167795 -0.9197951290849957 0.07948165164170395 -0.38426499653731494 -0.07475861169055231
1807261652107 1311878196.138421351.pcd 1311878195.138440919.pcd 0.6238 0.7903138887769343 -0.39006175614829747 -0.4724995064513672 2.775102322672425 0.5868541830902039 0.7035370640779763 0.4007964162240859 1.1261722731372803 0.1760855615767768 -0.5940432861829578 0.7849244862693121 -14.963914819282996
1807261652138 1311878210.274577047.pcd 1311878210.773874648.pcd 0.8752 0.6730383786721439 -0.596972292774929 0.43662732678271093 -2.0891871249548895 0.633855690970035 0.1613653960400741 -0.7564312077021477 0.38234062382037776 0.3811119308802486 0.7858659495231196 0.4869993896514185 -1.7759220028966518
1807261652169 1311878209.774248168.pcd 1311878210.274577047.pcd 0.9032 0.5481469171686517 0.10422248668167622 -0.8298630190991709 2.283161913656514 0.7311977968500973 0.42199667037837224 0.5359744322923726 -4.264746506453048 0.4060600190613044 -0.9005867439949665 0.1551089212794602 1.4156521970050466
1807261652200 1311878210.274577047.pcd 1311878210.773874648.pcd 0.8752 0.18493976024887235 -0.9568714584846637 -0.22404083783212742 0.0215968573227817 0.09033153394385873 -0.21045682505044638 0.9734208436051874 -0.43423951814333367 -0.9785895457516591 -0.20026216998504182 0.04751383186444852 3.5568558452667887
1807261652231 1311878209.774248168.pcd 1311878210.274577047.pcd 0.9032 -0.23270154545485 -0.972403872474429 -0.01675409023667477 1.8962407891576878 0.9684543087278712 -0.2301086246431847 -0.09563614782728867 -10.95435456902295 0.08914169983428344 -0.0384802502792818 0.9952753526984874 -4.776248548296808
1807261652262 1311878211.342384516.pcd 1311878211.841877951.pcd 0.9120 -0.7327891430767051 0.04308408270045395 -0.6790904458220339 -1.247969655780733 0.16796760306630662 0.9785634401707395 -0.11916575800693499 0.7463822941748178 0.6593989354776575 -0.20138856814394449 -0.7243173948704145 12.46796555178495
1807261652293 1311878210.274577047.pcd 1311878209.174682467.pcd 0.6228 -0.91238965402095 0.37381758472198623 -0.16674991030927772 13.255132564353014 -0.2850823562342345 -0.2880059640723161 0.9142103777701899 -5.418334946476803 0.2937229466682312 0.8816535476089215 0.369342459770245 -5.823135073382481
1807261652324 1311878209.174682467.pcd 1311878210.773874648.pcd 0.6254 0.9414310645779673 -0.3362306344543359 0.02562247259789767 1.5667970041347241 -0.2797704680083599 -0.8212406861424331 -0.4972848486076052 8.440254466559145 0.18824461712882667 0.46099099327290577 -0.8672088953898485 -1.9253383238764499
1807261652355 1311878209.174682467.pcd 1311878210.773874648.pcd 0.6254 0.5608570938147945 0.02276773485969874 0.8275995109755571 -0.7311650873699377 0.14664067503484018 0.9810850159644281 -0.1263673370590843 0.5512852298832251 -0.8148225774626948 0.19223376836403192 0.54690981483021 2.23157940695492
1807261652386 1311878209.174682467.pcd 1311878210.773874648.pcd 0.6254 -0.29667674529198806 -0.7974056892477182 -0.5254779496404431 11.77906252954659 -0.3746996316922672 -0.40892812006166757 0.83209253009056 6.5876597605852885 -0.8783980275550669 0.44375889780172484 -0.17746815435217173 6.541230116966318
1807261652417 1311878209.174682467.pcd 1311878210.773874648.pcd 0.6254 -0.9986651294491804 -0.05149636855729152 -0.0040103924575130455 -4.740002455307957 0.05155652209314385 -0.9985302473903104 -0.0167113756556602 -3.3932043654021737 -0.003143923012869509 -0.016895830019771726 0.9998523124322071 6.065040338919081
1807261652448 1311878213.373869962.pcd 1311878213.873790060.pcd 0.6199 -0.8530770627009578 0.16331386320188168 -0.49556846871000876 1.122061413081266 -0.14567117749556185 -0.9865352489698349 -0.07435126486538302 6.0747521763156 -0.5010383549595404 0.008762683727197601 0.865380715196112 8.538957167084533
1807261652479 1311878210.274577047.pcd 1311878209.774248168.pcd 0.9899 -0.8685221980639228 0.4921273365730769 0.05899047438105643 4.091198805485 -0.48138051272452326 -0.8658746430933024 0.1361392831519309 -5.6696431495476505 0.11807621877112953 0.08984312464254597 0.9889318578725113 -0.44295343010105914
1807261652510 1311878196.138421351.pcd 1311878195.138440919.pcd 0.6238 0.9428528163349855 -0.30409364583642845 -0.13621901956443078 -7.6672038387114965 0.26548582818349203 0.43853449304524683 0.8586062971136851 -2.838395373300128 -0.20135998053960796 -0.8457035845799975 0.4942060352379678 -5.188999321405269
1807261652541 1311878213.373869962.pcd 1311878213.873790060.pcd 0.6199 0.8850324941020549 -0.08189644403426335 -0.4582689786992336 -1.0309249483651124 -0.21945771619747226 -0.941554646753616 -0.25556439106037954 0.7271066039122633 -0.4105554715076704 0.32675345389332255 -0.8512792639221858 -10.383125966036909
1807261652572 1311878210.274577047.pcd 1311878209.174682467.pcd 0.6228 0.22249531275914403 -0.15388097338800313 -0.9627130838569564 6.526694371986387 -0.25571270871153917 0.943682786424237 -0.20993763171474328 -5.761656095968849 0.9408011726202397 0.29288810941338733 0.1706156761866665 12.013357073583562
1807261652603 1311878196.138421351.pcd 1311878195.138440919.pcd 0.6238 -0.29169842666385354 0.7902906501791638 -0.5388438698929656 3.354185702169166 -0.9005447765399666 -0.037036443705423694 0.4331828797219909 -5.34811486436037 0.3223835190086711 0.6116117968753135 0.7224955893253164 14.39923347547486
1807261652634 1311878210.274577047.pcd 1311878209.774248168.pcd 0.9899 -0.6154481904904002 -0.663124568260529 0.42601564735509323 3.349481839173348 0.6711030639074825 -0.7243385230405809 -0.15796955926183834 3.490714496718058 0.4133330405811777 0.18867832681226818 0.8908177628197821 -8.613924058420258
1807261652665 1311878210.274577047.pcd 1311878209.774248168.pcd 0.9899 0.7296576763373694 -0.2710761349035674 -0.6277877065120768 -0.6602793239938809 0.6837882858447053 0.2814973890816479 0.6731959596445711 -1.1276236164696065 -0.005766758492442792 -0.9204764793442353 0.39075541643147005 3.368743185037269
1807261652696 1311878210.274577047.pcd 1311878209.174682467.pcd 0.6228 -0.8240318863402443 0.05546273962313733 0.5638220772619984 0.6545413585579314 0.3069613737961896 -0.7927527327560042 0.5266097413693023 2.672456630537426 0.47617871150618946 0.6070148179586587 0.636228611025095 11.215710444871112
1807261652727 1311878196.138421351.pcd 1311878195.138440919.pcd 0.6238 -0.4633435360689613 -0.8670463757887844 0.18314843656074528 3.215433438726906 0.7968246895717518 -0.4980693812334367 -0.34204868888306367 -9.969194432591687 0.3877927045110475 -0.012548852906763164 0.9216611875405907 8.126666568461166
1807261652758 1311878209.174682467.pcd 1311878210.773874648.pcd 0.6254 -0.9690487012755726 -0.1136929621302798 -0.21913129607194143 -0.012335595420578382 0.22478294955981826 -0.7733390521570445 -0.5928063225000494 -4.725717889604929 -0.10206488202763131 -0.6237151759985379 0.7749594435103031 -4.128105475691995
1807261652789 1311878210.274577047.pcd 1311878209.174682467.pcd 0.6228 0.7052874733227786 -0.47400886393718167 -0.5271481545855522 -11.489392891553504 0.6602170926428684 0.7100400835335303 0.24486010364674604 -2.3461434727832984 0.25823046016333717 -0.5207289858310938 0.8137311305088134 -5.665883674307361
1807261652820 1311878210.274577047.pcd 1311878209.774248168.pcd 0.9899 0.6201760947725518 0.7779007598082684 -0.10125225608541133 0.07511592474795259 -0.7716067543272326 0.6281815002748695 0.10005508177503086 1.173131583147606 0.1414377182694239 0.01607515480898706 0.9898166301131772 8.428778715540151
1807261652851 1311878210.274577047.pcd 1311878209.174682467.pcd 0.6228 -0.2144021972652968 -0.9428978200823943 -0.25490272397854336 -5.975472725782429 0.30850185606319597 -0.3129839824604624 0.8982581096370643 -4.3588153100002724 -0.9267460831389449 0.11395054895461332 0.35799018112172637 8.87723866592143
1807261652882 1311878209.174682467.pcd 1311878210.773874648.pcd 0.6254 -0.7885165217405885 -0.6112094400380417 -0.06829872144123666 -2.9123316461486652 0.6149862553111332 -0.7825576995617736 -0.09692962723014498 -7.612162329645378 0.005796612848368472 -0.11843338745881007 0.9929450800595759 2.469033101552332
1807261652913 1311878209.174682467.pcd 1311878210.773874648.pcd 0.6254 -0.21805265054037776 0.36171620538968113 0.9064294944179643 1.1814427093134539 -0.9742245074258549 -0.025678834061299727 -0.22411427132626516 6.952679131479457 -0.057789711222383355 -0.9319345386022253 0.3579921298535644 -4.3234820034149415
1807261652944 1311878196.138421351.pcd 1311878195.138440919.pcd 0.6238 -0.9486565439058475 0.31547645345180614 0.02292092978225528 -0.6480700086861346 -0.31576084949333 -0.9487862680365454 -0.00998516462233948 -10.7633973654934 0.018596979105845596 -0.016710024020181406 0.9996874148779616 -5.832031217471191
1807261652975 1311878210.274577047.pcd 1311878209.174682467.pcd 0.6228 0.10107442159901747 -0.2050763303260798 -0.9735130507797072 2.5479463155645274 0.3699016806160907 0.9161207951914198 -0.15458148432212837 0.454128037000047 0.9235565537506709 -0.34447987946733455 0.16845445873100218 9.237668324642675
1807261653006 1311878213.373869962.pcd 1311878213.873790060.pcd 0.6199 0.11498022893786819 -0.9890732618867382 -0.09226933170953217 5.43068212341238 0.0388757875401467 0.09729454726488179 -0.9944960755154619 1.83918104845011 0.9926067801987497 0.11076034350456815 0.04963795130967108 -1.4443950178388683
1807261653037 1311878209.174682467.pcd 1311878210.773874648.pcd 0.6254 0.580786752938127 -0.7690797861419609 0.26683895922339146 4.248678568710473 0.7937399034415327 0.4622316513637774 -0.3953718074953523 -3.1017612661986886 0.18073105238506615 0.44142743800691764 0.8789073350919513 0.6272997080650345
1807261653068 1311878210.274577047.pcd 1311878209.174682467.pcd 0.6228 -0.0037431433882406107 0.45304584242167945 -0.8914793623758241 -0.9637622211436323 -0.32924708703340855 0.8412206916211622 0.42888705234412106 3.0980556312637018 0.9442363817167765 0.29512236894692445 0.14601521424004166 -1.6747432146094976
1807261653099 1311878203.642340500.pcd 1311878203.142803439.pcd 0.6100 0.9491884030449793 -0.03512138283413327 -0.31274248830745766 -0.812258643023961 0.3118204467061453 -0.029361314552450668 0.9496872760144427 -3.7436991760480542 -0.0425368609667198 -0.9989516513203082 -0.016917853987064968 5.634333898636976
