id source target overlap t1 t2 t3 t4 t5 t6 t7 t8 t9 t10 t11 t12
1807261650000 1311878345.855031027.pcd 1311878215.373858075.pcd 0.1793786520897236 0.9666043209870172 -0.25616887593694976 -0.007320768431448861 0.028576749253556626 0.2561994183864564 0.9666173281837298 0.003577551311851675 -0.060087253077520025 0.006159924323295089 -0.00533365317086773 0.9999668031870779 -0.5288921302130164
1807261650001 1311878345.855031027.pcd 1311878215.373858075.pcd 0.1793786520897236 0.9777425473633325 0.11733579224687565 0.1739305117949671 -0.32608990621660977 -0.1886793548699439 0.8542957349143538 0.4843334578087763 -0.26960188089490933 -0.09175844441424963 -0.5063705255689177 0.8574201296410849 -0.6775170259609078
1807261650002 1311878345.855031027.pcd 1311878215.373858075.pcd 0.1793786520897236 0.8351516955654097 -0.5073876160796554 -0.21231922297150888 -0.49115074035241235 0.5352047320605083 0.8386578634967096 0.10103901610355168 -0.26157549069079006 0.12679724040475213 -0.1980171584589037 0.971962789813273 1.3715942908266738
1807261650003 1311878345.855031027.pcd 1311878215.373858075.pcd 0.1793786520897236 0.99767102421179 0.06355404418759587 -0.02476713377844123 -0.08023116834962939 -0.0656310584533442 0.9933299638624108 -0.09480583874105736 0.012380352951109374 0.018576641636523273 0.09621053144278316 0.9951876416158942 0.20855869248805667
1807261650004 1311878345.855031027.pcd 1311878215.373858075.pcd 0.1793786520897236 0.9833420341682538 -0.16370816277103453 -0.07898152492813332 0.2990876898170434 0.13721476503690963 0.9535623902582839 -0.26812473988942914 -0.19909643488516143 0.11920802025747501 0.2528208957484345 0.9601411576321748 0.9526384817896233
1807261650005 1311878345.855031027.pcd 1311878215.373858075.pcd 0.1793786520897236 0.9048794127234587 0.4256678151151942 -0.0003995050757068464 0.148394984394892 -0.42566773305357924 0.904879497398186 0.000276089538752076 -0.6878669080422212 0.0004790263828503933 -7.97713197655373e-05 0.9999998820851237 -0.7273776067763482
1807261650006 1311878345.855031027.pcd 1311878215.373858075.pcd 0.1793786520897236 0.9469647622362537 -0.07260565912009805 0.3130274067019876 0.2365246712689295 0.05319463539942458 0.9961190142194938 0.07012303669341612 0.5270887954534547 -0.31690388108629675 -0.04975266600012527 0.9471518370242029 0.5927609556312615
1807261650007 1311878345.855031027.pcd 1311878215.373858075.pcd 0.1793786520897236 0.99568149830737 0.09115421599846275 0.017585870296815204 -0.24885252942661526 -0.09104351340626986 0.9958223285056623 -0.006997765086307134 0.2514616878696933 -0.01815027809795682 0.005366465807808272 0.9998208681807459 -0.0960964175318518
1807261650008 1311878345.855031027.pcd 1311878215.373858075.pcd 0.1793786520897236 0.8277563804711487 -0.23504861720825898 0.5094816210009822 0.2894552875579606 0.27152099944221153 0.9624282247192921 0.002873869442824306 0.23755052336442015 -0.4910149910656553 0.1359560951636858 0.8604767392188108 -0.42637423664485014
1807261650009 1311878345.855031027.pcd 1311878215.373858075.pcd 0.1793786520897236 0.8666447911346884 0.4939404957736271 0.07035334131379799 -0.2982069153914126 -0.4988077512372713 0.85471737948508 0.14369769835238883 -1.0901749191237196 0.010845888839959242 -0.15962765374790527 0.9871177127649012 0.7419604649275138
1807261650010 1311878345.855031027.pcd 1311878215.373858075.pcd 0.1793786520897236 0.9385449322217462 0.174668050718186 -0.2976986433613477 -0.30904588262678195 -0.08308771907648285 0.9514718249694785 0.29630693077941556 0.9654138988146973 0.33500722550348844 -0.25336226701614256 0.9075118294065899 -0.43803959496686456
1807261650011 1311878345.855031027.pcd 1311878215.373858075.pcd 0.1793786520897236 0.9685077809002148 -0.20963772308034356 -0.13433057506551016 0.6281135905459755 0.2376907276981416 0.9391130495944496 0.24813262189349608 0.6826576824849796 0.07413363812783906 -0.2722475071384529 0.9593672386291022 -0.32602698868513647
1807261650012 1311878345.855031027.pcd 1311878215.373858075.pcd 0.1793786520897236 0.9666555637415755 -0.24199673667700672 0.0837532120287714 0.22024952631300795 0.24385951120798838 0.9697284432211153 -0.012620824115450565 -0.2378478752834881 -0.07816367366531496 0.032624007197639346 0.9964066008781307 -0.14931389133963205
1807261650013 1311878345.855031027.pcd 1311878215.373858075.pcd 0.1793786520897236 0.9997893366658384 0.019573744485330537 0.0061766346909936385 0.6077204367440341 -0.01956399587677314 0.9998072701699052 -0.0016348029654510766 -0.9978340442895688 -0.006207443484768686 0.0015136189167807438 0.9999795880932562 -0.4506886871832506
1807261650014 1311878345.855031027.pcd 1311878215.373858075.pcd 0.1793786520897236 0.998546340873896 -0.04619216672487615 0.0277756883013568 0.4612367914578031 0.032905753375468264 0.9305767226931214 0.36461510470154973 0.18489486611389008 -0.04268977069680444 -0.3631710986780066 0.930743969393766 0.27226283333085594
1807261650015 1311878345.855031027.pcd 1311878215.373858075.pcd 0.1793786520897236 0.9729508602740781 -0.0051277972158943474 -0.230955253648069 0.3628254737956924 -0.036971079741179615 0.9834110743216385 -0.17758321475953717 -0.28757375934656076 0.2280345648245076 0.18131840666979518 0.9566210705645282 -0.001456428497323443
1807261650016 1311878345.855031027.pcd 1311878215.373858075.pcd 0.1793786520897236 0.9980999461797364 -0.06077299056193025 0.010155838427567036 0.6389619467499386 0.06076814532440261 0.9981515996334414 0.0007852789532792923 -1.1178313391422907 -0.010184790122510936 -0.00016663541554659534 0.9999481197956216 -0.7381710512910764
1807261650017 1311878345.855031027.pcd 1311878215.373858075.pcd 0.1793786520897236 0.9941592034006439 -0.09925115595540422 0.042387336968878656 -0.013503336282435916 0.09915442477881885 0.9950624020532776 0.00438361343449788 0.11623052076801602 -0.04261312404152964 -0.0001551176250016461 0.9990916362366086 0.8337439497528255
1807261650018 1311878345.855031027.pcd 1311878215.373858075.pcd 0.1793786520897236 0.9174327340409945 -0.36778267505259465 0.15183241564706584 -0.011320829734381255 0.36163484283344194 0.9298865523861634 0.0673144868524351 0.004565551610739159 -0.16594402357089433 -0.0068486219440476205 0.9861113919931003 0.09210730899404558
1807261650019 1311878345.855031027.pcd 1311878215.373858075.pcd 0.1793786520897236 0.9190694738571027 0.3922656536685162 0.037933615383196645 -0.024340112521715862 -0.38400144583575946 0.9130165564421455 -0.1376359591770005 0.8173087758496345 -0.08862387838542629 0.1119304454316984 0.9897562243125257 -0.269623628665261
1807261650020 1311878345.855031027.pcd 1311878215.373858075.pcd 0.1793786520897236 0.998623033717118 -0.021073075951606235 -0.048041253101448765 0.03966223689899582 0.022545783080009187 0.999285874292656 0.03032208938168881 -0.17501001309277775 0.04736796591504428 -0.031363464558300774 0.9983850003360283 -1.1529325627845701
1807261650021 1311878345.855031027.pcd 1311878215.373858075.pcd 0.1793786520897236 0.8958396427278646 0.433882164563273 -0.09600834229951494 0.09584878478659734 -0.43811300285540244 0.826201699379421 -0.3541860368105708 0.03463191959456877 -0.07435274874699715 0.3593563958195899 0.9302336531954325 0.06736538338489015
1807261650022 1311878345.855031027.pcd 1311878215.373858075.pcd 0.1793786520897236 0.9392311117784005 -0.30170733889670315 0.16376080215784172 -0.22739664604322637 0.34132742952708445 0.8716430827598128 -0.3517583291542692 0.5957019912834188 -0.03661290100419583 0.38627842022670633 0.9216552921495199 0.4422556805933447
1807261650023 1311878345.855031027.pcd 1311878215.373858075.pcd 0.1793786520897236 0.9917414861402098 -0.1280519872388725 -0.007177271945759266 -0.029191623757947645 0.12817307166828523 0.9915455148467587 0.020227597148267426 -0.05203528107057595 0.004526407794750075 -0.020980480248354784 0.9997696390074184 0.1845320205109143
1807261650024 1311878345.855031027.pcd 1311878215.373858075.pcd 0.1793786520897236 0.9965571047997154 -0.062984564891 0.0539155029532346 0.3712022045429771 0.06838699350800183 0.9921129096553812 -0.10504852980441821 0.39801322502685166 -0.04687383056829635 0.10837397787580115 0.9930044939108935 0.4721982814615495
1807261650025 1311878345.855031027.pcd 1311878215.373858075.pcd 0.1793786520897236 0.9601602830334655 0.27796143154731645 0.02880405279231381 1.1554681901589976 -0.27944967335679205 0.9549226232774606 0.1001532007160808 0.42050376653155425 0.00033308539162876967 -0.10421240869042347 0.9945550074928295 -0.5045102641307054
1807261650026 1311878345.855031027.pcd 1311878215.373858075.pcd 0.1793786520897236 0.8638847026913224 -0.24963379931357713 0.43747706990903423 0.7707096852295464 0.3536801182386626 0.9190426333321294 -0.17398566630797652 -0.008851768962225228 -0.3586273754450585 0.30503049742314886 0.8822373837143693 -0.13461688435204774
1807261650027 1311878345.855031027.pcd 1311878215.373858075.pcd 0.1793786520897236 0.9939238321138607 -0.11006945351405642 -0.0003624351182318589 -0.47164192700772767 0.11006980195373861 0.9939092084075163 0.005396678664610526 -0.17505655969247763 -0.0002337818699437368 -0.005403780700701666 0.9999853721431009 -0.04847029904445323
1807261650028 1311878345.855031027.pcd 1311878215.373858075.pcd 0.1793786520897236 0.9912794238220295 0.0010780226321212808 -0.1317723103473177 0.013619575739665008 0.002070704369623991 0.9997156455508072 0.023755846108832034 0.037079286473146976 0.13176044964434055 -0.023821542941999462 0.9909953168412975 0.10678653279544362
1807261650029 1311878345.855031027.pcd 1311878215.373858075.pcd 0.1793786520897236 0.9835507558589732 -0.1759285519680393 -0.0409518650572961 -0.041836432742514744 0.17939223427225093 0.9778821548596922 0.1075403063496408 0.9155620147686764 0.0211266876734604 -0.11311779616573885 0.9933569485630803 -0.31932415839170714
1807261650031 1311878310.683233736.pcd 1311878245.615899994.pcd 0.10845535975695136 0.966158578578544 0.2567076402819571 0.025274264775787147 -0.006643689786237133 -0.25619144116311093 0.9663768250237321 -0.021949431241360187 -0.039543419789077085 -0.030059050448334977 0.014731580971513086 0.9994395599575915 1.4974205560627192
1807261650032 1311878310.683233736.pcd 1311878245.615899994.pcd 0.10845535975695136 0.8790769693535345 0.4764204056522227 0.015725108278690444 -0.47679721391465574 -0.4743553326372894 0.8710601313912033 0.12744122527387375 -0.13233312557479432 0.04701808535841823 -0.11948993505275358 0.991721460426423 0.4765042948853022
1807261650033 1311878310.683233736.pcd 1311878245.615899994.pcd 0.10845535975695136 0.9774762849298515 0.20188771680917217 0.06149359479909562 0.13989341243979456 -0.2039132219063874 0.9785710508531971 0.02860238388362246 0.3688116775903028 -0.0544013817057277 -0.04049750898079019 0.9976975701257664 0.7703984271870212
1807261650034 1311878310.683233736.pcd 1311878245.615899994.pcd 0.10845535975695136 0.9842253624030154 -0.17323570827458276 0.03591413901594598 0.07541992900961435 0.16521804320803676 0.9725919723310561 0.16360884314637023 -0.20045944608190905 -0.06327269712253719 -0.15509430916635833 0.9858713511726821 -0.9942346149071734
1807261650035 1311878310.683233736.pcd 1311878245.615899994.pcd 0.10845535975695136 0.9775572628461805 0.21005022139061266 -0.016146279770832283 -0.3538949543492986 -0.19744441597955217 0.8867653481045757 -0.41792693141201614 0.29100791687215954 -0.07346768306661743 0.4117354999204284 0.9083371497687948 0.23180984679669742
1807261650036 1311878310.683233736.pcd 1311878245.615899994.pcd 0.10845535975695136 0.8962411031051448 -0.3812776704502595 -0.22666985490112412 0.37124572871275274 0.4170642688688888 0.8983456326737945 0.13795839912371866 0.29225747365115234 0.15102741717228896 -0.21817988512221587 0.9641515736596213 0.491403846300661
1807261650037 1311878310.683233736.pcd 1311878245.615899994.pcd 0.10845535975695136 0.9914691631296644 -0.12891415149516192 -0.019236426571620183 -0.7192600984361808 0.1281687281700293 0.9911005873936839 -0.0359500039940453 -0.015066283952280508 0.02369969793562826 0.033177812046263466 0.999168432800788 -0.5690176508079596
1807261650038 1311878310.683233736.pcd 1311878245.615899994.pcd 0.10845535975695136 0.8414022197782478 0.5383097665036622 0.047590963837790115 -0.05490834267849454 -0.540284724259313 0.8398312889222233 0.05268607860977369 0.21975058470383263 -0.011606949826521325 -0.0700428542680102 0.997476454499912 0.22486759197208872
1807261650039 1311878310.683233736.pcd 1311878245.615899994.pcd 0.10845535975695136 0.9136776266104192 -0.13918638932156135 0.381864300058513 0.024161964057753813 0.2139897009950018 0.9635071842430016 -0.1608176413836246 1.2062676315820802 -0.34554536966890614 0.2286505082866625 0.9101194111547285 0.5647109192650288
1807261650040 1311878310.683233736.pcd 1311878245.615899994.pcd 0.10845535975695136 0.9920312205111804 0.024810410588126643 -0.12352530533273846 1.3294271585672501 0.04721725197731532 0.835756918271419 0.547065722447652 0.47468103184184035 0.11681005370604196 -0.5485388018070455 0.8279254762750584 0.22295616292831655
1807261650041 1311878310.683233736.pcd 1311878245.615899994.pcd 0.10845535975695136 0.9345485284994146 -0.35583379720298314 0.0011647521989559342 -0.25875638159968695 0.3558315232246332 0.9345484094171086 0.0017881654256983954 0.3337149414293209 -0.0017248070083526969 -0.0012566718181662336 0.99999772290577 0.5832626282924975
1807261650042 1311878310.683233736.pcd 1311878245.615899994.pcd 0.10845535975695136 0.9902338503167837 0.0036500399055879188 0.13936857212257467 0.26409237198881436 0.004243592277333703 0.9984049127907839 -0.056299396442687444 -0.18894531604693487 -0.13935176213949155 0.0563409915063158 0.9886388516868553 -0.37435022940169754
1807261650043 1311878310.683233736.pcd 1311878245.615899994.pcd 0.10845535975695136 0.9871877058524239 -0.15144813863173823 0.05023837894289938 0.03569147815177533 0.1564250937041633 0.9806891799595684 -0.11738791407071378 -0.16900745287024493 -0.031490053564138 0.12374244871995768 0.9918145909953717 0.6730879130089712
1807261650044 1311878310.683233736.pcd 1311878245.615899994.pcd 0.10845535975695136 0.8875805407913471 -0.3799694447890971 -0.26043042186965226 0.9573488428692717 0.4462847106807041 0.8493832809409828 0.2817410141789294 -0.2950506829840558 0.11415226945260458 -0.36629395720458824 0.9234706255719362 0.5356453955417783
1807261650045 1311878310.683233736.pcd 1311878245.615899994.pcd 0.10845535975695136 0.9871958175873268 0.08572792161115551 0.13451818164962343 -0.4997746012907637 -0.08212207584427349 0.9961039184593943 -0.03213951289095405 -1.1877571209834215 -0.1367493414869589 0.02068108038937968 0.9903897770659849 -0.5970222867978362
1807261650046 1311878310.683233736.pcd 1311878245.615899994.pcd 0.10845535975695136 0.98104709247651 -0.19039422474214285 -0.03600890901185999 0.29448696978636174 0.18588934846542038 0.9772135458577594 -0.10246382736949697 -0.13497762894550427 0.05469691463407726 0.09382816728969479 0.9940847662813114 1.1284647678051911
1807261650047 1311878310.683233736.pcd 1311878245.615899994.pcd 0.10845535975695136 0.9886219267303177 0.14868331906372048 -0.022802557317772365 0.7170110043648643 -0.1482986911360122 0.9887836620645749 0.017730421357492053 -0.04176109973814261 0.025183014024934523 -0.014147093919404628 0.9995827507206472 0.8857441367576364
1807261650048 1311878310.683233736.pcd 1311878245.615899994.pcd 0.10845535975695136 0.9291834746776017 -0.27506437794134503 -0.24689604770793638 -0.7316568359978302 0.24217652993116154 0.9576858083203296 -0.15552627074657874 0.9770040075074733 0.27922857793671463 0.08472001256832892 0.9564799635820199 0.21778385893515986
1807261650049 1311878310.683233736.pcd 1311878245.615899994.pcd 0.10845535975695136 0.9749921485438963 -0.14915542739527526 0.16475123294315439 0.33417074811178504 0.19197334825888562 0.9387357226745161 -0.2862192805053955 0.06908718694179698 -0.11196670860585914 0.3106893970725207 0.9438938259733898 -0.43483614133738047
1807261650050 1311878310.683233736.pcd 1311878245.615899994.pcd 0.10845535975695136 0.9981529169877223 -0.0034199407685145873 -0.06065524143914557 -0.41433238361685565 0.001687447438650297 0.9995897632546513 -0.02859121749160086 0.4768019586624791 0.06072813870063023 0.028436054607664588 0.9977492089539871 -0.8995792626940137
1807261650051 1311878310.683233736.pcd 1311878245.615899994.pcd 0.10845535975695136 0.9934676019315427 0.010471553129023977 -0.11363305191473018 0.35963121642759877 -0.0020952528600665316 0.9972868207216741 0.07358401409482879 0.6927675966370016 0.11409528398598305 -0.07286524404626396 0.9907940867719368 -0.9934255784371266
1807261650052 1311878310.683233736.pcd 1311878245.615899994.pcd 0.10845535975695136 0.8806257161743124 0.45325746862365207 0.13804352628558342 0.15273024784644815 -0.4730047840576623 0.8579911590433486 0.20029389721610524 0.10423185708783078 -0.027655420283260852 -0.24167920502254736 0.9699620299726304 -0.6131443928453755
1807261650053 1311878310.683233736.pcd 1311878245.615899994.pcd 0.10845535975695136 0.8254455022688421 -0.5596005988750486 0.07407356156433795 -0.013747021838201399 0.5502786820838473 0.8269692918586394 0.11539134441926023 0.16392360257827937 -0.12582962619432295 -0.054488164416752596 0.9905543625214568 0.114486700491842
1807261650054 1311878310.683233736.pcd 1311878245.615899994.pcd 0.10845535975695136 0.8937068048882579 -0.18508229531496162 -0.4086963308587033 -0.07429825058476291 0.01950912187636411 0.926113971221777 -0.37673904293481847 0.3880299940240729 0.44822710879646105 0.3287209398087915 0.831285151239447 -0.5018544350937656
1807261650055 1311878310.683233736.pcd 1311878245.615899994.pcd 0.10845535975695136 0.839532856272319 -0.3558084637407949 0.41059094043787314 0.2102653255416466 0.3547510773891466 0.9313795772606296 0.08175424241622296 -0.18915043850653923 -0.41150486793047947 0.07702220583848719 0.9081471926275455 -1.4601967000372371
1807261650056 1311878310.683233736.pcd 1311878245.615899994.pcd 0.10845535975695136 0.8951494816194396 0.44055123459085993 -0.06798540473452785 -0.3952036772409725 -0.4445823551285872 0.893435494234823 -0.06418369847318028 0.4055232297359655 0.03246436607678031 0.08767911576793236 0.995619624953921 0.06349453473061668
1807261650057 1311878310.683233736.pcd 1311878245.615899994.pcd 0.10845535975695136 0.8281869198513329 -0.549471864377297 -0.11039518125760536 0.7835200285702193 0.5576232568503602 0.8276286494821842 0.06393060281190463 -0.1632154770927993 0.05623814725575113 -0.114505409540482 0.9918295125570762 -1.1380762559843547
1807261650058 1311878310.683233736.pcd 1311878245.615899994.pcd 0.10845535975695136 0.8642268927369421 -0.45778238625066725 0.20867957424936198 -1.376443910301867 0.48732838490268726 0.864771324654515 -0.12116765791007868 0.2416427244761197 -0.12499169227748061 0.20641182837696204 0.9704489857626166 0.20565153896896143
1807261650059 1311878310.683233736.pcd 1311878245.615899994.pcd 0.10845535975695136 0.9149340986683104 0.363022498975647 0.17638100898759645 -0.8567057607196887 -0.289889861551748 0.8951481287410596 -0.3386350480692856 -0.38118832183363616 -0.28081927153155745 0.2586976862069999 0.9242380883125461 -0.007935470542067039
1807261650060 1311878310.683233736.pcd 1311878245.615899994.pcd 0.10845535975695136 0.8431883622779028 -0.5376006270662281 -0.004353331724843504 0.39808218690139063 0.5376026017584488 0.8431979591521827 -0.0008026606635961934 0.20034755755447972 0.004102231301971202 -0.0016635683311908944 0.9999902020713767 0.7732639670430667
1807261650062 1311878336.642453896.pcd 1311878257.263276854.pcd 0.12492185577904243 0.957513859689211 0.15318722395551115 -0.24433764122597673 0.43232422934543174 -0.20971666141297962 0.951442695678581 -0.22533468167521148 -0.6525795163161584 0.19795486967706483 0.26700275514810573 0.9431454809913776 -0.7406797861571566
1807261650063 1311878336.642453896.pcd 1311878257.263276854.pcd 0.12492185577904243 0.969294990500792 0.0858670896010644 0.2304214927334524 0.05594710490593954 -0.01166882879281804 0.9520564749400924 -0.3056997006201501 -0.6299356689519455 -0.24562381770641376 0.29362443945981115 0.9238255402007667 0.4194183106403651
1807261650064 1311878336.642453896.pcd 1311878257.263276854.pcd 0.12492185577904243 0.8568839265127748 0.5095412736946324 0.07821525992861772 0.437409362358999 -0.5070834304437294 0.8604400304907973 -0.05009339775274915 0.1783055142373797 -0.09282419433245312 0.003262565041090463 0.9956771688734676 -0.44786709103898087
1807261650065 1311878336.642453896.pcd 1311878257.263276854.pcd 0.12492185577904243 0.9998248635394388 0.01596743723578842 0.009761311206183091 -0.1507285373841681 -0.015932626376379527 0.9998664651440209 -0.0036336341521203378 0.21673091506788142 -0.009818027556158805 0.0034774744459042787 0.9999457552819476 -0.17132914901167393
1807261650066 1311878336.642453896.pcd 1311878257.263276854.pcd 0.12492185577904243 0.9518559026164733 0.20739558411565026 -0.22573748546377284 0.6961890097985003 -0.21718614711306264 0.975942261383514 -0.019154110467885885 -0.429635761996603 0.21633427411383968 0.06725900783509296 0.9739998499531081 -0.08267097893813606
1807261650067 1311878336.642453896.pcd 1311878257.263276854.pcd 0.12492185577904243 0.9535129375859592 0.03813193574270078 -0.2989298133888774 0.1727597473161488 -0.02117599500716673 0.9979882177996464 0.05975863425934251 0.3049679762927874 0.3006071441127955 -0.050650494662934475 0.952402158911218 0.03979799214111334
1807261650068 1311878336.642453896.pcd 1311878257.263276854.pcd 0.12492185577904243 0.9846596690778354 -0.13300793820375528 0.11293460260838481 -0.03547630448141739 0.13454587114970262 0.9908887578358236 -0.006072738356466293 -0.048927144558116475 -0.11109790568726036 0.02117446503136499 0.9935838652990195 0.3071836086104649
1807261650069 1311878336.642453896.pcd 1311878257.263276854.pcd 0.12492185577904243 0.9781981701046131 -0.02019627089661007 -0.206689261080147 0.15216448876876473 0.033957355521507825 0.9974199113774928 0.06324886080950703 0.08902086323176452 0.20487859334242892 -0.06888854062603747 0.9763601440864136 -0.5994447025158322
1807261650070 1311878336.642453896.pcd 1311878257.263276854.pcd 0.12492185577904243 0.9968990786898003 -0.07477220629521564 0.024522317858899984 -0.057601784124541304 0.07510217374364625 0.9970934118633611 -0.01282152555903328 0.04556368555566248 -0.023492347826609004 0.014623446393634032 0.9996170588826334 0.21427779165293515
1807261650071 1311878336.642453896.pcd 1311878257.263276854.pcd 0.12492185577904243 0.840497887005431 0.17872091611322496 -0.5114901133776248 -0.6371932013760369 -0.17420433082275324 0.9830450806210895 0.057229542976268116 -0.7401239767976281 0.5130459560916572 0.041002482977563454 0.857381270688643 0.19051227701854073
1807261650072 1311878336.642453896.pcd 1311878257.263276854.pcd 0.12492185577904243 0.9691945205440584 -0.165016638010337 -0.18284280277642298 0.36169183449664183 0.13212924183206665 0.9748562110305361 -0.17943586951351118 -0.5412482678378675 0.20785534585440849 0.14974938061625484 0.9666288213191204 0.8547919495230507
1807261650073 1311878336.642453896.pcd 1311878257.263276854.pcd 0.12492185577904243 0.9755239812292955 0.1645604120442712 0.14585209232083232 0.28177432110117484 -0.17084468253959656 0.9847919044083878 0.03157529825108837 -0.7765207856650677 -0.13843791566796063 -0.05572051506869267 0.9888023906251391 0.9565945597414074
1807261650074 1311878336.642453896.pcd 1311878257.263276854.pcd 0.12492185577904243 0.9970280515319819 -0.04780509696147378 0.06041305457302586 0.7511266113656087 0.028101577447568526 0.9558291032754197 0.2925765313155948 0.5006239061506482 -0.07173120522685798 -0.2900093068096453 0.9543318270709047 -0.17270098230329126
1807261650075 1311878336.642453896.pcd 1311878257.263276854.pcd 0.12492185577904243 0.9914945333612533 0.018819487227505573 0.12878050013586925 -0.8063273437759044 -0.05479013690415644 0.9578921184608375 0.28185231999867 0.5281492369869182 -0.11805350995533617 -0.2865109357268979 0.9507759212854114 0.9232852337047252
1807261650076 1311878336.642453896.pcd 1311878257.263276854.pcd 0.12492185577904243 0.9989671659613012 -0.025731190171263685 0.037450062531546154 -0.6868345639594416 0.027602719898535133 0.9983503132394101 -0.05034622040406719 0.20478001465261436 -0.03609281348758319 0.05132794470015492 0.998029433888304 0.20224209472625468
1807261650077 1311878336.642453896.pcd 1311878257.263276854.pcd 0.12492185577904243 0.8903617943238178 -0.44279864744726105 -0.10576026204273486 0.17418913192769675 0.42075953662746424 0.8890908441780152 -0.18021898661313712 -0.5424323165038417 0.1738312041766764 0.11596046144139255 0.9779242730583928 0.006119678989294339
1807261650078 1311878336.642453896.pcd 1311878257.263276854.pcd 0.12492185577904243 0.9633967694771759 -0.04891050788791777 -0.26358001968868433 -0.6644731133411922 0.03275213714084822 0.9973244144205745 -0.06535525926324007 1.1855579505370981 0.2660713477126922 0.05433023669011749 0.9624210426354712 -0.1241207822075199
1807261650079 1311878336.642453896.pcd 1311878257.263276854.pcd 0.12492185577904243 0.8915332028668945 0.4481740902538192 -0.06563941659596398 0.9182393854090424 -0.44715504259495514 0.8477096797831967 -0.28537811178114936 -0.8608826236501512 -0.07225590680214888 0.283775058148231 0.9561646303357846 0.16867199460496055
1807261650080 1311878336.642453896.pcd 1311878257.263276854.pcd 0.12492185577904243 0.9137415693987316 -0.404646373830009 -0.03657398664307259 0.0109856680537286 0.40540355033000675 0.9139960023503355 0.016101834287785402 0.22586858992447284 0.026912928725218842 -0.02954013936714322 0.9992012181906111 -0.7886983203982908
1807261650081 1311878336.642453896.pcd 1311878257.263276854.pcd 0.12492185577904243 0.9720502973512939 -0.15833842034757534 0.17334117820384115 -1.0587306581110338 0.18050746079636715 0.976155983394005 -0.1205676270021559 -0.07936392403002988 -0.15011754066766897 0.14848717360741148 0.9774539801228359 -0.2979552936385164
1807261650082 1311878336.642453896.pcd 1311878257.263276854.pcd 0.12492185577904243 0.9609485088302406 0.2767243792776408 -0.0012574936744327284 -0.07663608635877918 -0.2767269637750417 0.960944019345002 -0.0029629723116035905 0.021858586108638646 0.0003884543520649609 0.0031952462310328514 0.9999948197389521 -0.03950031565305655
1807261650083 1311878336.642453896.pcd 1311878257.263276854.pcd 0.12492185577904243 0.9721123151876125 -0.16492867923547563 -0.16672185647425314 -1.2156216766287848 0.22283800114076377 0.8711587910364536 0.437522097781922 0.08529504879229775 0.07308126920195646 -0.46247258466372504 0.883616566462108 0.02065590956256008
1807261650084 1311878336.642453896.pcd 1311878257.263276854.pcd 0.12492185577904243 0.992186205308298 0.03802563975576523 -0.1188300665533952 0.29309083392272417 -0.0029860057543552553 0.9593884637585856 0.2820724363999005 -1.3085598438939534 0.12473017985056592 -0.2795135530311647 0.9520055440523125 0.0455445658992745
1807261650085 1311878336.642453896.pcd 1311878257.263276854.pcd 0.12492185577904243 0.9960311351342288 0.03424847920688512 0.08215241636881548 0.10073628152091477 -0.03503638114592715 0.9993526586792876 0.008167960996276799 -0.5360956965940057 -0.08181949547275993 -0.011013866834810409 0.996586305794901 -0.20004957643259533
1807261650086 1311878336.642453896.pcd 1311878257.263276854.pcd 0.12492185577904243 0.9271469675825849 0.34395408663102034 -0.1486407978727171 -0.04764881424629949 -0.28670772685689916 0.9066206961901175 0.30957647294375645 0.27469567594556277 0.24124091664343983 -0.2444064228484334 0.9391849235414003 -0.04166084855311172
1807261650087 1311878336.642453896.pcd 1311878257.263276854.pcd 0.12492185577904243 0.8519153689927524 -0.4069438664222498 -0.3296011129460162 0.847493494666439 0.3942987332614377 0.9126527001191607 -0.10767338535418512 0.09126601294959928 0.34462836943926706 -0.03823268950146479 0.9379603128230515 -0.2465678700574824
1807261650088 1311878336.642453896.pcd 1311878257.263276854.pcd 0.12492185577904243 0.9263306767092996 0.22974570195350055 -0.2985437820842772 -0.20909041752876864 -0.2577111145249116 0.964516372928897 -0.05738595474863736 -0.18228627179393256 0.2747661894004046 0.1300964211113359 0.9526691253401691 0.4065555358547884
1807261650089 1311878336.642453896.pcd 1311878257.263276854.pcd 0.12492185577904243 0.9848536037915069 -0.16968778674035653 -0.03562911913086013 0.6682798662511461 0.1719484900945019 0.9822581154656902 0.07485126155257413 -0.711014389690237 0.02229564650560139 -0.07984390792634183 0.9965580035873212 0.9188066341335045
1807261650090 1311878336.642453896.pcd 1311878257.263276854.pcd 0.12492185577904243 0.8565178031404012 -0.47322456408890706 0.20599942923805617 -0.07683694100788435 0.47502959685878104 0.8788762398102193 0.04385700862158598 -0.08036605868086394 -0.2018022175589876 0.06029151714722236 0.9775688200573713 -0.6134354626902067
1807261650091 1311878336.642453896.pcd 1311878257.263276854.pcd 0.12492185577904243 0.9845142345336736 0.17238940505406108 0.03183732127050821 0.27571759908662696 -0.17494281574900084 0.9778064209762815 0.11528058949956055 -0.4505932904161722 -0.01125758492687698 -0.11906509195671877 0.9928226279950272 0.8734949945234726
1807261650093 1311878255.256024021.pcd 1311878315.586447084.pcd 0.10291644607766809 0.8955784887350534 -0.35138998618963363 -0.27288138104437754 -0.6289379087831525 0.3120816115103196 0.9333090251273828 -0.17759316251729987 0.08459679151412812 0.31708711464226924 0.07388735494943124 0.9455138394050174 -0.1272759882039121
1807261650094 1311878255.256024021.pcd 1311878315.586447084.pcd 0.10291644607766809 0.8690018242620057 0.4946967518757316 -0.010533428354854945 -0.49114887197917245 -0.4943349198720631 0.8689042253633215 0.025267254319515247 -0.8357070876844467 0.021652169045777523 -0.01675024863597546 0.999625236149151 0.46890186940653106
1807261650095 1311878255.256024021.pcd 1311878315.586447084.pcd 0.10291644607766809 0.8981364148483592 -0.13735642884087546 -0.4177130495680229 -0.3283651156107163 0.11268897197753425 0.9901333518283969 -0.08328950228996684 0.13171111215516237 0.4250319704657316 0.027733680843793712 0.904753373593529 -0.31606405751099015
1807261650096 1311878255.256024021.pcd 1311878315.586447084.pcd 0.10291644607766809 0.9935948056268009 -0.02156795320093237 0.11092423371906632 -0.5663817518437323 0.03145848268747963 0.9956056755325899 -0.0882026230579148 0.2739570691430355 -0.10853444659849334 0.09112717619907605 0.9899071227441195 0.19852219202132576
1807261650097 1311878255.256024021.pcd 1311878315.586447084.pcd 0.10291644607766809 0.9850079678246779 0.17159104189077998 0.01777125951458564 0.17108933445452368 -0.17167435439791448 0.9851483510174064 0.0032622890344453075 0.104085246221073 -0.016947547431927102 -0.006264250196279988 0.9998367565785531 -0.014687820342840332
1807261650098 1311878255.256024021.pcd 1311878315.586447084.pcd 0.10291644607766809 0.9983138545682498 -0.02460174424676153 0.052575678379838356 -0.014081306560502962 0.03361802364731928 0.9834254562521554 -0.17816902222689657 -0.1539235034940675 -0.04732099178093743 0.17963609374303657 0.9825943199314819 -0.34303390826762253
1807261650099 1311878255.256024021.pcd 1311878315.586447084.pcd 0.10291644607766809 0.9977694906399833 -0.017659210082016312 0.06437542890969705 0.3716913724581976 0.01719376515868519 0.9998219300789446 0.007777054254793091 -1.057728341691923 -0.06450130221705783 -0.006652851455821453 0.9978954462165917 -0.9320976718166747
1807261650100 1311878255.256024021.pcd 1311878315.586447084.pcd 0.10291644607766809 0.9700513871796591 0.23284096591724676 -0.06917651929334645 0.44967848849056197 -0.21896765037997848 0.9615310814934419 0.165864846815483 -0.38203707009456633 0.10513550455431658 -0.1457500048465716 0.9837191986381753 0.3252116246313287
1807261650101 1311878255.256024021.pcd 1311878315.586447084.pcd 0.10291644607766809 0.905756067217399 0.022422262048447432 0.4232058469155424 -0.14538626129069254 0.048608050494123985 0.986512901654586 -0.1562995594882141 0.05982632141732205 -0.4210026177187399 0.1621404854861359 0.892450143616039 -0.6206962419120912
1807261650102 1311878255.256024021.pcd 1311878315.586447084.pcd 0.10291644607766809 0.9923331117335634 0.12325184194489089 -0.009163995546411677 0.21026041584041985 -0.12330330356371552 0.9923549945882765 -0.005278261643375432 -0.528410487272089 0.00844338128105326 0.00636774472583039 0.9999440790062459 0.015236991173424084
1807261650103 1311878255.256024021.pcd 1311878315.586447084.pcd 0.10291644607766809 0.988076983088018 -0.12928297852072404 -0.08360494576572876 0.5281695644960581 0.11846219800468936 0.98524733311577 -0.12350870508656706 -0.5336932564665895 0.09833912311780195 0.11213208306757186 0.9888153583007036 -1.1164853360741187
1807261650104 1311878255.256024021.pcd 1311878315.586447084.pcd 0.10291644607766809 0.9976244572760663 -0.06601365072641284 -0.01968857949180408 0.0460842306456054 0.06628423922353481 0.9977105000570792 0.013422283949085845 -0.6187742313645292 0.018757448525615714 -0.014695441253118346 0.9997160607548449 -0.030506572536523734
1807261650105 1311878255.256024021.pcd 1311878315.586447084.pcd 0.10291644607766809 0.9582183233985136 -0.27428296110310146 -0.08115726678404238 -0.23567073098082653 0.2835165394051955 0.9483296090104522 0.14244060010329002 -0.1390731038667962 0.037894809500034723 -0.15949862044104862 0.9864705639249245 -0.16812567617830526
1807261650106 1311878255.256024021.pcd 1311878315.586447084.pcd 0.10291644607766809 0.9957672394690524 -0.03217790011954518 0.08609406218827939 0.7159510111686238 0.023012773360497188 0.9941631005081818 0.10540465763056772 -0.5853017464362991 -0.08898324034581531 -0.10297724181514759 0.9906955488976941 0.8669733173870335
1807261650107 1311878255.256024021.pcd 1311878315.586447084.pcd 0.10291644607766809 0.9666418112360701 -0.0018869792399453245 0.2561250633569429 -0.03894259810478418 0.05106914664905748 0.9813143475618588 -0.18551035962926862 0.04797474349945098 -0.2509891452449429 0.1924021584561658 0.948675844738666 0.9075820199454097
1807261650108 1311878255.256024021.pcd 1311878315.586447084.pcd 0.10291644607766809 0.9939548167323039 -0.06962394175735134 0.08489009971027946 0.022712319124084 0.05969794659933208 0.9916476916870273 0.11432852112930517 0.305186854923525 -0.09214107372109105 -0.1085696196270376 0.9898094060108567 1.4493817529705098
1807261650109 1311878255.256024021.pcd 1311878315.586447084.pcd 0.10291644607766809 0.9005443313642435 0.2206086042432422 -0.37463549081951153 0.056243510305623884 -0.15796776154504633 0.9688370587116618 0.19079030368282232 -0.05886180356258843 0.405050729613187 -0.11263479658074019 0.9073297686282757 -0.5963456694344734
1807261650110 1311878255.256024021.pcd 1311878315.586447084.pcd 0.10291644607766809 0.9151059077758031 -0.31668068101905905 0.24958870932621946 -0.626715974118714 0.3070819725733596 0.9485153963896751 0.07758353518751225 0.686785107359545 -0.26130794031999394 0.005647041795709989 0.965238971055707 1.1493114139737823
1807261650111 1311878255.256024021.pcd 1311878315.586447084.pcd 0.10291644607766809 0.9094768595236369 -0.4157440672182203 -0.002951705248604874 -0.6696880595934424 0.41574662665055717 0.9094804347417492 0.000285044980359992 -0.44587402248096136 0.002566012413255663 -0.001486403313535003 0.9999956030830757 0.6915787890706715
1807261650112 1311878255.256024021.pcd 1311878315.586447084.pcd 0.10291644607766809 0.8683333751751323 -0.44749071489451886 0.21389064879081393 -0.11353357901719244 0.4415457694589593 0.8938785356865158 0.07757897209828045 -0.2222927801025176 -0.22590812962321305 0.02707810041569871 0.9737721979231173 0.22238211863998475
1807261650113 1311878255.256024021.pcd 1311878315.586447084.pcd 0.10291644607766809 0.9781420694220533 0.020907207774399857 -0.20688397881378148 0.12624681932424822 -0.035651784113848915 0.9970617387196031 -0.06779999609838785 -0.15005255437997214 0.204858591023766 0.07369381143976728 0.9760134117107395 0.06376576841028715
1807261650114 1311878255.256024021.pcd 1311878315.586447084.pcd 0.10291644607766809 0.9488806606528436 -0.03682878624257136 -0.31347907799871144 0.36481825040903504 0.04269067265119272 0.9990180218322852 0.011853207283120774 0.11630469556448628 0.3127347091507624 -0.024629911859503438 0.949521126217938 -0.30129411638236875
1807261650115 1311878255.256024021.pcd 1311878315.586447084.pcd 0.10291644607766809 0.9747594231878005 0.22038991262590027 0.03567006194744191 0.05631465044034695 -0.22324174403036243 0.9640873991690561 0.1438701167224351 0.10827887140251374 -0.002681534797172848 -0.14820179882914036 0.9889535055779611 1.013642252559955
1807261650116 1311878255.256024021.pcd 1311878315.586447084.pcd 0.10291644607766809 0.9780602363579365 0.1415304966140799 0.15286364048925896 1.060462001729005 -0.14945198082192912 0.9878943898464321 0.04157859952364148 0.3375320168898402 -0.14512849301174194 -0.06351214874429577 0.9873722334955664 0.925036044186092
1807261650117 1311878255.256024021.pcd 1311878315.586447084.pcd 0.10291644607766809 0.956492629625986 0.29078887246426016 0.023741969634606588 0.2235553402649326 -0.2915619216606748 0.9556560663248603 0.041389959338330194 0.13626518529175177 -0.010653417700477803 -0.046511445338307374 0.998860946350312 0.3091641085210506
1807261650118 1311878255.256024021.pcd 1311878315.586447084.pcd 0.10291644607766809 0.9670794658009499 0.2261082224566627 -0.11675777731542236 0.4593096579633969 -0.22017039236996208 0.9735120227655139 0.061638785311318084 -0.005444639780447732 0.12760213614907223 -0.033902997927707734 0.9912458229832334 -0.6459473333742543
1807261650119 1311878255.256024021.pcd 1311878315.586447084.pcd 0.10291644607766809 0.8267406287025814 -0.4848874692568995 0.28527894245825386 0.9030622340672657 0.5039114725033171 0.8637207758226193 0.007723295404890376 -0.44776064712528163 -0.25014627866910016 0.13737016986963296 0.9584134158587249 0.9083094312994388
1807261650120 1311878255.256024021.pcd 1311878315.586447084.pcd 0.10291644607766809 0.9900450719519777 -0.13708059230751404 0.031932220659146054 -0.7647028025586634 0.13789519852705281 0.9901344653909283 -0.02487276961267436 0.8267195777064894 -0.028207618240255 0.029028462888027753 0.9991805035205452 -0.46179038877791045
1807261650121 1311878255.256024021.pcd 1311878315.586447084.pcd 0.10291644607766809 0.9989372812222646 0.02216053008183589 -0.040413105433291414 0.22110874869567926 -0.015295174410849906 0.9865252200009783 0.16289274981337518 0.08264259822095343 0.04347833741085282 -0.1621015151333053 0.9858157702976122 0.026554728537627897
1807261650122 1311878255.256024021.pcd 1311878315.586447084.pcd 0.10291644607766809 0.9903479045691643 -0.04261552284775177 0.13188989774762178 -0.2237750557239055 0.05817709900753621 0.9914874407999653 -0.11648210114434987 0.07926173249333178 -0.12580323154248746 0.12303077642747756 0.9843967568948606 1.3209994400732321
1807261650124 1311878252.156008077.pcd 1311878308.081750596.pcd 0.1065412231130644 0.9558140524501292 -0.27639338379242395 -0.10013088701612352 -0.7428465097890787 0.2600932539290228 0.9538388505427036 -0.15014308660736578 1.0829133412364054 0.13700728593572936 0.11746550383473407 0.9835806316766194 -0.018801170496254186
1807261650125 1311878252.156008077.pcd 1311878308.081750596.pcd 0.1065412231130644 0.9884412085029585 -0.13328171120539237 0.07224930997160882 0.45749098496889073 0.12748912487196765 0.9886395291708014 0.07961409674370477 0.20421282414205896 -0.08203962684331927 -0.06948285269833505 0.9942040197103965 0.2974428558433551
1807261650126 1311878252.156008077.pcd 1311878308.081750596.pcd 0.1065412231130644 0.9083367122738693 0.41654452620818627 -0.03761748026510775 -0.04978555867047706 -0.4180995837894794 0.9066798615061801 -0.05589603540680125 -0.10164182174611154 0.010823824211537322 0.06650027387260814 0.9977276975228792 -0.12895159549248705
