id source target overlap t1 t2 t3 t4 t5 t6 t7 t8 t9 t10 t11 t12
39885980090030 1311877997.913031100.pcd 1311877998.413085025.pcd 0.6224 0.5991932875447815 -0.7986932180443139 0.05528605259280964 0.916610108967352 -0.6401257946547413 -0.5194175811989571 -0.5660780364570427 15.144821267235749 0.48083923631387737 0.3038001313222941 -0.8224956589731306 -9.858492989561507
39885980090061 1311878006.916911054.pcd 1311878002.413051547.pcd 0.6120 0.7719693931885849 0.6310129098577888 -0.0767200337125469 -8.921149634056057 -0.5130780746828556 0.5472969770814236 -0.6612237958189874 -3.9348869301700233 -0.3752521089344898 0.5498078996070738 0.7462554041813539 -4.255122904250152
39885980090092 1311878000.413021376.pcd 1311878007.916757408.pcd 0.6223 -0.5066563355769833 0.07367161612026157 -0.8589946743711117 9.36576638000308 -0.8437376344752356 0.1624320872802757 0.5115883317589511 0.97835335154787 0.17721783710969086 0.9839656040736393 -0.0201377310082681 -13.858176171025766
39885980090123 1311878008.416883803.pcd 1311878009.416624944.pcd 0.6054 0.5108242416915295 -0.31765809684713786 0.7988441197178133 1.7527032284212778 -0.642978982094288 -0.7579799568687328 0.10974704356048606 3.6824291020823114 0.5706457944165251 -0.5697014292528398 -0.5914420164496302 -12.210133856629827
39885980090154 1311878016.416706986.pcd 1311878015.916479078.pcd 0.6231 -0.6873540504804694 -0.7251744874489828 -0.04082122047657899 8.747704294917835 -0.6785035986627973 0.6210300641309989 0.39237039394821965 2.8294941548102095 -0.2591857941510802 0.2973947245640925 -0.9189010294431721 12.081398962394234
39885980090185 1311878012.416841708.pcd 1311878011.416686707.pcd 0.6320 -0.7384649161084326 -0.16550571117457025 -0.653664613732123 9.737215945547407 -0.6691522825422972 0.0604122108456614 0.7406656381587937 0.531838732033985 -0.08309506871890526 0.9843567566433113 -0.15536082262031614 -1.2740265420813768
39885980090216 1311878002.413051547.pcd 1311877999.912887758.pcd 0.6237 -0.2239939653284972 -0.9498625230865864 -0.21814648915809048 4.631914314832939 -0.5042219807514196 0.3044957901898299 -0.8081104552496439 2.310509636378023 0.8340185235494064 -0.07101761043752436 -0.5471467823027135 -6.662760779512016
39885980090247 1311878011.416686707.pcd 1311878010.416760630.pcd 0.6017 0.7962760723407216 0.536690362000141 -0.2791198164835153 4.23128401983535 -0.5078126982389651 0.3422855604603752 -0.7905484543072538 0.01664072918118653 -0.32874105330015496 0.7712354053312673 0.5450919825484688 -1.8785993486226364
39885980090278 1311878000.913078958.pcd 1311878008.416883803.pcd 0.6000 -0.2524614418770796 -0.9294134940745211 -0.2691723934535923 6.337447739322826 -0.11070462798076197 0.3041011006167985 -0.9461855029259814 3.781325410835318 0.9612531954219901 -0.20907672667191174 -0.17966417743994384 -0.7335712789629203
39885980090309 1311878017.416621070.pcd 1311878016.916756461.pcd 0.6243 0.7905640674476995 0.2359987683587937 -0.5650779031192793 -1.0837548814725568 -0.17158216075428118 -0.8004320407694405 -0.5743414578633174 4.114640501670397 -0.5878503358606179 0.5510110066439701 -0.5922996312558009 6.882741276181378
39885980090340 1311878013.916760920.pcd 1311878014.416698005.pcd 0.6505 -0.14740004346550645 -0.8675876333648966 0.47493675959928056 2.7079238608830947 0.8205139927935672 -0.3753906757656481 -0.4310900464846857 -3.0087319482912136 0.5522952243287328 0.32614956535385425 0.767200395074955 -10.182175492724038
39885980090371 1311878001.913061553.pcd 1311878007.916757408.pcd 0.6540 -0.0043672962555381944 -0.9986020187058641 -0.052677651428187366 5.880023259999903 -0.6777080026645707 0.04169124261925908 -0.7341482843494633 2.4445671694349502 0.7353181555271261 0.03249382288120811 -0.6769426575617392 -7.806831705327907
39885980090402 1311878006.916911054.pcd 1311878005.416898313.pcd 0.6519 -0.41434343268508145 -0.7446115160218256 0.5233289691947334 0.2810605849247867 0.8392343012843495 -0.09010723509232504 0.5362522482300531 0.29702372074084016 -0.3521438730668382 0.6613882191207334 0.6622388664747725 -2.9409559544438477
39885980090433 1311877998.913084884.pcd 1311877997.913031100.pcd 0.6478 0.08265126557570357 0.8472060601803116 0.5247958268626841 2.1484307522156394 -0.9777811111777609 0.17073348964539814 -0.12163130410173023 8.834082361418393 -0.1926470008142285 -0.5030824655136159 0.8424934219149868 -3.6909714393202124
39885980090464 1311878017.416621070.pcd 1311878015.916479078.pcd 0.6462 0.6872698661558013 0.7214719895639621 0.08448845689681644 6.007944165688022 0.7065933811537537 -0.6909678587266342 0.1526080335907516 -1.5519953938332383 0.1684812297672743 -0.04518391839303113 -0.9846687202987402 -1.8096314850034982
39885980090495 1311878002.413051547.pcd 1311878008.416883803.pcd 0.6345 0.5290498019543345 -0.5392527398764019 0.6552196498792395 4.26699048397958 -0.8478090593412676 -0.36901922587506575 0.38084722636963275 6.373575962957603 0.036415737682415905 -0.7569883047117445 -0.6524129065083589 8.075610940196515
39885980090526 1311878014.416698005.pcd 1311878011.916757612.pcd 0.6516 0.210128501147489 0.49492409870419807 0.8431465765377614 1.6669727951652877 -0.34294240886705174 0.8449166662779848 -0.4104952268250638 0.6361596162694809 -0.915552574790751 -0.2028939712449187 0.3472715352954982 0.22837676892093928
39885980090557 1311878016.916756461.pcd 1311878016.416706986.pcd 0.6602 -0.38826283063277345 0.7555034280405788 -0.5276992936966665 7.557659428818911 0.05555356786857368 0.5907692079825261 0.8049258003050783 -1.2821214144413662 0.9198726952389109 0.28320719114922416 -0.27134463590656954 0.12021879754880738
39885980090588 1311878004.916798830.pcd 1311878001.913061553.pcd 0.6452 -0.08936593684211727 0.36326987708008884 -0.9273881203350341 -5.371650201255991 -0.7542986244325296 -0.6327332869039178 -0.1751632747551778 -0.9444050764932368 -0.6504208749044916 0.6838739533349558 0.33055877153464597 -7.435755005635262
39885980090619 1311878009.416624944.pcd 1311878000.413021376.pcd 0.6505 -0.1829722049956225 -0.9721042562673133 -0.14674633605652115 4.311396314007719 0.9743375726061919 -0.19921148860601068 0.10479063610481003 -1.56971375432217 -0.13110097942774251 -0.12380669511117236 0.9836078667023437 2.5973717209894396
39885980090650 1311878006.916911054.pcd 1311878004.416857264.pcd 0.6856 0.22614178371729554 0.9148161472975809 0.3346211444316848 8.59662979812978 -0.9271046909210079 0.0967286375233054 0.3621055961389539 -3.5878094684613044 0.29889259898736553 -0.39211603808884876 0.8700047281159351 0.5419041484181253
39885980090681 1311878006.416765302.pcd 1311878005.416898313.pcd 0.6977 0.7045031079881597 0.2582212045892731 0.6610576225530481 2.426833044597945 -0.40152681735108886 0.9130712926751752 0.07125327669932122 -1.392909391192065 -0.5851936310170581 -0.3156305181584149 0.7469443019557227 13.676120195150306
39885980090712 1311878005.916916207.pcd 1311878000.913078958.pcd 0.6672 0.8599553655815286 0.003452620906468584 -0.5103575693730968 -2.5531452738647133 -0.49498414744027247 -0.23803513623235184 -0.8356613953639788 11.633271738627954 -0.12436825555729947 0.9712504071184328 -0.2029905999841184 2.0005772002248756
39885980090743 1311878007.416739415.pcd 1311878000.913078958.pcd 0.6952 -0.01814783877334747 -0.03667509427753224 0.9991624459554064 5.692068476527689 -0.9211025816951898 0.3893123172982482 -0.002439998836895274 10.834371398222006 -0.3888967600049048 -0.9203753892079046 -0.04084670118975631 -9.7797739704646
39885980090774 1311878007.416739415.pcd 1311878000.413021376.pcd 0.6718 -0.6645097074226429 -0.29662039440552024 -0.6858886136711901 4.5296645823135275 0.7471175936226148 -0.2828220671768724 -0.6015205562716488 -3.4323703090155027 -0.015561170927240797 -0.9121556993959496 0.40954832440001376 -7.127259929691485
39885980090805 1311878013.416594433.pcd 1311878012.916702147.pcd 0.6938 0.15109943369489431 0.6372208308434999 0.7557238740943691 4.501394367597272 -0.383855305884458 0.7423314517270532 -0.5491804074447257 4.174456105723732 -0.9109467960761658 -0.2071077702934523 0.35676645890924663 -1.5505434809258025
39885980090836 1311878013.916760920.pcd 1311878012.416841708.pcd 0.6898 0.6324795529271411 -0.1843465326099729 -0.7523203912189035 4.940639129637642 0.21095816243398713 0.9755464089902641 -0.06169163321452733 -2.1095804197177026 0.7452960947378963 -0.11968943069828875 0.6559025623883172 -0.6342947559334764
39885980090867 1311878008.916832658.pcd 1311878007.916757408.pcd 0.6854 0.7580488372993045 0.5924344749168196 -0.2727331171662234 0.5781162293595119 -0.39258326659548537 0.7484174575663092 0.5345555986042985 -0.12018955146153365 0.520807391516663 -0.2981487919479369 0.7999168449292684 9.637345260066287
39885980090898 1311878008.416883803.pcd 1311878008.916832658.pcd 0.6698 -0.6076641437528828 0.6745728166515852 -0.4191608324161773 6.117435695830393 0.7739245431091235 0.6214433468849309 -0.12185634241101237 -7.385691422637804 0.17828373445272624 -0.39844658568897584 -0.8996972981966699 -5.498633168703153
39885980090929 1311878003.916859696.pcd 1311878006.416765302.pcd 0.6943 -0.42330195455637193 0.5071182348141181 -0.7507639783498992 3.5862098764750554 -0.27007805535133594 -0.8616239686450725 -0.42972314421491853 1.5630260429432323 -0.8647966808946457 0.020862228436288544 0.5016886167118766 3.8116248131453228
39885980090960 1311878006.416765302.pcd 1311878003.916859696.pcd 0.7243 0.7013415217930018 0.6967762233374332 -0.1504093228516756 0.7465975835967953 -0.7122807406589778 0.6767799864531021 -0.18607793104728093 2.247608645643714 -0.027860658559590447 0.2376378432156001 0.9709541900504182 -11.89869128731358
39885980090991 1311878010.916860226.pcd 1311878010.416760630.pcd 0.7254 -0.5729710834773294 -0.4510415303261509 0.6842994048074708 4.278496000777675 0.6507607001529535 -0.7579294230890861 0.0453155685419743 -1.1438269913720074 0.4982114497231597 0.4712796701926454 0.7277917448198066 -5.280697843436807
39885980091022 1311878011.416686707.pcd 1311878010.916860226.pcd 0.7099 -0.5136702144304486 0.6201843108716385 0.5928864405226754 10.425804927614326 -0.7064010735889614 -0.6979034055865339 0.11801847187233358 8.83313607938836 0.4869706706151201 -0.35819304434814025 0.7965910550221308 -8.287074211718444
39885980091053 1311878009.416624944.pcd 1311878007.916757408.pcd 0.7038 -0.5205277395865208 -0.8509374252252039 0.07040149623443662 -3.51824674676953 0.8403402694300385 -0.5251570761609098 -0.13430665259909635 9.370748941909229 0.15125840107312108 -0.010749125974915438 0.9884358109637559 1.6063734040011637
39885980091084 1311878007.916757408.pcd 1311878001.412900789.pcd 0.7014 -0.5855928548415936 -0.8044463638022594 0.0997349293066172 3.4380463661354637 -0.02992291906613881 0.14440623474084321 0.989065952443281 -2.719699776054267 -0.8100528546169282 0.5762055945001716 -0.1086346426959203 -3.6470318870364484
39885980091115 1311878007.916757408.pcd 1311878002.413051547.pcd 0.7092 0.4488482114329879 0.8913469126135557 -0.0635292410444964 0.6221691834646148 -0.8896026896994099 0.4524293210084517 0.06256807469793635 3.496398174151783 0.08451235160012367 0.028432215286771832 0.9960167024507689 2.7866529463748178
39885980091146 1311878007.916757408.pcd 1311878001.913061553.pcd 0.7057 -0.5458075842915813 0.6658192000889736 -0.5087031292636873 -2.9179622613192295 -0.7959476829268353 -0.22227037009730208 0.5630836248908422 5.468429747608201 0.26184225589692467 0.7122363900908797 0.6512741033214215 -2.9977291813638542
39885980091177 1311878004.416857264.pcd 1311878006.416765302.pcd 0.7038 -0.5025476031667904 0.8645278308011282 -0.006126689286239719 1.793882224552186 -0.8645093036947422 -0.5025799651373517 -0.006086252358414495 6.466337287875451 -0.008340885837014077 0.002237948353811708 0.9999627099100343 1.7841831851325836
39885980091208 1311878008.916832658.pcd 1311878008.416883803.pcd 0.7228 0.2013696254178136 -0.9683372089656461 0.1475578655704673 1.552129958433925 0.9659165943482666 0.1712930778971487 -0.1940716729127866 -2.7669715027132513 0.1626511811261625 0.18160873105978137 0.9698262019976158 3.227354385438128
39885980091239 1311878009.416624944.pcd 1311878008.916832658.pcd 0.7098 -0.4614026307265548 0.35949791208342086 -0.811091156138615 4.644799873309937 -0.08201830331320525 0.8930245471609934 0.44247051437302054 0.4408913566333178 0.8833915384925516 0.2706813798094788 -0.38255846656975073 -10.998339739786545
39885980091270 1311878003.412829146.pcd 1311878006.916911054.pcd 0.7422 -0.2583162046170844 0.6736118486449598 0.6924736932168212 0.2510373833017836 -0.9531817938529308 -0.29436940877748907 -0.0692179098449262 6.011204171125625 0.1572170674562191 -0.6779334248590425 0.7181149386827678 5.632387618210535
39885980091301 1311878009.416624944.pcd 1311878008.416883803.pcd 0.7351 0.12161832119121829 0.7000789225608026 -0.7036323515421499 -3.5739188228285372 0.03330478263232717 0.7056171248015071 0.7078101896982467 -0.8801462794070116 0.9920180317940008 -0.10951700951432303 0.06249999378077231 3.2128198292898404
39885980091332 1311878007.416739415.pcd 1311878002.912842635.pcd 0.7416 0.44478982657539357 0.8491239617490574 -0.28486928187963134 -11.51133751170933 0.20678740533369 0.21210874104330568 0.9551171922692965 0.27871355614218263 0.8714361589757403 -0.48373378996779764 -0.08124433071297404 -4.304910580160361
39885980091363 1311878006.916911054.pcd 1311877999.912887758.pcd 0.7597 0.42342363737274086 -0.905892089011779 -0.008482121191819576 -1.0077121948779455 0.8994946564391617 0.4215107184937776 -0.11505684348292303 -3.135657629792948 0.10780438929576158 0.04108816448485431 0.9933226949928374 0.28773081737475886
39885980091394 1311878004.916798830.pcd 1311878006.916911054.pcd 0.7398 0.09916393688031415 -0.8814172087898923 0.46181188558917824 -7.37414290430387 -0.9182242973176357 0.0977841587081562 0.38379994544198687 -2.1634221232628903 -0.38344576335895414 -0.4621060077025328 -0.7996420350427405 5.660354716555053
39885980091425 1311878005.916916207.pcd 1311878006.916911054.pcd 0.7593 0.45262977094206414 0.22339861902038177 -0.8632608803118098 0.22768702805245167 0.8648205441981138 -0.3458815183612449 0.3639387332903685 -0.6905356228924033 -0.21728257359901842 -0.9112952497823668 -0.3497559877032572 -4.642909132702216
39885980091456 1311878017.916603725.pcd 1311878015.916479078.pcd 0.7500 -0.7426689388745527 -0.6662288646946294 0.06769008109502424 -3.1121592474916957 0.6695060284854638 -0.7408552874021723 0.053806328158180275 2.0559100062277325 0.014301225561719422 0.08527920599976037 0.996254451418654 3.716162897320796
39885980091487 1311878003.916859696.pcd 1311878004.916798830.pcd 0.7614 0.9019557129165661 -0.3836593419008722 -0.1981953614728637 0.6423217425186687 -0.36959298114729117 -0.4484873869417507 -0.8137936421727676 2.8032082690717 0.22333141342817747 0.807257439189228 -0.5463135607412857 0.704795671605738
39885980091518 1311878006.416765302.pcd 1311877999.912887758.pcd 0.7615 -0.8964152085250544 0.44002376060434306 0.05309297532249421 7.720551326984562 -0.4429964634122328 -0.8932845548725062 -0.07613696494136599 7.658041867687289 0.013925061193310311 -0.09177033360427725 0.995682830293323 2.3139245237183426
39885980091549 1311878005.916916207.pcd 1311877999.912887758.pcd 0.7594 0.48035083973842163 0.35125293617166764 0.803669363353721 0.5743796717015666 0.40436192323525144 -0.9018027509341965 0.15245731679720637 7.26784309806187 0.7783023228797928 0.2517402892631561 -0.5752150215020647 2.242500610449764
39885980091580 1311878004.416857264.pcd 1311878004.916798830.pcd 0.7721 -0.003688575193098176 0.9485959216217994 -0.3164682794460347 5.143033485047418 -0.9669286445049741 0.07732365903666916 0.24304330517204945 12.332264381406262 0.25502037339949507 0.30689872797988194 0.916939354546151 -3.313432449179912
39885980091611 1311878006.416765302.pcd 1311878005.916916207.pcd 0.7995 0.9671491464784043 0.17948536888238487 -0.18002091773804704 0.0923003513935643 0.001225888972619757 0.7048581385543577 0.7093472363447348 -0.24063135560651439 0.25420665935872194 -0.686265259845521 0.6814829179567443 4.883696738654875
39885980091642 1311878002.912842635.pcd 1311878001.412900789.pcd 0.7756 -0.989184673013561 0.030279425593041306 0.1435159888681717 5.301779736179654 -0.03157528509582195 -0.9994785166384083 -0.00675989270655946 1.4483194786685814 0.1432364619996294 -0.011218340520866107 0.9896249111606812 -9.712060009913003
39885980091673 1311878007.916757408.pcd 1311878008.416883803.pcd 0.7985 -0.6716954831751514 -0.7295020519454543 -0.12904237323248352 5.354692391126651 0.5138807869086808 -0.5842716802138788 0.6281346516043879 -4.32867795740762 -0.5336213214707737 0.35560281200719246 0.7673297370520464 -2.5617666786801707
39885980091704 1311878017.416621070.pcd 1311878016.416706986.pcd 0.7699 0.09405829890786727 0.995155524121188 0.028609774861778292 0.3975871282734948 -0.04234728824783368 0.03271036534903521 -0.9985673433358351 -10.03667737441156 -0.9946656441159577 0.0927119992763395 0.045218819152769096 4.594035988811395
39885980091735 1311878006.416765302.pcd 1311878004.916798830.pcd 0.7916 -0.6634850737032418 0.7407088880477565 0.10553625036005293 8.23224919869694 0.20211493306236517 0.31325222009974163 -0.9279130349530491 6.424712874490206 -0.7203728970513807 -0.5943259962088474 -0.35754649966705254 4.941232620460939
39885980091766 1311878004.916798830.pcd 1311877999.912887758.pcd 0.7730 0.8145150344316844 0.2653084724734443 -0.5159231271406232 0.3631061999487013 0.16726369391653212 -0.9589351469021298 -0.2290551041413125 3.5021185090576163 -0.555507079506777 0.10027361801390491 -0.8254435693300014 -0.13769409734151128
39885980091797 1311878003.412829146.pcd 1311878006.416765302.pcd 0.7957 0.7620609397482258 0.6235228047798922 -0.17459219922283847 -4.842407786213883 0.349720066515844 -0.6232744508937847 -0.6994460908027184 9.778640976936925 -0.5449394454305951 0.47196214973498385 -0.6930315505309464 -4.299137997920919
39885980091828 1311878001.412900789.pcd 1311878002.912842635.pcd 0.7855 0.5338905424102058 0.8453407416721961 0.018971536417430688 0.7098794106435915 -0.8423920690225275 0.529822003930091 0.09830689802576391 -2.857550384746941 0.07305128864627639 -0.06846659492485553 0.9949752934653777 -5.857704815727415
39885980091859 1311878006.916911054.pcd 1311878003.412829146.pcd 0.7983 0.24724635974432396 -0.9092076512378591 -0.3349786329360664 1.5664646955233448 -0.16641088425450606 -0.38042002278640735 0.9097186509382021 -2.9718351899847866 -0.9545557370812945 -0.1691805343227314 -0.2453595150212467 13.642759371431302
39885980091890 1311878008.416883803.pcd 1311878007.916757408.pcd 0.8127 0.5099522787999976 -0.8015176469063676 -0.31227893788145394 4.77092396771265 -0.07444366741226466 -0.4027889536337229 0.9122604886833929 10.176936060248776 -0.8569753868862873 -0.44196212567179344 -0.2650710579123422 9.70925603834011
39885980091921 1311878002.912842635.pcd 1311878000.413021376.pcd 0.8048 0.5940426585650227 0.5860746747577528 -0.5510261295189133 2.140233386291124 0.04359033792914968 0.6605280842746017 0.749534877323095 -7.424180798311577 0.8032516431631015 -0.4692751064057403 0.36683466611493887 -6.86348542804865
39885980091952 1311878006.416765302.pcd 1311878003.412829146.pcd 0.8206 0.5893482729005968 0.3520393189193053 -0.7271429922401202 0.3188379490598088 -0.5260640890484336 0.8503178572130234 -0.014700881548197875 2.392096184278255 0.6131273827213441 0.3911877549712977 0.6863286041815468 4.707154245473671
39885980091983 1311878004.416857264.pcd 1311878003.412829146.pcd 0.8032 -0.7987179061913978 -0.462241483585655 -0.38520451344936557 10.275616522746555 0.29335791881303863 0.2597948023241549 -0.9200259736306559 11.900345758360631 0.5253483014143211 -0.8478440136828745 -0.07190056093801794 -0.35413723186676016
39885980092014 1311878003.916859696.pcd 1311878003.412829146.pcd 0.8099 0.0771552863366726 -0.9621873317887643 -0.2612328469689913 5.1301245486661315 -0.25760840457771084 -0.27235569267122395 0.927070809895611 -1.656733113827646 -0.9631640419374221 -0.004232636860891703 -0.2688812249004592 7.909305294159441
39885980092045 1311878003.412829146.pcd 1311878003.916859696.pcd 0.8067 -0.8227109920759447 0.5214371437769114 -0.22638447077304366 -2.0585467344904402 -0.46742098567791246 -0.8471679716339428 -0.2526342217228684 3.6246847984603043 -0.32351853990969853 -0.10202809871504662 0.9407050661112063 3.84277321546414
39885980092076 1311878003.412829146.pcd 1311878004.416857264.pcd 0.8025 -0.5416084578600531 0.5238825118917292 0.6574248185978893 6.033044991080956 -0.4500074108506271 0.47987938177837836 -0.7531328628625341 7.925880011190007 -0.7100377514991512 -0.7037491688648833 -0.024155719157503308 -9.895225770217973
39885980092107 1311878000.913078958.pcd 1311878002.912842635.pcd 0.8295 0.6585306642042984 0.17267452129572844 0.7324758521602857 6.763578686133706 -0.6499965954423651 0.6210333238191226 0.43797492693019213 3.355316732166406 -0.37926480223714387 -0.7645267296840993 0.5212073381894736 -4.205933784561415
39885980092138 1311878002.413051547.pcd 1311878002.912842635.pcd 0.8082 -0.12199702472877 -0.9916076235290784 -0.04279073400096507 9.500300928770972 0.9925036193910405 -0.12156320058086728 -0.01260768655306858 -3.509414329224552 0.007300099520725998 -0.04400805862054438 0.9990045041557312 11.238506644319225
39885980092169 1311878014.916627300.pcd 1311878015.416753850.pcd 0.6296 0.13239156579568026 0.39576500311052576 -0.9087587884686967 9.66756123639828 0.5978780500724666 -0.7631476062781731 -0.24525001177051792 8.009452766085447 -0.7905784657753543 -0.5108578993661737 -0.33765351487503753 -1.7743963291247433
39885980092200 1311877998.413085025.pcd 1311877997.913031100.pcd 0.8352 0.39249760069338674 -0.9179926156635327 -0.05687873976416703 -2.9677221685289004 0.9018250838504485 0.3719598170582972 0.21990318922673557 2.5509696621440234 -0.18071289823381775 -0.13760614841344532 0.9738621033445909 1.8599230311149708
39885980092231 1311878003.412829146.pcd 1311878005.916916207.pcd 0.8469 -0.8864070389105735 0.09076150599827196 0.45392170073561655 5.201378900564137 -0.1816938278199112 -0.9701133929829896 -0.16083332268898767 1.1431515916602102 0.42575804666727957 -0.2250385606600727 0.8764061455250672 8.92008947051475
39885980092262 1311878005.916916207.pcd 1311878003.412829146.pcd 0.8504 -0.44654822483474577 -0.27747327295898794 -0.8506487322569548 7.9526321937827165 -0.6505085997528829 0.7534430682675018 0.09571888281418689 3.3379712775543364 0.6143559591511104 0.5960974129058769 -0.5169474149102978 -3.323035214122351
39885980092293 1311878005.916916207.pcd 1311878004.916798830.pcd 0.8390 -0.28703366181908224 0.8293149252390429 0.4794251054737219 -1.7510278656987412 -0.8289320559355452 0.035794656464700314 -0.558202820855506 3.321328072145571 -0.48008678759699147 -0.557633838055345 0.6771714546778138 16.307417960404337
39885980092324 1311878004.916798830.pcd 1311878005.916916207.pcd 0.8625 0.9276530317058634 0.07209146074211831 0.36641871411677074 0.9049042524995041 0.20631293509027343 0.7189253177091233 -0.6637630302836041 -0.09134496973890138 -0.31127933690072773 0.691338707758291 0.6520398496823177 1.85448842433558
39885980092355 1311878002.912842635.pcd 1311878000.913078958.pcd 0.8393 0.5359003609023115 -0.8441762552074699 0.013313651965746992 0.09173916023020023 0.8351006220666293 0.5323263094206823 0.13869265057127167 0.5715005629129513 -0.12416824959989178 -0.06320720245706876 0.9902459771939749 -2.06397232553511
39885980092386 1311878032.020372911.pcd 1311878032.521522728.pcd 0.7667 -0.07734743460874649 0.9513649811449743 -0.29819799967549765 -0.5913076491556054 -0.9968139658529087 -0.06795018463777291 0.041769485133150125 -0.8232848522674893 0.01947541629957003 0.3004786931859146 0.953589672291622 -5.131093868633405
39885980092417 1311878087.124652811.pcd 1311878088.124396737.pcd 0.8938 -0.9444969306001831 -0.17466446482150447 0.27824067426501586 0.766943751214229 -0.10478546868661284 -0.6425427405893758 -0.7590512710403833 3.0015399130409497 0.3113608094140303 -0.7460771751263483 0.5885773484568773 2.8228092305541383
39885980092448 1311877999.413111309.pcd 1311877998.913084884.pcd 0.6530 0.5385238309565965 -0.6841235812734379 0.4919014220729972 2.98965575769403 0.5279908702657419 0.7289355619284897 0.43575060237711827 0.9873420627661784 -0.6566717021524955 0.025057376191507413 0.7537601763761081 7.542290625781897
39885980092479 1311878013.416594433.pcd 1311878012.416841708.pcd 0.6718 -0.9665778766266314 0.19724137530993263 -0.16377743520338495 3.6357021235233606 -0.23251720909754975 -0.9435419671112492 0.2359328374205696 1.4676655900284232 -0.10799516604662908 0.26612853316711627 0.957868805184134 14.292861425792228
39885980092510 1311878000.413021376.pcd 1311878001.412900789.pcd 0.8849 0.5261171453244861 0.8026313649162086 0.2810402843870567 8.742812500760202 -0.7900332196039089 0.5836035942775772 -0.18776143552011665 6.40865994432109 -0.3147193373752167 -0.12324665025483326 0.9411492984022607 2.55514520659251
39885980092541 1311878088.124396737.pcd 1311878087.124652811.pcd 0.8952 -0.6850730187082247 0.4246108709680921 -0.5919295289928677 1.788317888148155 0.7110096359890556 0.5665985277490239 -0.4164509645604738 -7.244034209114892 0.15855679288100719 -0.7061669183757878 -0.6900637846046788 -0.010042928126972162
39885980092572 1311878087.124652811.pcd 1311878088.124396737.pcd 0.8938 0.41191526454582156 -0.6486274007299074 -0.6400064920424713 9.296235358173595 -0.07352551158738341 -0.7237291846097301 0.6861560073991544 7.274748539540944 -0.9082509642053562 -0.2355813285608581 -0.3458057600063101 -4.08656366404208
39885980092603 1311878003.916859696.pcd 1311878005.416898313.pcd 0.8784 0.6632700781248405 -0.5969324559271877 0.451380600519123 2.006617007879444 -0.1849742968710554 0.4536675320142201 0.8717627428911982 0.8027171744578795 -0.7251601981364715 -0.6617079517860297 0.19048693808713152 6.649424391827129
39885980092634 1311878000.913078958.pcd 1311878001.913061553.pcd 0.8910 -0.33322098785468135 -0.22085225967963673 0.9166177243799887 9.853979299130502 0.9428484978767853 -0.07877026695999578 0.32377763217143474 -7.832777115997066 0.0006952011508919442 0.9721211469963245 0.234478127461626 -9.999481568443077
39885980092665 1311878003.412829146.pcd 1311878004.916798830.pcd 0.8772 -0.41114761020548773 0.7908027626383614 -0.453418827604073 5.432861615724544 0.6474846894701372 0.6034717941913397 0.4653873338599212 5.472791194000985 0.6416550627276906 -0.10223885865472687 -0.760148667207213 8.062868490539255
39885980092696 1311878000.913078958.pcd 1311878002.413051547.pcd 0.8978 -0.4231103664926571 0.8365903872552146 -0.3479858355143485 2.390937452019405 0.884433447580914 0.29788556577678116 -0.35922369980554664 -4.598620819154855 -0.19686313663707566 -0.4597615834908532 -0.8659469913218679 -6.640479178806025
39885980092727 1311878000.413021376.pcd 1311878002.413051547.pcd 0.8834 0.2724355443106823 -0.9267886433984462 0.258537588493066 2.551012707815744 0.8909803716908506 0.14156329532442502 -0.4314090989751181 -4.2893711405469155 0.3632256205965872 0.34788308939147544 0.8643173633901304 1.5857918415943906
39885980092758 1311878087.124652811.pcd 1311878087.624133648.pcd 0.8714 0.7335017066914417 -0.5182146518403384 0.4398054352764858 3.17676632339425 0.6671612152441547 0.6725932615297998 -0.32017841497928745 -2.5640375257159795 -0.12988902630586202 0.5282725425031127 0.839081022120398 6.050747363468267
39885980092789 1311878000.913078958.pcd 1311878001.412900789.pcd 0.8929 -0.3495285182476021 -0.1955554092799116 -0.9162902907010431 6.387552079188646 0.5318007531150364 -0.8465789126199021 -0.022183410323576125 8.517109847062192 -0.7713739520608118 -0.4950376012068885 0.39989998683847683 4.122648627736499
39885980092820 1311878000.913078958.pcd 1311878000.413021376.pcd 0.9106 -0.35831193531255356 0.9249966873469455 -0.12646614333389672 2.0106641759784667 -0.5690892324850048 -0.3237851377834081 -0.7558443159938479 9.289998717986784 -0.7401013460886292 -0.19885751921352302 0.6424217341980599 -0.8593513851900498
39885980092851 1311878005.416898313.pcd 1311878003.916859696.pcd 0.9109 -0.7593981301845214 -0.6501277026922307 0.02546468268749763 5.847905536034551 0.27230875736678156 -0.282044048977679 0.9199451587446046 -3.1761149363870613 -0.5908996704463556 0.7055388895223274 0.39121919027316276 4.671598062557544
39885980092882 1311878001.913061553.pcd 1311878000.913078958.pcd 0.9121 0.031383212281585304 0.8217880247032531 -0.5689284106469066 2.9134992483161604 -0.575390574960689 -0.4505760382338455 -0.6825737469430688 5.981140577514558 -0.8172764405226038 0.3487774021117458 0.45870856057292514 -4.595592878989638
39885980092913 1311878000.413021376.pcd 1311878000.913078958.pcd 0.9104 -0.19039696703083953 0.9178147073899011 0.34837502471366616 0.5794615375279091 -0.8982837200947865 -0.3060333431097605 0.31532515141950634 6.225100186901356 0.3960244350518392 -0.25290266072909107 0.882725830050315 -10.516417727952943
39885980092944 1311878002.413051547.pcd 1311878001.913061553.pcd 0.9337 -0.8636544906937762 0.5018538316156419 -0.047367208036501324 5.604011079507266 -0.5040634596418537 -0.8589444446026515 0.09019129525695845 1.6844279630520647 0.004577046903791383 0.1017701959266147 0.9947974054362521 0.8872685148163258
39885980092975 1311878003.916859696.pcd 1311878004.416857264.pcd 0.9106 -0.936826781705279 -0.3488526020544663 0.025640653649204266 9.254599976317106 0.3497320032699333 -0.9327660327307198 0.08737879647027667 4.324820029216127 -0.006565589732052915 0.09082615385241659 0.9958451198895582 2.363869477086705
39885980093006 1311878001.913061553.pcd 1311878001.412900789.pcd 0.9246 0.6062513040621725 0.6066253240865684 0.514261677067017 -2.89617973916429 -0.46617316968781575 0.7949757469641381 -0.38819600410362987 13.858398402375883 -0.6443150876598576 -0.004390662327753148 0.7647475334371425 4.630280625316747
39885980093037 1311878001.412900789.pcd 1311878000.413021376.pcd 0.9045 -0.940212774154194 0.2416111908807714 -0.2400499359684362 1.8222696472059334 -0.11820712109775497 0.4295116329407073 0.8952914797374026 0.08249500568767104 0.3194166805898771 0.8701400976910459 -0.3752721606396641 12.590773169966702
39885980093068 1311878002.413051547.pcd 1311878000.913078958.pcd 0.9224 -0.04817746599900441 -0.9251438436238555 -0.3765472086934037 6.509853293109099 0.12811920622032708 0.3681471937958677 -0.9208979925581882 -1.3581944741562622 0.9905879066329186 -0.09260946120730223 0.10079229597298145 2.643759435119127
39885980093099 1311878087.624133648.pcd 1311878088.124396737.pcd 0.9346 0.3153759613415522 -0.2446153586956192 -0.9168976656629164 -0.949537214781665 0.1896766689586872 0.9629580769222169 -0.19166247244310108 -12.337890534971201 0.9298175973063902 -0.11346835849909631 0.350091655654476 4.821437727778381
