id source target overlap t1 t2 t3 t4 t5 t6 t7 t8 t9 t10 t11 t12
39885980090030 1311878031.020700170.pcd 1311878029.416843446.pcd 0.12975305177494037 0.7752589888194991 0.544695650376423 -0.31981267754042075 1.9765618958101356 -0.4804832553510206 0.8372120094069742 0.2611740657722784 -17.022460161917103 0.41001139201472625 -0.04881290572934631 0.9107732751087969 -11.540533065850669
39885980090061 1311878032.521522728.pcd 1311878003.412829146.pcd 0.16419180490359261 -0.759278439279144 -0.6078647955091532 -0.23237177545141585 2.776163505260412 0.6504068561861012 -0.7206921365324771 -0.23994533912198884 -15.957424597779044 -0.02161418682116374 -0.33332151853858655 0.9425654312604462 -1.3821981184929308
39885980090092 1311878018.416634987.pcd 1311878029.416843446.pcd 0.12973567871066424 0.9476818823616242 -0.12945889186460366 -0.29178664321849507 12.199010302311258 -0.1405044615853677 0.6515987987345029 -0.7454377920137659 11.859832275845697 0.2866313767160435 0.747435215122315 0.5993188242304124 12.344388975356777
39885980090123 1311878087.624133648.pcd 1311878005.416898313.pcd 0.15761428097461502 0.2902566967579103 -0.34997667596317494 0.8906555879064324 -2.1743603114243024 -0.932953144036126 0.10362704855739224 0.3447605920641031 -1.234280403025236 -0.2129541758695836 -0.9310090016154786 -0.29643339537011637 0.16821538517979434
39885980090154 1311878024.919119424.pcd 1311878029.416843446.pcd 0.1375215760966609 -0.01207053827151433 0.768928824292904 0.6392204355911731 -9.726541377549657 -0.7452721526351469 -0.4331172835289898 0.5069308012096362 12.901557689097523 0.6666511236114515 -0.4702742624043994 0.5782891988508759 -1.0876159443314994
39885980090185 1311878017.916603725.pcd 1311878029.416843446.pcd 0.15523587925345939 -0.6364069349632736 -0.059804203195267386 0.7690316446095248 -10.35447343544638 -0.39736679921681206 -0.8290983603893284 -0.3933135335580417 16.05508651119532 0.6611246781136194 -0.5558951034861759 0.5038797415150329 11.6464156963764
39885980090216 1311878029.416843446.pcd 1311878009.416624944.pcd 0.11405441196680145 0.592885952743831 -0.4128232818717631 0.6914211343195019 5.505029285799537 0.5858644111413055 0.8101948472237256 -0.01863333813827714 1.3040902186100645 -0.552493564484774 0.41612648014365883 0.7222116128436028 -16.631128590748755
39885980090247 1311878054.610020637.pcd 1311877981.913490229.pcd 0.13263033516143952 -0.024041254457035144 -0.6545542234308739 -0.7556327061958991 -2.1962060970431763 -0.07590677765617004 0.7548643998614017 -0.6514736364026888 0.03429194966390201 0.9968250494394636 0.041695400354135104 -0.06783298901949941 -11.912136150773962
39885980090278 1311878029.416843446.pcd 1311877984.913448964.pcd 0.10425142942810382 -0.08197787296293524 0.280400825530631 0.9563759749106068 -4.7527654603411715 -0.611701131591804 0.7434404790351596 -0.2704033648852747 3.079313608163568 -0.7868299396653508 -0.607183358775348 0.11057583313051489 -19.680039593129024
39885980090309 1311878088.124396737.pcd 1311877999.912887758.pcd 0.1726847815557493 0.07914866368566376 0.38589151426438395 0.919142659360077 -20.335823348014898 -0.21263793804586428 -0.894279286556949 0.393763463184178 11.049130579420101 0.9739202207267169 -0.2266104517755857 0.011274165409823511 7.278547746049489
39885980090340 1311878087.124652811.pcd 1311877982.413358758.pcd 0.2766248491867179 -0.07859323090427707 -0.08791893054201289 0.9930223389775157 10.428216773399496 -0.3396081654531399 -0.9341612278855428 -0.10958601312634823 6.082818081223651 0.937277652573441 -0.34585121362765825 0.04356076237505644 -8.603439313636356
39885980090371 1311877997.913031100.pcd 1311877980.413271843.pcd 0.2572350917374586 0.06844481392788637 -0.6874026571403595 -0.7230441856503312 5.637982785149291 -0.09133094756071208 0.7173832268211393 -0.690666318777275 -10.533736055663248 0.9934656337609468 0.113308838278677 -0.013679974557620711 11.614742722388582
39885980090402 1311878062.689146021.pcd 1311878031.522514648.pcd 0.27635679516054407 -0.03276054055744376 -0.6817617960798089 -0.7308403385065834 -9.741895040390464 -0.24704445560939856 0.7140665533334731 -0.6550404524631362 2.705969791955779 0.9684501969306631 0.15909057425406256 -0.19181867804901748 20.252717310626274
39885980090433 1311878033.552322017.pcd 1311878054.610020637.pcd 0.26450626935086785 0.044688677233349544 0.9752923695571911 0.21635090942876362 5.23370948831896 -0.12792953078772773 -0.20919731037385436 0.9694691952221985 -13.016919047183213 0.9907759369703957 -0.07100196628167987 0.11541994413692058 10.513495379703839
39885980090464 1311878031.522514648.pcd 1311878001.913061553.pcd 0.26119349362745536 0.2648668733938797 0.7645385902084423 0.5876446915106426 23.352954187552513 0.23683629276342605 0.539165050040364 -0.8082138449971324 -10.124734918573761 -0.9347481531453419 0.3532446643575239 -0.03826352433209779 10.099675041164689
39885980090495 1311878060.985125888.pcd 1311878032.020372911.pcd 0.2135722884548173 -0.8271261012641771 -0.4295408667416072 0.36243214041581834 7.214752753874311 0.5620072128913078 -0.6284665399301335 0.5377524531291237 -20.979186183867196 -0.0032101815629076436 0.6484785670992642 0.7612261442877659 -10.982386578396575
39885980090526 1311877979.413486189.pcd 1311878032.521522728.pcd 0.2718292575701392 -0.9982735869150179 0.00836845707656883 -0.058136172852891535 3.0027110183521892 0.04981064139676219 0.6451269241847661 -0.7624500978395539 12.981828380342652 0.031124679459663823 -0.7640295940721535 -0.6444300068358646 3.9223734171838998
39885980090557 1311878087.124652811.pcd 1311878018.916738987.pcd 0.26102097061209006 0.4118080765777469 -0.18899602780512362 0.8914564540902834 19.95375302262319 -0.6473914382403444 -0.7491446858123637 0.1402375321096079 1.7306139510174927 0.6413255286969597 -0.6348722243042138 -0.430858242405301 23.843485424652098
39885980090588 1311878054.610020637.pcd 1311877996.881722927.pcd 0.2321915119384015 -0.22810874888686494 -0.9736345043810446 -0.001500186637429568 12.25821082294595 0.7708860302608462 -0.17966605413434245 -0.6111095133774875 -1.9130169345800754 0.5947277755662193 -0.14055589945097793 0.7915446368333146 12.322716037540193
39885980090619 1311878087.624133648.pcd 1311878039.133184373.pcd 0.23930423946203583 0.266362264066873 -0.06814510417887881 -0.9614610699646756 -2.3804596908629025 0.9595304899905428 -0.07583278601304372 0.2712021890472284 -0.310612063963865 -0.0913913730046666 -0.9947892406645487 0.04518831263028317 -1.2525121353338555
39885980090650 1311878024.416954902.pcd 1311877998.413085025.pcd 0.2947175951554191 -0.01667264349233616 -0.9270018243160526 -0.3746860561505961 -18.064479193665225 0.18357636221172624 0.36552978629667454 -0.9125172297370698 -6.361283413205418 0.9828640507191655 -0.08399757761160542 0.1640812748588204 -7.614499525072916
39885980090681 1311878087.624133648.pcd 1311878011.916757612.pcd 0.2941202650978742 0.06075492252032616 -0.8240700701326391 -0.5632205242186552 9.476899563947649 -0.060006302380663346 0.5602268814843252 -0.8261628682874513 10.757250138338106 0.9963473706816062 0.08399024213523493 -0.015412857032849447 -4.370847237148653
39885980090712 1311878012.416841708.pcd 1311878087.624133648.pcd 0.2876986127503603 -0.9284236017361275 -0.30000407211761176 0.2191510265825086 6.366364112861859 0.19654420617388016 -0.8971773555262669 -0.3955289720745798 13.200261238752633 0.3152776407530288 -0.32414556829261953 0.8919246940170784 -16.608269834377243
39885980090743 1311877979.913186829.pcd 1311877989.413183667.pcd 0.36614601420377574 0.016959947304880985 -0.6093785552164641 -0.7926980109913929 9.632909953091367 0.6938238132562657 0.5780359647104636 -0.42951477234174174 1.6127510169836146 0.7199450509212145 -0.5427082088411216 0.4326048123986966 -0.7100210425209519
39885980090774 1311877997.413414901.pcd 1311878070.695859772.pcd 0.34095487864309365 -0.5440523494641989 0.7548260716463482 0.36639410831156627 2.5665172642359986 0.4225902642570882 0.623755196616625 -0.6575309294998072 -25.890607323460216 -0.7248617175693652 -0.20289666398612352 -0.6583376292949479 -14.495957950458676
39885980090805 1311878056.016844596.pcd 1311877997.913031100.pcd 0.2906986541658049 0.6572948921985078 0.5050366869178711 0.5593758750221285 1.9177094434471682 -0.31222266826031875 0.8580298144525327 -0.4078012296878947 23.254512820445004 -0.6859157602170682 0.09339583704626417 0.7216625163525322 28.72065041293732
39885980090836 1311878031.020700170.pcd 1311878017.916603725.pcd 0.3610126981899818 -0.758660874065308 0.6277797918236138 -0.17414422511344793 -6.336681331786301 -0.055758921198228006 0.20375333000662074 0.9774331297935543 -4.693301720221222 0.6490952325115883 0.7512503667147947 -0.11957535549440715 -5.834602945655634
39885980090867 1311878021.918300567.pcd 1311878031.522514648.pcd 0.3262364512941714 0.4759897455984574 0.844388899570274 0.24584781546236623 16.40439670472719 -0.45442273615004597 -0.003192677532946442 0.8907804351691141 11.690003129953544 0.7529500242081286 -0.5357211896991497 0.3821898323507652 -0.25291281271266713
39885980090898 1311878032.020372911.pcd 1311878082.710759201.pcd 0.28810762485377056 -0.8458858550839404 -0.18214812148077444 0.5012974985075593 -23.895771829143694 0.5201041170110422 -0.4899658735681803 0.6995892725069007 0.6835944855382426 0.11818979497856624 0.8524995628031696 0.5091911898131481 -1.9587869141302234
39885980090929 1311878036.751372637.pcd 1311878031.020700170.pcd 0.36714037587409 0.2641438234837286 -0.9496528598196969 -0.16848586395204707 12.47075419425012 -0.27257358516119706 0.09406687871473735 -0.9575254894786029 18.429924572050943 0.9251657587631354 0.29884923986039813 -0.23400309965274763 -6.388245790881452
39885980090960 1311878066.028658109.pcd 1311878080.540485521.pcd 0.39654581729509686 -0.8284480692875948 -0.35090368847364595 0.4365093331295984 -8.925918271203065 0.14210403958909018 0.6221856700197372 0.7698645555904965 -11.495146380061719 -0.5417381640849374 0.699822544247955 -0.4655836854274431 2.020469165442925
39885980090991 1311878043.633576253.pcd 1311877980.913449772.pcd 0.40281993223169693 0.5037249000016422 -0.8074554363878649 -0.3070455069953285 -14.148816092959999 0.8601850003223622 0.4360587078554475 0.26445144833003864 0.16074989427832914 -0.07964289258153054 -0.39732671889909466 0.9142146838189193 8.46541034965805
39885980091022 1311878019.416709866.pcd 1311878031.020700170.pcd 0.3882667300041565 0.5772949208450622 -0.41560391661052565 -0.7028541519152354 3.929820792522472 0.6995379310654122 0.6957123201557245 0.16319022821315482 -9.763325158596995 0.42116179476207977 -0.5858820291505196 0.6923618927636428 0.6744123439643253
39885980091053 1311877999.413111309.pcd 1311877998.413085025.pcd 0.37998928878752686 0.06692924153951679 -0.5499891508190135 -0.832485681923915 -2.210308499929169 0.8780476894528081 -0.3637983448905071 0.3109389317880811 -7.625057622193317 -0.4738699522796632 -0.7517730363855226 0.45856795580389353 4.822781041815755
39885980091084 1311877997.413414901.pcd 1311878025.952578753.pcd 0.372867901588115 0.14313726245123515 0.954826909881406 0.26041754215930185 -6.499512953990917 -0.40043600265509777 0.29650059023321457 -0.8670284930548487 -0.265074971157117 -0.9050760917600094 0.01982352535955456 0.4247873538215873 -5.613154187044777
39885980091115 1311877979.413486189.pcd 1311878000.413021376.pcd 0.4144433783024386 -0.2235439308852416 -0.8090291968651637 0.5435989970410937 6.556780710801332 -0.5690893946689717 0.561115037176998 0.601071689508964 -3.039111156794419 -0.791306117655916 -0.17499049595210894 -0.5858437970028847 -8.683435158781476
39885980091146 1311878047.105261052.pcd 1311878049.976938677.pcd 0.4469320679126393 -0.015997247952094507 -0.5743150229415974 -0.8184780647528385 2.5260391438369565 -0.22550317980813459 0.7995649745095754 -0.5566364769164183 13.617369528429535 0.9741110839911327 0.17566475446456106 -0.14230070303595177 -8.054770636394963
39885980091177 1311878039.133184373.pcd 1311878015.416753850.pcd 0.4471132602442786 0.7525767461810191 0.6287384605703675 0.19574521528556998 10.319625861632662 0.40582757298122896 -0.2087413805676982 -0.8897926820596225 -4.129758435401033 -0.5185867546667144 0.7490760870821438 -0.4122533124741985 -9.558951639402112
39885980091208 1311878059.920997722.pcd 1311877990.045910435.pcd 0.44115533003601665 0.850092815647544 0.3572192601105474 0.3869581437190631 -10.93232687750251 0.3622522983804318 0.1366902536538252 -0.9220027369125035 1.2705401464215935 -0.38225054231815636 0.9239643795959482 -0.013204095400645877 -18.303718618062696
39885980091239 1311877978.913364175.pcd 1311878033.552322017.pcd 0.3942464418987279 0.23741371557827343 -0.30663078680622746 0.9217441555214293 11.411357641835881 0.7042408812780139 -0.5992370576813607 -0.38073577430831507 -7.295659486445247 0.6690885657310887 0.739521811229378 0.07367483915106446 -1.8514053601609626
39885980091270 1311878020.416806468.pcd 1311877997.413414901.pcd 0.4857778310783555 0.0981412901531905 0.06899421013850099 0.992777964166425 -4.511257366541798 0.16000749979707649 -0.9857088076701249 0.05268535365952608 -18.610500085688063 0.9822249677012674 0.15368131131957824 -0.10777832516484477 12.431442594712973
39885980091301 1311877999.413111309.pcd 1311878008.416883803.pcd 0.4877513073094999 0.20112458047316611 -0.2532565838163856 0.9462610664521428 14.495912375259067 0.10246470903161656 0.9661404772459457 0.23679856762666907 3.37344971565161 -0.9741919146310746 0.04933235227140552 0.2202644603353225 12.251840750072134
39885980091332 1311878080.540485521.pcd 1311878015.916479078.pcd 0.49565299490948 0.27761950407937935 0.9605763661933324 0.014847749510697061 -0.5246274451320411 0.4388862817593821 -0.1405619385537826 0.8874802381537444 16.251397993743762 0.8545795706885018 -0.23986535002124743 -0.4606065253782675 -13.844417507651098
39885980091363 1311877977.913521548.pcd 1311878009.916847863.pcd 0.5222027725800286 0.8260181951598051 -0.0639431090776406 -0.5600046607541972 -1.2524646906790315 -0.0789993578794378 -0.9968710111038417 -0.0026997547002015343 -16.758679526090503 -0.5580797816796225 0.04647005511390865 -0.8284850579570735 4.853705896614496
39885980091394 1311878066.028658109.pcd 1311877983.913158829.pcd 0.5137099212027166 0.6964754545567128 0.10052415129903487 0.7105046348938399 11.19134841759876 0.10868568332059166 0.9639383550611537 -0.24292029532983223 4.553180818540976 -0.709302025544236 0.24640970485678032 0.660433867931709 6.425461906257165
39885980091425 1311877984.913448964.pcd 1311877986.413805624.pcd 0.5394377573724349 0.3226027120509719 -0.9322044503901938 -0.16408032438435166 13.44280788893759 -0.7761400307701165 -0.16130006438261515 -0.609580955957719 15.19400103158567 0.5417879131297783 0.3240017776230256 -0.7755570290337127 1.9074312709872587
39885980091456 1311878015.416753850.pcd 1311878060.985125888.pcd 0.48065924829615014 -0.48843047252536576 0.07491457279636449 -0.8693810903691119 4.354356287669354 -0.8165478790500902 0.3120933566627532 0.4856411205260266 0.5990457778810362 0.30770965978897563 0.9470932074034285 -0.09126457014000108 -2.0570086163045285
39885980091487 1311878064.154318074.pcd 1311878059.920997722.pcd 0.5021736589926377 -0.17002710721418657 -0.833422341278599 -0.5258307559187405 24.24490483241567 -0.8830829028018694 0.365668170772557 -0.2940261479237454 -0.8009853929358329 0.43732753125249224 0.41435973494241773 -0.7981545216729965 -12.174240279211741
39885980091518 1311878079.440795390.pcd 1311878027.252252402.pcd 0.5251257061270097 0.411527777151802 -0.8141295504341739 0.40968031895899804 4.026898876275652 0.8190825243987743 0.133245266974635 -0.5579870222983588 3.0604266561700793 0.399685760137921 0.5651891488154278 0.7216734158913325 -15.452984358999839
39885980091549 1311877978.413261704.pcd 1311877982.913720969.pcd 0.5151884387607875 0.7101203455775109 -0.05569962345717355 -0.7018736686495693 4.819077325314682 -0.5189268491682391 0.6323397429845334 -0.5752055064536307 19.21089250270076 0.4758613453614403 0.7726862244074132 0.4201332867100829 -4.503249507384317
39885980091580 1311878010.416760630.pcd 1311878003.916859696.pcd 0.5926956748987325 0.9866722218078483 -0.03102885843167322 -0.15973458190758774 19.24104260924833 -0.03613467494661044 0.9153594308521573 -0.4010129643995538 2.187475971107479 0.15865753048395617 0.40144030975282263 0.9020385056782725 0.4144823414158857
39885980091611 1311878023.916636780.pcd 1311878078.472421449.pcd 0.6358864355473349 0.5420573528988213 -0.3951844483427331 -0.7416219238644257 -5.64270031816012 0.6623405944776264 -0.3422286153465234 0.6664716886297761 4.705606636200583 -0.5171834907219552 -0.8524721852506689 0.0762391651226734 -4.938446002203414
39885980091642 1311878022.416870637.pcd 1311878026.485283138.pcd 0.5962168921223144 0.25504192518255053 -0.8280062354232613 0.49935887946383567 6.422768544389186 -0.2149874029369801 0.4549517776605378 0.8641755010308552 17.80615505469623 -0.942726913256215 -0.32775685210795497 -0.06197913292950541 -9.222235314480786
39885980091673 1311878021.918300567.pcd 1311878015.416753850.pcd 0.6055868085381052 -0.19831884607560343 0.7850425163277486 0.586837185980096 14.686199260299443 0.9715035437890842 0.2367402564116077 0.01161530883865447 -3.470091325271509 -0.12980947460217301 0.5724179404525709 -0.8096216411087002 -0.6963994074439139
39885980091704 1311878028.016929111.pcd 1311878024.416954902.pcd 0.5695732204707259 0.39392097723724284 0.3996897251512366 -0.8276922056543633 1.5228602606780592 -0.2342598430918773 0.9144226854824146 0.3300810176149158 -10.433344895877713 0.8887905206554719 0.06386920919862973 0.45384153017250084 10.199887644162967
39885980091735 1311877986.413805624.pcd 1311878011.916757612.pcd 0.6154560031952823 -0.1730484962172954 -0.7315487301042592 0.6594624124540974 8.86993007770733 0.6720377745723346 -0.5771815478495378 -0.4639253068866533 -4.568321431564275 0.7200135050850064 0.3629020753658721 0.5915087794702173 4.451477957535615
39885980091766 1311878004.416857264.pcd 1311878084.009107291.pcd 0.6069122831271169 -0.18282257766297433 0.39353520573325346 0.9009472498127469 -2.2216585984787405 -0.9669442496872707 -0.2376547635155271 -0.09240687947929277 -1.7864737261037524 0.17774904526716145 -0.8880598263781925 0.4239752606930596 7.235449011517154
39885980091797 1311878076.104343784.pcd 1311878039.133184373.pcd 0.5955193274268014 0.03229146242440922 -0.9405547855937961 -0.3381034704807114 -0.8858811856536135 0.031461967797533796 -0.33715568798157336 0.9409230503308859 -17.530624814399975 -0.9989831860631089 -0.041021181824518804 0.018704454146535515 -8.303852666954153
39885980091828 1311877994.245272196.pcd 1311877995.482895018.pcd 0.5752647408828211 0.06668117037460156 0.9923731353829774 0.1036782604388804 10.016215166759908 0.03406692241875836 0.10158457988902544 -0.9942434399711595 -7.033551750409196 -0.9971925923884453 0.06982931546943 -0.027033319934539446 8.34324834909857
39885980091859 1311878005.416898313.pcd 1311877985.913466362.pcd 0.559952254933526 0.004115911056754906 -0.5686836643693642 0.8225460164365305 -1.3606768580077269 -0.4836772579472386 0.7188025597536931 0.49937880435214577 -2.7658726514892567 -0.8752367504971515 -0.39990220050778735 -0.2721008280182479 10.926534104985691
39885980091890 1311878015.416753850.pcd 1311877977.913521548.pcd 0.7181932796140985 -0.1139787824354967 0.9705499840731076 0.2122299827314995 -2.5633628337193946 -0.4161143482042184 0.14734401153694382 -0.8972951529361894 -8.643075470402696 -0.9021406134151706 -0.19058454995065 0.387065682988053 4.223570857667069
39885980091921 1311878082.710759201.pcd 1311877984.913448964.pcd 0.6579717985205396 0.03403405572639456 0.9531578270583075 0.3005525574143367 7.544950698365023 0.1617450179814729 0.2915092940822621 -0.9427941878383819 -10.50765853785893 -0.9862455232897058 0.08069998873077194 -0.14424728631716988 13.20758677806964
39885980091952 1311878013.916760920.pcd 1311878008.916832658.pcd 0.6754577817073455 -0.13860145241404173 -0.7553911161429985 0.6404482016845331 1.2034233527796685 -0.22871889661363226 -0.6047918393272926 -0.7628332041901115 -3.1425319398070384 0.9635752714347542 -0.25221239607787826 -0.08894719525704428 7.740582815782366
39885980091983 1311878000.913078958.pcd 1311878028.016929111.pcd 0.6781085344162164 0.4286030130859366 0.37842711818257074 0.8204220702770562 16.55629960207817 0.3386060956869 0.7745936532821857 -0.534182163927841 -18.444115359189276 -0.8376427455289817 0.506751999028116 0.20385544472414274 2.8403293285759146
39885980092014 1311878002.413051547.pcd 1311878015.416753850.pcd 0.6856533310500817 -0.36712461672905483 -0.7683888589122467 -0.5242118629820197 -9.533243351436388 -0.7002096400881499 0.5992773679976385 -0.3880374932058064 11.444050238372602 0.6123119921405819 0.22460008393889375 -0.7580427603872183 7.083576115506384
39885980092045 1311878018.416634987.pcd 1311878039.133184373.pcd 0.68915667145442 0.22342882206100811 0.8013001313177032 -0.5549753697441558 -10.801315025613526 -0.6659519276925229 0.5412507443425204 0.513376724980088 6.0156046106894845 0.7117496691077866 0.254883760367152 0.6545583833593891 -2.441740182351902
39885980092076 1311878002.413051547.pcd 1311878016.416706986.pcd 0.6896561565739809 0.9876547618722125 0.08214938820087186 -0.13337746949678575 1.8947499310714968 -0.1351507629192334 0.8773604785857032 -0.46040510629033554 -11.981851319932634 0.07919812266394154 0.4727473623766593 0.8776318070423491 -0.41312866886015287
39885980092107 1311878007.916757408.pcd 1311877992.145355200.pcd 0.6925424248279354 0.8878034163488637 0.39106096879115915 -0.24264462204509302 -15.100706067111913 0.21434108967589782 -0.8179038269197014 -0.5339393478539071 3.8912768447688677 -0.4072628035996348 0.4220244644546415 -0.80995824596453 -0.7076489358251854
39885980092138 1311878009.416624944.pcd 1311878002.912842635.pcd 0.7284280278178716 0.4765336265366841 -0.8736730839431995 -0.0980359381705258 3.3753077317525677 0.5744407886469246 0.3938407226005254 -0.7175703906657489 -3.3892856086605527 0.6655324808891716 0.28563057892087645 0.6895518031785788 0.2815189411166496
39885980092169 1311878008.416883803.pcd 1311878071.764567719.pcd 0.6641577973780863 -0.8203590614247039 -0.5532331333682365 0.14472080182869937 -6.8148454009236055 0.565905974941153 -0.7490152228505206 0.34456729888961907 -1.89427207997354 -0.08222796278810439 0.36456727236786884 0.9275393609189694 22.825883834556837
39885980092200 1311878019.916992351.pcd 1311878039.133184373.pcd 0.7831678931539708 0.6398451857966676 -0.6686828344911859 -0.3787629932684299 -1.2596572667374997 0.09428445792347673 -0.42083086819011245 0.9022260367404789 -1.239316612788783 -0.7626982228948115 -0.6129964496105902 -0.20622020647334022 -5.621528860237591
39885980092231 1311878082.710759201.pcd 1311878008.416883803.pcd 0.7736648986840093 0.013533877504189468 0.5091722155955344 0.8605582426688133 -1.3770174630097336 0.5770944705655717 -0.7068082199274521 0.40912603471990006 7.957228921250728 0.8165652492007874 0.49108634180612376 -0.30340632605325646 -5.393310156027095
39885980092262 1311878011.916757612.pcd 1311878039.133184373.pcd 0.7597285209395427 0.5978914465067336 -0.583350115501641 0.549753090885634 -11.690270633359036 -0.4740783194347021 -0.8103721795800319 -0.3443060812775126 -7.152224553041454 0.646355602773005 -0.05476836045501737 -0.7610682370569771 -2.18768885357329
39885980092293 1311878084.009107291.pcd 1311877991.381472609.pcd 0.7534012679927077 -0.29808791375329524 0.09708428478115007 -0.9495884568183947 7.243394224625481 -0.05824220380543772 0.9911108473784711 0.1196124320654604 2.913214142805323 0.9527599075161032 0.0909611447666589 -0.2897837620927801 -2.9659331695965974
39885980092324 1311878014.916627300.pcd 1311878036.751372637.pcd 0.7500711519186269 0.09347853928500915 0.09823334211752874 0.9907633285449972 7.25277567687111 -0.008196819840816723 0.9951628758268471 -0.09789618338084813 -0.6137850509328218 -0.9955875525726697 0.0010300837150478345 0.09383157299066136 0.9843661943276512
39885980092355 1311878011.416686707.pcd 1311877992.915204959.pcd 0.7296396293620312 -0.33414996861677004 0.9092971107666554 -0.24803742222661546 -6.005954613179176 0.35298954413826683 0.36474462505115335 0.8616030061608142 8.463102690408661 0.8739234406985947 0.20035000086774696 -0.44285177762974326 4.496456908990963
39885980092386 1311878019.916992351.pcd 1311878059.920997722.pcd 0.7506463919576184 0.19812997822080372 0.8335156844715444 0.5157481124251995 9.199202611139173 -0.6940555381547745 -0.2522425669902325 0.6742852492490579 -4.789883299059812 0.692120958855394 -0.491553955469906 0.5285293626422087 -11.67847159014155
39885980092417 1311878010.416760630.pcd 1311878059.920997722.pcd 0.8029138899777865 -0.47608770784626675 0.13060929319181613 -0.8696445865809905 -5.464647895488679 -0.5882085082037853 0.6878332684802978 0.42531887525524636 0.6618678001318746 0.6537210760824261 0.7140214333643247 -0.2506434666652818 14.01814016177614
39885980092448 1311878013.416594433.pcd 1311878007.916757408.pcd 0.7846232720406645 -0.24150623929805318 0.681404854021807 -0.6909140042694399 2.7946011510759305 0.8983463726791132 0.4262218921588521 0.10634234029213291 -0.45122846559662555 0.36694486108186797 -0.5949977508865458 -0.7150728252182157 -18.6562502544276
39885980092479 1311878008.916832658.pcd 1311878043.633576253.pcd 0.7684635090205483 0.4976237923462826 0.12537631235098118 -0.8582839516105223 -15.286829456181252 -0.8530505566228648 0.2499360149813309 -0.4580793995157096 -16.56963502018848 0.1570837647127319 0.9601108106445431 0.23132644065725372 20.295817413817524
39885980092510 1311878013.416594433.pcd 1311878026.485283138.pcd 0.8189605046797922 0.24223006067888897 0.6397879739231964 0.7293805221739561 6.213779045747795 -0.16555038106878847 0.7679997995015801 -0.618683585763766 8.922026419935314 -0.9559904126252944 0.029114539130539352 0.29194978092085566 -15.033763663759336
39885980092541 1311878007.916757408.pcd 1311878009.416624944.pcd 0.8953554224493467 0.8768498462981587 0.47130344193119084 -0.09490738996889592 2.1239048818399495 -0.2921940732329345 0.36567019444419796 -0.8836899526772323 3.1761684400611494 -0.3817813125526732 0.8025947760351765 0.45834992622078924 -0.7392606833954176
39885980092572 1311878007.916757408.pcd 1311878042.301372353.pcd 0.8313867105517393 0.7867774380584757 0.34349855183111266 0.5128255140416375 2.6171725091640448 -0.11623719602024526 0.8984306325263437 -0.42345166524606415 -1.6310879611669309 -0.6061931847385719 0.27355281652405283 0.7467922598341961 3.236338285484455
39885980092603 1311878010.916860226.pcd 1311878021.416795219.pcd 0.8958040684667812 0.8263727090904416 0.1044372358746499 -0.5533543253950286 -6.666138939117017 -0.5097566053151484 -0.2788140347234867 -0.81388631723281 5.2963911537672645 -0.23928298938307416 0.9546494633131436 -0.1771667383789251 10.455502977160972
39885980092634 1311878008.916832658.pcd 1311878078.472421449.pcd 0.8263476317654113 -0.38420023734891007 0.17622410245958325 -0.9062754787223117 -12.718748588617089 0.7408487501923802 -0.5269214841802042 -0.41652956539448555 16.722206992208747 -0.5509385691340092 -0.8314438136288254 0.07188795322531824 7.134456681655341
39885980092665 1311878007.916757408.pcd 1311878082.710759201.pcd 0.8211261318284484 0.2737263255158638 -0.8860802405739606 -0.37407981231814075 -2.152823915648143 -0.02561808550991418 0.3820793842365514 -0.9237743543940935 -3.709462589946612 0.9614663865234134 0.26244456825358337 0.08188550653076604 -8.566530218511259
39885980092696 1311878007.916757408.pcd 1311878017.916603725.pcd 0.8331056906235633 0.9219146145082934 0.310370604397475 -0.23182651160290246 -2.526904328733554 0.19569253713528123 0.1433464455854705 0.9701320670133362 -17.311583289923348 0.3343319824150558 -0.9397456488135274 0.07141597209631056 11.484622566631543
39885980092727 1311878007.916757408.pcd 1311878084.009107291.pcd 0.8224919880870684 0.23595407864221105 -0.41958353312021546 -0.876513166761608 -6.198206098371144 -0.17488169055043393 -0.9055894786339592 0.3864247539918943 -1.8677313823463244 -0.9558985652684742 0.06210760760028394 -0.2870550086583433 -9.893214813400382
39885980092758 1311878008.916832658.pcd 1311878057.483865679.pcd 0.8392584618738759 -0.09033118654645304 -0.9784177247153707 -0.1858467990036602 -12.03474987260516 -0.34453351634043217 -0.144386304825456 0.9276040378830548 6.94411085958838 -0.9344179647541068 0.14782202454860194 -0.3240551129100504 -0.3805175716595002
39885980092789 1311878004.416857264.pcd 1311878000.413021376.pcd 0.9014861408723301 -0.6427767484369813 0.6086084025275462 0.4652245307823417 15.295082650643753 0.1224409824500908 0.6811147028543465 -0.7218663085172297 12.163283798780334 -0.7562051689094953 -0.40703632998603917 -0.5123233047461906 -1.8315504236437161
39885980092820 1311878001.913061553.pcd 1311878002.413051547.pcd 0.9927535202262039 0.517037960552907 -0.5768587492759624 -0.63238100124139 15.723885166926888 0.8331479179849249 0.5085954396959863 0.2172446212863069 -4.619746493162819 0.19630663285960376 -0.6391906304884472 0.7435718148175776 6.64628624267359
39885980092851 1311878005.916916207.pcd 1311878004.916798830.pcd 0.9897959183673469 -0.6144717722136435 0.14864188709810644 0.7748096737602973 -1.3737288236292042 -0.30814474868108827 -0.9492999352824385 -0.06226111734483618 -14.851084329628709 0.7262721631818844 -0.27701123131142585 0.6291212305386256 8.479823749110968
39885980092882 1311878022.916648841.pcd 1311878023.416579397.pcd 0.9194640877286152 0.6391188433153028 0.5562757894920202 -0.5311161362115997 8.437618480700626 -0.7506207520154412 0.6016457204100605 -0.2731133716170489 -6.598151477444068 0.1676173939753344 0.5732186957325174 0.8020752683505636 -19.87564008862323
39885980092913 1311877990.613360845.pcd 1311877990.045910435.pcd 0.9732320688888586 -0.311518109525149 -0.6703968956981019 -0.6734422541511825 5.422912518490963 -0.9034060715460519 -0.010804931903805333 0.4286498843348545 23.690180587933934 -0.2946420494966855 0.7419240228520052 -0.602274693959069 17.89853548808725
39885980092944 1311878002.413051547.pcd 1311878000.413021376.pcd 0.9963896083509929 0.39874349772158746 0.7146175311482033 0.5747394254794087 6.967615940477328 -0.5691565869322224 0.684253445224065 -0.4559144681304388 -0.6871038924738798 -0.7190719036205055 -0.14532380009703819 0.6795708870669328 3.747376967820542
39885980092975 1311878087.624133648.pcd 1311878088.124396737.pcd 0.9969209480728615 0.47598302997352115 -0.8616873794376516 -0.1758835276400223 -15.130561371403266 -0.009192876658832783 0.1951057966425618 -0.9807391187952108 -3.11484016505643 0.8794064169631475 0.4684320529536208 0.08494566245368107 -6.603183988704372
39885980093006 1311878087.124652811.pcd 1311878087.624133648.pcd 0.9959608268804752 -0.1399181563098872 0.1255357370974725 -0.9821729421269132 7.304193672551089 -0.037448441580653774 -0.9918917199528623 -0.12144311471686421 12.359268827426462 -0.9894546597788212 0.01978874933762477 0.14348477843182644 -10.568387987248585
39885980093037 1311878006.916911054.pcd 1311878006.416765302.pcd 0.9939721014672614 0.5264693123453594 -0.7183184357876207 -0.45480620924326626 -2.7680219429851363 0.508334737694478 0.6947459206927759 -0.5088456545297727 8.996624834821764 0.6814879731966588 0.03669782675271807 0.7309086207590775 -9.32120803373542
39885980093068 1311878005.916916207.pcd 1311878007.416739415.pcd 0.9740599278385387 0.6906616555667594 -0.42646301446189766 0.5840511748347522 0.835173265421645 -0.5809006688684324 0.15388052494787918 0.7992966889397034 -4.189875831247177 -0.43074457679463685 -0.891319292587026 -0.14145327222858006 9.120461543429048
39885980093099 1311878003.916859696.pcd 1311878006.416765302.pcd 0.9862207144975443 0.137368530923544 -0.39514904366635356 0.9082880159957376 17.549071440266847 0.2745957772327922 -0.8658482247573106 -0.4182152685047881 11.437850248503668 0.9516969296145836 0.3068616707478786 -0.010434039869313308 3.904718767486395
