id source target overlap t1 t2 t3 t4 t5 t6 t7 t8 t9 t10 t11 t12
39885980090000 1311878000.413021376.pcd 1311878018.416634987.pcd 0.11568800470613402 0.9549086618164152 0.2784779241652746 0.10295384082482154 -0.08782850572656688 -0.2701977566779442 0.9588293096803274 -0.08740438881516924 0.06104042606673006 -0.1230553528871848 0.05564531112812998 0.9908385234109864 -0.4542105425927411
39885980090001 1311878000.413021376.pcd 1311878018.416634987.pcd 0.11568800470613402 0.99894368759061 0.039958813252533476 -0.022689254424125005 0.353000717809768 -0.039473684043049254 0.9989905383015422 0.02144137710279721 0.5707575409736502 0.023523122474345112 -0.02052309984977885 0.9995126137681368 0.3942412094658098
39885980090002 1311878000.413021376.pcd 1311878018.416634987.pcd 0.11568800470613402 0.9681666659938863 0.2337533399821584 -0.0895135906187875 -0.02896189187546213 -0.22127815636128614 0.9664476863822683 0.13044097133842136 0.006590625034068563 0.11700121527416968 -0.10648119802831928 0.9874069424967707 -0.18096616872107513
39885980090003 1311878000.413021376.pcd 1311878018.416634987.pcd 0.11568800470613402 0.9830428745197844 -0.03726059834060118 -0.17955042374547525 0.01018060055692847 0.1284722757848482 0.838614884849118 0.5293580539334058 -0.06493785031337437 0.13084946010794712 -0.5434489145456095 0.829181340883077 -0.14459370508395455
39885980090004 1311878000.413021376.pcd 1311878018.416634987.pcd 0.11568800470613402 0.9106287067739935 0.37630291159583895 0.17073803654610267 0.010526677349598156 -0.3383072109427677 0.9161753681726352 -0.21487420919659506 0.11807543254796758 -0.23728377404123055 0.13790871429402357 0.9616015791888654 -0.3240798977707111
39885980090005 1311878000.413021376.pcd 1311878018.416634987.pcd 0.11568800470613402 0.9985855589064258 0.04672520524371003 -0.02536999681660064 0.3646181243870376 -0.044945107590443206 0.9967600073541495 0.06670401069680289 0.3756803373510451 0.028404556803876352 -0.0654694045664758 0.9974502184161805 -0.08782188774202605
39885980090006 1311878000.413021376.pcd 1311878018.416634987.pcd 0.11568800470613402 0.9851317098262609 0.10034448439176724 0.13945070364447187 0.31023109332962767 -0.07588365856099502 0.9823762083564184 -0.1708176092171567 -0.2566085533800826 -0.15413365842082083 0.157695813855084 0.9753844604228614 0.2650618986028739
39885980090007 1311878000.413021376.pcd 1311878018.416634987.pcd 0.11568800470613402 0.9519994485374439 -0.29346198226303166 -0.087046625153735 0.5442591652271203 0.29630929148137264 0.9548492876887812 0.021532338053125866 -0.20749933193312023 0.0767974854159282 -0.0462914977774455 0.9959715073571689 0.9715223882724682
39885980090008 1311878000.413021376.pcd 1311878018.416634987.pcd 0.11568800470613402 0.9995119921585899 -0.031199365901887634 -0.0015417841895907258 0.10206283653504258 0.031212417008831345 0.9994692709998618 0.009325307044373204 -0.005099834693299051 0.0012500222533845054 -0.00936887903247512 0.9999553297773062 0.2426191473681193
39885980090009 1311878000.413021376.pcd 1311878018.416634987.pcd 0.11568800470613402 0.8834134061423049 0.4244451636291761 0.19856247611231342 -0.7452172403088773 -0.3537755136017306 0.8819852744231745 -0.31135969822138054 0.29323746086348684 -0.30728429804316854 0.2048127895725249 0.9293159212042145 0.367847025346141
39885980090010 1311878000.413021376.pcd 1311878018.416634987.pcd 0.11568800470613402 0.8833267981065902 0.4665635159708878 -0.04530180252089837 0.05753071968172624 -0.4686902549813953 0.8807047917586971 -0.06847272930696285 -0.11145317807539205 0.007950637221881978 0.08171631011097544 0.9966239170467529 0.7662181125499058
39885980090011 1311878000.413021376.pcd 1311878018.416634987.pcd 0.11568800470613402 0.999836718460787 -0.01772609292840734 0.0035102773478130353 -0.28972624446832795 0.01773744469660653 0.9998374632332871 -0.0032295775048996785 0.008915435869390134 -0.0034524590077113105 0.003291313524840255 0.999988623826332 -1.1140972533635074
39885980090012 1311878000.413021376.pcd 1311878018.416634987.pcd 0.11568800470613402 0.986823506047631 -0.013042793878187395 0.16127384611186066 0.16212763705799468 0.00844041763072912 0.9995382476870089 0.029189908547345756 -0.39269243792340175 -0.16158009550089972 -0.027444069279803408 0.9864779246386031 0.11012393467914094
39885980090013 1311878000.413021376.pcd 1311878018.416634987.pcd 0.11568800470613402 0.969112534763056 0.20496268068138734 0.1371539080486737 -0.02824391393073294 -0.1279041879685917 0.8932120169127103 -0.43106010200762374 0.6705105454036611 -0.2108587528778911 0.4002031888561453 0.8918385470275171 1.2965835221713446
39885980090014 1311878000.413021376.pcd 1311878018.416634987.pcd 0.11568800470613402 0.9509168001377862 0.20134523438123003 0.23498369264202396 0.14350706849983033 -0.22548393398497513 0.970911205739218 0.08055076712656029 0.06630180954048501 -0.2119297872654361 -0.1295821251638725 0.9686558925168636 -0.5359844160840339
39885980090015 1311878000.413021376.pcd 1311878018.416634987.pcd 0.11568800470613402 0.99721911476802 0.04773826847313792 -0.05722844454004532 -0.2585404535257544 -0.04457929577076755 0.9974763037518903 0.055260382210484967 -0.23822783779007523 0.0597220522911668 -0.05255550567403062 0.9968305750193851 -0.9495192628718154
39885980090016 1311878000.413021376.pcd 1311878018.416634987.pcd 0.11568800470613402 0.9981770133892434 0.059169257127465055 0.011901636539318102 -0.44572769911851434 -0.05972458318298354 0.9967787888897607 0.05352588330033018 0.06132483430256495 -0.008696212103495698 -0.0541391266132509 0.9984955337229132 -0.051916574873546194
39885980090017 1311878000.413021376.pcd 1311878018.416634987.pcd 0.11568800470613402 0.918583915523541 0.3496608734651182 0.18423046357497644 -0.16764240261132704 -0.31184458578378726 0.9276047611469801 -0.205675378727723 0.20832767710945965 -0.24280968773666803 0.13147882211620537 0.961122663803199 0.2698117594029245
39885980090018 1311878000.413021376.pcd 1311878018.416634987.pcd 0.11568800470613402 0.9714091520743744 -0.05452456841403332 -0.23106564155107134 -0.2633259640090637 0.10930463615931467 0.9666964763294781 0.2314096349900982 0.07596501367684384 0.21075283101354686 -0.2500499831862303 0.9450175924967436 -1.2131900706114622
39885980090019 1311878000.413021376.pcd 1311878018.416634987.pcd 0.11568800470613402 0.8569139850007473 0.4433123356206965 -0.2630068352660476 0.8941553475451162 -0.46307967967480634 0.8861886843717658 -0.015060742468998203 0.059540533264796955 0.22639706840508708 0.13469888187346513 0.9646764113627018 -1.0048829023835049
39885980090020 1311878000.413021376.pcd 1311878018.416634987.pcd 0.11568800470613402 0.9958490341309377 0.01621043273590959 0.0895651890579876 1.0492281131815409 -0.016304232212268985 0.9998670273284217 0.0003157109337985169 -0.7485060365076613 -0.0895481615246618 -0.0017746920690250325 0.9959809120839683 0.5667712555244523
39885980090021 1311878000.413021376.pcd 1311878018.416634987.pcd 0.11568800470613402 0.9793919647253387 0.19856971861912728 0.03689778149105132 0.3205459322286354 -0.16808530832644955 0.9026540773721812 -0.39618549409106185 0.4312453795138932 -0.11197637499152735 0.3818189144750388 0.9174288026832708 -0.5499435104698344
39885980090022 1311878000.413021376.pcd 1311878018.416634987.pcd 0.11568800470613402 0.9917627852673128 -0.12019547451622631 0.044267659353544195 0.6989299847671925 0.11704391093274552 0.9907970500840285 0.06798476636978863 -0.03690532138884943 -0.05203172755530777 -0.062243501272071754 0.9967037904397695 0.6980151582082708
39885980090023 1311878000.413021376.pcd 1311878018.416634987.pcd 0.11568800470613402 0.9945715956009384 -0.09904149154720344 0.031908058165744865 0.023602961922386104 0.09892637824841745 0.9950813234139667 0.005170249448491431 -0.02071524368317296 -0.032263181964188925 -0.001985634612364013 0.9994774356356084 1.1674147397162566
39885980090024 1311878000.413021376.pcd 1311878018.416634987.pcd 0.11568800470613402 0.8704395594214872 0.24373866316112625 0.4276990033593182 -0.3692886105881911 -0.3650843594640789 0.9024409796787685 0.22872185875234474 -0.4222910509432449 -0.3302247475111916 -0.35523477064731623 0.8745055024722933 0.08252241671293714
39885980090025 1311878000.413021376.pcd 1311878018.416634987.pcd 0.11568800470613402 0.9755315043019814 0.007351517868344912 0.21973674999722914 -0.532603246336736 0.07768303932234752 0.923450281826837 -0.3757724343210637 0.7450499860378497 -0.20567846147799723 0.3836476667190443 0.9002837543269773 -0.8127977951161834
39885980090026 1311878000.413021376.pcd 1311878018.416634987.pcd 0.11568800470613402 0.9976780177021279 -0.020636401055568153 -0.06490540767475457 -0.24709494025032083 0.019823911031827283 0.9997171714644638 -0.013137337268027668 0.3677657032255458 0.06515815793401881 0.01182015357622132 0.9978049400679874 -0.15617800229276713
39885980090027 1311878000.413021376.pcd 1311878018.416634987.pcd 0.11568800470613402 0.9997136254098096 0.01409283162685203 0.019340611849480677 0.10751125626565089 -0.014401484486161834 0.9997696539631097 0.01591339872807683 -0.0678790723409273 -0.01911189196730437 -0.016187375056540713 0.9996863030342114 0.03995057835111391
39885980090028 1311878000.413021376.pcd 1311878018.416634987.pcd 0.11568800470613402 0.941612890593046 -0.2582854449724305 -0.21599489157015306 0.4020196420217523 0.19531104180059186 0.9415541981157861 -0.27446181694601285 -0.222149269525888 0.2742603894472843 0.2162505975157821 0.9370255694773175 -0.8366314579605649
39885980090029 1311878000.413021376.pcd 1311878018.416634987.pcd 0.11568800470613402 0.9890269459299731 -0.022582504944860374 -0.14599907771916 -0.1679834067700865 0.0925089288800024 0.865181825321954 0.4928514047966652 -0.38347542785616023 0.1151859292704826 -0.5009495379806105 0.8577772217161681 -0.9855239931892503
39885980090031 1311878006.916911054.pcd 1311878010.916860226.pcd 0.1283375055846707 0.9760059314864358 0.0893711195768749 -0.1985578623194526 -0.04394398891282916 -0.10332283539690225 0.992773624967175 -0.061032132971735195 -0.01745124772656332 0.19166849868676755 0.080083285116876 0.9781870240685314 -0.05744948778949624
39885980090032 1311878006.916911054.pcd 1311878010.916860226.pcd 0.1283375055846707 0.9721111232520013 -0.23439825253035357 0.0075778136984765215 0.00011726967490035684 0.23347578992063361 0.9703212853050546 0.06297347699534321 -0.14569373015269205 -0.022113786891176858 -0.05944798141790396 0.9979864317387627 -0.3472089349192904
39885980090033 1311878006.916911054.pcd 1311878010.916860226.pcd 0.1283375055846707 0.9913702082736654 -0.11712888911428328 -0.05887217918748308 0.005515520270169528 0.13029364507577285 0.9298686414782618 0.34404632776450356 0.016882377198112745 0.014445629107024804 -0.34874795043157686 0.9371052186758307 0.08740072569745024
39885980090034 1311878006.916911054.pcd 1311878010.916860226.pcd 0.1283375055846707 0.8420872423049662 -0.5333483061607178 0.08017892904441987 0.3604886851223733 0.5381443304719205 0.8407809190065868 -0.059060357392821033 -0.0669123899862978 -0.035913172070223515 0.09288180957503134 0.9950292525960842 0.36778532853676277
39885980090035 1311878006.916911054.pcd 1311878010.916860226.pcd 0.1283375055846707 0.9997081764924514 0.02383827655633002 -0.003911320104705339 0.3646731860022445 -0.023835553275516442 0.9997156179218701 0.0007414061930628235 1.3568861478005267 0.003927881641236541 -0.000647961354573743 0.999992075914552 -0.11423352737579305
39885980090036 1311878006.916911054.pcd 1311878010.916860226.pcd 0.1283375055846707 0.8577515285449961 -0.5059702934266082 0.0908646105396087 0.588034646078573 0.49667981437024 0.8612738714281043 0.10731486566356627 0.339699882845767 -0.13255744896408736 -0.04691887216288788 0.9900642111293065 0.9408958866156735
39885980090037 1311878006.916911054.pcd 1311878010.916860226.pcd 0.1283375055846707 0.9493128652342794 -0.3075739750808682 -0.06483312234989419 -0.5339193637845443 0.3106029039885981 0.9495581672052356 0.043187071302457546 -1.0658839285968487 0.04827960164016057 -0.06113539847573831 0.9969611542676475 0.27381767447372163
39885980090038 1311878006.916911054.pcd 1311878010.916860226.pcd 0.1283375055846707 0.9989300641769103 0.04273579553943264 -0.017674237271394874 0.04310250482001247 -0.042651799940358996 0.9990769679498958 0.005102555623457929 0.02455639121029137 0.017875985157784914 -0.004343258184209114 0.9998307783135023 0.22710622329557298
39885980090039 1311878006.916911054.pcd 1311878010.916860226.pcd 0.1283375055846707 0.998808565144921 -0.01225616396939095 0.047235967629545704 -0.12399443671901395 0.009922732089778064 0.9987336782393735 0.049321185491895916 -0.14398188766278863 -0.04778064023240559 -0.04879371266061765 0.9976653667556945 -0.23501226394900646
39885980090040 1311878006.916911054.pcd 1311878010.916860226.pcd 0.1283375055846707 0.9560086711537842 0.2863602876838946 -0.06360193641999132 -0.36752526156269855 -0.2900263842199295 0.8902392565585932 -0.35122466106228506 -0.10466363517712071 -0.04395585438925434 0.35422006114786936 0.9341284874926522 -0.4137514055119397
39885980090041 1311878006.916911054.pcd 1311878010.916860226.pcd 0.1283375055846707 0.991231955256145 -0.04728198185655 0.12338405517244302 0.2470130953881214 0.09231777046435291 0.9158866998098255 -0.39067759389035533 -0.24057941074357841 -0.09453380419495788 0.3986426561510738 0.9122211313937241 -1.1966064659563616
39885980090042 1311878006.916911054.pcd 1311878010.916860226.pcd 0.1283375055846707 0.9899993761203685 0.13443872885397176 -0.04274884168500322 -0.15946747335489259 -0.13351673947726153 0.9907619370735948 0.023750038432371008 0.0307069358077579 0.045546850172567155 -0.0178048372726708 0.9988035203227167 0.26016871842037853
39885980090043 1311878006.916911054.pcd 1311878010.916860226.pcd 0.1283375055846707 0.9984325271758696 -0.04618092070109014 0.031619791909592895 -0.32728827179511755 0.04078816571941841 0.987238865587464 0.15393423209547083 -0.17319679202784835 -0.038325112060522304 -0.1524032310575358 0.9875750305413618 -1.1406980572139462
39885980090044 1311878006.916911054.pcd 1311878010.916860226.pcd 0.1283375055846707 0.9982214154094335 0.046111620881952524 0.03778523835608499 -0.10037339308657904 -0.04318927320965291 0.9962619279220114 -0.0748121490985174 -0.49919811555988824 -0.0410937038682209 0.0730471723802908 0.9964815192012519 -0.8762172052439423
39885980090045 1311878006.916911054.pcd 1311878010.916860226.pcd 0.1283375055846707 0.9357301576229964 0.32540735752192096 -0.13608498736246818 0.0937755572182235 -0.2980105508343832 0.9357701375201991 0.18847801282063448 0.18400012776872052 0.1886763994415568 -0.13580979860094222 0.9726031641413376 0.44370491231052817
39885980090046 1311878006.916911054.pcd 1311878010.916860226.pcd 0.1283375055846707 0.8517143108968986 -0.4706093533371526 -0.23045513482022448 0.03659267977006605 0.4751998823747027 0.8790220161405816 -0.03879905838052691 -0.11772588626226885 0.22083433701417352 -0.07646653968719788 0.972309140090628 0.4417327648151554
39885980090047 1311878006.916911054.pcd 1311878010.916860226.pcd 0.1283375055846707 0.9713421641348224 -0.005638098203921036 0.23761862726335783 -0.21012926927392617 -0.033699467252736606 0.986352606041596 0.16116104511274987 -0.34725095802928485 -0.23528439404423188 -0.16455013948214997 0.9578958740466751 -0.11889097752905979
39885980090048 1311878006.916911054.pcd 1311878010.916860226.pcd 0.1283375055846707 0.9791648769702807 -0.18293473051853656 -0.08815343486152862 0.20196579424641264 0.1417184875338339 0.926514309176246 -0.34855000384849555 -0.3712005401409261 0.1454373198285018 0.3287949501768148 0.9331355028822599 1.4013802961188282
39885980090049 1311878006.916911054.pcd 1311878010.916860226.pcd 0.1283375055846707 0.9269601476421204 0.2722982519302477 0.25806694224373233 -0.045004746561135164 -0.2841065834738876 0.9587516731690304 0.008870085815811925 0.008923751563426768 -0.24500680380367698 -0.08154073332584316 0.966086318554709 -0.0842863505915579
39885980090050 1311878006.916911054.pcd 1311878010.916860226.pcd 0.1283375055846707 0.9908522766100861 -0.13134253190858403 -0.030998471711557556 -0.04414341399548695 0.12823788899931993 0.9879319476748321 -0.08686489848270763 0.01778156758147999 0.042033436233643175 0.08209510384459957 0.9957377085172263 0.6040640358917044
39885980090051 1311878006.916911054.pcd 1311878010.916860226.pcd 0.1283375055846707 0.9914916635277722 -0.03620301849003582 0.12503448567151787 1.0084562628722828 0.06800961689526186 0.9630913669727396 -0.26044137703586856 -0.24551467026137658 -0.11099086973571565 0.2667290016379731 0.9573592149869972 -0.742839303182304
39885980090052 1311878006.916911054.pcd 1311878010.916860226.pcd 0.1283375055846707 0.9489594557738678 -0.21881260868255237 0.22714971622016447 -0.4060822392244151 0.08462583028403858 0.8704377547430793 0.48495008399480083 0.3397528278800153 -0.3038328819369328 -0.44097523445128245 0.8445273367123971 -0.35499923789757887
39885980090053 1311878006.916911054.pcd 1311878010.916860226.pcd 0.1283375055846707 0.9411648818389442 0.3337998523185031 0.052785639952849864 -0.03961229286309215 -0.33437236892836836 0.9424385823651615 0.0021534546143010085 0.6172645023806421 -0.049028400854173385 -0.019676815334048477 0.9986035443798467 -0.5289389685450928
39885980090054 1311878006.916911054.pcd 1311878010.916860226.pcd 0.1283375055846707 0.8531129304542414 -0.4850362575240531 -0.19219301958925766 -0.1284016165792067 0.4672622497690144 0.8741943938710867 -0.13209902219608705 -0.2544766523114802 0.2320868756146619 0.02289084121266692 0.9724256740522643 -0.23211710646138972
39885980090055 1311878006.916911054.pcd 1311878010.916860226.pcd 0.1283375055846707 0.9989429448435179 0.03426817640401035 -0.030637967186227435 -0.09735096363496222 -0.03579640403825933 0.9980667395267646 -0.05080748870337241 -0.08175006572928348 0.028837656029754088 0.051850511437759726 0.9982384054214467 -0.13635150548301553
39885980090056 1311878006.916911054.pcd 1311878010.916860226.pcd 0.1283375055846707 0.8743779572300124 0.4736849513198611 -0.10528891111304664 0.8965204671867022 -0.4708461331821997 0.8806845758795501 0.051948018973076084 0.250656843662439 0.1173333148668379 0.004152673952718143 0.9930839080970961 0.4049054994692459
39885980090057 1311878006.916911054.pcd 1311878010.916860226.pcd 0.1283375055846707 0.9805733311599178 0.0861861776531072 -0.17620410040486892 -0.009633432501259321 -0.11076363078652719 0.9846665284947309 -0.13477108650271113 -0.16930847618531372 0.16188687504837432 0.151669939156322 0.9750840318882212 -0.14847321466027832
39885980090058 1311878006.916911054.pcd 1311878010.916860226.pcd 0.1283375055846707 0.9977657036851634 0.018237144257340538 0.06427291123784323 -0.9142086355485133 -0.01455196955405722 0.9982483499077878 -0.05734520109369772 0.32757835740578 -0.0652061402917587 0.05628177747473679 0.9962833536662828 0.38235747531451825
39885980090059 1311878006.916911054.pcd 1311878010.916860226.pcd 0.1283375055846707 0.8840202541581438 -0.43020904902782536 0.1828342538277364 0.35768334318592976 0.450439844593777 0.8885398380706724 -0.08718315527484327 -0.1616248108281446 -0.12494853596783353 0.1594275079649606 0.9792705106678019 0.5137783463246345
39885980090060 1311878006.916911054.pcd 1311878010.916860226.pcd 0.1283375055846707 0.9132409261577952 0.3936717414967936 -0.10494556082719397 0.6358501793650566 -0.40341384316730966 0.9097807685480145 -0.09775594263862213 0.5540363354713941 0.05699370080485989 0.13161121960937056 0.9896616618529286 -0.06216339349707706
39885980090062 1311877998.913084884.pcd 1311878000.413021376.pcd 0.139991844501835 0.9393609054220152 -0.31430077159664954 0.13717184236745653 -0.06403245296753111 0.3165094020779891 0.9485705415279818 0.005977134894342956 -0.008431460304343904 -0.13199578690611843 0.037801490963480316 0.9905292320370824 0.8360947116809011
39885980090063 1311877998.913084884.pcd 1311878000.413021376.pcd 0.139991844501835 0.9954999267377197 0.021960327015080754 -0.0921826442590228 -0.4777276614848615 -0.023689688497673857 0.9995625183230069 -0.01770792541919378 -0.7061990504616019 0.09175344420825855 0.019812016584872544 0.9955846470666182 -0.214331154831458
39885980090064 1311877998.913084884.pcd 1311878000.413021376.pcd 0.139991844501835 0.87392012406984 0.4776696512164595 -0.0899740020922779 -0.023496752357693673 -0.48417093106159076 0.8391182338551102 -0.2479094575179269 0.0008736846256985839 -0.042919998377301614 0.2602158602365091 0.9645960708092615 0.45770997562992305
39885980090065 1311877998.913084884.pcd 1311878000.413021376.pcd 0.139991844501835 0.9995056965000293 -0.004932174978205105 -0.03104893418421155 0.4531579640401755 0.004905186499495815 0.9999875226674046 -0.0009453332279374559 0.8269278275536294 0.0310532093252259 0.0007925651336301193 0.9995174185731395 0.5901770365000466
39885980090066 1311877998.913084884.pcd 1311878000.413021376.pcd 0.139991844501835 0.8986209115767645 0.3023670471792521 0.3178909027591773 0.4033650723385656 -0.2838840745176917 0.9531856983682755 -0.10414824367898237 0.14404162674944584 -0.3345000590615471 0.003345624946543578 0.9423897905227637 -0.34245260177533826
39885980090067 1311877998.913084884.pcd 1311878000.413021376.pcd 0.139991844501835 0.8205475196712158 -0.5715684479354362 -0.0033581670733100755 0.2692304047560023 0.5710120458825341 0.8199819094766249 -0.039685155765236124 -0.14919683250857108 0.025436419135926366 0.030646002279984208 0.99920659081383 -0.18596512753469788
39885980090068 1311877998.913084884.pcd 1311878000.413021376.pcd 0.139991844501835 0.9149426905899832 0.3917229749466962 -0.09712354933213857 0.0013067316018365814 -0.40342916324626904 0.8810525231401876 -0.24696429237994025 0.0793570455125831 -0.011170639121264737 0.2651406463883262 0.9641450380800615 0.26814650744931684
39885980090069 1311877998.913084884.pcd 1311878000.413021376.pcd 0.139991844501835 0.885541776749741 -0.3033292988901506 0.3518623282844035 -0.04345526351307997 0.27262346622032363 0.9525912033028193 0.13507940278259517 0.05503003439587166 -0.3761544992379165 -0.023692526773145747 0.9262539915585659 -0.01619883926616935
39885980090070 1311877998.913084884.pcd 1311878000.413021376.pcd 0.139991844501835 0.9551635373592391 -0.2929139911540669 0.04317419003965889 -0.3525294806916471 0.2824059009367017 0.9451173147630626 0.1643172798313915 -0.049347580673816234 -0.08893550480834511 -0.14475722821763765 0.9854622371573817 0.5692156226896572
39885980090071 1311877998.913084884.pcd 1311878000.413021376.pcd 0.139991844501835 0.99727205305522 0.06629757868691602 0.03245124427936023 -0.32680393928961515 -0.06808264106852582 0.9960270477931739 0.05740099345437146 -0.1482847240993945 -0.028516770156537946 -0.059453773006149006 0.9978236531046819 1.2174149126692424
39885980090072 1311877998.913084884.pcd 1311878000.413021376.pcd 0.139991844501835 0.8813703545580666 -0.2879985973165901 0.3744904618943778 -0.08478029590776179 0.36938991620326816 0.914283219443538 -0.16624465239911237 -0.40631309045932146 -0.2945121184493609 0.28485610856647564 0.9122059030168758 -0.47407050519270433
39885980090073 1311877998.913084884.pcd 1311878000.413021376.pcd 0.139991844501835 0.9975513110164577 0.047508664928629527 0.05132551652000952 -0.11444273800037073 -0.04702969801444497 0.9988383000346737 -0.010500375636774185 0.0498944062632771 -0.05176475049700012 0.008060839940257906 0.9986267738577015 0.19577315205912954
39885980090074 1311877998.913084884.pcd 1311878000.413021376.pcd 0.139991844501835 0.8860853747644307 0.46346308665635466 0.00739431778752879 -0.048719461611634436 -0.43159441768048895 0.8307644384167022 -0.3515063391878179 -0.2510132099697203 -0.16905314920349263 0.3082732800116577 0.9361562997572767 -1.4472037325276075
39885980090075 1311877998.913084884.pcd 1311878000.413021376.pcd 0.139991844501835 0.8679515178542687 -0.4955762563449073 -0.03262417511045758 -0.05127494706939391 0.4947201473117808 0.8684970211156875 -0.031062842062293428 0.06119275864342187 0.04372800588045346 0.010821204200264093 0.9989848662724452 -0.18859165983240625
39885980090076 1311877998.913084884.pcd 1311878000.413021376.pcd 0.139991844501835 0.9800321222443323 -0.19874943731384523 -0.005974992610865163 -0.267196533978062 0.19845738573476243 0.9758470096520732 0.09130870604948048 -0.11466858210850939 -0.012316875277183538 -0.09067124638239309 0.9958047096006675 0.7935573107439784
39885980090077 1311877998.913084884.pcd 1311878000.413021376.pcd 0.139991844501835 0.8950281594710127 0.3093722547027657 -0.32126842635724207 -0.4551057346550737 -0.2767267379564056 0.9501008942258141 0.14398126020880395 0.8251499718188408 0.3497812262742791 -0.039963718688775414 0.9359786295288083 0.23601491652873677
39885980090078 1311877998.913084884.pcd 1311878000.413021376.pcd 0.139991844501835 0.9278761683324728 0.3727305575434563 -0.010851161872932873 -0.5712549769989169 -0.36923407631409655 0.9224577401417879 0.11286236990680938 -0.9954955571678475 0.05207699232025925 -0.10071568460696538 0.9935513764999905 -0.028859079282890252
39885980090079 1311877998.913084884.pcd 1311878000.413021376.pcd 0.139991844501835 0.9297269280731343 0.36769470293430745 -0.020210013600792682 -0.8855806203331642 -0.3676688634200512 0.9299427120261776 0.005114608568133112 -0.17525948050516146 0.020674769336092056 0.0026754034179602903 0.9997826744495277 0.8057237146096379
39885980090080 1311877998.913084884.pcd 1311878000.413021376.pcd 0.139991844501835 0.9635038414063666 0.25754799438090453 0.07300259026602146 0.8964919035793472 -0.2588712154440292 0.9658687823044364 0.009120810505446554 -0.0969404369497649 -0.0681618765125058 -0.027686205231464728 0.9972900443853708 0.22752438550768936
39885980090081 1311877998.913084884.pcd 1311878000.413021376.pcd 0.139991844501835 0.9721267412596177 -0.14006161619740776 0.1880221864465109 0.6075157075160306 0.09681178699614491 0.970189536451485 0.22217052292927114 0.24978078007680976 -0.21353472042403202 -0.19777514259436846 0.9567068078284003 -0.34460069720490333
39885980090082 1311877998.913084884.pcd 1311878000.413021376.pcd 0.139991844501835 0.9979050998967528 0.06101604801751618 0.021504731674130743 -0.7741416528823627 -0.06190046994704145 0.997147383771404 0.0431905876109594 -0.2546268416606604 -0.018808067959990474 -0.0444312606412276 0.998835381660784 -0.1664669701590935
39885980090083 1311877998.913084884.pcd 1311878000.413021376.pcd 0.139991844501835 0.8872306862880416 0.059265845116024396 -0.4575032993449711 -0.0103819073879567 -0.1657853547930064 0.966424537226031 -0.19631309172749745 0.20922608944952772 0.4305077530602763 0.25002234590159184 0.867266914568322 0.838995240351455
39885980090084 1311877998.913084884.pcd 1311878000.413021376.pcd 0.139991844501835 0.830454879815097 0.557083288147005 0.001703719053682594 -0.42017052831629814 -0.5570734758310126 0.8304529047833448 -0.004137083810999969 0.4293715978809033 -0.0037195586898370464 0.002486564743974476 0.9999899908893723 0.022844690832528495
39885980090085 1311877998.913084884.pcd 1311878000.413021376.pcd 0.139991844501835 0.9899238952173486 0.09233962959321936 -0.10735024212501393 0.7111782417392671 -0.11240552150940379 0.9734978365305591 -0.19916566221244064 1.0707425625350258 0.08611434498334772 0.20922560808110485 0.9740682545444037 0.5519477362649873
39885980090086 1311877998.913084884.pcd 1311878000.413021376.pcd 0.139991844501835 0.9927587896457463 0.09121929641622814 0.0781602555167361 -0.08435541415983146 -0.09632814649797891 0.9932710326456596 0.06429264265286613 0.1335258326168268 -0.07176958808142263 -0.07135611864692148 0.9948655339081104 -0.1502189362594606
39885980090087 1311877998.913084884.pcd 1311878000.413021376.pcd 0.139991844501835 0.9366039594384895 -0.3501358462945589 0.013338377102825939 0.001162860103740281 0.3502475915675242 0.9366297051132824 -0.007170781028194477 0.44716235989457437 -0.009982372728609778 0.011387916358957547 0.9998853272229313 -0.4621064083236868
39885980090088 1311877998.913084884.pcd 1311878000.413021376.pcd 0.139991844501835 0.9140865047117057 0.40222960888655135 0.05154807114634502 0.2425607693606017 -0.3767261782970046 0.889339006188615 -0.2591399595916845 0.3127485349377718 -0.1500774749576705 0.2174568320527509 0.9644632070244625 -1.1881622043841082
39885980090089 1311877998.913084884.pcd 1311878000.413021376.pcd 0.139991844501835 0.9936082228715117 -0.1116846693689464 0.016408353667121806 0.04516113996942743 0.11179906207774258 0.993711334546706 -0.006225215814853311 -0.16176999109235002 -0.015609905850237719 0.008019864173012134 0.9998459944501419 0.29776922420222235
39885980090090 1311877998.913084884.pcd 1311878000.413021376.pcd 0.139991844501835 0.9877220897068492 0.09143359275097138 -0.12666874761275673 0.7040679964414048 -0.08609036520362223 0.9951759627857207 0.04704521349319572 -0.3432339689489131 0.130359205751806 -0.03556263784033646 0.9908288329805482 -0.42860128872850906
39885980090091 1311877998.913084884.pcd 1311878000.413021376.pcd 0.139991844501835 0.8734238511091634 0.43841031824183296 -0.21196030093565313 -0.023056099931204027 -0.35933841925144594 0.8740180347068051 0.32706020157935145 0.35059989550890036 0.3286436927182841 -0.20949670132569806 0.9209258685530237 -0.5277949020470537
39885980090093 1311878001.913061553.pcd 1311877997.913031100.pcd 0.1741286463291607 0.96270161523859 -0.030236265374997767 -0.2688705418471546 0.28441108126244735 0.004280394794983022 0.9953137433407815 -0.09660347062792278 -0.6110109300705632 0.27053147365400737 0.09184944514330813 0.9583195715362687 -0.9307875411861125
39885980090094 1311878001.913061553.pcd 1311877997.913031100.pcd 0.1741286463291607 0.9590439103091476 0.2804125340074633 -0.04004483575260354 0.05139717802465203 -0.28181355462170815 0.9588282884287256 -0.03506328193878003 -0.21408622817085463 0.02856393758600686 0.04491240452652337 0.998582484018836 0.13948903927384945
39885980090095 1311878001.913061553.pcd 1311877997.913031100.pcd 0.1741286463291607 0.9192021953990306 0.3474946086330859 0.1852426002423332 -0.9821382738507326 -0.24387793948919714 0.8716977992617941 -0.4250488176582171 0.9616224627193649 -0.3091777395028722 0.34552922269047415 0.8860127999429867 0.4634358109744445
39885980090096 1311878001.913061553.pcd 1311877997.913031100.pcd 0.1741286463291607 0.8742515819261821 -0.47137275083602825 0.11615464376788232 0.6600463725793734 0.4801877187582271 0.8748269750663561 -0.06401186179153694 -0.18442052691311173 -0.07144176826855425 0.11173850484736524 0.9911662727722012 -0.35029781408934674
39885980090097 1311878001.913061553.pcd 1311877997.913031100.pcd 0.1741286463291607 0.9730813366636263 -0.214207363150429 0.08501716185024476 0.3882068243533129 0.22161526598920345 0.970959527387446 -0.09013473279531281 -0.47888408511927666 -0.06324069984958318 0.10654952720537092 0.9922942165178869 -1.1828769836512698
39885980090098 1311878001.913061553.pcd 1311877997.913031100.pcd 0.1741286463291607 0.8781398029879309 0.3257171551054884 -0.35039808971840175 -1.1696240332372854 -0.31516392119311376 0.9449012024395554 0.08850661221887883 0.46679050075224604 0.35991969824739894 0.032711656917212506 0.9324096515562417 0.05009381957284952
39885980090099 1311878001.913061553.pcd 1311877997.913031100.pcd 0.1741286463291607 0.9990738246522515 0.001123271105128053 -0.043014313393875646 1.208817911685998 -0.0018245572179369782 0.9998660064209411 -0.016267765513336644 -0.6658621564523517 0.04299027664112711 0.016331180785932636 0.9989420046471449 -0.508260417381755
39885980090100 1311878001.913061553.pcd 1311877997.913031100.pcd 0.1741286463291607 0.8761020675260089 -0.4562048725988734 -0.15595602423022376 -0.00505698856654049 0.4547604838679698 0.889375793052413 -0.046942529166646235 0.10363611206557703 0.16011892326899535 -0.029796190183262627 0.9866479197067921 0.23173061954063487
39885980090101 1311878001.913061553.pcd 1311877997.913031100.pcd 0.1741286463291607 0.8913093515751178 0.14094286507105414 -0.4309324176484122 0.37280516601344715 -0.2010729212324705 0.9747542166935393 -0.09707676027353418 0.16358189050792876 0.4063709144879634 0.17317426432275418 0.8971473424329413 -0.2611668094376869
39885980090102 1311878001.913061553.pcd 1311877997.913031100.pcd 0.1741286463291607 0.9415785203536807 -0.30138282441503744 -0.15032725353770068 -0.33714527473451755 0.2215033300453771 0.8903825653079559 -0.39768726679946975 -0.07550565005244773 0.2537048773425181 0.3411558009813678 0.9051223976177915 -0.42562190695287455
39885980090103 1311878001.913061553.pcd 1311877997.913031100.pcd 0.1741286463291607 0.9069974654571614 0.2995485021051465 0.2960173855381606 0.1386011183345804 -0.3889487649508633 0.8653408860130627 0.31607595485472373 -0.07833497701264433 -0.1614758678486759 -0.4018156864542378 0.9013710103069803 0.4273328468182547
39885980090104 1311878001.913061553.pcd 1311877997.913031100.pcd 0.1741286463291607 0.9084074602908844 -0.3683336660294611 0.19780342908342868 0.22247976457153132 0.372377490441181 0.927911641648061 0.01774795500132028 -0.06551232892802378 -0.1900812739345823 0.057535169794641024 0.9800810239649109 -0.9376229132602313
39885980090105 1311878001.913061553.pcd 1311877997.913031100.pcd 0.1741286463291607 0.8640150256633281 0.5030212699381067 0.02115744355665314 0.4891554826513524 -0.5032484428162154 0.8641140412721108 0.0069230397539913596 -1.1179537591139963 -0.014800007805841394 -0.016629060894570745 0.9997521863455523 0.17782521188857914
39885980090106 1311878001.913061553.pcd 1311877997.913031100.pcd 0.1741286463291607 0.999174040562246 -0.04047631638253084 0.0035922804200956616 0.007948025613830848 0.04043519428852278 0.9991231006148864 0.010863925650753638 -0.0602759295378225 -0.00402886204340032 -0.010709697932105914 0.9999345331774668 0.5204382050046373
39885980090107 1311878001.913061553.pcd 1311877997.913031100.pcd 0.1741286463291607 0.9612590947802424 -0.26888279045184393 0.06068770634237969 -0.35962509953761873 0.2699670816046753 0.9628146469076134 -0.010282536166839613 0.1799874722401283 -0.05566621553620939 0.026267864378315138 0.9981038381595769 0.5258259007760954
39885980090108 1311878001.913061553.pcd 1311877997.913031100.pcd 0.1741286463291607 0.9885026852886887 0.15103449211251893 0.007143064423989966 0.3755042991519502 -0.15118143085330407 0.9880597848541496 0.029699099634825907 -0.9124595183654668 -0.0025721862684218275 -0.030437538439977853 0.9995333611798635 -0.012076101770040561
39885980090109 1311878001.913061553.pcd 1311877997.913031100.pcd 0.1741286463291607 0.9694620793715646 -0.24521800639193198 -0.00337727726559832 -0.0951167981281035 0.2452187201548257 0.9690943306410083 0.026906460285321003 -0.013918210553967048 -0.00332504829913601 -0.026912964545413726 0.9996322505767737 -0.03633386138571011
39885980090110 1311878001.913061553.pcd 1311877997.913031100.pcd 0.1741286463291607 0.9943686778552625 -0.10594016822553015 0.002759213062407527 -0.16371096128772447 0.0989721556307755 0.9376443789227544 0.3332079397078644 0.4732096029323902 -0.037887265804950124 -0.33105845319355404 0.9428493281850057 -0.06245466386984782
39885980090111 1311878001.913061553.pcd 1311877997.913031100.pcd 0.1741286463291607 0.9978935937567565 0.03922358624739067 0.05167093787729206 -0.07843857157590073 -0.05014281506527034 0.9717214601440842 0.23074466839513083 0.00908824181543282 -0.04115912579921453 -0.2328495526672583 0.9716414010251426 -0.07351758406156424
39885980090112 1311878001.913061553.pcd 1311877997.913031100.pcd 0.1741286463291607 0.9922825057275348 -0.0856298215153511 -0.08968256516365927 0.11351776942257884 0.08956928919618677 0.9951422121163885 0.0408573138739032 -0.3964538027035858 0.08574830179061704 -0.048574801403092706 0.9951320100412183 -0.5368769948776929
39885980090113 1311878001.913061553.pcd 1311877997.913031100.pcd 0.1741286463291607 0.9900327967410174 0.13722137500537424 -0.031707343294475956 0.07247063809919331 -0.1307502072577017 0.979197746496794 0.15516493340206794 0.1336015876676052 0.052339704615400176 -0.14947263126483923 0.9873796067488623 -0.036092378584088376
39885980090114 1311878001.913061553.pcd 1311877997.913031100.pcd 0.1741286463291607 0.9998727210132726 0.008349757315069914 -0.013594974302793498 0.07863306779903283 -0.008605286120485136 0.9997853448821457 -0.018847100829398243 0.05731653062695409 0.013434687353964178 0.01896169063317811 0.999729945267237 -0.02818327882662212
39885980090115 1311878001.913061553.pcd 1311877997.913031100.pcd 0.1741286463291607 0.9895118031393694 0.14281856545832736 0.02166215151593312 -0.2043690075195208 -0.14431341067829237 0.9839517490659982 0.10494091198556038 0.051014574813884654 -0.006327001364968737 -0.10696641000981597 0.9942425037099045 0.44662060814176163
39885980090116 1311878001.913061553.pcd 1311877997.913031100.pcd 0.1741286463291607 0.9283638417893243 0.3301045139719733 -0.17079691775173722 -1.0536527159258666 -0.3716726543740693 0.8243821849136045 -0.42691152618265676 0.6757938716615612 -0.00012348562687299058 0.45980976833077275 0.8880174332178964 0.01911001739440035
39885980090117 1311878001.913061553.pcd 1311877997.913031100.pcd 0.1741286463291607 0.9780865197415597 0.20750207916961103 -0.01701901995215413 -0.3016917906688952 -0.20817130535787168 0.9760138315958953 -0.06373153190610417 0.6467593575843322 0.003386373494327929 0.06587782383919119 0.9978219504504644 -0.32033910620576067
39885980090118 1311878001.913061553.pcd 1311877997.913031100.pcd 0.1741286463291607 0.9653840270118755 0.24984469801816175 -0.07490865946302677 0.18059280524567145 -0.23632233357392515 0.9593632411111979 0.15418795756735357 0.1525874600324011 0.11038765802619696 -0.131148002183911 0.9851978311378178 0.1727242268046125
39885980090119 1311878001.913061553.pcd 1311877997.913031100.pcd 0.1741286463291607 0.9335287261691234 0.3456519461461229 -0.09512544108939243 0.5164915977434509 -0.3492312802905995 0.9367431822519938 -0.023446180307175532 -0.7147351466315255 0.0810038905463339 0.05510846241554568 0.9951891413628626 -0.06678805985120607
39885980090120 1311878001.913061553.pcd 1311877997.913031100.pcd 0.1741286463291607 0.9971791529604589 -0.03629493487174403 0.06569942620539032 0.6379519691688051 0.02428275598482061 0.9842385694551291 0.1751707343099941 0.4081239026080335 -0.071021719655633 -0.1730812413278133 0.982343524047255 -0.4034713741764845
39885980090121 1311878001.913061553.pcd 1311877997.913031100.pcd 0.1741286463291607 0.9560054891227683 0.18474384031106555 0.22786666766830105 0.1294772548532255 -0.18774772879641455 0.982179474879755 -0.008617972889062847 1.3192966051970256 -0.22539808140027368 -0.03454261993607563 0.973654205716294 0.580142376676161
39885980090122 1311878001.913061553.pcd 1311877997.913031100.pcd 0.1741286463291607 0.9947374185813506 0.10244999898357131 0.001210694997588556 -0.25820924388308886 -0.10241258436621882 0.9938867968625827 0.04123951485732185 0.06913871547051599 0.003021694482084756 -0.04114647895630189 0.9991485558373967 -0.04812136484584157
39885980090124 1311878015.916479078.pcd 1311878012.916702147.pcd 0.10446861389305839 0.9289201515578752 -0.1752467538320813 0.32618388571634277 -0.541788179523388 0.21986717445035422 0.9698539531875932 -0.10507966066568472 -1.2017008685031023 -0.29793586160264723 0.16932774361490746 0.93944788978068 -0.5701698535766074
39885980090125 1311878015.916479078.pcd 1311878012.916702147.pcd 0.10446861389305839 0.9846395946221651 -0.13858936680237743 0.10619725096071972 0.01941638935890825 0.16472560747052895 0.9390060614284838 -0.30188257790742323 -0.020510920359752015 -0.05788214703829853 0.31473894581046424 0.947411765308176 -0.07401744873132371
39885980090126 1311878015.916479078.pcd 1311878012.916702147.pcd 0.10446861389305839 0.887522882532708 0.437464228846549 0.14466575773322174 0.04194441347595223 -0.44543930755626504 0.8949179551005871 0.026564580222140248 0.0591014528948725 -0.11784293048218089 -0.08801648776381396 0.9891239263191919 0.13924282796477874
