id source target overlap t1 t2 t3 t4 t5 t6 t7 t8 t9 t10 t11 t12
25958882390000 1311877832.325579491.pcd 1311877824.825291830.pcd 0.1061448047015552 0.9062141266154501 0.42125449383861835 0.03634017258305708 -0.18395816951208843 -0.4213190493862924 0.9068910403623514 -0.0062369491518420575 0.2813986707179565 -0.03558391977885246 -0.009658795538845893 0.9993200149711357 -0.0035393119692383747
25958882390001 1311877832.325579491.pcd 1311877824.825291830.pcd 0.1061448047015552 0.9373483428841131 -0.30091383151227147 -0.1755817476191968 -0.09277746621524861 0.29095872781794985 0.9533387138770254 -0.08055007963906091 0.17226666385549308 0.19162751054837399 0.024416441753523237 0.9811639692595369 -0.4091333264169541
25958882390002 1311877832.325579491.pcd 1311877824.825291830.pcd 0.1061448047015552 0.9946677372652556 -0.0915224554244043 0.047536644777520884 0.11996537114889634 0.08733475954291002 0.9926527313771 0.08374481873623578 -0.13684402862405787 -0.054851911718721016 -0.07914666791893911 0.9953527378463027 0.8819771893658055
25958882390003 1311877832.325579491.pcd 1311877824.825291830.pcd 0.1061448047015552 0.9536013474425555 0.216208593303897 0.20951924574437655 -0.044768135383148194 -0.1901043438589559 0.9720397111617781 -0.1378373620267114 -0.28052167653795357 -0.2334626492647127 0.0916113754185413 0.9680405710982494 0.14006072611373507
25958882390004 1311877832.325579491.pcd 1311877824.825291830.pcd 0.1061448047015552 0.9849584719350533 0.15224266863437316 0.08172501704159708 0.2056915808604175 -0.1312080520764898 0.9667349055682913 -0.2195633608463849 0.06369883580951123 -0.11243333862186085 0.20553781210023409 0.9721691993492649 0.051091922610642174
25958882390005 1311877832.325579491.pcd 1311877824.825291830.pcd 0.1061448047015552 0.9903132132258192 0.017524096012666128 -0.1377412275583897 0.5078523539298369 -0.09100399602128659 0.8311539203567367 -0.5485448326105945 -0.1656095590738069 0.10487140896598504 0.5557661979057077 0.8246974723175299 0.6052347110422714
25958882390006 1311877832.325579491.pcd 1311877824.825291830.pcd 0.1061448047015552 0.9292009313114039 -0.32793684715665455 0.17042022628482906 -0.5412803311249695 0.3531098541160141 0.9238840066300502 -0.14748482369170166 -0.9830190845586959 -0.10908281338591597 0.1972200967704815 0.9742716116431059 -0.5134503783111605
25958882390007 1311877832.325579491.pcd 1311877824.825291830.pcd 0.1061448047015552 0.9679047488518996 0.11335305926843275 0.22430220931686867 0.08044095905364922 -0.055602245683315225 0.966974289311769 -0.24873502786091783 0.10406155896946934 -0.24508934580049263 0.228280108122645 0.9422416912929507 -0.09405896671539488
25958882390008 1311877832.325579491.pcd 1311877824.825291830.pcd 0.1061448047015552 0.9016196389896929 0.10130177887751268 -0.4204996744164579 -0.002361675754010246 -0.25996328133444063 0.9039146027240863 -0.33964317060701726 0.1493518291345669 0.34568933877967084 0.41554342802938 0.8413219006276166 0.09109023245880547
25958882390009 1311877832.325579491.pcd 1311877824.825291830.pcd 0.1061448047015552 0.8952312318028409 -0.06816838248604518 -0.4403568021888665 0.12760916190691643 -0.08816559230976892 0.9415956134011813 -0.3249992756243017 0.06709089605484354 0.4367927082008535 0.3297738201447918 0.83693569502661 0.8400675593427759
25958882390010 1311877832.325579491.pcd 1311877824.825291830.pcd 0.1061448047015552 0.9756088935174289 -0.042339142381837405 -0.21539425227259112 0.5798792898244093 0.07351320820226133 0.9875815920200574 0.1388467044007159 0.07937755006299116 0.20684074818446463 -0.15129440216180934 0.9666058704378903 0.9134849826210821
25958882390011 1311877832.325579491.pcd 1311877824.825291830.pcd 0.1061448047015552 0.8494672603474276 -0.526146827001484 -0.03968488420174767 0.06880331836757264 0.5271353222569812 0.8429557655486513 0.10748920577116552 0.6173467848612031 -0.023102502610414556 -0.11222786536577212 0.9934139019605966 -0.40515004801393983
25958882390012 1311877832.325579491.pcd 1311877824.825291830.pcd 0.1061448047015552 0.8766305417869897 0.27512328929753216 -0.3947481081555113 -0.06254992849254665 -0.29807333196063457 0.9545371590314751 0.0033317866086860076 0.22594317225318372 0.37771838978283034 0.11474313798317913 0.918783342418461 0.12944142474796944
25958882390013 1311877832.325579491.pcd 1311877824.825291830.pcd 0.1061448047015552 0.9900053845521412 -0.07969927859380166 -0.11635017640465742 0.029733803426783518 0.07982741905927362 0.9968023224718745 -0.003565540774175732 -0.13633562222019766 0.11626229708767338 -0.005758029724200813 0.9932018542922647 -0.15496467741689826
25958882390014 1311877832.325579491.pcd 1311877824.825291830.pcd 0.1061448047015552 0.9911811351502047 -0.10315490928152325 -0.08318065889058865 0.5997860821289666 0.09945450924210451 0.9939088313064637 -0.047476685251097606 0.1331544915472255 0.08757144462531097 0.038785303171953514 0.9954029045286616 0.9082373002096803
25958882390015 1311877832.325579491.pcd 1311877824.825291830.pcd 0.1061448047015552 0.9987548575677053 -0.03011828315707401 0.03976963043055612 0.3099278085719557 0.02352472185203309 0.9873288276968979 0.1569342966354198 0.4146683796821386 -0.04399229417406167 -0.15580332158955973 0.9868079869128356 0.32183457059229964
25958882390016 1311877832.325579491.pcd 1311877824.825291830.pcd 0.1061448047015552 0.9973175491394659 -0.07275602523316918 -0.00801666830542021 -0.21163768021475138 0.0727027433297742 0.9973308188471285 -0.006748991779581416 0.021539760695613506 0.008486300181684238 0.006148054162605641 0.9999450905620967 -0.9914306058466239
25958882390017 1311877832.325579491.pcd 1311877824.825291830.pcd 0.1061448047015552 0.9040441436247463 0.3443267213823364 -0.2532652667064516 -0.03176931816843038 -0.4161951535399257 0.8441115802498991 -0.3380195767376438 0.306742832234922 0.09739497188087708 0.41099239534340426 0.906421243364372 0.6889781252860734
25958882390018 1311877832.325579491.pcd 1311877824.825291830.pcd 0.1061448047015552 0.9733589633148727 0.025302815479941947 -0.22788614715112526 -0.09117893222439631 -0.10684838971955407 0.9294343613826112 -0.3531786934338424 0.021460166475704315 0.2028688003339464 0.3681189147681571 0.907376831554002 -0.10993688852740721
25958882390019 1311877832.325579491.pcd 1311877824.825291830.pcd 0.1061448047015552 0.9996060960115347 0.01965796438758028 -0.020030408201412407 -0.3708380996714014 -0.01870222698769434 0.9987276207248789 0.04683338880460756 -0.5694553373915725 0.02092557101441539 -0.04644032770512508 0.9987018656437774 -1.1933878897421613
25958882390020 1311877832.325579491.pcd 1311877824.825291830.pcd 0.1061448047015552 0.9048730911332235 0.42503404213335677 -0.023468105394028597 0.012668030823443602 -0.4255125913004229 0.9046911814571866 -0.021746283323806695 0.00834930903739378 0.01198847729299074 0.02966360095099637 0.9994880425451901 0.09362225440015065
25958882390021 1311877832.325579491.pcd 1311877824.825291830.pcd 0.1061448047015552 0.998826743136914 0.014562582976657861 0.046185153150697475 -0.4329670317150076 -0.015243084733046279 0.9997798838133918 0.014416389627858161 -0.8674295299813963 -0.04596504718072851 -0.015103479702671155 0.9988288638893775 0.9613438539420651
25958882390022 1311877832.325579491.pcd 1311877824.825291830.pcd 0.1061448047015552 0.9888822287637621 -0.11072818767429073 0.09925324221193706 0.008534870884732475 0.09888937544430972 0.9881766620549364 0.11716559219411704 -0.04292454266608016 -0.1110532712685617 -0.10604788081018326 0.9881401813084114 1.1182584413319627
25958882390023 1311877832.325579491.pcd 1311877824.825291830.pcd 0.1061448047015552 0.9303798805845597 0.23794898349773028 0.27887911190309245 0.027543509073405525 -0.254646785599388 0.9667186176435315 0.024700787138855346 1.228316169144553 -0.2637201023573288 -0.09399678480552738 0.9600084958263981 -0.5395459730039056
25958882390024 1311877832.325579491.pcd 1311877824.825291830.pcd 0.1061448047015552 0.9464736497698327 -0.3087593789885299 -0.0941024770024124 0.2639180409226047 0.31270540102447464 0.9493704531721637 0.03018401586606926 0.6550470320224524 0.0800185132422159 -0.05799472846990488 0.9951048432241737 0.21134313069679805
25958882390025 1311877832.325579491.pcd 1311877824.825291830.pcd 0.1061448047015552 0.9702564137783561 0.23703746471931034 -0.04915009502945837 -0.14780986997750156 -0.23633813702516046 0.9714718227152254 0.01966679073550178 0.30711459499826804 0.052409698620003026 -0.007465787955685565 0.9985977596113267 0.4932792830710919
25958882390026 1311877832.325579491.pcd 1311877824.825291830.pcd 0.1061448047015552 0.9999706776467943 0.0074663374872705295 0.0017022488470823218 -0.374065651118771 -0.007402336241519645 0.9993623858652728 -0.03492888683936544 0.3051815659405989 -0.0019619543263539835 0.034915262023875605 0.9993883505489873 -1.4054464908591715
25958882390027 1311877832.325579491.pcd 1311877824.825291830.pcd 0.1061448047015552 0.9672429616074721 -0.21569557871948244 0.13385242075388 -0.18603496899130673 0.2322716089837439 0.9647377120193348 -0.12381860388407623 0.0015278701568818675 -0.10242535272533335 0.15085279025780912 0.9832357208678519 1.2175529841028843
25958882390028 1311877832.325579491.pcd 1311877824.825291830.pcd 0.1061448047015552 0.9875999432866879 -0.09498143774467932 0.12499951401539332 4.543591749559022e-05 0.024182582735312395 0.8787537250259586 0.47666245231321913 0.21036421758039361 -0.15511787360707557 -0.46772899978187765 0.8701540254751821 -0.6518310509491191
25958882390029 1311877832.325579491.pcd 1311877824.825291830.pcd 0.1061448047015552 0.9607652726338578 0.025470809766040627 0.2761907470402493 -0.512259735949776 -0.07032054506983038 0.9856083334785614 0.15372453909085154 0.05539887312335898 -0.2683004134209837 -0.1671150825852501 0.9487293804508502 0.415429865501877
25958882390031 1311877890.142269515.pcd 1311877892.173677233.pcd 0.12791450278158759 0.9578357236955544 0.2594867653830222 -0.12335860328193717 -0.10480997228171864 -0.25801104242975126 0.9657340349469555 0.028072686536666665 0.8357333297044582 0.12641609231789705 0.004938859800524182 0.9919650090940426 -0.8301809396306241
25958882390032 1311877890.142269515.pcd 1311877892.173677233.pcd 0.12791450278158759 0.967160837633202 0.25147019649774277 -0.036914149347228226 -0.7937865871381071 -0.25173157097899385 0.9677937709492579 -0.0025363525509813174 -0.46482035043659903 0.035087466723755276 0.011745517664271163 0.9993152217862526 0.5408342901980128
25958882390033 1311877890.142269515.pcd 1311877892.173677233.pcd 0.12791450278158759 0.9893992657227464 -0.132644897694168 0.059113654116406913 0.015573184550383654 0.14213955281058024 0.9679518233525716 -0.2070401294320512 -0.7237605966663011 -0.029756352499907587 0.21324774039631922 0.9765449097208819 -1.1591670525897746
25958882390034 1311877890.142269515.pcd 1311877892.173677233.pcd 0.12791450278158759 0.9467081306694786 -0.009712265425493343 -0.32194624896806334 -0.14037872117524916 -0.05739055950490403 0.9784639615283677 -0.1982790953931529 0.16094209579837288 0.3169385413672744 0.20618910710926927 0.9257623955991443 -0.8937700399404361
25958882390035 1311877890.142269515.pcd 1311877892.173677233.pcd 0.12791450278158759 0.972681645808146 0.21290857935377408 0.09252217434493301 0.12923729446157653 -0.19664276545551881 0.9674885885437859 -0.15905173319256496 -0.5521674909682451 -0.12337762642376585 0.13651288538123693 0.9829253244387017 0.871612712867889
25958882390036 1311877890.142269515.pcd 1311877892.173677233.pcd 0.12791450278158759 0.8760377025295584 0.44311438746896337 0.19028290350091506 -0.005544029683916989 -0.45386820302750963 0.8909460442379193 0.014791907834450037 -0.31318676764445896 -0.16297729298068633 -0.09932162843413792 0.9816178564481591 -0.05607334411761199
25958882390037 1311877890.142269515.pcd 1311877892.173677233.pcd 0.12791450278158759 0.9641248439389054 0.26204786047905887 -0.042358046675088586 0.7196738440185231 -0.22929346522373387 0.9025332783223242 0.36449717190459835 0.06035523658097227 0.13374525077726546 -0.3417083556764536 0.9302406180958884 0.2919162298977452
25958882390038 1311877890.142269515.pcd 1311877892.173677233.pcd 0.12791450278158759 0.8699547131786582 -0.4899809396404533 -0.055654971092411326 0.378215140900404 0.4895733290559833 0.8716927444054876 -0.021672905386020916 0.0314392535557658 0.05913334503713327 -0.008392743287382303 0.9982148112329489 0.8843829439721593
25958882390039 1311877890.142269515.pcd 1311877892.173677233.pcd 0.12791450278158759 0.9497389752759502 -0.2410664789659532 0.19970686408019617 0.48350134159783 0.26051818450937747 0.962373064019911 -0.07725516933426838 -0.6902108113309178 -0.1735688750373357 0.12539951502253177 0.9768054091017246 -0.8792132323411099
25958882390040 1311877890.142269515.pcd 1311877892.173677233.pcd 0.12791450278158759 0.9470090902244763 -0.32113901953422985 0.006596450924776906 0.2667894259014939 0.3211398413375991 0.9461929344326048 -0.03985138812485609 0.06986487288133232 0.006556320452139008 0.03985801001567659 0.9991838437943835 0.6823080576583322
25958882390041 1311877890.142269515.pcd 1311877892.173677233.pcd 0.12791450278158759 0.961610685165036 0.1851122127698065 0.20257926562186895 -0.41034987916827265 -0.21872306714436435 0.9628411310970081 0.15842088298831014 -0.03755543906824186 -0.1657260090492489 -0.19664797215150698 0.9663666307221646 0.2282702458328174
25958882390042 1311877890.142269515.pcd 1311877892.173677233.pcd 0.12791450278158759 0.942865281692408 0.2151960183123081 0.2543535615666206 0.0347604996019069 -0.2605666415125361 0.9520335685664695 0.1604278954966088 0.10289643648309406 -0.20762968455876774 -0.21753794617289668 0.953712302565561 1.0680011284598476
25958882390043 1311877890.142269515.pcd 1311877892.173677233.pcd 0.12791450278158759 0.9742832325538008 -0.01871514027535829 -0.22454827162325253 -0.09077488779412701 -0.06336771572880001 0.9335685254727161 -0.35275252068555446 -0.14139215291643992 0.2162330117438832 0.3579099771886392 0.9083742251192497 -0.28387668365574287
25958882390044 1311877890.142269515.pcd 1311877892.173677233.pcd 0.12791450278158759 0.9734330009721105 0.22099751782073473 0.05990233497540079 0.31299882727584866 -0.20930334140100193 0.9649067382076179 -0.15857836498057132 -0.10997905961182763 -0.09284559169291087 0.14182765484421467 0.9855275807528593 -0.15974559270435523
25958882390045 1311877890.142269515.pcd 1311877892.173677233.pcd 0.12791450278158759 0.9400769185483517 -0.2948856269066314 -0.171166159787847 -0.150815171874232 0.31398810528707305 0.9444131168347322 0.09744400694111724 0.05816298407753355 0.13291672938674687 -0.14534899997726017 0.9804115519794434 1.2492116530378319
25958882390046 1311877890.142269515.pcd 1311877892.173677233.pcd 0.12791450278158759 0.9983020485614361 0.053971586708086924 -0.0219109029081779 -0.723171496951399 -0.05567503753401738 0.9946952196746767 -0.08649687943465155 0.8879387311650337 0.01712629655313429 0.0875699022756012 0.9960111456112406 -0.20887262577894114
25958882390047 1311877890.142269515.pcd 1311877892.173677233.pcd 0.12791450278158759 0.9953834543770932 -0.033072128351185046 -0.09010001708461716 0.04523375106981146 0.055705191454026706 0.9635319279427691 0.2617310747312228 0.002010775052953957 0.078158239472213 -0.2655418199855033 0.9609260280798887 0.05507335401383901
25958882390048 1311877890.142269515.pcd 1311877892.173677233.pcd 0.12791450278158759 0.9955635501610847 0.09187044787154329 0.020323346145240027 -0.2791343848271284 -0.09263800753089992 0.9948654012264083 0.04075577263802423 0.797918571664664 -0.016474742831441326 -0.04245767599032523 0.9989624260191863 -0.3406091947524565
25958882390049 1311877890.142269515.pcd 1311877892.173677233.pcd 0.12791450278158759 0.9482821049578689 -0.3161325316985128 0.028657840437862528 0.4581178199384935 0.3173206068511221 0.9464447647430708 -0.05958137089786436 0.019417758330537587 -0.008287453427247309 0.06559367113008749 0.9978120005408679 0.5047657869547445
25958882390050 1311877890.142269515.pcd 1311877892.173677233.pcd 0.12791450278158759 0.9384829511637727 0.2951268993821255 0.17930383051131038 0.009624426508987009 -0.31893195164969884 0.9398471154965199 0.12235117371641888 -0.005566873636586323 -0.13240906536884145 -0.17201021119097523 0.9761558925981987 0.7383784651412765
25958882390051 1311877890.142269515.pcd 1311877892.173677233.pcd 0.12791450278158759 0.8353465062790728 0.5448012140094042 -0.07340198676620663 -0.4469576249791043 -0.5496278938001454 0.8302155365324116 -0.09301258655158433 -0.313886634407473 0.010266099754193299 0.11804151860290214 0.9929555916967071 -1.006061741062458
25958882390052 1311877890.142269515.pcd 1311877892.173677233.pcd 0.12791450278158759 0.9832226146289896 0.16576224862117753 -0.07613256211493356 0.7132307409522816 -0.15357950597649941 0.9774683375245613 0.14480671421237565 0.7015461214665659 0.09842065548525712 -0.1306848348853882 0.986526658790745 0.07136511571361237
25958882390053 1311877890.142269515.pcd 1311877892.173677233.pcd 0.12791450278158759 0.8777016782411702 0.3114005852814516 -0.36423816315565105 -0.12273003886882479 -0.29982130659675094 0.9497850805611338 0.08952924021847675 0.3078448772230541 0.37382743094006676 0.03062639759831393 0.9269924895310099 -0.18815545194080674
25958882390054 1311877890.142269515.pcd 1311877892.173677233.pcd 0.12791450278158759 0.9326360873990572 0.2943056472139287 -0.20874413644212497 -0.017114507826623777 -0.2078174725264045 0.9110771939284716 0.356020006202122 0.13527198524919118 0.29496072042513566 -0.28865642678002584 0.9108653252182083 -0.2886424574309441
25958882390055 1311877890.142269515.pcd 1311877892.173677233.pcd 0.12791450278158759 0.9432559924939641 0.3290506019075207 0.044652368453700145 -0.07359002025325759 -0.3182750552698061 0.9342200527102799 -0.1610400021951187 0.390273404792511 -0.09470544766394685 0.13769021206425766 0.9859372615356776 -0.3385404944901041
25958882390056 1311877890.142269515.pcd 1311877892.173677233.pcd 0.12791450278158759 0.9949779174103753 0.07948095305566787 0.060841778138666994 -0.5081880516986234 -0.0630901243903599 0.9698818074901132 -0.23526350270307508 -0.3831993128863062 -0.0777083011660979 0.23024347461127673 0.9700254441656699 -1.3478076457367727
25958882390057 1311877890.142269515.pcd 1311877892.173677233.pcd 0.12791450278158759 0.955808109099044 0.18533487687419078 0.22821446491083508 -0.7837578819718409 -0.20387979891548588 0.9771339669888144 0.06035095816044589 0.529231885335151 -0.21181096802264815 -0.10421225441727755 0.9717386067531626 -1.0539004333356823
25958882390058 1311877890.142269515.pcd 1311877892.173677233.pcd 0.12791450278158759 0.9791288412521636 -0.1943464301013484 0.05946576607643489 -0.042535019377784235 0.18667102108468586 0.9756625320992859 0.11505022096810977 0.11309650875486754 -0.0803781196308817 -0.1015484542692395 0.9915781710587077 0.4227646931436069
25958882390059 1311877890.142269515.pcd 1311877892.173677233.pcd 0.12791450278158759 0.9813248306196052 0.16221792785299893 0.10337756377707158 -0.4858420096182944 -0.15744936759449346 0.9861154110438478 -0.05278345143998529 -0.33223410674808773 -0.11050463091426233 0.03552097950370239 0.9932406488669301 -0.18554746722489127
25958882390060 1311877890.142269515.pcd 1311877892.173677233.pcd 0.12791450278158759 0.9925586885155638 0.12126850883350815 -0.011009024369193888 -0.14101074811064077 -0.1185570100649922 0.9830568051756683 0.13979825879551439 -0.08295940263264404 0.027775622706133714 -0.1374527793938909 0.9901188051038022 1.0645448984889785
25958882390062 1311877925.844092644.pcd 1311877835.325089147.pcd 0.1536652232757391 0.9860898605566342 0.047852271935470245 -0.15917583666502796 -0.4552628342860438 0.020971118672124752 0.9141895626512646 0.40474393846125634 1.1197707935136234 0.1648848055129323 -0.4024519891988402 0.9004695426836263 0.3456979479397747
25958882390063 1311877925.844092644.pcd 1311877835.325089147.pcd 0.1536652232757391 0.9434001646365261 0.2767658874475304 0.18274783968396532 1.2124760639619339 -0.3117685782109988 0.9279944693150772 0.20402602422465754 -0.5069303800338718 -0.11312154084906953 -0.2494532189930792 0.9617570423604515 -0.21657187133521172
25958882390064 1311877925.844092644.pcd 1311877835.325089147.pcd 0.1536652232757391 0.9900290765058308 -0.11716610627479702 0.07819546798513728 0.031736541367405884 0.06254138305240654 0.8630167645053658 0.501288978123978 0.013909729491744795 -0.1262180774647745 -0.4914002113584129 0.8617394207055885 -1.232335106989675
25958882390065 1311877925.844092644.pcd 1311877835.325089147.pcd 0.1536652232757391 0.9654314968392113 -0.17025761145269458 0.19736861618105123 0.04639459278932786 0.2117160367289636 0.9538947753269135 -0.21274650971472447 0.09456265344821761 -0.1520471791996812 0.2471782825137364 0.9569663274906696 -0.08108215341061724
25958882390066 1311877925.844092644.pcd 1311877835.325089147.pcd 0.1536652232757391 0.9917247196106064 -0.11233495227872606 -0.06215254628573342 0.8258699817960828 0.11486269342760472 0.9926271671827115 0.03870230780433132 0.5468404683075104 0.05734668405252381 -0.045521044225297076 0.9973159942369411 0.10651605365333494
25958882390067 1311877925.844092644.pcd 1311877835.325089147.pcd 0.1536652232757391 0.9936040272109015 -0.04012223356190472 -0.10555208896218957 -0.7511878602870345 0.03900664765075939 0.9991593418344834 -0.012613130615803091 1.0040262997670117 0.10596942270923024 0.008415224232649331 0.9943337796996472 0.4438524812232171
25958882390068 1311877925.844092644.pcd 1311877835.325089147.pcd 0.1536652232757391 0.9967842909515179 -0.06810523790631742 0.042222670237721874 0.026617903794567466 0.0713454783435748 0.9941824069554605 -0.08069178657195172 0.05787188823910752 -0.036481502603456464 0.08344470186878741 0.9958444063697014 -0.5551284972711584
25958882390069 1311877925.844092644.pcd 1311877835.325089147.pcd 0.1536652232757391 0.9714692438041264 0.10954594691284132 -0.21035016961630412 0.2979237803879822 -0.10599082510089934 0.9939689642318709 0.028136153579557503 -0.0962417054166507 0.2121637418058739 -0.005038219803743289 0.9772211433468576 0.09445801916358391
25958882390070 1311877925.844092644.pcd 1311877835.325089147.pcd 0.1536652232757391 0.9933026059930743 0.022569805262713943 -0.11331609249250779 -0.19096740969055867 -0.025271128007194155 0.9994283165677018 -0.02245907682638932 -0.24570171228400725 0.11274441456946513 0.025172285018504395 0.993305115787861 -0.19978141670372343
25958882390071 1311877925.844092644.pcd 1311877835.325089147.pcd 0.1536652232757391 0.9993376900181847 -0.02919306559520581 0.021724323471001027 0.2286884792881713 0.031017860543628244 0.9955450834656455 -0.0890386383244773 0.4612733078735658 -0.01902823261405813 0.08965350918137592 0.9957912304569921 -0.9890795968203372
25958882390072 1311877925.844092644.pcd 1311877835.325089147.pcd 0.1536652232757391 0.9873458357410311 -0.05776731731523907 0.1476859427807708 -0.36310544370179193 0.038738021612892665 0.9909365725594319 0.12862377247493742 -0.1445535373055046 -0.15377765223322826 -0.1212750848870694 0.9806348899867219 -0.8860425643413428
25958882390073 1311877925.844092644.pcd 1311877835.325089147.pcd 0.1536652232757391 0.987044971719148 -0.16024756370588325 -0.007933607645651819 0.19398104245830877 0.15888496662545284 0.9831353550368434 -0.0905562866785548 0.8385558412924627 0.022311234487920852 0.08812259643762636 0.995859737519655 -0.294167331689289
25958882390074 1311877925.844092644.pcd 1311877835.325089147.pcd 0.1536652232757391 0.9888701586454344 -0.13527105313721718 -0.0619479743308969 0.2512638986536984 0.14088719545245407 0.9851957603364468 0.09767349677692609 -0.0002633530560304145 0.047818484899621296 -0.1053140826206939 0.993288647123114 -0.28447758878831264
25958882390075 1311877925.844092644.pcd 1311877835.325089147.pcd 0.1536652232757391 0.877851544461439 0.4579301989186358 0.14027330039963087 0.02539965157054451 -0.4789253510010127 0.840979973066188 0.2517601896054075 -1.3868613989652305 -0.0026784426861891225 -0.2881885109089754 0.9575699494683636 0.355657067582794
25958882390076 1311877925.844092644.pcd 1311877835.325089147.pcd 0.1536652232757391 0.9795377367938611 -0.1701116987285263 0.10755385698549193 0.27309838116014473 0.17089482543761955 0.9852873241073388 0.0019615279874535983 0.36285019914092637 -0.10630513080470803 0.01645900692919023 0.9941973246068905 0.05799677743926423
25958882390077 1311877925.844092644.pcd 1311877835.325089147.pcd 0.1536652232757391 0.9824246239591383 -0.06429084427069452 0.17523853908802922 0.010125777222404002 0.1006236565987881 0.9731315003180734 -0.20709892037715819 -0.004226444295066263 -0.15721557801768438 0.22109222155394034 0.9624975280991159 0.5103297023289805
25958882390078 1311877925.844092644.pcd 1311877835.325089147.pcd 0.1536652232757391 0.8631655076679253 -0.5049107130029222 -0.0032370151765996474 0.1146146578809843 0.49546686097009013 0.8457512485453744 0.1980338740326661 -0.20591698165016672 -0.09725171490939483 -0.17253984316331455 0.9801898318531777 0.37866104605346973
25958882390079 1311877925.844092644.pcd 1311877835.325089147.pcd 0.1536652232757391 0.9823216976040884 0.18563663739257238 -0.02414790412852679 0.6411425289296593 -0.18540895102708785 0.9825956849420904 0.011368412915578678 1.3187932473967081 0.02583802034322403 -0.0066902011003226545 0.999643755501919 -0.06799692618857575
25958882390080 1311877925.844092644.pcd 1311877835.325089147.pcd 0.1536652232757391 0.9837882093348942 0.15467446852421388 -0.09075553955761831 0.00579638616313402 -0.16195022525317712 0.983618933603823 -0.07915755173401429 0.04055269568134644 0.07702521479416749 0.09257214615007006 0.9927222743764151 0.7040876109567085
25958882390081 1311877925.844092644.pcd 1311877835.325089147.pcd 0.1536652232757391 0.9445736149164086 -0.2000822946545149 0.2602840013706802 -0.05686563268238 0.18793610620624343 0.9796107977104016 0.0710120059794562 -0.1587939179850788 -0.269185263318377 -0.018159305465094405 0.9629171997826405 0.37341689574179304
25958882390082 1311877925.844092644.pcd 1311877835.325089147.pcd 0.1536652232757391 0.9604950498006888 0.11212670697647137 -0.2547093655344953 0.9947715399123197 -0.2155373160860221 0.8786894553775519 -0.4259677292738683 -0.3373953808392486 0.17604807491934352 0.464039268371669 0.8681443616854743 -0.15603028799811333
25958882390083 1311877925.844092644.pcd 1311877835.325089147.pcd 0.1536652232757391 0.9993388552742963 -0.015771643114811044 -0.03275832127136878 0.7423261969233539 0.01604334361405868 0.9998389086066094 0.00804785449828274 0.34869338274552936 0.03262611629876319 -0.008568086706104266 0.99943090027548 -0.19924947283079672
25958882390084 1311877925.844092644.pcd 1311877835.325089147.pcd 0.1536652232757391 0.8770084855686632 0.4540328934532438 0.15719493599679019 -0.5020513692477641 -0.4450391982095655 0.8909360955460505 -0.09040456686553831 0.761393034190806 -0.18109728959193921 0.00932766399662123 0.9834209507565004 0.7277833849588
25958882390085 1311877925.844092644.pcd 1311877835.325089147.pcd 0.1536652232757391 0.9997721155154051 -0.020848770417408125 -0.004587571245586997 -0.25989558603091734 0.02122432737009103 0.9477238033760242 0.3183851762286837 -0.21161019480052454 -0.0022901889743716587 -0.3184099893008462 0.9479503329541566 0.22637505906541608
25958882390086 1311877925.844092644.pcd 1311877835.325089147.pcd 0.1536652232757391 0.9860662820615473 -0.12131502602611434 0.1138242146540017 -0.02751466927432413 0.13210962688757955 0.9868976993006139 -0.09262816849522429 0.039612150716760317 -0.10109566689498407 0.1063747882509683 0.9891734279486182 -0.018322456884536525
25958882390087 1311877925.844092644.pcd 1311877835.325089147.pcd 0.1536652232757391 0.9995567291834048 -0.029702883815919016 0.002020850610898961 0.021823784229482893 0.02972063576226099 0.9995139575924996 -0.009409165088677608 0.593491519835565 -0.0017403890543690485 0.009465055245321742 0.9999536908153009 -0.9653534835657998
25958882390088 1311877925.844092644.pcd 1311877835.325089147.pcd 0.1536652232757391 0.9411615284102336 0.22976106640357738 0.24784033127318889 0.09353803234540699 -0.3182080840127339 0.8494783141869476 0.42086839866524334 0.0872367954738304 -0.11383581470459088 -0.47496994230287065 0.8726081372525412 0.19976798104063676
25958882390089 1311877925.844092644.pcd 1311877835.325089147.pcd 0.1536652232757391 0.935012357347675 0.18466361217802185 -0.30273956124779744 -0.3198747351965577 -0.24298387042138675 0.9554298608972066 -0.1676681830908512 -0.728572936329352 0.258284204554182 0.23033265344564066 0.9382090057308681 1.2140515999013095
25958882390090 1311877925.844092644.pcd 1311877835.325089147.pcd 0.1536652232757391 0.9967945894751611 0.0799565519652748 0.0027379172502605027 0.8013527873656725 -0.08000231747205956 0.9963762891395435 0.02887766679654763 0.32153393106496625 -0.00041903716393165116 -0.029004141744532752 0.9995792035499329 -0.07240933858029962
25958882390091 1311877925.844092644.pcd 1311877835.325089147.pcd 0.1536652232757391 0.9973146032828927 -0.004023769707522753 0.07312585969427833 -0.28909966153255673 0.0014608234747308412 0.9993838549934769 0.03506816751917362 -0.5445693160878546 -0.07322190979114197 -0.034867171604791386 0.996705990887393 1.0137476267410044
25958882390093 1311877830.825327741.pcd 1311877824.325294664.pcd 0.12228367443312337 0.9707742785617985 0.13823918740226068 -0.19618161776573836 -0.03185565448268371 -0.08978403393474407 0.9672764411187891 0.23730805655724077 -0.066456076139466 0.2225671299478527 -0.21275858037440584 0.9514187611897524 -0.12300044669919251
25958882390094 1311877830.825327741.pcd 1311877824.325294664.pcd 0.12228367443312337 0.9286074960587712 -0.20064009245509148 0.31214046767933085 -0.4156357602776476 0.25795915673294456 0.953744551924188 -0.15436451383837488 0.09035026093067794 -0.2667305601559132 0.22386353650056998 0.9374112892985506 -0.4284591968884622
25958882390095 1311877830.825327741.pcd 1311877824.325294664.pcd 0.12228367443312337 0.8587817576976294 -0.5122294296957166 -0.010719328307817909 -0.6568043811674262 0.5118234078300214 0.8586661539862414 -0.027004355125422076 0.46405499174097925 0.0230367498365854 0.017704444415944785 0.9995778412934578 -0.5380106122792789
25958882390096 1311877830.825327741.pcd 1311877824.325294664.pcd 0.12228367443312337 0.9929248935964612 0.11632589722530037 0.023842007280959972 -0.28074896183892323 -0.11611908706611893 0.9931860858648878 -0.00988718682512969 -0.19065708248252258 -0.024829685769006172 0.007048721807021396 0.9996668456168284 -0.06944043901957314
25958882390097 1311877830.825327741.pcd 1311877824.325294664.pcd 0.12228367443312337 0.9955682609742439 0.0923115720764022 0.017955818040489707 -0.03716342203398796 -0.09290439183753343 0.9950386963759229 0.03559166604420426 0.05633800858378922 -0.014581211130013358 -0.037102107423801586 0.9992050950163809 -0.10299100001637626
25958882390098 1311877830.825327741.pcd 1311877824.325294664.pcd 0.12228367443312337 0.9947624543457433 -0.09839147579556506 0.02769073698556501 0.2944031055390332 0.10012280668119464 0.9924906890409915 -0.07026845486573621 0.021702876788149774 -0.020568981654742444 0.07267289493138837 0.9971437044558714 -1.3525345774280813
25958882390099 1311877830.825327741.pcd 1311877824.325294664.pcd 0.12228367443312337 0.8642960947307092 0.12565837605233163 0.4870341190934529 0.031794223281202974 -0.22716798368192462 0.9614287122375131 0.15507913616991167 0.06539600286295101 -0.44876159352504047 -0.2446728505846286 0.8595046412694106 0.09347938570135407
25958882390100 1311877830.825327741.pcd 1311877824.325294664.pcd 0.12228367443312337 0.8596660886766478 -0.44908069410405727 0.24351744529378633 0.033445830369643645 0.49898713350490775 0.8403098036640967 -0.2118756108252266 0.20012302108900976 -0.1094808502704901 0.3036543496296828 0.9464713304559336 -0.06384043293333527
25958882390101 1311877830.825327741.pcd 1311877824.325294664.pcd 0.12228367443312337 0.9228142235401038 -0.21071281756021906 0.3225120421750316 0.7881470566314228 0.298005408360994 0.9209812616809777 -0.2509706999235402 0.4938788161895179 -0.24414480420371987 0.32770966441096655 0.9126881671370453 -0.4381483384013889
25958882390102 1311877830.825327741.pcd 1311877824.325294664.pcd 0.12228367443312337 0.8524017975027982 -0.5197751631701523 0.056964509700691925 -0.4230950738149592 0.5203945698940277 0.8539139193936961 0.004528784661071671 -1.0822124469459793 -0.050996737531029075 0.025783677339315147 0.9983659322833754 0.010602014782217742
25958882390103 1311877830.825327741.pcd 1311877824.325294664.pcd 0.12228367443312337 0.9659012936034496 0.03777189557483026 -0.256140537439638 -0.021877262372392303 -0.06782137177595333 0.9916685195459467 -0.10951624935130937 0.14404119049343792 0.24986987122422424 0.12315368953561386 0.9604156476277108 0.2435623385630472
25958882390104 1311877830.825327741.pcd 1311877824.325294664.pcd 0.12228367443312337 0.9918668219078732 -0.10412300259518412 0.07320251313267104 -0.3530375256743721 0.09952299648472779 0.9929805446541466 0.06391252701196641 -0.5368039211341019 -0.07934343557646376 -0.05610738159028415 0.9952670902637172 -1.1424220103017795
25958882390105 1311877830.825327741.pcd 1311877824.325294664.pcd 0.12228367443312337 0.9984964021768713 0.016912736693815024 -0.05214301657335671 -0.5560225721812737 -0.013856745684267011 0.9981957886446317 0.058422240038903867 0.761009691058867 0.05303701951359274 -0.05761186396609154 0.9969292591209605 0.8596463807377245
25958882390106 1311877830.825327741.pcd 1311877824.325294664.pcd 0.12228367443312337 0.9041105017825942 0.17318249551257162 0.3906302904466876 -0.07720907126436553 -0.16453827721802342 0.9847924284965515 -0.055776591021584776 -0.06806422958085738 -0.39434928159760896 -0.013845433323026537 0.9188563261356735 -0.11399212179140748
25958882390107 1311877830.825327741.pcd 1311877824.325294664.pcd 0.12228367443312337 0.9609024437182168 0.24562597974672856 0.12780599254267822 -0.6531185292660182 -0.27206515074861376 0.9233378480633572 0.27097559314791253 1.1629178093367958 -0.051449464569551025 -0.29515266627152237 0.954063863789169 -0.1542000842017233
25958882390108 1311877830.825327741.pcd 1311877824.325294664.pcd 0.12228367443312337 0.9445216097222264 -0.3095991617203355 0.10966899210715662 1.279566695604581 0.3278508074099782 0.908839528050625 -0.25792355521228105 -0.2442636554802225 -0.019818598546805052 0.2795694391645531 0.9599209091570292 0.619965387937528
25958882390109 1311877830.825327741.pcd 1311877824.325294664.pcd 0.12228367443312337 0.9805359212190659 -0.11581260137144683 -0.15854573019370807 0.0366099734778852 0.1264798455699758 0.9902190433407706 0.0588990226564418 -0.25376011017653505 0.15017375224609922 -0.07780544691001605 0.9855933018073224 0.9803915569109325
25958882390110 1311877830.825327741.pcd 1311877824.325294664.pcd 0.12228367443312337 0.9219647584001925 0.27058382871352893 0.2770656527013086 -0.022898924450371953 -0.35010886528174356 0.8881641786402362 0.29763765593661756 0.1796849500170076 -0.16554385134822874 -0.371414570822204 0.9135898696142342 -0.0573746258353626
25958882390111 1311877830.825327741.pcd 1311877824.325294664.pcd 0.12228367443312337 0.9881436161460649 0.13904020510570042 -0.06511539936100247 0.03247525958089572 -0.1381101427554629 0.9902422964729375 0.01859523444510812 -0.6420284020579311 0.06706550781022796 -0.009381665106345978 0.9977044662734493 -0.4612786326934991
25958882390112 1311877830.825327741.pcd 1311877824.325294664.pcd 0.12228367443312337 0.9152791517371989 0.4005893014067146 0.042335398825499415 0.14420517888003512 -0.40136916148257346 0.9158439720173901 0.011515864283058896 0.3571019222907318 -0.03415948778904064 -0.027532354020139878 0.9990370858362067 0.7535265051385791
25958882390113 1311877830.825327741.pcd 1311877824.325294664.pcd 0.12228367443312337 0.9960679644322034 -0.08181088583399516 -0.033993958153524656 -1.3092212156556562 0.07923760492759961 0.9943116687933025 -0.0711737821589906 0.2229649237557467 0.03962337942710362 0.06820032448995252 0.9968844985966232 0.07287087540669639
25958882390114 1311877830.825327741.pcd 1311877824.325294664.pcd 0.12228367443312337 0.9952874205646813 -0.09066930952569988 -0.03438061628062606 -0.8206156167956042 0.09144331500013142 0.995574940796007 0.021648496502384543 -0.6196854479132097 0.032265625787973796 -0.024690353767409776 0.9991743170354962 1.0845173530429633
25958882390115 1311877830.825327741.pcd 1311877824.325294664.pcd 0.12228367443312337 0.9982300752673328 0.058721487277340924 0.00940764389804235 -0.24792988987518824 -0.05854430877041059 0.9981204260776488 -0.018115710230835084 0.181544098165611 -0.010453742983740801 0.017532882778078632 0.999791636931976 0.3074793478217107
25958882390116 1311877830.825327741.pcd 1311877824.325294664.pcd 0.12228367443312337 0.9835775070563442 -0.13833208192054583 -0.11592895550445713 0.8941191332449263 0.1222563848148133 0.9831525214083906 -0.13588412718318563 -0.8226390384883253 0.13277297912165448 0.11947951606803267 0.9839186863025365 -0.3986777139761867
25958882390117 1311877830.825327741.pcd 1311877824.325294664.pcd 0.12228367443312337 0.9357434700958309 -0.34645941422073945 -0.06595477595166917 -0.3534202613229563 0.3282781230164509 0.9239843623046219 -0.19617943869151316 -0.6017711323971104 0.12890939500986237 0.16192211866926431 0.9783473796989737 -0.9007306110897702
25958882390118 1311877830.825327741.pcd 1311877824.325294664.pcd 0.12228367443312337 0.9946027793085357 0.09230905952553985 -0.04737455985280077 0.05819511283768549 -0.09300559057516937 0.9955844531320617 -0.012710499734386342 1.2354773358660092 0.045992080986841946 0.017047997279569505 0.9987963227181283 -0.2846469352726362
25958882390119 1311877830.825327741.pcd 1311877824.325294664.pcd 0.12228367443312337 0.8800947650021004 -0.4503153103871739 -0.15049692969227335 -0.1388218818422936 0.43375887734834506 0.891474190972691 -0.13087017670611434 -0.3145036303212429 0.1930969728851315 0.04989877814625774 0.9799100320958601 0.09946131448941516
25958882390120 1311877830.825327741.pcd 1311877824.325294664.pcd 0.12228367443312337 0.9897914806564644 -0.1283477560216645 -0.061965138134979066 1.0031778486847653 0.11915733049355196 0.9837516303676801 -0.1342916986957189 -0.3627777685429502 0.07819434384617717 0.12553717884807908 0.9890025588022162 -0.42661200001751526
25958882390121 1311877830.825327741.pcd 1311877824.325294664.pcd 0.12228367443312337 0.9586647500954842 0.28291637047284984 -0.03033519808460055 -0.021448103839148334 -0.2828255366946996 0.9591433306284555 0.007333969205584834 -0.004205829280612227 0.031170702874941426 0.0015487509233372146 0.9995128756813789 -0.1207810854879199
25958882390122 1311877830.825327741.pcd 1311877824.325294664.pcd 0.12228367443312337 0.9240915790508468 0.29635471144403663 0.24130610960403426 0.4359257075411567 -0.3676909513156195 0.861595284392753 0.34993846635199405 0.39015081359176645 -0.10420229291108284 -0.4121012629404243 0.9051598926349863 1.2482462155883474
25958882390124 1311877924.376777023.pcd 1311877836.325154830.pcd 0.1105382061842995 0.9437242961347422 -0.08973304003262164 0.3183275583600791 -0.03340645130699175 0.20986147313845452 0.9063745454862999 -0.3666651679484446 0.23825078669463337 -0.25562201583029454 0.41283551787728645 0.874199187943943 -0.03343971288703913
25958882390125 1311877924.376777023.pcd 1311877836.325154830.pcd 0.1105382061842995 0.9390427665112664 0.21257601159416428 -0.2702038525957488 -0.41636450918239937 -0.17251128855198716 0.9711719331781159 0.16451422895669013 -0.005480728677541683 0.2973861765196904 -0.10787268190695434 0.9486437405650241 -0.6843243910205727
25958882390126 1311877924.376777023.pcd 1311877836.325154830.pcd 0.1105382061842995 0.9956920866477976 0.05889508685784796 0.07161450503188099 0.20626489240312976 -0.06686950516680147 0.9911584891993893 0.11460069182483718 0.08404922932329778 -0.06423190691316796 -0.11889582848860061 0.9908269496245585 0.04040416873726267
