id source target overlap t1 t2 t3 t4 t5 t6 t7 t8 t9 t10 t11 t12
25958882390030 1311877832.325579491.pcd 1311877824.825291830.pcd 0.1061448047015552 0.8163139708947516 -0.4159326768654555 -0.4007886091664521 -1.0350260757490473 0.5772894654619382 0.5644421547883947 0.5900355302560207 -9.747337439115768 -0.019193071372559184 -0.7130252886212174 0.7008755694115164 0.1516539260719845
25958882390061 1311877890.142269515.pcd 1311877892.173677233.pcd 0.12791450278158759 -0.03238115442240225 -0.17834020486306099 -0.983435931907958 9.72194680606672 0.20825721715725695 0.9611510669078163 -0.1811561704272897 4.63953218593612 0.977537923735027 -0.21067367636078205 0.00601745365123757 -10.424362397829553
25958882390092 1311877925.844092644.pcd 1311877835.325089147.pcd 0.1536652232757391 -0.4039985101751814 0.6917991606195747 -0.5984973894197753 -3.323747465723269 -0.694626080810201 -0.6577222240172532 -0.2913693255853445 -1.1379681539902433 -0.5952140889079275 0.29801912254056856 0.7462605382610391 -4.0515820050659075
25958882390123 1311877830.825327741.pcd 1311877824.325294664.pcd 0.12228367443312337 0.8188605611097514 0.4758474813423944 0.3209930777433104 4.446780253494465 -0.17722944691904308 -0.3222988813695113 0.9298995398497258 -1.8532984776646815 0.545946063822969 -0.8183474846103342 -0.1795836569071509 5.2031642883090825
25958882390154 1311877924.376777023.pcd 1311877836.325154830.pcd 0.1105382061842995 -0.22728106745515209 0.9723011965634875 0.05453163795135204 1.860055552941777 -0.9738156829125092 -0.22721636744399587 -0.007465793942955903 -8.79459717119575 0.005131480302044897 -0.05480059786868881 0.9984841322640757 -2.965208530715721
25958882390185 1311877831.825165174.pcd 1311877824.325294664.pcd 0.10289154097089888 -0.7323697374251356 -0.14492018439814172 -0.6653064766390347 -0.6630067044559234 0.2615355275956932 0.8422672619198076 -0.4713650679710502 0.7595395026450387 0.6286761769854813 -0.5192147914419609 -0.5789492765681642 1.6671519526755316
25958882390216 1311877851.497032403.pcd 1311877910.826013154.pcd 0.1470608912674769 -0.025229941040992465 -0.8134433620098174 -0.5810966760163345 -0.09637033277974197 -0.5298710053535249 0.503792623760823 -0.682224090698819 -0.07766502723240482 0.8477028770511001 0.2906938063432909 -0.44373071022066574 2.414072994735207
25958882390247 1311877825.325706314.pcd 1311877827.325477449.pcd 0.11064774522128744 -0.6132441630484075 -0.34291041363194796 0.7115785583544695 -1.1006164545488162 -0.4738092634039266 -0.5611004589917864 -0.6787275276809066 9.094657551810261 0.6320097929618554 -0.7533782072385513 0.1816174508640062 -7.931249713045267
25958882390278 1311877880.158773919.pcd 1311877860.041779563.pcd 0.14189951976789755 0.7349634444114532 0.6664325314309274 -0.12528534004191832 7.308751207283354 -0.5856562841222475 0.7169638068224338 0.378113232477793 -2.7380074546465765 0.3418120130232031 -0.20452525701548513 0.9172425889565833 -3.5305666144546195
25958882390309 1311877868.786553198.pcd 1311877866.450704245.pcd 0.11018746936446841 0.9288940976667239 0.21895472629884377 0.29868810346466923 -1.6674995948554825 0.2485143107963732 0.2294523811520675 -0.9410591065990754 -0.416765170821728 -0.27458403567819845 0.9483725178509996 0.15872357964596534 -0.6558400370442486
25958882390340 1311877872.053070236.pcd 1311877852.830864546.pcd 0.20753438062369625 0.8348701404687604 -0.2371323895454019 0.49674951271456713 8.34804190339736 -0.13772715225001425 0.7837513537949435 0.6056113002229189 -10.220550330091147 -0.5329381578445791 -0.5740226870543366 0.6216710341170364 0.6588292036698756
25958882390371 1311877834.325080360.pcd 1311877919.305554825.pcd 0.1694696088633164 0.608427511589884 -0.0860206068152806 -0.788933722402378 3.793763570441617 0.22991395128859327 0.970582121235007 0.07148371102440411 1.568268229056631 0.7595758936034027 -0.22487952584013748 0.61030620242179 8.197411457933638
25958882390402 1311877844.054608279.pcd 1311877845.026382454.pcd 0.17104634191422508 -0.710575676700347 0.3855022648784068 -0.5886172028198484 -7.239051110768757 -0.47146010464231436 0.36013046785753144 0.8050039849909896 -0.3661696314663965 0.5223098480906729 0.8495257794171605 -0.07415101275885502 10.360882774812909
25958882390433 1311877906.225730388.pcd 1311877907.357351063.pcd 0.16208071982986957 0.7056011256131366 0.633383398456998 0.3177302662519549 3.964238513306794 -0.6349089580217314 0.7642117853280364 -0.11345026306489703 -1.130364330220627 -0.3146707272010437 -0.12167915895829817 0.9413694894768829 -0.574875398256607
25958882390464 1311877860.041779563.pcd 1311877857.237007878.pcd 0.2035346323780403 -0.014698264969193742 0.764328431725481 -0.6446596074386561 -1.3683742853771135 -0.9834342020383713 -0.12754547921108506 -0.12879953801922833 7.22425702508034 -0.18066856745999657 0.6320871768900882 0.7535414185982554 -2.3652408304269423
25958882390495 1311877890.142269515.pcd 1311877891.241621506.pcd 0.162996409363394 0.06712916930710394 -0.25250744430532 -0.9652635211166607 4.377776941174497 -0.4571986518069425 0.8521123611672783 -0.2547035860207704 0.22465390247646688 0.8868275296888637 0.45841522064207424 -0.0582444681461346 10.767668810284523
25958882390526 1311877919.305554825.pcd 1311877915.230230277.pcd 0.2029603426532198 0.2560101859608684 -0.8902063804059661 -0.37681744249542143 -8.769175490478966 0.8357706748415379 0.39970743338991593 -0.3764589576139297 -0.318526829905758 0.4857428988252965 -0.21855564046108394 0.8463375616522307 -7.346878796412641
25958882390557 1311877873.220221819.pcd 1311877872.053070236.pcd 0.18700418242864417 -0.4772853788911732 0.8704357987175169 0.12058269945439073 3.0913793788516375 -0.8446891677614994 -0.49227949436702245 0.21014544794530932 -2.958358479990778 0.24227851114594376 -0.0015555503037320284 0.9702054953978346 7.037346582574896
25958882390588 1311877924.376777023.pcd 1311877925.844092644.pcd 0.16606857441445871 -0.5047709587273349 0.8582089431233648 -0.09318631427717311 1.607751378446176 -0.2930452893729159 -0.06881367911261199 0.953618967902448 5.801940364854075 0.8119918334575975 0.50866697112164 0.2862292348592391 10.612378124729554
25958882390619 1311877831.825165174.pcd 1311877915.230230277.pcd 0.17694438164141985 0.346294958488399 -0.5457268844366008 0.7630609211122262 0.30016904219061813 -0.6305794649865026 0.46682444491186303 0.6200358666803617 0.12171258506047965 -0.6945857326945711 -0.6958858421004498 -0.18246521504465907 3.512825160721914
25958882390650 1311877827.825228917.pcd 1311877825.325706314.pcd 0.2542578862698468 -0.9472325288059845 -0.2065220028098931 -0.2451513792072374 -1.1192513412649292 0.0895643196811374 -0.9048492905778988 0.41620426953688117 -2.3747640388482294 -0.3077803908826474 0.37228540623567863 0.8755996843832579 -0.6769814914676512
25958882390681 1311877861.108458085.pcd 1311877858.272134596.pcd 0.25196459702293145 -0.7898222189928238 0.44537333554414166 -0.4216911836540306 -2.012356684055125 -0.2744357599884348 -0.8714955689775942 -0.40642402351729845 -8.706682729258755 -0.5485124210305744 -0.20527558363990772 0.8105529339509376 1.4984297029754865
25958882390712 1311877829.826436479.pcd 1311877825.825235831.pcd 0.2188694562450247 -0.871100506851672 0.4880817439849069 -0.05440696785717368 8.297447501928485 -0.49044325862369786 -0.8703204492760706 0.04480765160624932 -5.922616114101456 -0.02548169996935785 0.06571549863274398 0.9975129854824554 3.8181060617283453
25958882390743 1311877849.529534428.pcd 1311877845.026382454.pcd 0.21463294978146463 0.7889663577878974 -0.3491250752149142 0.505612270554305 1.4077375485517531 -0.5670504876358795 -0.09683501392974031 0.8179711025147147 4.338702481879314 -0.2366132514269024 -0.9320593660992882 -0.2743711123930178 2.2555727303652047
25958882390774 1311877814.225379005.pcd 1311877815.626325917.pcd 0.22549771477263925 -0.9642667997301834 0.1575227597071608 0.21301671087581606 -3.756306836441832 0.20377276396624416 0.9548134580095263 0.21635138333148785 -1.4276306783695563 -0.16931095535631555 0.2520274599684152 -0.9527937656272741 -4.353662762770458
25958882390805 1311877831.325501186.pcd 1311877832.825341801.pcd 0.244619523443505 -0.7063188076444471 0.6351504854220777 0.31256615753440903 -5.319475460667353 -0.6858404028583234 -0.7233479111641841 -0.07994211169054682 -3.5962026049193105 0.17531880610721334 -0.2708351164131236 0.9465260989231257 -6.378008094026588
25958882390836 1311877828.325219855.pcd 1311877829.826436479.pcd 0.2177710185425605 0.5357465050994433 0.029163345440748056 0.8438750983151686 0.6897085768759368 -0.3284104212437899 0.9279113807223254 0.1764286392410941 1.2951003348106869 -0.777896058282987 -0.37165840338769585 0.506702825825059 -9.094609531293816
25958882390867 1311877857.237007878.pcd 1311877877.292452926.pcd 0.2380403250509018 0.6514843462924694 -0.3363563137387674 0.6800239530663179 -0.3188652114616029 0.5435545871907214 0.8322547638949683 -0.1090890403205339 -6.347311894251566 -0.529260387030617 0.4406999412096607 0.7250289680681754 4.926481860532978
25958882390898 1311877832.325579491.pcd 1311877833.325693964.pcd 0.26042457921880624 -0.9900400953684604 -0.028410552313414463 -0.13788926745782748 6.325960624055374 -0.026152115044847202 -0.9252676025415066 0.37841238162324076 -3.8678021453137785 -0.1383353766810595 0.37824952637688636 0.9153090294289521 2.6768248482689065
25958882390929 1311877828.325219855.pcd 1311877826.825260740.pcd 0.21280462925182686 -0.1432524800877013 -0.9537472714494218 -0.2642817987518354 4.838893754969223 0.971480549533373 -0.18649481660380562 0.1464418835519694 0.6145521393697159 -0.18895573245355224 -0.23576646407556734 0.9532627683856355 -9.252818019143556
25958882390960 1311877892.173677233.pcd 1311877891.241621506.pcd 0.3210316423868425 0.024053905083916055 -0.34056858999016826 0.9399119347908731 -4.5063006351369745 0.7944514074489732 -0.5642049732756431 -0.22476589895572724 -1.616016112234619 0.6068511933353673 0.7521208570722788 0.2569938627755557 1.2553169302994462
25958882390991 1311877817.759971404.pcd 1311877816.191596080.pcd 0.2992710286851945 0.09107742714338618 0.9827226499947517 -0.16112447192228097 -1.5354848032138535 -0.9881020726256411 0.06904314561305802 -0.1374312123091631 -9.68059965380563 -0.12393222477569499 0.1717243058834328 0.9773185593403002 10.081344348304155
25958882391022 1311877909.858177170.pcd 1311877910.826013154.pcd 0.3195350848394097 0.013014989438219993 0.8986465269940888 0.4384803639518944 -0.03685708592132327 -0.7255750268889826 -0.2932466886307502 0.6225329388571759 7.09656493933233 0.6880199782019236 -0.3262526614888568 0.6482188754321044 11.023801253436242
25958882391053 1311877842.686819475.pcd 1311877841.418954814.pcd 0.31961383784257646 0.3915806854686986 -0.8910181335345906 -0.22967640819291413 -0.9654908654485874 0.9186957163228244 0.3925872341927562 0.04328330346650977 -2.9416476974910832 0.051601817583841844 -0.22795163798800833 0.9723041207156471 7.02199213068513
25958882391084 1311877831.825165174.pcd 1311877828.825255886.pcd 0.2841074254707535 -0.724653470054495 0.14833119201165404 0.6729600328506744 -6.3641080797059955 -0.42261132295366677 -0.8670177162421148 -0.2639695994497462 -8.15985199352494 0.5443133454631905 -0.47568701600812024 0.6909738379649114 1.6826883508641648
25958882391115 1311877870.915736758.pcd 1311877869.685458052.pcd 0.2760403184376008 -0.6864245428689993 0.6289364128125265 0.3650484017025634 -3.2231118816025477 -0.5005923424380938 -0.044553678963977716 -0.8645358733928376 6.169000961511715 -0.5274738416636667 -0.7761790761990982 0.3454234908504153 11.802984676707702
25958882391146 1311877874.786229144.pcd 1311877853.833211808.pcd 0.2947807109981032 0.85715089131684 -0.506435859286146 -0.09388860390830153 1.2898218099149725 0.17527256562387222 0.1153885435441957 0.9777346325861506 2.6292154389432834 -0.4843262095472145 -0.8545222082824134 0.18766970532767246 -6.744114391269267
25958882391177 1311877818.289499370.pcd 1311877819.329949190.pcd 0.29499986505920045 -0.3575021101020725 -0.5052268707181258 -0.7854540409068731 -5.241522426347334 0.876357723759867 -0.4721657281258211 -0.09516651296458245 1.7890148275157247 -0.3227837995919103 -0.7223609446030311 0.6115597145277198 8.014238682373426
25958882391208 1311877925.844092644.pcd 1311877922.909657718.pcd 0.28961645388539503 0.28776011542047725 0.9178480054102806 0.273402916841725 0.3632897491469482 -0.809140742534581 0.3857239102461813 -0.4432925939320246 12.848563543126316 -0.5123332653105599 -0.09365951114951157 0.8536641735644375 0.35240447672054426
25958882391239 1311877823.825152571.pcd 1311877822.825124819.pcd 0.31381178864674286 -0.3312926543542467 -0.9124589590397698 -0.24013293243321954 9.531300895128027 -0.0572585847726948 0.27347895470813577 -0.9601722323633264 2.730135283631149 0.941789058993969 -0.30434833562844577 -0.14284767747306662 -2.099012328511083
25958882391270 1311877863.306565849.pcd 1311877853.833211808.pcd 0.3766091060743221 0.38888239524503526 -0.12073208071915148 -0.913342349480034 -0.9661140887903051 0.050067429721042174 0.9926806263003161 -0.1099018955666421 0.44178022110020404 0.9199259400351817 -0.0029897915039176423 0.39208076463548985 1.7845635529407822
25958882391301 1311877826.825260740.pcd 1311877825.825235831.pcd 0.3223235490834525 0.35095559775267154 0.8707461344148346 -0.34442900256466163 0.3245028287243663 0.28411953001672013 0.25146379179416345 0.9252254071736139 -1.4517603106447754 0.8922478697476071 -0.4225720421633739 -0.15914335711154465 -0.3575921577159465
25958882391332 1311877823.825152571.pcd 1311877824.325294664.pcd 0.35763469865833747 -0.16342877642487474 -0.18377983016149085 -0.9692863400781431 2.413050604407234 0.9250792511625368 0.31285338067534707 -0.21529315193142268 2.789429032248732 0.3428110472327701 -0.9318517780343716 0.11888166246041262 9.729324991124173
25958882391363 1311877830.825327741.pcd 1311877828.325219855.pcd 0.3225414002032992 0.7827798697818311 0.4731406043332571 0.4042197966397736 -8.352832122289268 -0.6143429190860796 0.484013385410214 0.6231483134154648 -6.326666470600901 0.09918897737719792 -0.7361175254501852 0.6695465148083155 8.436026334913336
25958882391394 1311877831.325501186.pcd 1311877830.825327741.pcd 0.36656498206507815 -0.9418121737173119 0.04028749353595971 0.3337165673179288 -4.057358539913742 -0.10920730970610576 -0.9756085870394017 -0.1904249153911766 -4.65568955409458 0.3179050061647762 -0.2157887920156468 0.9232397328407186 0.03714909069630145
25958882391425 1311877832.825341801.pcd 1311877833.325693964.pcd 0.3362653585323471 0.09420912031367004 0.9242280614800212 -0.3700366630789532 7.965272063746082 -0.574138583498481 -0.25321496086891637 -0.7786186939256667 -4.668344539557373 -0.8133200652806264 0.28580530779717056 0.5067798313339654 -5.426424138124311
25958882391456 1311877823.825152571.pcd 1311877823.325110720.pcd 0.3536396835537888 0.5673109333306691 -0.7609510710682376 -0.3148202222913693 0.07900351470423018 -0.7702749565198864 -0.35512161416336535 -0.529683991179923 -3.454469854689834 0.2912641349046807 0.5429936524436615 -0.7876059275577604 -4.747652719686774
25958882391487 1311877817.230681042.pcd 1311877818.289499370.pcd 0.3384380846788164 0.6455182694317121 0.6471306544352741 -0.40562061081762296 -12.814133557853198 -0.34339254056501844 0.7203054995013999 0.6026952384682835 1.353932655737706 0.6821933207780546 -0.24976369527658124 0.6871901990043203 3.5543366433546204
25958882391518 1311877918.036662534.pcd 1311877916.466059355.pcd 0.3714574183055322 0.9033691238995626 0.3326381769054082 -0.27069552868487357 -7.932968577849923 -0.385557231579745 0.35351893610046925 -0.8522734203264556 11.86892744868798 -0.1878026814544983 0.874286111683949 0.447609146192369 -0.823588119318691
25958882391549 1311877825.325706314.pcd 1311877824.825291830.pcd 0.34299149018470165 -0.14182802693132407 0.9787797130013204 0.14790227920427862 -3.014201748181668 -0.9874721317823464 -0.1503327179765232 0.047946458253132755 5.214254124655157 0.06916357227613289 -0.1392492273689299 0.9878390825165606 1.0452591403425506
25958882391580 1311877834.325080360.pcd 1311877833.824972489.pcd 0.3798586031707168 0.5689682782309649 0.03026127705661641 0.8218025027205709 0.6990158125149583 0.7631286901864046 0.3529621323975092 -0.5413430846586899 1.458310110871115 -0.30644689683740256 0.9351481103035527 0.17773100802735708 -1.2579379233270607
25958882391611 1311877836.325154830.pcd 1311877835.325089147.pcd 0.39909599837310406 -0.6552978841835244 0.08972749496547527 -0.7500224394188594 -7.990815147316591 -0.5692503342162454 -0.7113353675288823 0.41225726421403724 -7.4147840762417205 -0.4965266759996777 0.6971018372876163 0.5172139677840697 7.129527861173479
25958882391642 1311877862.275977410.pcd 1311877874.786229144.pcd 0.3911463868225292 0.7882044380199436 0.4828254992633204 0.3815931094068529 4.937086795400846 0.2993067159668541 0.2410316305450777 -0.9232113749591251 1.1020602324381954 -0.5377260024053161 0.8418926833854221 0.04546928632925251 11.141317730343244
25958882391673 1311877862.275977410.pcd 1311877861.108458085.pcd 0.39722369819341125 0.10879345918638716 -0.9938451386450715 0.02087638929073734 -7.608654284393043 0.9940230915885551 0.10895634536011889 0.006827019444642955 -5.336270399725648 -0.00905961516792764 0.020008877962669498 0.999758754988264 -4.054017538075278
25958882391704 1311877825.325706314.pcd 1311877823.825152571.pcd 0.4029671534023144 -0.5330588866493111 -0.8459051794996936 0.017107035388651277 -1.5919823748074502 0.8454158000676749 -0.5333325902861235 -0.028783209248233722 -2.1000287918374716 0.03347160528165015 -0.000880587466174974 0.9994392808998376 12.800832832566678
25958882391735 1311877874.786229144.pcd 1311877875.785934123.pcd 0.40290572374548744 0.47965779494766775 -0.866201477993744 -0.1400835438850495 -0.7082457085065352 0.8771958800870107 0.4694812271630609 0.10057218949511423 -0.5997522835318904 -0.0213491850972313 -0.1711209422102389 0.9850186980117506 5.588836925365009
25958882391766 1311877861.108458085.pcd 1311877875.785934123.pcd 0.38435027490948104 -0.10738555448484888 0.6565870041584557 0.7465667074402698 3.5948924144234407 0.42395827450059487 -0.6489734476635076 0.6317379565217042 1.1132432729379453 0.8992929023240757 0.3843526638361758 -0.20867511981924397 -8.231879343878274
25958882391797 1311877855.032650349.pcd 1311877853.833211808.pcd 0.43166799006172996 0.49979991926429795 -0.42529635464683135 -0.7545349901943037 -1.132096592103002 0.33005501367207635 0.898935121098097 -0.28806134070068334 -3.0301238867257254 0.8007894408977474 -0.10506502167927388 0.5896588950963149 -2.8655923973740762
25958882391828 1311877815.626325917.pcd 1311877816.726856674.pcd 0.3821337558745176 0.5608113481066368 0.3609946896271431 0.7450996348783292 6.65544836735752 -0.6588451758533059 -0.3504329473400903 0.6656724297080088 12.869714222151215 0.5014116732682268 -0.8642219526716155 0.04131283615072673 0.7368995615381249
25958882391859 1311877816.191596080.pcd 1311877816.726856674.pcd 0.38086283697344286 -0.23023153185817727 0.8509310773573344 0.47213318388535597 6.755563225501105 -0.22522680448690252 -0.5185878301500907 0.8248269812274811 5.1677912777134525 0.9467134351422588 0.0835641311072331 0.3110477579302534 6.908021460479732
25958882391890 1311877861.108458085.pcd 1311877856.136239127.pcd 0.4368177551294086 -0.4240571515788226 -0.7845147266273338 -0.4524512967156744 0.24424214498889527 0.5158828289388862 0.20136383172370836 -0.8326569005776375 -5.16366134373254 0.744338927506057 -0.5865059684081534 0.3193279036049728 3.2234051341978054
25958882391921 1311877856.136239127.pcd 1311877874.786229144.pcd 0.4347449470644851 0.20811342452637144 -0.9711652402367659 0.1163051103252607 -0.08363951523724315 0.9775468881032154 0.210534351011272 0.008795942472646368 1.4493282959696112 -0.033028534506179534 0.11186314495904036 0.993174583196855 -0.4932586784650238
25958882391952 1311877895.045540991.pcd 1311877897.280676270.pcd 0.43507025122023485 -0.7318116566574036 0.45917949926251134 0.5035929771525576 6.185777942158194 -0.02052646630656038 -0.7534561023671351 0.6571777278535019 -2.1265348732204052 0.6811977417470736 0.470593337461077 0.5608132910121985 -3.5100494463132614
25958882391983 1311877832.825341801.pcd 1311877832.325579491.pcd 0.4343908102538867 -0.13132841053114147 -0.29289751752817894 0.9470817772574835 -3.830551001813375 -0.2445683616166049 -0.9162541027037621 -0.3172770646843114 4.212745379701442 0.9606972286228024 -0.273293731183782 0.048696728967284775 10.191237023556276
25958882392014 1311877830.825327741.pcd 1311877829.826436479.pcd 0.47018144854689087 0.4665558847782121 -0.3624493325636875 0.8068184973728338 1.6411171269956923 0.349793649711563 0.9134287017593972 0.20806828067633643 3.563013340113925 -0.8123853820695472 0.18514450606561317 0.5529480110041414 1.9749033487442766
25958882392045 1311877829.325196674.pcd 1311877828.325219855.pcd 0.4494482820489818 0.378427972644822 -0.8737724219822338 0.3054734425498078 3.0490858126759632 0.8451120238951355 0.46077668864534227 0.2710544415221803 0.13621292086646128 -0.37759493718507087 0.15558469649786935 0.9128063680912114 -3.4710755971779945
25958882392076 1311877926.813168768.pcd 1311877925.844092644.pcd 0.47969656920710735 0.5536117448802519 0.8265682390175205 -0.10148390107853517 -2.69266898155158 -0.8231806677877894 0.5247104771967143 -0.21691588992152153 0.5209754714808403 -0.12604611898464804 0.2036267697712447 0.9709008778044423 -2.07465010382497
25958882392107 1311877897.280676270.pcd 1311877895.045540991.pcd 0.44988076280116307 -0.6058185452159648 0.5393940121780985 0.5848401404647472 3.929996844943923 -0.35679838902136124 -0.8412204469875257 0.4062549312462172 -8.891655755567758 0.7111109617100366 0.03744675148154669 0.7020818619928205 -4.050717997064157
25958882392138 1311877830.825327741.pcd 1311877830.325467473.pcd 0.48550092445113213 -0.7150994475593554 0.11640137164490527 -0.6892630127748691 0.6659438129968364 0.6831777175450112 -0.09237444323799093 -0.724386063150348 0.9731120716606265 -0.14798981840077224 -0.9888972054342433 -0.013465910071384583 11.497188656974132
25958882392169 1311877825.825235831.pcd 1311877824.325294664.pcd 0.4375093001089872 0.1701896501902682 0.9452314069042909 -0.2785194254802513 3.6810722164939906 -0.03305151410527213 0.2879593270045201 0.9570721098258234 -7.300381848122977 0.9848568831984997 -0.1536782788582659 0.08024902630996766 -3.8589457353313676
25958882392200 1311877899.379783080.pcd 1311877898.517846122.pcd 0.5165932673864958 -0.99173278503106 0.1115144367260229 0.06348711283571525 4.47288483705024 -0.07309660034215656 -0.8975806199221876 0.43474810840131345 -5.043320565904241 0.1054654925222276 0.42651326021799013 0.8983114541990793 4.361503829158
25958882392231 1311877862.275977410.pcd 1311877855.032650349.pcd 0.5249867162592986 -0.008118111486618229 -0.9612006148881438 -0.27573080024644536 -0.42145706418579126 0.8981756985384288 0.11419964749688699 -0.4245454687858444 -9.160489585975782 0.4395617258371075 -0.2511012115666531 0.8623999482426135 2.882926428871848
25958882392262 1311877878.759775829.pcd 1311877877.292452926.pcd 0.537510450723564 -0.7366323880970922 0.675964821286375 -0.02107807367037798 -3.828396625533615 -0.6757117145031176 -0.7343489193023283 0.06438434283861044 6.690817224399172 0.02804289017972508 0.06167029351950165 0.997702546457403 8.178573223984063
25958882392293 1311877858.272134596.pcd 1311877860.041779563.pcd 0.5204144449600803 -0.6367083043466575 -0.48163581975998554 0.6021872402335766 1.64989950559516 0.24066137872897347 -0.866051653818734 -0.4382198463170123 -3.069660462740125 0.7325876302288172 -0.1340950037919496 0.6673334204082418 -5.529753465991659
25958882392324 1311877814.225379005.pcd 1311877814.991204594.pcd 0.4894685878069564 -0.53287058135885 0.2312148909742217 0.8139954654136962 2.0855862223243586 0.7611804159915829 -0.2892590380276751 0.580459803285451 9.22807866504534 0.36966649541601926 0.9289073598110215 -0.021858615138097524 -4.115590827433864
25958882392355 1311877829.325196674.pcd 1311877828.825255886.pcd 0.49619121541767913 0.8174802543933821 0.2223766306579268 0.5312952736606634 -0.7090741059678219 0.08356770508330724 0.8668998035289586 -0.4914276847192905 -0.35991944390241465 -0.5698618010921951 0.44613155546170574 0.6900899672341848 1.9889554803959044
25958882392386 1311877856.136239127.pcd 1311877855.032650349.pcd 0.4917524246686903 0.05432527512337121 0.9719041654034404 0.22902195910919088 0.7417547749596144 -0.11559844580298373 -0.22169691972284813 0.9682393687065899 -1.4511051082246191 0.991809338436932 -0.07907445261804169 0.1003068648321361 12.4147844556598
25958882392417 1311877825.825235831.pcd 1311877824.825291830.pcd 0.4905752192814887 0.22145283425980467 -0.5298572958870309 0.8186634767678251 0.0353663249033441 0.38732382947413024 0.8182399878385174 0.4248100439296582 0.26535222738900593 -0.8949518944165629 0.22301248462206474 0.3864279213293199 11.991928422244243
25958882392448 1311877895.045540991.pcd 1311877896.080359449.pcd 0.521675737208976 0.3143568693578806 0.21706413194503837 -0.9241552474073063 -6.636854848253961 0.8808252057428585 0.29634632223264296 0.36922325797170136 -3.453211592685013 0.35401513472669977 -0.9300871034059839 -0.0980370565771081 -1.8330192479488576
25958882392479 1311877896.080359449.pcd 1311877897.280676270.pcd 0.5404556353018446 0.6957018169544538 0.33968308698660127 0.632941057525521 -1.9739670868863692 0.0668262442030958 -0.9079117121811671 0.41380016429427646 -3.790431286642881 0.7152155164507967 -0.24558445247921346 -0.654335572721295 -3.704911116754615
25958882392510 1311877828.825255886.pcd 1311877828.325219855.pcd 0.5435462640969807 -0.05466037443864183 0.9271228909826166 0.3707497653165306 -3.4916640163319563 -0.3656424694284508 -0.36409922746532986 0.8565846934830286 -2.618812299158937 0.9291489805281452 -0.08874061964616325 0.3588973034286035 9.678652261741965
25958882392541 1311877875.785934123.pcd 1311877874.786229144.pcd 0.5537801238839153 0.7742164119192094 -0.6220468326596109 0.11681902881419254 4.184778076460765 0.5282665063969938 0.736755008044822 0.42205041919181807 8.798120211822194 -0.3486021309947202 -0.26504678096332435 0.8990143258963783 -9.290598578742372
25958882392572 1311877860.041779563.pcd 1311877859.239050928.pcd 0.5945461276256135 0.29638386865408795 -0.9274812521737257 0.22789280214147636 0.63749287307749 -0.636086707470777 -0.013701051167479522 0.7714959376276016 -0.750310777990636 -0.71242564733495 -0.37361853281544244 -0.5940192664857037 -5.3801347868027385
25958882392603 1311877897.280676270.pcd 1311877896.080359449.pcd 0.5567386843502167 0.3427119203136754 -0.5828803406418379 -0.736748972288505 5.055910154198456 0.9389121581980946 0.1862182315651803 0.2894248251628275 -0.7517352622382492 -0.031503949954083954 -0.7909319052396306 0.6110926463403883 7.028903056558844
25958882392634 1311877863.306565849.pcd 1311877855.032650349.pcd 0.5504067956798242 -0.248411608422061 0.9412439366477422 -0.22880455529780422 -1.436299425276715 0.6942318724450959 0.33772613455052714 0.635596700214008 0.5170976838086363 0.6755248182580275 -0.0009538162404458816 -0.7373366328564169 10.210863367347686
25958882392665 1311877859.239050928.pcd 1311877858.272134596.pcd 0.5698719888902737 0.2727539294909514 0.2951295055833516 -0.9156985687885351 0.029781228389658913 -0.9111775724769535 -0.22625719853515452 -0.34432994572942627 -1.5674842173486743 -0.3088053195174123 0.9282813447684652 0.2072028464876841 0.644887162965754
25958882392696 1311877834.825085055.pcd 1311877833.824972489.pcd 0.2926551331192375 -0.009562603207210196 -0.43886134810221045 -0.8985039085957345 0.5312277630421303 -0.9325410154407955 0.3282472409188321 -0.1504028036634431 2.526865688510574 0.36093740612542713 0.8364535049667043 -0.4123951053157202 -8.486368124617401
25958882392727 1311877828.825255886.pcd 1311877825.825235831.pcd 0.24009961324709936 0.3555152649906138 0.8867700603728242 0.2953773118995961 -1.5608680989372967 0.03777540723789363 -0.3293967906185898 0.9434356220422166 10.898124090652622 0.9339068020775225 -0.3242477669260817 -0.15060368746078057 -2.3254155335585436
25958882392758 1311877818.789311350.pcd 1311877817.230681042.pcd 0.1323016164584864 0.8616221483729803 -0.34694799249227504 0.37045156760190673 7.128307049372151 0.49671056273078884 0.7264427561409974 -0.4749310886033199 -8.378632185848684 -0.10433547002238952 0.5932183514995567 0.7982519008053507 -4.6411089488564015
25958882392789 1311877855.032650349.pcd 1311877861.108458085.pcd 0.14119131169795857 0.05597465690660359 0.1816109720554961 0.98177609087472 2.944544908607097 0.7401443476445542 -0.6675176645688301 0.08128045360597069 -4.595124741053109 0.6701143054987004 0.7221063788096826 -0.17178240669044598 10.324825850335348
25958882392820 1311877858.272134596.pcd 1311877859.239050928.pcd 0.6261992480134865 -0.9994158845038931 -0.029413648925648177 -0.017399053370215366 3.5343928455520266 0.029839687349527202 -0.9992480926536659 -0.024755653634938958 4.713955745137413 -0.016657816789224 -0.025260375786779497 0.9995421104460417 -5.926343615559051
25958882392851 1311877862.275977410.pcd 1311877856.136239127.pcd 0.645423751328374 0.2531690512320619 0.8934348979990933 0.3710519027516334 -0.5451053293711243 -0.8682606976837811 0.3789919414188332 -0.32013820327673714 -1.6371256744311689 -0.4266483239811582 -0.24112069877331918 0.8716834381053337 -0.9156333662162666
25958882392882 1311877877.292452926.pcd 1311877875.785934123.pcd 0.6540750542273136 -0.2662145930592157 0.6378356681048253 0.7227001113432786 8.412222277791104 -0.4635865505319551 0.5726285959155836 -0.6761538296169226 8.813718917026549 -0.8451137796818836 -0.5150360682835896 0.14324994854722375 7.387824808871184
25958882392913 1311877860.041779563.pcd 1311877858.272134596.pcd 0.6193731700633176 -0.6343632592122306 0.2184494876181417 -0.7415275293075824 0.8726145262679533 -0.6276997956640096 -0.7054368791297818 0.3291683096639073 6.245969771518915 -0.45119421747734834 0.6742689603733845 0.584623936554088 -1.0111002074396684
25958882392944 1311877881.264290439.pcd 1311877880.158773919.pcd 0.6098826660215314 0.43920825498048993 0.49470122406907374 -0.7499111998507244 -3.733165345714827 -0.8436338708730804 -0.05983850314869815 -0.5335740299683127 -2.129275971161065 -0.3088332894503045 0.8670006069464331 0.39106514403845954 2.8208178930335555
25958882392975 1311877835.325089147.pcd 1311877833.824972489.pcd 0.21519925643704296 -0.35562650386758055 0.8359340760905947 0.41802393493373713 -0.4318444223174699 -0.815140025293821 -0.49622355034456045 0.2988459925236206 -0.579659406237522 0.4572488697754322 -0.23447048537929688 0.8578735702742488 5.379661166757385
25958882393006 1311877819.329949190.pcd 1311877816.191596080.pcd 0.14477803751682689 0.11496735961256349 0.551652346639957 0.8261127009496612 -1.156693554628579 -0.7669434914484066 -0.4792447584906386 0.4267577092264153 -0.30673748328329276 0.6313320735941139 -0.6826449662202735 0.36798867230592586 6.19668079291555
25958882393037 1311877861.108458085.pcd 1311877860.041779563.pcd 0.16070135443207725 0.2702264743623763 -0.9565998867437102 -0.10906103445136145 -0.3906380352616041 0.5171855387310684 0.23976798531740923 -0.8216023562188008 -0.4080121251672008 0.8120940654143058 0.1656139181915327 0.5595312851129184 1.4095830881617195
25958882393068 1311877873.220221819.pcd 1311877855.032650349.pcd 0.2635832264633667 -0.6942314698371903 0.6196300080106071 0.3661984700411366 3.410105250556261 -0.13932261092412682 -0.6148506225202011 0.7762396035193034 -0.6155757867660419 0.7061387090175545 0.48787023393449214 0.5131771219254861 7.21983964754786
25958882393099 1311877831.825165174.pcd 1311877906.225730388.pcd 0.15743193049320112 0.6451006119501602 -0.30294860121413963 -0.7014751210726757 0.9387417264763085 0.20686953147032447 0.9530040439531494 -0.2213329825357987 0.7539773904728563 0.7355611445765589 -0.0023317871557956976 0.6774543271379132 14.807838406895225
