id source target overlap t1 t2 t3 t4 t5 t6 t7 t8 t9 t10 t11 t12
39885980090000 1311877999.912887758.pcd 1311878002.912842635.pcd 0.4444 0.984520061666579 -0.14424283099366877 0.09957034640377256 0.1475620472357595 0.15620657462187384 0.9797584133564778 -0.1251916830388421 -0.3880773408159645 -0.07949688183153043 0.1388072662511904 0.9871234920793521 0.3645395760151094
39885980090001 1311877999.912887758.pcd 1311878002.912842635.pcd 0.4444 0.9961632049893651 -0.06978371477101487 0.05281195109133528 -0.6140195302753455 0.07187703006622125 0.9966572892507986 -0.038832207407118145 0.24990606934006618 -0.04992556032910875 0.042479182383934284 0.997849165700817 -0.23591657875663297
39885980090002 1311877999.912887758.pcd 1311878002.912842635.pcd 0.4444 0.9886589910877915 -0.1484151869204995 -0.022941918677895284 -0.20460201542823064 0.14998338591216437 0.9680166781546234 0.20111860869847611 -0.5131853749361218 -0.007640895994105419 -0.20227862740744798 0.9792982046356289 0.2144377076885259
39885980090003 1311877999.912887758.pcd 1311878002.912842635.pcd 0.4444 0.9582947205267018 0.018474256916085688 0.2851840290795551 -0.036623412602498906 -0.10404689511781144 0.9519744473622362 0.2879564119544967 0.264082646456142 -0.26616812774446386 -0.3056196220807217 0.9141942760552833 0.8216102329689895
39885980090004 1311877999.912887758.pcd 1311878002.912842635.pcd 0.4444 0.9520175778325242 0.19524714294526718 0.2356715610115146 0.1884353385814772 -0.24715886314665703 0.9446347137256741 0.21581879897836925 -0.0030061490575236105 -0.18048553367498926 -0.26371160534971555 0.9475659139806213 1.1181458559186535
39885980090005 1311877999.912887758.pcd 1311878002.912842635.pcd 0.4444 0.9998401208009532 -0.014292467301536573 0.01074514844800729 -0.44300433810494466 0.013490689101570367 0.9973629120536827 0.07131074931146629 -0.4250807256831103 -0.011736019099335863 -0.07115438874892067 0.997396269703004 0.47285263068737815
39885980090006 1311877999.912887758.pcd 1311878002.912842635.pcd 0.4444 0.9794904820973713 -0.03772024651929358 0.19792821548021655 0.22917705804196276 -0.0076733800078339544 0.9746248822815833 0.2237128920667414 0.1260543508160412 -0.20134426915091147 -0.22064342691350186 0.9543463540245499 0.9456077393809821
39885980090007 1311877999.912887758.pcd 1311878002.912842635.pcd 0.4444 0.9512697535772039 0.3083579221841232 -0.0011170297470660465 -0.24223009299012155 -0.2908767633368326 0.8985318474067707 0.32868104257237574 0.9900185051624525 0.1023550901511687 -0.31233941637594487 0.9444403234180972 0.01363851197504179
39885980090008 1311877999.912887758.pcd 1311878002.912842635.pcd 0.4444 0.9798907439049053 -0.11375526342891082 0.1639325167613513 0.18218345141110692 0.10298333547074534 0.9920153041273811 0.0728015727328718 -0.9944493480234871 -0.17090512755564574 -0.054455269894462976 0.9837815107816927 1.1343010405223628
39885980090009 1311877999.912887758.pcd 1311878002.912842635.pcd 0.4444 0.9853562838951786 0.1692943104021446 0.02030837890493774 0.5313243341817371 -0.16938457581415195 0.9855460611916783 0.002797632182504017 0.7947709635489771 -0.019541219627853695 -0.006196590597343668 0.9997898494185791 -0.008210912036891574
39885980090010 1311877999.912887758.pcd 1311878002.912842635.pcd 0.4444 0.9534210364486966 -0.3016058888747229 0.004713284754973459 0.15113368891269374 0.3007257778302183 0.9516241889712812 0.06305084863157098 -1.180699509459572 -0.023501783028172893 -0.05869659922720759 0.9979991860886747 -0.22432356148500388
39885980090011 1311877999.912887758.pcd 1311878002.912842635.pcd 0.4444 0.9972031798761692 0.020190432858694374 -0.07195946404632944 0.46651638489162517 -0.0012685450921111532 0.9672524705729261 0.2538130196895346 -0.46838258440056096 0.07472756411261983 -0.25301186650342977 0.9645728518729132 0.7634573186744262
39885980090012 1311877999.912887758.pcd 1311878002.912842635.pcd 0.4444 0.9370228686157535 -0.3406670664367917 0.07703306781152491 0.1745986071327681 0.32928442778705225 0.935189951151811 0.13035152811389195 -0.5891057623245909 -0.11644702361184667 -0.0967765731467269 0.988470730766429 1.0523324994466114
39885980090013 1311877999.912887758.pcd 1311878002.912842635.pcd 0.4444 0.9849562767489477 -0.1712844649384421 0.022864053962538534 0.43868680456958 0.1614016698618054 0.9591435015618115 0.23236446453269907 -0.46260527074460983 -0.06173033175571839 -0.22517854134552603 0.9723600108287208 -0.05273971843732236
39885980090014 1311877999.912887758.pcd 1311878002.912842635.pcd 0.4444 0.9285851045369007 0.008900935473673068 0.3710127719902467 -0.4306586747981136 0.066815392248283 0.979367161276357 -0.19072405923794264 -0.453943983948758 -0.36505534784591415 0.20189288437481814 0.9088310383387636 1.3372607954382523
39885980090015 1311877999.912887758.pcd 1311878002.912842635.pcd 0.4444 0.9995701836648095 -0.00035282550940202005 -0.02931421911732962 -0.009595915778382924 0.0003438326455693683 0.9999998922752799 -0.00031181491397314293 -0.06586921650604587 0.02931432597571943 0.00030160170531764964 0.9995701972993196 0.48384353465551977
39885980090016 1311877999.912887758.pcd 1311878002.912842635.pcd 0.4444 0.9818083606169843 0.03274592154221934 0.18702953682491114 0.0011284465058754023 0.007866944376074249 0.9771550893598095 -0.2123818319075495 -0.0386785456645839 -0.18971150257370722 0.20998960917286758 0.9591214260095814 0.38062463246030825
39885980090017 1311877999.912887758.pcd 1311878002.912842635.pcd 0.4444 0.9603447975248596 0.2711355918602357 0.06498738872686094 -0.6731642561690796 -0.27876899652093456 0.937978496284712 0.20611692576346535 0.7024698266343835 -0.005071138496201621 -0.21605978648066454 0.9763669659612015 0.7689853487652929
39885980090018 1311877999.912887758.pcd 1311878002.912842635.pcd 0.4444 0.9830174361343309 0.11513767181129425 0.1428986941359559 0.06987772295698003 -0.13937512466845836 0.9749724788371412 0.17321443396499026 -0.16776924203087867 -0.11937878739348323 -0.19018933208788286 0.9744622738107549 0.02595406826581828
39885980090019 1311877999.912887758.pcd 1311878002.912842635.pcd 0.4444 0.9579874951754227 -0.28273443193841713 -0.04817883439831163 0.8398512663895086 0.2800853866494463 0.95839462741684 -0.05506282161283112 -0.3120626996608825 0.061742491632177716 0.03925530709339646 0.9973198511972242 -0.7900644545984893
39885980090020 1311877999.912887758.pcd 1311878002.912842635.pcd 0.4444 0.9416778191195223 -0.269909077713416 -0.2009775478659075 0.5454947019946275 0.3021916828124992 0.9410294998892266 0.15213042817655462 -0.7325409897000804 0.1480644177959371 -0.2039915932241453 0.9677108855834086 -0.13424082896396605
39885980090021 1311877999.912887758.pcd 1311878002.912842635.pcd 0.4444 0.9787154160678834 -0.013511775996098176 0.20477686944696927 0.037705132512102946 -0.0058698742187610516 0.9955788599455402 0.09374581700638417 0.01110794273745185 -0.20513819470719186 -0.09295249076259231 0.9743090657144192 0.5503549754474077
39885980090022 1311877999.912887758.pcd 1311878002.912842635.pcd 0.4444 0.9714191821341921 -0.1929653739438434 -0.13823580231058108 0.3216972070487394 0.19964076921888185 0.9792061560643499 0.03603980010173621 -0.49473208519617307 0.1284069151075226 -0.06260725504598205 0.9897433989515549 -0.4108512148338201
39885980090023 1311877999.912887758.pcd 1311878002.912842635.pcd 0.4444 0.9377223047504799 0.17108427320957478 0.3023359896436406 -0.6956215626582523 -0.11395286058396865 0.9736512890917329 -0.19752952390652206 0.4981568910900507 -0.32816402109033616 0.15077578953651094 0.932510073163536 0.9039909721013262
39885980090024 1311877999.912887758.pcd 1311878002.912842635.pcd 0.4444 0.9875126969358736 -0.15276556553769732 -0.038488379757856475 0.23640951267287358 0.15443974549905665 0.9869723180428738 0.04509998256389002 -0.19209099012383818 0.031097241045213077 -0.05048094098790231 0.9982407706542304 0.8420416969623958
39885980090025 1311877999.912887758.pcd 1311878002.912842635.pcd 0.4444 0.9558514983478296 0.29331354111638425 0.017750484612440116 -0.19404436031332795 -0.29383875949287325 0.9535370120668607 0.06652781402010048 1.085019865221756 0.0025877646528829684 -0.06880649109183552 0.9976266687783214 -0.18297728742225033
39885980090026 1311877999.912887758.pcd 1311878002.912842635.pcd 0.4444 0.9494197719887079 0.28636665591368127 -0.1288263751633378 -0.23815764675023665 -0.3035565819009268 0.9419913236183961 -0.14319828145717348 1.0199634498745176 0.08034611466359577 0.17506137383351375 0.9812736709246748 -1.3242825902997637
39885980090027 1311877999.912887758.pcd 1311878002.912842635.pcd 0.4444 0.995309750712604 -0.08586409656417003 -0.04456295611416657 0.2607308107500974 0.08637232707489266 0.9962166362540494 0.009603893290474674 -0.5227852660552974 0.04356972862070655 -0.01340785485772968 0.9989604137181974 -0.5000255927654216
39885980090028 1311877999.912887758.pcd 1311878002.912842635.pcd 0.4444 0.9997505041819221 -0.016748493183114672 -0.01477895003333441 -0.3439803495320506 0.01673365126016437 0.9998593470975505 -0.001127358489300525 -0.46445850908465647 0.014795752887090043 0.0008797714222227572 0.999890149815843 -0.5839705170498153
39885980090029 1311877999.912887758.pcd 1311878002.912842635.pcd 0.4444 0.9304547013275444 -0.34800795589604167 0.11464951552679578 0.41151558345061945 0.3635352334178565 0.9159044603903557 -0.1701797681890423 -0.669142795942063 -0.045784089390254766 0.20002370377060397 0.9787207646150127 -0.5872858002971684
39885980090031 1311878020.416806468.pcd 1311878014.416698005.pcd 0.4001 0.9631714316302061 -0.080980635873204 0.25640384143961437 0.17451197456916745 0.12212207211057852 0.9812940681750218 -0.14882254959492663 -0.4970557797662196 -0.2395558239635138 0.17465419656592074 0.9550439355480327 1.5136277611501874
39885980090032 1311878020.416806468.pcd 1311878014.416698005.pcd 0.4001 0.8724623329987528 0.4850882193679288 0.059151474443380425 1.3671938863801025 -0.4807707203729136 0.8737191768437037 -0.0739886102563818 1.0351709168211083 -0.08757278076253763 0.03611397854035432 0.9955032840847405 0.3147792100477815
39885980090033 1311878020.416806468.pcd 1311878014.416698005.pcd 0.4001 0.9452443707416778 0.26788415392201514 0.1864166292438948 0.559657208516597 -0.2522137915304207 0.9621010120992064 -0.10368146352908153 0.5721947969547766 -0.20712624880255798 0.050987474885199474 0.9769846439232359 0.7296490886420285
39885980090034 1311878020.416806468.pcd 1311878014.416698005.pcd 0.4001 0.9972045101744895 0.056340960290860255 0.04908014956334126 0.1977575772965059 -0.05767308159425676 0.9979926917350803 0.02616109521390537 0.21425102016966116 -0.047507689346867214 -0.028918565608835597 0.9984521701193547 0.19877286071432942
39885980090035 1311878020.416806468.pcd 1311878014.416698005.pcd 0.4001 0.964966172573334 -0.24949741743663958 0.08118697236390728 -0.4301540803315391 0.22525995429992426 0.9464642885182538 0.2312213302194061 -0.7679148173148688 -0.1345296947813629 -0.2048325883546923 0.9695077988185297 0.027438082881729622
39885980090036 1311878020.416806468.pcd 1311878014.416698005.pcd 0.4001 0.9101607324553861 0.023226979411618432 0.41360361280299224 -0.3971907147149736 0.08438556434402954 0.9670968967165274 -0.2400055601264316 -0.06531399218138093 -0.4055693746162485 0.25334581067914813 0.8782535981051888 2.4315749909297497
39885980090037 1311878020.416806468.pcd 1311878014.416698005.pcd 0.4001 0.9992617408619028 -0.03414787874982547 -0.017603852604663645 0.3722368752882095 0.03424294456288911 0.9994003857204341 0.005127355020916934 -0.02545719327598378 0.017418208785704933 -0.005726377453053241 0.9998318931720287 -0.2584879482235757
39885980090038 1311878020.416806468.pcd 1311878014.416698005.pcd 0.4001 0.9999997589746707 0.000691160027765781 6.594252317428846e-05 0.740347156692263 -0.0006911541678085122 0.9999997572061173 -8.884606200664858e-05 0.4059014665063389 -6.600391401053062e-05 8.880046414276951e-05 0.9999999938789804 0.1337604497056662
39885980090039 1311878020.416806468.pcd 1311878014.416698005.pcd 0.4001 0.9999936429335008 0.0033521285850695924 -0.0012154532222253393 0.21810676014711383 -0.0033538638554240266 0.9999933555317656 -0.0014284570553842154 -0.03480646884179606 0.0012106567744571161 0.0014325244392177033 0.9999982410904059 -0.13048579516572983
39885980090040 1311878020.416806468.pcd 1311878014.416698005.pcd 0.4001 0.9945797330441418 -0.046054102511194815 -0.09322110415421958 -0.067869604104565 0.024230641210634472 0.9745328943713932 -0.222931634844937 -0.31733471579455275 0.10111394881204569 0.21946447874315145 0.9703665863608617 0.0895353277173544
39885980090041 1311878020.416806468.pcd 1311878014.416698005.pcd 0.4001 0.96322278122843 0.24903080583122128 -0.10092339406510628 0.8429294931557494 -0.25468087344794577 0.9658621812120921 -0.047412019615401715 0.9998669202443125 0.0856710360761419 0.07137159554943662 0.9937638396150104 0.19255277299974605
39885980090042 1311878020.416806468.pcd 1311878014.416698005.pcd 0.4001 0.9413399854322485 -0.3374578305557095 -0.0011155371119748805 -0.3530683970316275 0.33738880827350387 0.9412049057491051 -0.017381525986030155 -1.286153040049682 0.0069154810533293715 0.015985555681685804 0.9998483075603762 -0.240243823737042
39885980090043 1311878020.416806468.pcd 1311878014.416698005.pcd 0.4001 0.9799628530263496 0.19141608855140538 0.055069844126689506 0.47545048933755796 -0.16740446248571098 0.9413360323417154 -0.2930225591230601 0.5493140030033782 -0.10792846069655371 0.27793228538411574 0.9545182513251567 0.876637428450085
39885980090044 1311878020.416806468.pcd 1311878014.416698005.pcd 0.4001 0.9233453473346639 0.09819894703020061 -0.3712012073762543 0.5231357467512918 -0.17986304240586387 0.9647350754030781 -0.19218616043701983 0.4805382200827806 0.3392383461991517 0.2442195755650586 0.9084460046578924 -0.23219048133364506
39885980090045 1311878020.416806468.pcd 1311878014.416698005.pcd 0.4001 0.9702253594115264 0.13798516463331975 -0.1990548826225819 0.48990806306808743 -0.14304962125556456 0.9896519350206777 -0.011218438771407725 0.37022556945240603 0.19544707164195055 0.03935913935725646 0.9799241298874328 -0.45608460173836524
39885980090046 1311878020.416806468.pcd 1311878014.416698005.pcd 0.4001 0.9090359248909945 -0.29994295182202635 -0.28928863252790277 -0.2594428507675297 0.36556061800595996 0.9072362323638581 0.20805733164042178 -1.1193855523825205 0.20004779883986476 -0.29488412018710236 0.9343576584160928 -0.8230348829604359
39885980090047 1311878020.416806468.pcd 1311878014.416698005.pcd 0.4001 0.9633200201273747 -0.12966889086941122 -0.23494790393295914 -0.15160751318604948 0.10606116838628654 0.9881979501885841 -0.1105252903349104 -0.22141180290486956 0.2465067288784021 0.08155237570897117 0.965703703334461 -0.2605552563641239
39885980090048 1311878020.416806468.pcd 1311878014.416698005.pcd 0.4001 0.9857514964856184 -0.0751263631227728 -0.1504992250488663 -0.15896989555547636 0.0993167298776223 0.9820614015029576 0.16028596583750626 -0.3823433061584201 0.13575777820360577 -0.17294922157093423 0.9755298008852568 -0.938304313146719
39885980090049 1311878020.416806468.pcd 1311878014.416698005.pcd 0.4001 0.938733005257383 -0.14312293069901405 -0.31352220264052644 -0.16535153090218646 0.053978536660280865 0.959524661113468 -0.2764032241040236 0.043914459187455006 0.34039192472862334 0.24254535951695635 0.9084630351072813 -1.1273255648566365
39885980090050 1311878020.416806468.pcd 1311878014.416698005.pcd 0.4001 0.9977672454545286 0.06667833456783089 0.003810983776265337 0.2172097389367993 -0.06646588279870073 0.9969399082264924 -0.041147366977030767 0.4412675781767518 -0.006542959718042389 0.04080219460535761 0.9991458204854358 0.06574920643608767
39885980090051 1311878020.416806468.pcd 1311878014.416698005.pcd 0.4001 0.9829345096944273 -0.13830784336858046 -0.12128763380702981 -0.5445270802625028 0.15210339016959254 0.9818837284262548 0.11299956880746723 -0.5925421956884078 0.10346162743110437 -0.1295194360491468 0.986164493041003 0.06082659105470101
39885980090052 1311878020.416806468.pcd 1311878014.416698005.pcd 0.4001 0.9834302135745364 -0.1262753704469376 -0.13007515461159408 0.07333523349236293 0.14304873476538393 0.9812863576400626 0.12889586413660375 -0.5849216442680051 0.1113646016953514 -0.1453671734883349 0.9830901842462104 -0.2017360891236804
39885980090053 1311878020.416806468.pcd 1311878014.416698005.pcd 0.4001 0.9950946448069229 0.08695083323325477 -0.047182628971123027 0.2508147342271747 -0.08550656337160524 0.995829540776262 0.031814357414801694 0.08151615156699885 0.04975214062692778 -0.027623872237284318 0.9983795100990688 0.4474772148181934
39885980090054 1311878020.416806468.pcd 1311878014.416698005.pcd 0.4001 0.9471227970972821 0.31464463122016223 -0.0629059874968084 0.84992627785619 -0.31382165890942776 0.8674692691028445 -0.38602206356827773 0.6182760408308902 -0.06689075883823772 0.38535155793963616 0.9203422206850774 0.9930154325071567
39885980090055 1311878020.416806468.pcd 1311878014.416698005.pcd 0.4001 0.9924292659253721 0.11964466652623677 0.027736364337320418 0.15846941357439492 -0.12053163182971573 0.9921649347704283 0.0328765560918045 0.32115910730441166 -0.02358554352337128 -0.035970765682944626 0.9990744847872404 -0.07393475010616235
39885980090056 1311878020.416806468.pcd 1311878014.416698005.pcd 0.4001 0.932189069997991 0.35583914225687097 -0.06634789080426594 0.6962674451339752 -0.361971050652391 0.9167507364584906 -0.16895279131289662 0.7682244370323974 0.0007044614145930717 0.181511961150524 0.983388484625179 -0.26764329226532224
39885980090057 1311878020.416806468.pcd 1311878014.416698005.pcd 0.4001 0.9778494695479532 0.02400797505996845 0.2079279491513987 -0.5977949252744139 0.05748407200234505 0.92439853726067 -0.37707151281469525 -0.03560466477279787 -0.2012610155266437 0.38067172398781285 0.9025425431442722 1.006433910693889
39885980090058 1311878020.416806468.pcd 1311878014.416698005.pcd 0.4001 0.9799336435174232 -0.10882112194419906 0.16699705902043208 -0.12254935684276136 0.10900249949289213 0.9940084138879023 0.00810729451537103 -0.30573756615477293 -0.1668787266459388 0.010258486187672769 0.9859240609976853 0.4416795376442241
39885980090059 1311878020.416806468.pcd 1311878014.416698005.pcd 0.4001 0.9370455856337095 0.022205122113113145 0.34850036297874915 0.12859629924116822 -0.08693596918626698 0.9813893211114767 0.17122248003693685 0.12455434325067674 -0.3382125185530876 -0.19074048589719106 0.9215369549473753 -0.2668567511341453
39885980090060 1311878020.416806468.pcd 1311878014.416698005.pcd 0.4001 0.9704761400956113 0.24064331154748303 0.016335792377004565 0.4435925853927265 -0.23921044470667852 0.9515975288544154 0.192977994137682 0.26159940313896 0.030893763907246217 -0.19118823103327034 0.9810670902981163 -0.8523173994233993
39885980090062 1311878004.916798830.pcd 1311878007.916757408.pcd 0.4289 0.9526640776639629 0.26714948305872455 0.145128594116139 0.2174505829529938 -0.2653795401552185 0.9636199302967903 -0.03178568233991377 0.43522285477996125 -0.1483403343520418 -0.008233081820640633 0.9889020990816325 0.26860730728431803
39885980090063 1311878004.916798830.pcd 1311878007.916757408.pcd 0.4289 0.9971635273597579 -0.043763563007242254 -0.06123438785810431 0.0592349216613246 0.06436594123507684 0.917537930730535 0.3924043466625347 -0.12062813763827598 0.03901186117539446 -0.395232711479755 0.9177522424183951 0.4197086798194185
39885980090064 1311878004.916798830.pcd 1311878007.916757408.pcd 0.4289 0.9901796783176141 -0.13646907820723064 -0.030338018064716893 0.7681379928027754 0.13974958163515633 0.9720921717558026 0.18843265121492608 -0.12745300710427637 0.0037761196518518517 -0.19082190729671467 0.9816174105098274 0.7484880788939252
39885980090065 1311878004.916798830.pcd 1311878007.916757408.pcd 0.4289 0.9335916643725848 -0.1292755033440506 -0.3342071938920069 0.4574317955350127 0.2249630524624924 0.9374058122016655 0.265823189878712 -0.8447398596078182 0.2789233393618846 -0.3233545847605662 0.9042364642467903 -0.08398531141430299
39885980090066 1311878004.916798830.pcd 1311878007.916757408.pcd 0.4289 0.9963744663357944 -0.07175176832020368 -0.04571221474600434 -0.008303993086656636 0.07569280995895487 0.9929437866486542 0.09128655474027629 0.10847964575547747 0.03883968787952011 -0.0944156782465483 0.9947749284871759 -0.6179612696453705
39885980090067 1311878004.916798830.pcd 1311878007.916757408.pcd 0.4289 0.9922925934177502 -0.05639390569416284 0.1103410007605215 -0.4563810097515275 0.04146929320799032 0.9902265220864758 0.13316055225686102 -0.23106242169511457 -0.11677202905278844 -0.12755846642649932 0.9849330590826031 0.6696440514727309
39885980090068 1311878004.916798830.pcd 1311878007.916757408.pcd 0.4289 0.9961901302419599 0.08709278756543436 -0.0044800404673336755 -0.2078494063271923 -0.08711217339328485 0.9961890952592706 -0.004330788982866503 0.14724739146528631 0.004085786975002539 0.004704555302891531 0.9999805865636577 -0.4893811131337169
39885980090069 1311878004.916798830.pcd 1311878007.916757408.pcd 0.4289 0.9989168006189686 0.01454914333040501 0.04419895778765558 -0.21990733423174946 -0.013705685683650586 0.9997192772986978 -0.019326685626618982 0.022764031569204417 -0.04446773685611405 0.01869997394972829 0.9988357879817756 0.3708790068880445
39885980090070 1311878004.916798830.pcd 1311878007.916757408.pcd 0.4289 0.930270526508103 -0.13166115013530988 -0.34243552539913874 0.6548277960419915 0.1230324210322103 0.9912936420222724 -0.046903503719570666 -0.21851998936061395 0.3456295283758171 0.0015022753629867873 0.9383698483452269 -0.9575719676271486
39885980090071 1311878004.916798830.pcd 1311878007.916757408.pcd 0.4289 0.9752576399019163 0.0674207676455562 0.2105397252373724 0.1286649361641783 -0.1367202791438965 0.9323347568566942 0.3347528437934233 -0.06727248428480792 -0.17372420983777526 -0.3552553183937617 0.9184843807431827 0.9033641412609532
39885980090072 1311878004.916798830.pcd 1311878007.916757408.pcd 0.4289 0.9357043523948642 0.34962120779963646 -0.04714208275024924 -0.2511505632335438 -0.3512289784756867 0.9106846070809009 -0.21746666665222697 1.1814737615624267 -0.033099389544726465 0.22004217205487814 0.9749286501735078 -0.1563021496907473
39885980090073 1311878004.916798830.pcd 1311878007.916757408.pcd 0.4289 0.9587978273249935 0.04651768524682819 0.2802549397890229 -0.4294392071734716 -0.04527745337936124 0.9989149626544888 -0.01090181638357003 -0.4620534168962241 -0.2804579799762374 -0.0022365921081702114 0.95986369820063 0.5694778827417891
39885980090074 1311878004.916798830.pcd 1311878007.916757408.pcd 0.4289 0.883758894476057 0.22331413977445275 -0.411218933673115 -0.019699724244691463 -0.20877220117424905 0.9746369335863746 0.08060406755373918 0.5470482429526412 0.41878918855590874 0.014616520315897802 0.907965843455875 -1.2156288457933024
39885980090075 1311878004.916798830.pcd 1311878007.916757408.pcd 0.4289 0.9130132294573362 -0.27482008797333585 -0.301464362872651 0.7049825915091188 0.22496441081291194 0.9556840556418085 -0.18989207371458094 -0.6352153428627741 0.3402908413452893 0.10555522269576428 0.9343769251528864 -1.1493325898741567
39885980090076 1311878004.916798830.pcd 1311878007.916757408.pcd 0.4289 0.9908964612539478 0.07313315823269477 -0.1130298378363654 -0.6286811966327601 -0.07355312675230398 0.9972911960748807 0.000455825068697081 0.2028510403667705 0.11275699809485411 0.007862022541647773 0.993591489487602 -0.7725637048609779
39885980090077 1311878004.916798830.pcd 1311878007.916757408.pcd 0.4289 0.9106013626598607 -0.41324677983487146 -0.00567954911186986 0.8282949871189778 0.4054864393079892 0.890675284581514 0.20561684019789664 -0.9432845572120241 -0.07991186307009276 -0.18953795501626644 0.9786160931381205 0.44043551596266517
39885980090078 1311878004.916798830.pcd 1311878007.916757408.pcd 0.4289 0.9970206227663972 0.07251226445836498 -0.026303027993471978 0.08239946224267358 -0.0710694556596087 0.9961061841549776 0.0521689789094688 0.20230346633626597 0.0299834996415052 -0.05014420595971013 0.998291815231357 0.9638856066325915
39885980090079 1311878004.916798830.pcd 1311878007.916757408.pcd 0.4289 0.944904371519791 -0.19713395186781496 0.2613310806310009 0.6495453412346532 0.12761406945015036 0.9570046274944283 0.260493363125863 -0.9487459321081397 -0.3014471395803266 -0.21279179489639288 0.9294349219087964 0.6458180235099334
39885980090080 1311878004.916798830.pcd 1311878007.916757408.pcd 0.4289 0.9955925786074507 0.09377185299375539 0.0015023341454817962 -0.15866183839388004 -0.09378380357062384 0.9954426060999223 0.01728051355780423 0.30134479578414897 0.0001249383599877165 -0.017345245663072634 0.9998495521043622 0.40762762133507174
39885980090081 1311878004.916798830.pcd 1311878007.916757408.pcd 0.4289 0.9410557885873143 0.07698771383481863 -0.3293734881328431 0.04912419279679625 -0.07350657034874115 0.9970288076427373 0.0230291303801802 0.18920160144655296 0.33016781624179187 0.0025394190260465375 0.9439188336234936 -1.0007381716511599
39885980090082 1311878004.916798830.pcd 1311878007.916757408.pcd 0.4289 0.9696533736978301 -0.07517421326402163 -0.23263957646228617 0.5776020656648813 0.06850397174435388 0.9969781035056545 -0.036631502637995264 -0.3684429980465689 0.23469030813321895 0.019583125143962158 0.9718729137484647 0.14307925229393836
39885980090083 1311878004.916798830.pcd 1311878007.916757408.pcd 0.4289 0.9525949947984889 -0.046294841844609795 -0.30069845942979034 0.37841511807334216 -0.06223147647476777 0.9378088810676117 -0.3415285433554336 0.5241426489463678 0.2978086956766661 0.34405129008520874 0.8904710498214224 -0.5492161568483718
39885980090084 1311878004.916798830.pcd 1311878007.916757408.pcd 0.4289 0.9544402872481412 -0.2844083356635289 0.09030856372895682 0.15681771681032863 0.26833661730428277 0.9504154631666367 0.15718112859832215 -0.41484160043519 -0.13053427860673414 -0.12578690702473308 0.9834319783949323 0.4042085839501334
39885980090085 1311878004.916798830.pcd 1311878007.916757408.pcd 0.4289 0.8730408105463052 -0.1429520020000452 -0.46622362471761286 0.0334717860073388 0.12830866276108155 0.9897187097804656 -0.06319622275859126 -0.3482463457594628 0.4704642708868692 -0.004647648294515874 0.8824068048152264 -1.1215869875617748
39885980090086 1311878004.916798830.pcd 1311878007.916757408.pcd 0.4289 0.9973567518201754 -0.07227679781280642 -0.007454803594708377 0.10196889888194471 0.0718944406687627 0.9964939753950594 -0.042789559500847264 -0.1874038522500978 0.010521359210422118 0.04214049714084412 0.9990562944604712 -0.5857838553749037
39885980090087 1311878004.916798830.pcd 1311878007.916757408.pcd 0.4289 0.9981335893122737 -0.05531262883374744 0.02588147944181682 0.21036059792324258 0.05593928436851036 0.9981420811063745 -0.02414916952970822 -0.05700667488190231 -0.024497639701326897 0.025551888699971805 0.9993732869318291 0.10621833697133419
39885980090088 1311878004.916798830.pcd 1311878007.916757408.pcd 0.4289 0.9881513038606268 0.14772577174004128 -0.041642490827908746 -0.1282530423477395 -0.13475691001390502 0.9649188675556485 0.22532677213023125 0.3401382859855778 0.07346819639849302 -0.217045330285943 0.9733929056239409 0.1595301973235405
39885980090089 1311878004.916798830.pcd 1311878007.916757408.pcd 0.4289 0.8994290481241921 -0.16427067098336123 0.40502164639076554 0.45668966652579046 0.2164109252437535 0.9724936302137266 -0.08615364547638364 -0.5741909182891111 -0.37972845406362765 0.16514020058242673 0.9102389880278934 1.2009371713254953
39885980090090 1311878004.916798830.pcd 1311878007.916757408.pcd 0.4289 0.9148632938236697 -0.3076152709712266 -0.2615301104641768 0.7929873781367651 0.3017755639968786 0.9512779593219346 -0.0632594110205084 -0.8014234183746973 0.26824739064615616 -0.021049683455925252 0.9631200590985185 -0.799526355671758
39885980090091 1311878004.916798830.pcd 1311878007.916757408.pcd 0.4289 0.9861174208199147 -0.14549275079754367 0.08002681938477207 0.056751882883587346 0.15316453786955045 0.9831318102361291 -0.09996233311122138 -0.27989481583200815 -0.06413311698869872 0.1108318689150174 0.9917677349753409 -0.3300962845592109
39885980090093 1311877985.413186340.pcd 1311877984.413260991.pcd 0.4345 0.9801415083568168 0.034212681521601146 -0.19532566656516345 -0.11952602378063215 -0.04784976696746332 0.9967026798382396 -0.06552990007951387 0.02046429802981499 0.19243966170512608 0.07357486273431374 0.9785467368380742 -0.5561156079080107
39885980090094 1311877985.413186340.pcd 1311877984.413260991.pcd 0.4345 0.9541777479475948 0.2649776819850315 -0.13903831619915336 -0.7462040978614913 -0.26271076092647144 0.9642486598782378 0.03475022325765523 0.5279322804847562 0.1432755436740361 0.0033689720779493254 0.9896771032069235 -0.04681494754602128
39885980090095 1311877985.413186340.pcd 1311877984.413260991.pcd 0.4345 0.985251123891644 0.06183207049801192 0.1595525553796655 -0.238577755263929 -0.07083282014115615 0.996165556698442 0.051350708257372146 0.07544289255294857 -0.1557656395393508 -0.06189490048147753 0.9858529742478263 0.18795002915541065
39885980090096 1311877985.413186340.pcd 1311877984.413260991.pcd 0.4345 0.9738997597474437 0.03262403683051736 0.22462174913563646 -0.5990897066029066 0.03156970089719016 0.9605283935652659 -0.2763848026578014 0.20167644811079377 -0.22477235583837638 0.27626233434149317 0.934428440639012 -0.042396981672981754
39885980090097 1311877985.413186340.pcd 1311877984.413260991.pcd 0.4345 0.9699298985205136 0.021121917146959865 -0.2424661967615757 -0.4036774507943003 -0.04566903512649885 0.9943263696027684 -0.09606981806578635 0.7819409796346758 0.23906135443981905 0.10425418614432536 0.9653914923412074 -0.4224414129722263
39885980090098 1311877985.413186340.pcd 1311877984.413260991.pcd 0.4345 0.9992078113627267 0.03979014418501115 0.0007029491058708759 -0.21405363470402738 -0.03804781860047599 0.9499782219556718 0.30998990517383884 0.3037189046811792 0.011666756681044436 -0.3097710803733562 0.9507395881906195 0.1909266282693975
39885980090099 1311877985.413186340.pcd 1311877984.413260991.pcd 0.4345 0.9150309933965423 0.2885465267598861 -0.2818850528469772 -0.9957873157016582 -0.28853549210438234 0.9565250297003016 0.04251043816427851 -0.032706634444246374 0.2818963478298694 0.04243547397689033 0.9585059622289982 -0.874787669297981
39885980090100 1311877985.413186340.pcd 1311877984.413260991.pcd 0.4345 0.9614626910951098 -0.1961268227377866 -0.19267527873323584 0.7236104883020457 0.2219656985924932 0.9672607844468122 0.12303578146085757 -0.371451458962908 0.16223662435003924 -0.161061616389872 0.973518584026718 0.7282194471576469
39885980090101 1311877985.413186340.pcd 1311877984.413260991.pcd 0.4345 0.9831894696619168 0.18153259151165002 0.019605738062697935 -0.5522855562548467 -0.17298547039509365 0.9604593850565573 -0.21816002541475796 1.0907479652076808 -0.05843366990106725 0.2111011318677474 0.9757160541602505 -0.9742054184097567
39885980090102 1311877985.413186340.pcd 1311877984.413260991.pcd 0.4345 0.9998316938402426 0.016141304785035098 -0.008720222037784903 0.08722633927558543 -0.016327500706227 0.9996307467598506 -0.02172056290780251 -0.013991841836663896 0.008366403841545259 0.021859286634752114 0.999726049912965 -0.152942559705185
39885980090103 1311877985.413186340.pcd 1311877984.413260991.pcd 0.4345 0.9177705933495668 -0.3304172086368505 -0.22027620438761913 1.8562210406704285 0.342085980698485 0.93953287493187 0.015973688735264766 0.39817054152984305 0.20167875394383988 -0.09001358319102383 0.9753067389538395 0.09999432929184349
39885980090104 1311877985.413186340.pcd 1311877984.413260991.pcd 0.4345 0.9911898003384756 -0.13243941268363785 0.0016067585338382802 -0.023238711788258426 0.1323436748485471 0.989843466816409 -0.05191399549692472 0.7154434353591748 0.0052850196362023965 0.05166926716033176 0.9986502668094368 0.04662367089560762
39885980090105 1311877985.413186340.pcd 1311877984.413260991.pcd 0.4345 0.9948739000968209 -0.09928524368331756 -0.019192792732825488 0.16820388892249483 0.09842908654405239 0.9942852571377147 -0.041334517787103085 0.5680513056604725 0.023187018528573203 0.039233503862555315 0.998961007420421 -0.19011444523112753
39885980090106 1311877985.413186340.pcd 1311877984.413260991.pcd 0.4345 0.9578933071397484 -0.09511521412789972 0.2709123625423531 0.32913816273112406 0.12270132436890571 0.9886456261232561 -0.08674220971056387 -0.1995081295244277 -0.2595858184396678 0.11633108780011747 0.9586877911375784 0.32748399864005173
39885980090107 1311877985.413186340.pcd 1311877984.413260991.pcd 0.4345 0.8948662544142048 0.4341055233621738 -0.10376310180957726 -0.4453801619063428 -0.43655779119632465 0.899675629336588 -0.001028067896781705 1.1532523880189125 0.0929068439700636 0.04621857380174494 0.99460150903729 -0.22047541733431772
39885980090108 1311877985.413186340.pcd 1311877984.413260991.pcd 0.4345 0.8767476216792011 0.20383070889217195 -0.4356221413018156 -0.3893248123188081 -0.2631853069441199 0.9614365655579472 -0.07983247845876013 0.33519141066457653 0.40255074473734825 0.1846422825916471 0.8965824699327734 -0.7966591297844368
39885980090109 1311877985.413186340.pcd 1311877984.413260991.pcd 0.4345 0.9623143032125688 -0.27121826243675945 0.019794846634738964 1.1822987266572589 0.27185746015343343 0.9612610233101951 -0.04550567463032132 -0.4639764317417756 -0.006686044528129274 0.049172138304342417 0.9987679398254362 -0.4156915514075055
39885980090110 1311877985.413186340.pcd 1311877984.413260991.pcd 0.4345 0.9013762524957261 -0.40953989121946754 -0.14070511339929292 1.540722672752481 0.36694962190050506 0.8948973905207385 -0.25398156513071884 -0.024602950619122044 0.2299322213693365 0.1773012632191883 0.956919764471945 -1.847561141675996
39885980090111 1311877985.413186340.pcd 1311877984.413260991.pcd 0.4345 0.9997993259176463 -0.008683240431883347 -0.01805295627375927 0.07329031408767905 0.008063944580879712 0.9993859377854282 -0.03409868259239442 -0.12455239903920282 0.01833795769481047 0.033946261831643086 0.999255408099071 -0.6805175605124212
39885980090112 1311877985.413186340.pcd 1311877984.413260991.pcd 0.4345 0.9190625429015813 -0.3902702373785229 -0.05489247718759256 1.4668455712179918 0.39063345112968634 0.8836083515034969 0.2581507079436033 -0.07477016060745745 -0.05224508679091182 -0.2586994838993384 0.9645439481622525 1.0475603186280138
39885980090113 1311877985.413186340.pcd 1311877984.413260991.pcd 0.4345 0.9978993335326218 -0.06427392381365912 0.008110662904174398 0.351672290400592 0.06261888700869589 0.9248716520507576 -0.3750883925459363 0.24521571762614217 0.016607080566474808 0.37480833762137433 0.926953566757559 -1.6057969720701253
39885980090114 1311877985.413186340.pcd 1311877984.413260991.pcd 0.4345 0.9982844060911855 -0.02753647115482647 0.051671919951830056 0.12964582173334227 0.02841742499646633 0.999461725839506 -0.016392331697664395 -0.057987383571457385 -0.05119271932354379 0.017832592022907157 0.9985295709942722 0.07382170048716866
39885980090115 1311877985.413186340.pcd 1311877984.413260991.pcd 0.4345 0.9618230997899766 0.22673591575011856 0.1532551768109512 -0.7783711155052205 -0.23299001517052917 0.9721848900162531 0.023920544620106083 0.2762140501003825 -0.14356872062269466 -0.05871425834532053 0.9878970889347339 -0.6376153284160158
39885980090116 1311877985.413186340.pcd 1311877984.413260991.pcd 0.4345 0.8977719580613881 0.4378069613146124 0.04827603901612815 -1.767505112356499 -0.44019305228340644 0.8956406385862128 0.06370183069817713 0.7028706218522178 -0.01534887748467112 -0.07844049424465978 0.9968006324348987 -0.5098100638516232
39885980090117 1311877985.413186340.pcd 1311877984.413260991.pcd 0.4345 0.99691385024558 -0.017039617157251517 -0.07663175996718027 -0.0028101546717440584 0.015170300847537697 0.9995745902946371 -0.024909845633874213 -0.1394100189564957 0.07702361430579865 0.02367044326671017 0.9967482495368772 -0.7507281292339283
39885980090118 1311877985.413186340.pcd 1311877984.413260991.pcd 0.4345 0.971590705726394 0.23449433392545535 -0.0319985609511514 -0.5174371029370823 -0.23525607699954884 0.9716722133851462 -0.022531932229466953 0.3117537465286416 0.025808502104342438 0.02941967185520591 0.9992339086155264 -0.32490806831734226
39885980090119 1311877985.413186340.pcd 1311877984.413260991.pcd 0.4345 0.9557878815573254 0.24354493897468893 -0.16478892004007756 -0.3968883644756356 -0.2399314088048214 0.969889525414034 0.04179985120875115 0.4689956956920514 0.17000718966294837 -0.00041375349558279984 0.9854427351556005 -0.9236807490616067
39885980090120 1311877985.413186340.pcd 1311877984.413260991.pcd 0.4345 0.9900381527477806 0.0694953891566398 -0.12245344825577338 0.15717751338351627 -0.059618387383682525 0.994801321546036 0.08255893977050212 -0.548675329696264 0.12755431780042314 -0.07443602310862278 0.9890344657666087 -0.5004254212879735
39885980090121 1311877985.413186340.pcd 1311877984.413260991.pcd 0.4345 0.9997253411914456 0.018720050983303288 0.014099711728608222 -0.3047672022978396 -0.020413016519854797 0.9911089083996479 0.13147790859082772 0.37429140401871175 -0.011513076748092226 -0.13172961467354424 0.9912188243176941 0.13297532427584124
39885980090122 1311877985.413186340.pcd 1311877984.413260991.pcd 0.4345 0.9875746566197324 -0.15095635770321086 -0.043686103870656405 0.4912549498928618 0.1518639972614737 0.9882330239815623 0.01824326308596969 -0.24566220106208017 0.040418113985991995 -0.024650930636327773 0.9988787252117136 -0.871988143785446
39885980090124 1311878036.751372637.pcd 1311878039.133184373.pcd 0.4071 0.9957327700521162 -0.09201923431932212 -0.0069793380506291795 -0.3258122127168164 0.09204460087557546 0.995749066376975 0.003404153204324143 0.6111998582449846 0.0066364217764757275 -0.004032037285069347 0.999969849836152 0.3617759624694614
39885980090125 1311878036.751372637.pcd 1311878039.133184373.pcd 0.4071 0.9107880555239248 -0.04395081016015989 -0.4105282501865294 -0.009070621053340222 0.00868304045651163 0.996137067934799 -0.08738161531290382 0.1427320396526237 0.4127829002313185 0.07602149809446872 0.9076513698023565 1.0937165886479154
39885980090126 1311878036.751372637.pcd 1311878039.133184373.pcd 0.4071 0.8831320715436515 -0.26611018983755735 -0.38634584387002 -0.9208397115944953 0.25309918950901616 0.9636794702582088 -0.08522135221138573 0.30640607262910785 0.39499182837230673 -0.02252211063548673 0.9184085202411969 0.32608741426716675
39885980090127 1311878036.751372637.pcd 1311878039.133184373.pcd 0.4071 0.995696006369213 0.01198119375906153 0.09190165339376616 -0.05682586354167585 -0.006518914261091955 0.9982065648003995 -0.05950762763076891 0.003908978379249153 -0.09244980615045462 0.05865240818153628 0.9939883944781497 0.02394121613543365
39885980090128 1311878036.751372637.pcd 1311878039.133184373.pcd 0.4071 0.9709413168862987 -0.17824339973015757 -0.15969423789146356 -0.662848898311889 0.17168318135051502 0.9836662307744447 -0.05408910865750294 -0.11549790939020671 0.16672685567858067 0.02510053558456958 0.9856835794051261 -0.32039015078751387
39885980090129 1311878036.751372637.pcd 1311878039.133184373.pcd 0.4071 0.9255203240781548 -0.3786973209603011 -0.0006847012178944932 -1.7399741298738058 0.37869775268088274 0.9255201517028667 0.0006789008406277567 0.22836728775508608 0.00037660684551342114 -0.0008876313385092411 0.9999995351388372 0.0160344030231675
39885980090130 1311878036.751372637.pcd 1311878039.133184373.pcd 0.4071 0.9702758763832013 -0.21101682107417905 0.1184762631608476 -1.0374488342381845 0.19390354053283934 0.9708179404100707 0.14111677273371057 -0.12734495286792538 -0.1447968945718106 -0.1139492334405813 0.9828781366581839 -0.2163809549301139
39885980090131 1311878036.751372637.pcd 1311878039.133184373.pcd 0.4071 0.992329455681407 0.12301716424834318 0.012207730638346691 0.9876453027170013 -0.1235539009652769 0.9902028693763391 0.06505928861528534 0.49453581012411607 -0.004084720713197419 -0.06606856120092675 0.997806724910959 0.14367087107998067
