id source target overlap t1 t2 t3 t4 t5 t6 t7 t8 t9 t10 t11 t12
1807261650030 1311878210.773874648.pcd 1311878310.683233736.pcd 0.15661013978353272 0.30293775791506306 -0.30978667002932875 -0.9012551990981987 2.4969313936886466 -0.838000379729422 -0.5369594022513182 -0.09710800125247543 -7.785346385407995 -0.45385468864245354 0.7846698792524447 -0.4222666245291177 10.421732941454565
1807261650061 1311878209.774248168.pcd 1311878277.450616428.pcd 0.16158884117716757 0.6077443779938163 0.6098028217470122 0.5087114010972147 3.119418277135489 -0.4805170681613988 -0.227631653941966 0.8469280827373826 10.77456515668684 0.6322579522809366 -0.7591602918442368 0.1546788061257586 3.577917123631809
1807261650092 1311878210.274577047.pcd 1311878327.238138834.pcd 0.14380064521045546 0.1018538636584933 0.9666996967621374 -0.23477113693516233 9.092918901273027 -0.23245259321784795 -0.2063375087211054 -0.9504686340963944 -10.157567599775327 -0.9672598318777301 0.15138206226220952 0.20369557889435347 -32.35365845849402
1807261650123 1311878287.494183493.pcd 1311878210.274577047.pcd 0.18772939192540422 0.34407091782809207 -0.9087858573988769 -0.23605818964128872 12.21025235745666 0.08564973006817833 0.28073790338251214 -0.9559552046741727 -3.8900828972589445 0.9350290515509037 0.30869806445162495 0.174431011461947 1.4987563038197287
1807261650154 1311878329.605303544.pcd 1311878196.138421351.pcd 0.14452001046298718 -0.06130933860643033 -0.40918396058415857 0.9103898348511495 6.783018773274142 -0.9804063060372255 -0.1463818929833977 -0.13181736034771308 21.803990653110258 0.18720213695918064 -0.9006335702200192 -0.3921919582432273 -14.330836306028704
1807261650185 1311878210.274577047.pcd 1311878215.873690025.pcd 0.12865259396618148 0.09644939790064308 0.2983995893309691 0.9495552636533127 4.020202180000742 0.007289324877317593 -0.9541891076119192 0.2991153835188055 17.70694446839576 0.9953111972581421 -0.021927881837472768 -0.0942060964624131 1.8357823498374546
1807261650216 1311878210.773874648.pcd 1311878206.706723027.pcd 0.1684772000270883 -0.1030504953804295 0.44578001720688887 -0.8891910771374588 3.456065389629493 0.19331392322256916 -0.8679292363580725 -0.45752439034787207 3.9046659646563207 -0.9757101631581723 -0.21904113068992148 0.003265053741369244 18.0581756223163
1807261650247 1311878322.933234850.pcd 1311878250.454774606.pcd 0.15645554858884092 -0.28651923635919146 0.9551012965567678 0.07542042503014029 6.596371901850244 -0.8989919706718739 -0.2952324368908487 0.3234984464800283 1.0291336500341872 0.331240341540167 0.024886171322086315 0.9432181691492596 -1.764134450104446
1807261650278 1311878235.406350050.pcd 1311878210.773874648.pcd 0.1865350286873747 -0.5811205785927975 -0.4833130071836287 -0.6547575201729947 4.068694912281172 0.198606191897473 0.6960012851220392 -0.6900273847090806 8.925850219710377 0.7892112858265243 -0.5310280107448072 -0.3084717136601937 -1.3696806399923274
1807261650309 1311878209.774248168.pcd 1311878265.806180608.pcd 0.1423575219503426 -0.1394429430937908 -0.5684293785265344 0.8108290246712186 -5.329962217728827 -0.1676483872037684 0.8205602976409424 0.5464199998200864 -21.305904883378354 -0.975935286732331 -0.05973976534391279 -0.2097176114381839 12.570703432688843
1807261650340 1311878226.363187377.pcd 1311878211.342384516.pcd 0.2341024910581458 0.06997436705096177 0.4771451196598493 0.8760343159606279 5.489942463950421 -0.11577459979809215 0.8761369168116748 -0.467953357762634 4.386127188171681 -0.9908076654918494 -0.06867778232092447 0.11654841147810996 3.341796142475485
1807261650371 1311878273.114412652.pcd 1311878211.342384516.pcd 0.21586226124684432 -0.013116075524450405 0.9138720599322772 -0.40579037277635543 -3.9066678075495265 -0.03232095827078957 -0.4060006972860181 -0.9133010398875745 -15.297455546075081 -0.999391476959502 0.0011366082894682106 0.034862356522494586 -2.7968606857226868
1807261650402 1311878244.246047010.pcd 1311878329.605303544.pcd 0.199122648932102 -0.038937039781356764 -0.3346595902659241 0.9415343146036204 9.888156687633474 0.6525369799416332 0.7050775680035727 0.27759883448390105 -10.981134846118039 -0.7567558369393117 0.6251948350244199 0.19092412502633316 5.448680627003874
1807261650433 1311878209.174682467.pcd 1311878305.481208155.pcd 0.25916135385891254 0.514536250977477 0.7114011063593502 -0.47870754360124257 8.709618399146091 -0.013504604969071299 0.5649339068075508 0.8250256399553817 -1.2439002199632143 0.8573622758639853 -0.41804084347088644 0.30028616537475983 8.560946197200984
1807261650464 1311878234.303494388.pcd 1311878195.138440919.pcd 0.24362659437213177 -0.2789724323304868 -0.9561845354216403 -0.08880042916626937 -0.00478822124017425 -0.9588998586061321 0.2823624839145438 -0.02797300203318685 16.77077447402667 0.05182126170551671 0.07734702255491575 -0.9956565647536993 4.202112100382839
1807261650495 1311878209.174682467.pcd 1311878337.549367426.pcd 0.24649035720408757 -0.44397053567464523 0.35287053107260646 -0.8236337485516882 0.6019685790853544 -0.019036662102415974 0.9152696376966489 0.40239171935645446 21.214974839298634 0.8958391423401677 0.19432930456105127 -0.3996352742689903 -13.583086305877977
1807261650526 1311878195.638286681.pcd 1311878264.538905257.pcd 0.2472701868175467 0.044075223285386655 0.9674382609147294 0.2492400168725472 -0.4199091057896015 0.02156614260783546 0.24850295204872203 -0.9683910286222656 -7.769228949890421 -0.9987954125772516 0.04805719656154428 -0.00991108840053817 17.274560078609063
1807261650557 1311878211.342384516.pcd 1311878322.933234850.pcd 0.2065620922425599 0.8456211975793875 -0.4558299684254259 0.2777477814307031 -3.89730881784482 0.43725390134684994 0.8899852655022721 0.12936480566912104 20.892133994871852 -0.3061597882827881 0.012052679126460249 0.9519038380868694 -5.581419360742408
1807261650588 1311878310.683233736.pcd 1311878195.638286681.pcd 0.2690210588400029 -0.38883809900250255 -0.8345132256120174 0.39037495954882434 -6.361526517403173 0.7928644383420032 -0.5189062728478396 -0.3195344463618647 -6.762414363171048 0.4692237368001964 0.18526725635629626 0.8634263886084734 6.540766772910272
1807261650619 1311878211.342384516.pcd 1311878289.696003060.pcd 0.2645116202033586 0.032568605112114644 -0.21207945913326065 0.9767095724803742 -9.668822919563521 0.11584646100844981 -0.969840417020504 -0.21445084048637544 -0.46016873495459565 0.9927330373433078 0.12013271214468915 -0.00701769477053508 -0.017434129044875173
1807261650650 1311878285.425005619.pcd 1311878288.627840492.pcd 0.36287219064504356 -0.2943335796250694 0.880252351002442 0.372187509811609 15.72567038872503 0.4867652921873289 -0.1970634527016632 0.8510144216939475 5.787995289999221 0.8224520011689906 0.4316500830116601 -0.3704739013873308 -5.2359205866469924
1807261650681 1311878212.373798852.pcd 1311878216.873651090.pcd 0.35735869858245917 -0.11312115932069072 0.786706339774438 -0.6068745655179901 -7.360602587858111 0.18875600519705354 -0.5826561246229868 -0.7904954212020285 5.060240814160019 -0.9754869418992715 -0.20397297712694457 -0.08258480965636569 7.9919328322099
1807261650712 1311878212.873843826.pcd 1311878202.642194897.pcd 0.3001538864254722 -0.062285170021059204 0.5418793368700048 -0.8381451794699837 4.573378154820456 0.09824715469067644 -0.832368176618989 -0.5454454282026437 -10.36905470274716 -0.9932109817106503 -0.11631854033344338 -0.0013939096323158304 -4.956872460776993
1807261650743 1311878226.363187377.pcd 1311878294.469759576.pcd 0.34299132719273256 -0.14020224579025392 -0.6701904944299611 0.7288264755420826 5.379170142908871 -0.38822168091401277 0.7143635843401477 0.58221009595935 -0.6280340814678487 -0.9108387655033507 -0.20131907645432265 -0.36033785911545696 21.89421605203885
1807261650774 1311878260.995494745.pcd 1311878213.873790060.pcd 0.36434365938321706 0.7243768365505506 0.6124039792569151 -0.3166063247304341 -4.3094591638368325 -0.40017927527521624 -0.0004393836952553687 -0.9164367706405998 0.8570291881708324 -0.5613686367345614 0.7905448583934149 0.24475310122348995 -20.351009280521705
1807261650805 1311878262.101262217.pcd 1311878329.605303544.pcd 0.3149333187837596 -0.05249353640051846 0.9492964351177667 -0.3099688805491083 1.7606460560075372 0.3972013581929149 0.3046352186475303 0.8656953647844461 -4.9929409925947885 0.9162289613878571 -0.07767664920857081 -0.39305321329542314 11.809238444062098
1807261650836 1311878210.773874648.pcd 1311878333.206093905.pcd 0.3596926276037621 0.3154208823916038 0.43827516993998156 -0.8416795960253415 5.914224319135512 -0.0002667089007489243 0.8869979982648545 0.46177319101535474 -15.69645244397418 0.9489518406208316 -0.1454284239350111 0.27989458318108695 -4.542313900268875
1807261650867 1311878277.450616428.pcd 1311878195.638286681.pcd 0.2902747070843909 0.6691029620002824 -0.5856399897296188 0.4575227083675093 -0.532278725291568 -0.7137800716570445 -0.3350035717840123 0.6150533441883062 -1.3180043546303537 -0.2069280926981967 -0.7381046059478604 -0.6421700359957947 2.233816769049708
1807261650898 1311878208.574565202.pcd 1311878323.830422018.pcd 0.3678824018860075 0.9951133223647926 0.06326854366207288 -0.07580611475985648 10.714695006975925 0.07629320193371839 -0.9800448907067196 0.18355206220131226 3.415853953888788 -0.06268032379307735 -0.1884385936652413 -0.9800826870354666 1.7419400419818074
1807261650929 1311878244.246047010.pcd 1311878316.792674618.pcd 0.3523689797497176 -0.1124033035533397 -0.4031566814259659 -0.9082016227533937 -9.980670814686082 -0.4752113626102991 -0.7808847490239065 0.4054542755822575 10.334979043284953 -0.8726623964606005 0.47716213068879704 -0.10381061044117189 -0.07542637473975883
1807261650960 1311878236.672856928.pcd 1311878305.481208155.pcd 0.45513855152135 0.06741177954287841 0.9074999090779995 0.41460772665531015 13.42227775944372 0.04295279845828048 0.4125280622749916 -0.9099316759736646 -2.1963616638136783 -0.9968002352946472 0.07914867566209 -0.011170409906202605 -5.486992836624232
1807261650991 1311878348.889943018.pcd 1311878319.962607570.pcd 0.43441899558730823 -0.8553071778795446 0.22188020097025773 -0.46820808182380574 1.3479852565816426 -0.436630756311972 -0.7951594651261061 0.42080281327814384 -8.665274842503035 -0.2789322751317331 0.564349715546808 0.7769853180415137 -18.45468269352584
1807261651022 1311878196.638325535.pcd 1311878201.642095469.pcd 0.445908854517788 -0.04812401729996557 -0.9204236698052097 -0.3879488974352458 19.160442551988677 0.08108628014600555 0.38351695840707534 -0.9199672590838595 -27.298378014558406 0.9955446218683499 -0.07572985327132187 0.056177354801627444 15.616582430697674
1807261651053 1311878334.144909201.pcd 1311878226.363187377.pcd 0.3873055425773071 -0.003921992370069183 -0.16607129689014438 0.9861059488336303 -9.31042074353352 -0.9584719368751173 -0.2805779001891292 -0.05106454884085421 3.3600008862222177 0.28515989233885963 -0.9453551535135799 -0.1580742532059076 -20.743334085530844
1807261651084 1311878250.454774606.pcd 1311878235.406350050.pcd 0.40032612808719636 0.31273534740886477 -0.9368720256842524 0.1564206187538647 -23.54360538183387 -0.15435320763154686 0.11236499735221894 0.9816054169898862 -1.841944253277267 -0.9372148578500604 -0.331126735345126 -0.10946869582108698 7.431736749194747
1807261651115 1311878205.941947309.pcd 1311878265.806180608.pcd 0.4384547662550821 0.4629682118213406 -0.4620335995138836 -0.7564293673325978 -11.833701743243514 -0.3627167167756871 0.6799174247504132 -0.6372981083388148 14.067798430048386 0.808762646401536 0.5694183422063342 0.14719284406714117 -3.663501064436758
1807261651146 1311878211.342384516.pcd 1311878330.941093151.pcd 0.43913582690684044 0.6720631359084112 -0.6580557149215482 -0.33954943294319057 -13.138150222099982 -0.5952688731679847 -0.20737463542393955 -0.7763058219671585 17.016542418173366 0.4404385428073591 0.7238497334681265 -0.531088931693979 -5.42691041243765
1807261651177 1311878248.319131929.pcd 1311878271.076362728.pcd 0.40313401292384826 0.4468815723769433 -0.8845155493126052 0.13389960154582647 -11.342170468474361 0.10932570850699475 0.20255158836761267 0.9731499080353452 10.29107238267936 -0.8878878024442922 -0.42024409225351106 0.1872168614112204 -6.364318702675439
1807261651208 1311878333.206093905.pcd 1311878236.672856928.pcd 0.39911809084444755 0.5416823806444568 -0.7635835052978047 -0.35145473241439074 5.864680210953431 0.28219822078155843 -0.22864844887304775 0.9317102827680244 -7.625420851351096 -0.7917981830536595 -0.6038709442133035 0.09162707049697122 2.419754692719964
1807261651239 1311878348.889943018.pcd 1311878230.804028910.pcd 0.4522612126730639 0.8649389768463847 0.2879363617362282 0.41106352054400674 19.46928513723823 0.3542506528758311 0.22991773836865725 -0.9064459766144306 1.3164297693242015 -0.3555095515861375 0.9296399761055596 0.09686316925167082 -17.404342742706525
1807261651270 1311878226.363187377.pcd 1311878227.461466763.pcd 0.5169578704143323 -0.3313288714513748 0.0918153804242483 0.9390373341142031 -0.8418812730154185 0.9435012034052297 0.026795522018969398 0.33028393720042587 6.1123896093426975 0.00516314977918414 0.995415458950323 -0.09550605199188278 8.522417249043544
1807261651301 1311878242.745935217.pcd 1311878255.256024021.pcd 0.5476057815214185 0.19809104617013634 -0.029019172363314506 -0.9797539614936849 -1.1789315100632731 -0.0947505389762544 0.9943136557959071 -0.04860750211116781 9.480892168132115 0.9755932927152225 0.10246092686056539 0.19421505007579526 -4.008412079761787
1807261651332 1311878319.962607570.pcd 1311878218.877712496.pcd 0.46019482439350795 -0.1753878154693368 0.8946448772820182 -0.4109131997611368 15.26116774738994 -0.447093276912483 0.29948085221735943 0.8428634651560247 -3.979441754592712 0.877124116601836 0.33154451090043113 0.34746441741168593 7.091015596840177
1807261651363 1311878306.978827041.pcd 1311878215.373858075.pcd 0.5490495001137062 -0.1016165689175052 0.14353384904211974 -0.984414601222771 16.221822054978762 0.9481388459766854 -0.2856018589110734 -0.13951454023340387 -4.5876956296648395 -0.30117569900546876 -0.947538712858579 -0.10706813701038242 -15.678835089935887
1807261651394 1311878207.475541077.pcd 1311878318.690302344.pcd 0.511737568063772 0.7897950597286496 -0.30833596147093556 -0.5302383412127158 1.1778868184964946 0.33384516552196974 0.9412954890632199 -0.05010197328291654 18.48921858148861 0.514559198815673 -0.13744721580674948 0.8463669971006345 0.17131953434833763
1807261651425 1311878321.165866037.pcd 1311878336.642453896.pcd 0.5013178336515199 0.008818146636709767 0.5011457625026905 0.8653179560228079 1.5858739755903581 -0.3177584492676793 0.8219026537171233 -0.472763784285292 -11.42804398654032 -0.948130691523533 -0.27079319145493186 0.16649095847150208 -2.4497011138801197
1807261651456 1311878327.238138834.pcd 1311878299.438239830.pcd 0.5093701339146683 0.35304354963782086 0.7414239197121812 -0.5706582368964396 -10.784672410298036 0.5509753840810339 -0.657709368700562 -0.5136579722541701 -17.116995045939106 -0.7561655759130305 -0.13307500742864387 -0.6407063790863812 -0.45126429013907465
1807261651487 1311878331.976947270.pcd 1311878306.978827041.pcd 0.4835624087277725 0.1517796258615663 -0.4867704234240952 0.8602426983432351 5.686766639828776 -0.945221973025175 0.18298697004001013 0.2703168335601243 0.5380228441321533 -0.28899544439959335 -0.8541488884703321 -0.4323324061890087 -3.45984036024383
1807261651518 1311878256.163273528.pcd 1311878319.962607570.pcd 0.48905903087733754 -0.8049084221477855 0.5706284525509377 0.16280540867822765 11.747576003237082 0.5843345502857711 0.7144262473838684 0.3849003382582687 6.218827614022079 0.10332262723086508 0.4049423492156952 -0.9084856237243305 -2.782055647374755
1807261651549 1311878259.963626564.pcd 1311878202.142537533.pcd 0.517534012664332 -0.516282833969906 0.2438962032348894 0.8209547352903249 -2.5355137208165193 -0.23514813189688308 0.8813787937381196 -0.40972768763429074 -2.8363391577264636 -0.8235031216779983 -0.4045813441031882 -0.39768900486466696 0.6429650745806438
1807261651580 1311878218.877712496.pcd 1311878214.373785961.pcd 0.5996502678550542 -0.12472239488541864 0.9913207602332462 -0.04156289865522794 -4.775682033658492 -0.2626018590702205 -0.0733772805431972 -0.9621102007114098 -23.818254032990673 -0.956809588072209 -0.10908219392120777 0.2694744647316815 -8.128424632984242
1807261651611 1311878286.460321466.pcd 1311878259.963626564.pcd 0.5617714450969924 -0.931880856696826 0.17953565384362002 0.31522217231808713 7.304771262418576 -0.2999683449257349 0.10729403078179894 -0.9478960823851473 -2.970180999319236 -0.20400260038662568 -0.9778828866267876 -0.04613024038476815 11.195469888618463
1807261651642 1311878326.098769493.pcd 1311878258.728191729.pcd 0.5581141844938002 -0.1557071352049103 -0.8876685911464501 -0.4333586970840161 -11.060624626248428 -0.8890651388169895 0.3171269638495966 -0.33014189031364033 0.19076231773575938 0.4304863145172061 0.33387866222867985 -0.8385741302483521 8.201122080498553
1807261651673 1311878198.138386099.pcd 1311878213.373869962.pcd 0.5999229778362084 0.5760864673144757 -0.5021520487693503 0.6449555814890449 6.640199164821431 0.5459823223388007 -0.3508065924050511 -0.7608140629737904 0.3172602504527214 0.6082990102496124 0.790429032008504 0.07207121122502147 5.972566331544412
1807261651704 1311878201.142269263.pcd 1311878299.438239830.pcd 0.6111990100740083 0.16771174044688386 0.2211089172324755 0.9607203645372361 0.6998395540299319 0.1447903867725268 0.9584308308529378 -0.24585785805788246 -1.1634443302058766 -0.9751453819890342 0.1803363224390197 0.12872565709535433 9.177231048433534
1807261651735 1311878338.714148570.pcd 1311878329.605303544.pcd 0.5593304046169103 -0.15476486524001398 -0.1930953049356571 -0.9688973318670283 10.357908703168732 0.1584132183785227 0.9631739223250875 -0.21725848106774837 -6.3907862083986355 0.975168236116312 -0.1871101241641197 -0.11847663358269811 11.19671227005984
1807261651766 1311878285.425005619.pcd 1311878201.642095469.pcd 0.5583146477551233 -0.59754655332364 -0.7940792083622064 0.11124894362595106 3.2664921189438836 -0.43375705500367195 0.2034301204840822 -0.8777647767564916 1.257010584986302 0.6743833730494695 -0.5727603311391978 -0.46599642619631393 5.395610336140956
1807261651797 1311878244.246047010.pcd 1311878259.963626564.pcd 0.5904141923403208 0.14880229994313615 0.6476605807162328 0.7472574173054057 -0.6031608756931693 0.9628509789393358 0.07730167572101106 -0.258732377730903 -9.62557913507904 -0.22533501256395105 0.7579975086483042 -0.6120979570262984 -17.466572379108072
1807261651828 1311878245.615899994.pcd 1311878225.027106905.pcd 0.5660091937261409 -0.001287882531720981 -0.23349780269633746 0.9723564765530012 4.602399195319238 -0.12067336579505572 -0.9652152559278712 -0.23194276990625784 12.833551914743275 0.9926914324936412 -0.11763624381999305 -0.026933881889656747 11.65473760932215
1807261651859 1311878200.138347576.pcd 1311878207.475541077.pcd 0.5688096788194444 -0.39972924888339545 0.3626705025890513 0.8418352773190976 -5.941727170723581 0.22657966811751573 0.9289931157641009 -0.2926319272715551 4.629561974924792 -0.8881881453739817 0.07376921725701881 -0.45351948249486895 -5.917190033942691
1807261651890 1311878218.877712496.pcd 1311878228.464393326.pcd 0.6740239081105107 0.0699675609390106 -0.3732895701997861 0.9250726659005253 1.72296895915938 0.5347697754430131 -0.7687964856752 -0.350675420989398 11.122285064675284 0.8420960917192737 0.5192368056999822 0.14583316466978172 -7.970547567971812
1807261651921 1311878201.642095469.pcd 1311878252.156008077.pcd 0.6642668411994279 -0.6841525224321459 0.5526919799429599 0.475885386786002 -5.2596804192585775 0.6955069505059537 0.6908228950833266 0.197569758380679 -0.27242597268266405 -0.21955729969108487 0.46614944270632963 -0.8570293397643614 -2.5120524906220383
1807261651952 1311878220.377686160.pcd 1311878207.475541077.pcd 0.6892252024582161 -0.1762050142030655 -0.9124821944846392 0.36922626899801475 19.11886538372932 0.4055144389248527 0.2744980156847979 0.8718995809200565 -10.872129893516876 -0.8969447211468269 0.3033596613487122 0.32165677837290374 10.72950045066998
1807261651983 1311878268.604890009.pcd 1311878336.642453896.pcd 0.6555422528185174 0.21635517295736956 0.820945631447593 -0.5284304205301769 -24.34944493294172 -0.9416571272261446 0.3183984064661675 0.10910687193760926 22.394840386336455 0.2578222137031474 0.4739944355864508 0.8419364472181321 -3.5403101658182115
1807261652014 1311878297.772898991.pcd 1311878251.291655304.pcd 0.6871527585931697 -0.08086503659935651 -0.5447769139544716 -0.8346729658243563 -8.905341897309711 -0.7868606170845085 -0.4791303066293487 0.388953105850375 -13.044523642267214 -0.6118097867288259 0.6882239920923339 -0.3899186089061665 -3.971564972717622
1807261652045 1311878301.906892222.pcd 1311878328.473262268.pcd 0.7174750594958029 0.2814720979903253 -0.20293118007614697 0.9378658721831319 19.884290044307683 0.9240978481907894 -0.20596178937726672 -0.32190512311186764 -16.91986811355974 0.25848911973635746 0.9572871447321416 0.12955576987732426 -2.2948891466830084
1807261652076 1311878202.142537533.pcd 1311878312.085477124.pcd 0.7065045921123717 -0.9197040631139165 -0.39146308149499454 -0.030018196451428503 -1.2492543621854764 -0.20463482766759733 0.5432098960283279 -0.814277345971473 -3.326066824167036 0.335065700418897 -0.7427514151338498 -0.5796993287208961 8.786256591091488
1807261652107 1311878256.163273528.pcd 1311878257.263276854.pcd 0.64708507862391 0.4078338634005541 -0.43276992214754006 0.8039786902326395 7.009783672350935 0.009166655847731381 0.8824321790445675 0.47035031817489587 -7.5713504913360445 -0.9130101381060057 -0.18445499145067518 0.3638527777062914 7.323138207235699
1807261652138 1311878197.638206405.pcd 1311878330.941093151.pcd 0.6953703759065823 0.058266464356525605 0.07678969537372848 0.9953433386604845 4.802574372808324 0.31499999338305396 0.9446879851639275 -0.0913214917508218 -0.18959123304809866 -0.9473014426781298 0.31885412553600345 0.030854875280980743 19.056204559474462
1807261652169 1311878293.062713976.pcd 1311878202.642194897.pcd 0.6883491885842193 0.6702837893954452 -0.6094868157648214 -0.42337390458380963 -1.968771374857021 -0.006211831064137863 -0.5750921526442436 0.8180650518888093 -15.889808044236071 -0.7420788737246955 -0.5457058157797736 -0.38926097646131774 8.315887811533894
1807261652200 1311878342.884819671.pcd 1311878217.873733634.pcd 0.7384084367692031 0.06251226371895985 0.1488119548643288 0.9868876425278558 2.0857249873517856 0.028578896411216345 -0.9886830051215905 0.14727240767930266 -12.615083297206501 0.9976349350161354 0.018997828117938362 -0.06605769419343271 -2.392672012121881
1807261652231 1311878199.638105605.pcd 1311878277.450616428.pcd 0.758506970469195 0.9226366742990788 0.11913513325725178 0.3668083794873189 5.782997437452389 0.10815237184177859 0.8330074471161739 -0.5425879260672807 -4.1509073709786515 -0.37019539665335355 0.5402827158745428 0.7556784734421742 9.303400750799439
1807261652262 1311878300.508172716.pcd 1311878299.438239830.pcd 0.80876399923894 0.12489571083337725 0.3217926845489474 0.9385363762722289 2.265090891781058 -0.7414968642024553 0.6587883631712713 -0.12720178036506535 -5.723836903965438 -0.6592294454841582 -0.6800348231678275 0.3208881074233675 6.98982014418524
1807261652293 1311878219.877535582.pcd 1311878225.027106905.pcd 0.7358689788938495 0.10457767912862215 0.8341320362315437 -0.5415600199057251 2.3070032732406878 -0.004100306878081605 0.5449029199564143 0.8384891146022583 8.462742366322566 0.9945082686994495 -0.08546668330520402 0.06040488004483957 7.426056316743215
1807261652324 1311878342.884819671.pcd 1311878249.487594413.pcd 0.818323889188703 0.25540477876029893 0.006063336254958668 0.9668152020628668 -2.3693291104418686 -0.5011913288424864 0.8559614873603238 0.12703221657911956 20.335406038381187 -0.8267863393159717 -0.5170040310378257 0.2216555458614416 -12.476663014915557
1807261652355 1311878304.373946255.pcd 1311878337.549367426.pcd 0.7451960425901385 0.8421602642102162 -0.4519567823914782 -0.29411078905018206 -1.8619308940694546 0.3666299800944418 0.8798855215775511 -0.30229774497033535 0.55406861827636 0.395409341165997 0.14675331603934136 0.90670552945823 -0.8575052844311939
1807261652386 1311878345.855031027.pcd 1311878220.377686160.pcd 0.7470911801497678 0.5101149917687959 -0.3017539280258111 0.8054360695261387 1.7457375188364668 0.21215027420558724 0.9516477695882102 0.22216836811814317 8.122082092523998 -0.8335316168731786 0.05754206773116732 0.5494669727235717 -8.066681979539275
1807261652417 1311878300.508172716.pcd 1311878274.583648248.pcd 0.7977417513564582 -0.9489902097239191 0.048019366638887534 0.3116275377365623 -0.04567628149425917 -0.2181232661584022 0.6137005324672544 -0.7588108441566974 24.12143469060073 -0.2276836019755119 -0.7880772784930479 -0.5719216559236484 9.519807277466136
1807261652448 1311878300.508172716.pcd 1311878283.455019637.pcd 0.7398683891115937 -0.6827476011503826 -0.18985199935629635 -0.7055578866852914 -13.607138765104693 0.2740610831113717 0.8286058875774218 -0.4881626837396061 1.2244778497276523 0.6773080804532154 -0.5266578599170905 -0.5136976374681224 5.940114403383791
1807261652479 1311878215.873690025.pcd 1311878333.206093905.pcd 0.7557163049804606 -0.6302835043744673 -0.11998033851422567 -0.7670380841154191 9.797252784116367 0.21194131844784841 0.9238683329745846 -0.318666253094597 1.5011254506388971 0.7468758810190811 -0.3634171455734771 -0.5568701793552943 16.91454037056767
1807261652510 1311878198.638627579.pcd 1311878201.642095469.pcd 0.8781227980828933 0.7124746337284417 0.053658797840004144 0.6996432160093375 -11.5221329186926 -0.2247073235746087 0.9620119130409139 0.15504740532913558 6.160303486533357 -0.6647454513010669 -0.26768229784901115 0.6974666102350809 -9.039207905871281
1807261652541 1311878199.138235023.pcd 1311878220.377686160.pcd 0.877751834556371 0.9007114436894137 0.00473037850143615 -0.4343921255342515 2.374835845680567 0.3823802407780758 -0.48318380902749314 0.7876031730231814 7.819710741526402 -0.20616558070985697 -0.8755061565819602 -0.437017989466854 -6.266618688642405
1807261652572 1311878203.642340500.pcd 1311878249.487594413.pcd 0.8207972046998847 0.6562804243115667 -0.5725759262655166 0.49137848276721985 3.6665807158286556 0.5002668694022054 0.8177276689178283 0.28470075318609633 6.768220008228899 -0.5648265787336375 0.0589768441627687 0.823099427656619 -3.168851739912783
1807261652603 1311878204.141982384.pcd 1311878331.976947270.pcd 0.8789629640106645 -0.9596997942659587 -0.05817329113455316 -0.27494030822062204 -4.9633712262337895 0.20539656983440863 -0.8129217570230557 -0.5449499665646439 -2.1845743051302096 -0.19180342537643852 -0.5794601670150609 0.792109437424364 16.05373574795055
1807261652634 1311878216.373846096.pcd 1311878337.549367426.pcd 0.9051936347372244 0.951824367615919 0.09030707006628105 -0.2930443760057503 -2.0705422298011396 -0.306531234318426 0.3060938799645995 -0.9013019133650163 4.844568300126088 0.008305155012277382 0.9477083780067902 0.3190295513835057 6.458153515850906
1807261652665 1311878343.688151572.pcd 1311878337.549367426.pcd 0.8204564105250293 -0.35743534827921253 -0.8007287365849105 -0.48070101124051173 0.008782433961490404 -0.5650352277545718 0.5952242191305972 -0.571352185921004 -3.4412433232973685 0.7436229980284748 0.06739153780337198 -0.6651941201150531 -9.124497783016102
1807261652696 1311878203.642340500.pcd 1311878219.877535582.pcd 0.8592325812849502 0.6425602356496786 -0.03516525404582707 0.7654278205485624 5.460405971558197 0.5101695512449926 0.76496666779916 -0.393132326499275 23.486023604971958 -0.5717021711908331 0.6431091680765733 0.5094774042011534 -5.910638507291338
1807261652727 1311878198.138386099.pcd 1311878337.549367426.pcd 0.9078522768017211 0.08819775847835495 0.3348368622473248 0.9381393452359621 -4.56563573056 -0.14528254406328742 -0.9274143250091645 0.3446674515504684 9.35504267609036 0.9854512356224903 -0.1666941674089456 -0.03314991345306508 -7.75912007632352
1807261652758 1311878344.984868502.pcd 1311878303.144433273.pcd 0.8347895043404423 0.3565104920573735 -0.6034915220014481 0.7132308545803281 23.261863157647987 -0.3524848407242751 0.6200987122126933 0.7008794647952968 -2.78405220409618 -0.8652483493844942 -0.5012739470434654 0.008350084003960256 -6.409461731812257
1807261652789 1311878343.688151572.pcd 1311878247.287229146.pcd 0.8245886659798974 0.5196928467909099 -0.8092742101527497 0.27385141550848874 -8.561871128372534 -0.8465635035604528 -0.4445976827391559 0.29268265227447976 4.842349449648351 -0.11510681749492968 -0.38393769453469395 -0.9161562461073838 5.717113585157762
1807261652820 1311878198.638627579.pcd 1311878218.377605708.pcd 0.9367940784562686 0.2028522340273378 0.9784754324514323 0.03790513473265006 -10.37164400106491 0.08368559487973604 0.021245067035237764 -0.9962657117136435 1.453811943027146 -0.9756268202339164 0.20526683905504656 -0.07757468932974654 -4.566061154884137
1807261652851 1311878203.142803439.pcd 1311878323.830422018.pcd 0.9099168773874213 0.2778665074232074 -0.9596417937207407 0.04333395662604561 -11.400639426032935 0.21972061971955753 0.10740570845062519 0.9696323339608023 4.783274231075682 -0.9351540265231617 -0.25990698631752596 0.2406975387095994 1.6267108628648206
1807261652882 1311878198.638627579.pcd 1311878310.683233736.pcd 0.9277038670024627 -0.9395114301347838 0.18046311745461574 -0.29112082695103547 -7.36891984399866 0.34164530712296914 0.5543609401529013 -0.7589218880449051 11.312633808264918 0.024428605505539686 -0.8124758527312383 -0.5824828168810661 6.423187294359984
1807261652913 1311878203.142803439.pcd 1311878251.291655304.pcd 0.9102665841717329 -0.034565360996504146 -0.054561430112676584 0.997911963132641 -6.530881339294577 0.29407230391293926 0.9537484514330252 0.06233274789741458 -19.108921014287674 -0.9551579533723822 0.29561282403367806 -0.016921654065619796 4.136893431724863
1807261652944 1311878219.377635725.pcd 1311878219.877535582.pcd 0.9222515526120414 0.028715157714743617 0.8892968890001762 0.4564279602873007 3.814756304513705 0.7484822627501078 0.2835188156341317 -0.5994926050668997 -2.630816403087051 -0.6625328233875631 0.35884275720157366 -0.6574816602294518 3.95167095736071
1807261652975 1311878203.142803439.pcd 1311878245.615899994.pcd 0.9238378974552106 0.7249184514051906 -0.6827410687225335 -0.09142139734172317 -14.945617267372098 0.08027682685999277 -0.04807989571520199 0.9956123516194976 -16.286490763093287 -0.6841409722283786 -0.7290767838215865 0.01995428301845792 -2.914654188474415
1807261653006 1311878204.141982384.pcd 1311878262.101262217.pcd 0.9247328557385628 -0.09859360669987334 0.25605273983663207 0.9616217006391153 -10.83452152100599 -0.20658651670719722 -0.9505441349710331 0.23192209594378252 -16.251158832784856 0.9734481556984415 -0.17579204161259446 0.14661461821038937 -12.553930984841305
1807261653037 1311878203.642340500.pcd 1311878199.138235023.pcd 0.9347643971560112 0.05794244321053227 0.9533853612902513 -0.2961402136695577 -16.97553265885071 -0.4797406585746672 0.2867335304626011 0.8292362648960773 -13.866710290238837 0.8754950449803465 0.0940225259494214 0.4739917624062168 -10.290317877051972
1807261653068 1311878203.642340500.pcd 1311878327.238138834.pcd 0.9393110558988422 0.062065174868629 -0.6968608497675399 -0.7145158291667082 8.390153339265183 -0.0203688758896039 0.7148625301248024 -0.6989682910680282 -21.109985898936113 0.9978642307265655 0.057935473458218034 0.030173795777987455 9.700120116000905
1807261653099 1311878199.638105605.pcd 1311878202.642194897.pcd 0.9120321790835957 0.9009016822053038 -0.26393072924580907 0.3445529410111445 -12.171824807564974 -0.0503502048949549 -0.8520523535908395 -0.5210294076223979 19.153633261218324 0.43109281583748277 0.4520479586283808 -0.7809043649725771 1.2592709721119775
