id source target overlap t1 t2 t3 t4 t5 t6 t7 t8 t9 t10 t11 t12
1807261650000 1311878210.773874648.pcd 1311878310.683233736.pcd 0.15661013978353272 0.8426578555396873 0.5170531366556992 -0.15027904834592873 0.09325604897348151 -0.5276700936034084 0.8485400798428655 -0.03929383179117803 0.12391476780685445 0.1072007967033142 0.11240901554041864 0.9878624410369129 0.020432074741395637
1807261650001 1311878210.773874648.pcd 1311878310.683233736.pcd 0.15661013978353272 0.9937242244389695 -0.09259946554899594 0.0627495397848363 -0.030747349142368714 0.08852434214646761 0.9939586918750339 0.06488111970062001 -0.18286104964124478 -0.06837840748879415 -0.05891907862578434 0.9959181369787302 -0.20392448840707142
1807261650002 1311878210.773874648.pcd 1311878310.683233736.pcd 0.15661013978353272 0.9718365958181706 -0.2057803739372227 -0.11483931700774991 0.051717105953229696 0.23325562956356394 0.9093622599693886 0.3444591288096043 0.01202556713298309 0.033547612514978176 -0.3615449043281109 0.9317509537687213 0.011066006881959871
1807261650003 1311878210.773874648.pcd 1311878310.683233736.pcd 0.15661013978353272 0.9758427020225704 0.1998831328046001 0.08819157629562945 -0.17041307464200933 -0.2054829503072019 0.9768376611987044 0.05970712517692928 -0.04967123412850567 -0.07421440589492871 -0.07638662765212312 0.9943124785868872 -0.041876199340354
1807261650004 1311878210.773874648.pcd 1311878310.683233736.pcd 0.15661013978353272 0.889177310971458 0.40795591997004993 0.20720925899910267 -0.10409286207078737 -0.44095885651094363 0.8848950840946925 0.15005324724779537 -0.06381492627527065 -0.12214334414174213 -0.2247947007970543 0.9667204073440442 -0.2005275808347952
1807261650005 1311878210.773874648.pcd 1311878310.683233736.pcd 0.15661013978353272 0.9983513673491589 -0.055925834266497 -0.012916980051906446 0.057993808876298084 0.052035947146065506 0.9768438651297685 -0.2075290904016749 -0.12924703136788382 0.024224110234989354 0.20651480387597154 0.9781435621949327 0.019545640474511808
1807261650006 1311878210.773874648.pcd 1311878310.683233736.pcd 0.15661013978353272 0.9196590104927634 -0.38173101535544146 -0.09224281183471708 0.03634565693576982 0.3905823419749275 0.9135309262277941 0.11360757440756132 0.2575535335475811 0.040899126602557956 -0.14050864294089718 0.9892343416511861 -0.255985093677273
1807261650007 1311878210.773874648.pcd 1311878310.683233736.pcd 0.15661013978353272 0.9936290010825117 0.1012034162662307 -0.049591095408490986 -0.10037186564679888 -0.10717322263961296 0.9846154989966357 -0.13800804137674796 -0.101886034154859 0.034861275891882905 0.1424436298036885 0.989188810981776 0.24736113711142715
1807261650008 1311878210.773874648.pcd 1311878310.683233736.pcd 0.15661013978353272 0.9942763549282101 -0.08050014954199787 -0.07024425922726774 -0.09988016535230837 0.05653119904135368 0.9542995420324203 -0.29345631295247215 0.1865002804497739 0.09065734148770557 0.287805680973167 0.9533882401382727 0.02468763088010717
1807261650009 1311878210.773874648.pcd 1311878310.683233736.pcd 0.15661013978353272 0.9965282660576483 0.05946610717434645 0.05826831939970845 0.12415145799695591 -0.05825145391133065 0.9980522005493704 -0.02232875043024369 -0.1608796306025958 -0.05948262826534668 0.018857016627481897 0.9980512160498368 -0.015876114834125734
1807261650010 1311878210.773874648.pcd 1311878310.683233736.pcd 0.15661013978353272 0.8354469204916677 0.30460027061982137 0.4574353704943685 -0.09762634738762957 -0.2051548406985448 0.9450351857277656 -0.2545977004500275 0.2450935497862629 -0.5098430487698575 0.11885778424158364 0.8520169556682763 -0.17794437612063546
1807261650011 1311878210.773874648.pcd 1311878310.683233736.pcd 0.15661013978353272 0.9307142686443841 -0.03153486253518338 -0.36438510203716734 0.5856381034937176 -0.17841138020029634 0.8305604433575373 -0.5275781736811683 -1.308127809433716 0.3192809570844698 0.5560349830492851 0.7673882772551369 0.027574437391840633
1807261650012 1311878210.773874648.pcd 1311878310.683233736.pcd 0.15661013978353272 0.8334312956142839 -0.010646510655498143 -0.5525205220637139 -0.3006249846765636 0.00732726274223765 0.999939408589545 -0.00821525229665276 -0.25450183473413673 0.5525745078370905 0.0027983853297583842 0.833458806617426 -0.838857137262734
1807261650013 1311878210.773874648.pcd 1311878310.683233736.pcd 0.15661013978353272 0.9724345064715025 -0.20527789914559763 0.11059889125075117 0.8515028082112247 0.14664866878501986 0.9071752851838794 0.394369331838987 0.8618225968827068 -0.1812878886387813 -0.36727916640331965 0.9122722813716176 -0.0250229144754672
1807261650014 1311878210.773874648.pcd 1311878310.683233736.pcd 0.15661013978353272 0.9468381540549455 -0.011592456052727039 -0.32150136078792746 0.4293553553288332 0.08313725952166978 0.9742214770535331 0.20971578320874926 -0.1529386791904046 0.3107824095811248 -0.22529564711795516 0.9233938300013987 -0.9104797616411405
1807261650015 1311878210.773874648.pcd 1311878310.683233736.pcd 0.15661013978353272 0.9923355639576414 -0.12195342806675462 -0.01993714843292009 -0.7012116993724234 0.12306927889652482 0.9898914959183392 0.07048956589766797 -0.15751500830208612 0.01113916948245123 -0.07240295360908414 0.9973132563101333 -1.1114082466640234
1807261650016 1311878210.773874648.pcd 1311878310.683233736.pcd 0.15661013978353272 0.9733908829290646 0.03353341707312529 0.22668413921131683 0.0003725658563145156 0.07450571199161238 0.8891723163690641 -0.4514659352415149 -0.03625177025705403 -0.2167004566474163 0.4563420885062791 0.86301379499202 0.28953920697999647
1807261650017 1311878210.773874648.pcd 1311878310.683233736.pcd 0.15661013978353272 0.9413656740018995 0.3211479462962377 0.10341501051906413 0.3697825970124979 -0.28527835356774617 0.9213058507127903 -0.26421920904441765 -0.4454600224508935 -0.1801303105993696 0.21922482987127723 0.9589022604891929 -0.052454669417484535
1807261650018 1311878210.773874648.pcd 1311878310.683233736.pcd 0.15661013978353272 0.72887314151385 0.6614581805261287 -0.17668338630101654 -0.4868568977057133 -0.684269693392476 0.6952082042532501 -0.22013754664649546 0.41614126565668236 -0.022780041358563693 0.28135143176112387 0.9593343742208279 -0.31085074728627937
1807261650019 1311878210.773874648.pcd 1311878310.683233736.pcd 0.15661013978353272 0.8938871920049583 -0.10584279506391737 0.4356179412082892 -0.6811184542677636 0.05149281781867927 0.9895385045621303 0.13476660455036746 0.5749630512169015 -0.4453248002105691 -0.09803494643238403 0.8899859389874744 1.2617646252758312
1807261650020 1311878210.773874648.pcd 1311878310.683233736.pcd 0.15661013978353272 0.9340647153182658 0.1597455777724424 -0.3193813676148873 0.3142678921802218 0.2648273631700897 0.29011040414823885 0.9196208028972176 -1.5869979528848492 0.23956121412654557 -0.9435662688900522 0.22867689192203333 -1.2068883695438943
1807261650021 1311878210.773874648.pcd 1311878310.683233736.pcd 0.15661013978353272 -0.03515956505712653 -0.995548590128412 0.08744603866570935 -1.2140760263671846 0.9438842146858424 -0.0043269233696560105 0.33024819000419015 0.9273124040327617 -0.32839974764284496 0.09415031825482145 0.9398347319186664 1.5157641064212999
1807261650022 1311878210.773874648.pcd 1311878310.683233736.pcd 0.15661013978353272 0.6187275207257389 -0.04017698822978874 -0.7845776345992559 0.5015451960580587 0.3203698225449778 0.9247803944908602 0.2052910099537435 -0.7370535889896672 0.7173140399428131 -0.3783741951852848 0.5850585752886699 1.6206150368439425
1807261650023 1311878210.773874648.pcd 1311878310.683233736.pcd 0.15661013978353272 0.32977156591726436 0.7703738477710829 0.5456875012155326 1.2547697598438483 -0.9189126559461289 0.3944579963975154 -0.001555577091994359 -0.4263675309548155 -0.21644917429850993 -0.5009261659650395 0.8379873096873598 0.5118732002463201
1807261650024 1311878210.773874648.pcd 1311878310.683233736.pcd 0.15661013978353272 0.5462473200437026 -0.5424096179123218 0.6382833788696688 -1.4231843396154997 0.8375138207703724 0.36603586981632996 -0.40569488784850927 0.49123715724169004 -0.013581802666973175 0.7561808966140385 0.6542216644473825 -0.9786329522930233
1807261650025 1311878210.773874648.pcd 1311878310.683233736.pcd 0.15661013978353272 0.5692385553675539 -0.5021781398519802 0.650987390767183 -0.9567976230701346 -0.19576575374261568 0.6862293344475844 0.7005462655708121 -1.3828275956855671 -0.7985256644245353 -0.5262189814121401 0.29231891293059337 -1.7269945913436249
1807261650026 1311878210.773874648.pcd 1311878310.683233736.pcd 0.15661013978353272 0.9859279168466419 0.1544358361446512 0.06399777571715877 0.8331592515624404 -0.15496635638165626 0.9879139645322025 0.0033803952519970374 0.5054117453876348 -0.06270224216273947 -0.01325032816833825 0.9979443158970327 0.4803135626158395
1807261650027 1311878210.773874648.pcd 1311878310.683233736.pcd 0.15661013978353272 0.7324904268295545 0.49269495849827993 -0.4697972461322383 0.7680484817612894 -0.662568631640437 0.6744799838806687 -0.3256985718581696 -0.8632749733385281 0.15639879465384474 0.5498440044364499 0.8204943557490895 -0.031134824577499727
1807261650028 1311878210.773874648.pcd 1311878310.683233736.pcd 0.15661013978353272 0.8414611429886599 0.20467547688003287 0.5000510913938189 0.21333197051820282 0.19207296544307242 0.7517172095570496 -0.6308955641004835 0.916300383843825 -0.5050258615022823 0.6269203984715238 0.5932281965602979 -1.3451475820715735
1807261650029 1311878210.773874648.pcd 1311878310.683233736.pcd 0.15661013978353272 0.8200624312159613 -0.49866209524320093 -0.2807734383374378 1.403293198065852 0.253434794439953 0.7563477929057489 -0.6030827647460841 -2.1866901273635837 0.5130968854664243 0.4234077596528702 0.7466307354980719 0.2581796140670188
1807261650031 1311878209.774248168.pcd 1311878277.450616428.pcd 0.16158884117716757 0.9386087977523061 0.33921332840119345 -0.0628318598877592 -0.05543289895724133 -0.3378410214291585 0.9406713785437698 0.031635452079381135 0.10910530655264739 0.06983529925241076 -0.008466133919804279 0.9975226090444158 0.058793418270403075
1807261650032 1311878209.774248168.pcd 1311878277.450616428.pcd 0.16158884117716757 0.9870248870556616 -0.10647875451678278 -0.12018380576980212 0.1477622402064802 0.09451071745570234 0.9903620744515258 -0.10124567039671 0.20206157607196454 0.12980599608171883 0.08857333867832663 0.9875753981628985 -0.11734819805972548
1807261650033 1311878209.774248168.pcd 1311878277.450616428.pcd 0.16158884117716757 0.9921195867532266 0.11852589299449633 0.04062435563137387 -0.06477288212952106 -0.1249082599022704 0.961070379032809 0.24645821786647742 0.009982446373480431 -0.009831184506151742 -0.24959034283319215 0.9683016103341024 -0.16258505155542727
1807261650034 1311878209.774248168.pcd 1311878277.450616428.pcd 0.16158884117716757 0.9982561988580495 0.027412595873238427 -0.05227916438667347 -0.012453633285829938 -0.021615434294010086 0.9938726916939192 0.10839670523297833 0.011530048957672179 0.05493026890303423 -0.1070776460918635 0.9927321105241161 -0.1349139034431109
1807261650035 1311878209.774248168.pcd 1311878277.450616428.pcd 0.16158884117716757 0.9805939417493164 0.15131902684816195 0.12465180912551493 -0.059443285232975075 -0.18147417020790185 0.9411670082554581 0.2850820726016005 0.09363318381846668 -0.07417982847036003 -0.30217083692043484 0.9503631613035683 -0.1636161874578308
1807261650036 1311878209.774248168.pcd 1311878277.450616428.pcd 0.16158884117716757 0.9283213992941056 0.03870665146137157 0.36975826528325456 0.0025279166726085906 -0.10888315927987277 0.9792616689889508 0.17085385940682893 0.04977496841163057 -0.3554769151968488 -0.1988677419332319 0.9132840653271631 0.029413916527964087
1807261650037 1311878209.774248168.pcd 1311878277.450616428.pcd 0.16158884117716757 0.9784418288922994 0.0904357802842958 -0.1856689449484285 0.04527442001875376 -0.07533827632731532 0.9933701597038448 0.08683242441615097 0.041059730700591414 0.1922907475515166 -0.0709724978729653 0.9787681916326003 -0.048821279439067625
1807261650038 1311878209.774248168.pcd 1311878277.450616428.pcd 0.16158884117716757 0.9951112061651943 0.0517932993991268 -0.08409007968722958 -0.01916246825603545 -0.03504856557945084 0.9812341631242316 0.18960779300627872 0.08125251798443489 0.09233247216053052 -0.1857336029242994 0.9782523924476155 0.007492273326545139
1807261650039 1311878209.774248168.pcd 1311878277.450616428.pcd 0.16158884117716757 0.9472664610319136 -0.13942180931170442 -0.28852696735716904 0.0795796198773203 0.06562510017552461 0.9657093245197071 -0.251194838248407 0.22965273567826153 0.3136552215905651 0.2190138343208979 0.9239336244260362 0.0715115573054713
1807261650040 1311878209.774248168.pcd 1311878277.450616428.pcd 0.16158884117716757 0.9958784432312762 0.07909078632808139 -0.044393398442287714 -0.05472657775831455 -0.07176495075157746 0.9864488909353304 0.14754110415772417 -0.03677426407126501 0.055460960601792696 -0.14374711506831198 0.988059132217634 0.04229652038089418
1807261650041 1311878209.774248168.pcd 1311878277.450616428.pcd 0.16158884117716757 0.9759300809743517 0.0027050577810309347 -0.21806686981702822 -0.16296660504105082 -0.051837440203418295 0.9741424121103365 -0.21990780050060216 -0.0014569838627821402 0.21183332325805704 0.22591866587393106 0.9508351064023619 0.6807224813263721
1807261650042 1311878209.774248168.pcd 1311878277.450616428.pcd 0.16158884117716757 0.9091356361996354 0.30009222260989304 0.28882010477274317 1.2228964449817739 -0.24025134241591278 0.9442983825801858 -0.22489966012379126 0.7139960706610511 -0.3402229966642993 0.1350748776993686 0.9305928701399258 0.8508713317898254
1807261650043 1311878209.774248168.pcd 1311878277.450616428.pcd 0.16158884117716757 0.9491583474904122 0.1672122365416436 0.2667180146521999 0.3099882090660306 -0.2837706244204615 0.8212666423154922 0.4949700343817374 -0.22340701655421635 -0.13628156186840196 -0.545491677453083 0.8269620098433362 -1.0737086249649486
1807261650044 1311878209.774248168.pcd 1311878277.450616428.pcd 0.16158884117716757 0.8783495994443073 -0.1814035886905947 0.4422609175206404 0.3852360641475413 0.1114859475101978 0.9774211328666662 0.17949599587009324 -0.7171597420872138 -0.4648363848321026 -0.10835435863783538 0.8787414115087584 0.6669095760401087
1807261650045 1311878209.774248168.pcd 1311878277.450616428.pcd 0.16158884117716757 0.865120512375924 0.4809296290733145 0.14238395606887444 0.5208058146512627 -0.39898413288629 0.48784838649659423 0.77641201272111 -0.17936162528597951 0.3039377580548266 -0.7284988975091684 0.6139309371228427 0.5127124342883959
1807261650046 1311878209.774248168.pcd 1311878277.450616428.pcd 0.16158884117716757 0.930766201970406 0.35947285709210675 0.06673486557732244 0.8910453490581821 -0.3631602474553265 0.8878705369584449 0.28248990118110245 -0.6422782656380263 0.042295530943250885 -0.2871675027142884 0.9569461392612794 -0.1412618338655469
1807261650047 1311878209.774248168.pcd 1311878277.450616428.pcd 0.16158884117716757 0.9886405327390075 -0.11007009860713896 -0.10234486024293779 -0.8767874183419253 0.11963396203191368 0.9884957025957902 0.09254167211695564 0.9323846919082478 0.09098138355772789 -0.10373436914673069 0.9904350400221369 -0.4243368523509778
1807261650048 1311878209.774248168.pcd 1311878277.450616428.pcd 0.16158884117716757 0.9499673128171279 0.2797326031365849 -0.13896681374139297 -0.56157292524151 -0.2967857718693788 0.9470652165667038 -0.12241601686609188 -0.32329822848660933 0.09736688448801316 0.15753458766852502 0.982701655383365 -0.9122235885589859
1807261650049 1311878209.774248168.pcd 1311878277.450616428.pcd 0.16158884117716757 0.9831130322668197 -0.166688665819293 0.0755225428234765 -0.023976586525603482 0.13710469793236904 0.9442482078628344 0.29932862167307017 0.097335333946905 -0.12120671430252379 -0.2839193734763624 0.9511565180204449 0.14811674065216984
1807261650050 1311878209.774248168.pcd 1311878277.450616428.pcd 0.16158884117716757 0.9549329435581984 0.04958065330947577 -0.29265138326117696 0.7297877000814765 0.027806908964375904 0.966670994185106 0.2545072981567044 -0.789961862400951 0.2955162417213673 -0.25117513375846806 0.9217272932165425 0.8096901633499888
1807261650051 1311878209.774248168.pcd 1311878277.450616428.pcd 0.16158884117716757 0.5132623980489078 0.08596534861702068 -0.853915493234687 -0.14816628384742583 -0.45963738211726013 0.8677819434360283 -0.18891261367833956 1.0813532385130042 0.7247725075563204 0.4894532229779919 0.4849127290626426 0.6754283069973376
1807261650052 1311878209.774248168.pcd 1311878277.450616428.pcd 0.16158884117716757 0.8758937132028863 0.20261940678680018 -0.43789905134063123 -0.11248436959480963 -0.3331704261459291 0.9104400375602967 -0.2451456814813289 -0.10355859599399726 0.34900955619208995 0.3606165747723895 0.8649554992518572 -1.904804287118964
1807261650053 1311878209.774248168.pcd 1311878277.450616428.pcd 0.16158884117716757 0.5723867437455994 -0.6994569802857564 0.4279408233784674 -0.4808216079792133 0.27487554351586924 0.6553653178800297 0.7035195346945692 -1.487958838556381 -0.7725392230567747 -0.2850547892064589 0.5673860378871658 0.45251467645407145
1807261650054 1311878209.774248168.pcd 1311878277.450616428.pcd 0.16158884117716757 0.46462022917513457 0.160722079780869 -0.870802190920623 -1.7796673365939986 -0.13753764015283987 0.9845543654518281 0.10833327748635745 0.32502511054573685 0.8747636481830011 0.06943424616614037 0.4795492104851248 -0.719872430544324
1807261650055 1311878209.774248168.pcd 1311878277.450616428.pcd 0.16158884117716757 -0.13056707782610089 0.9716856843129695 0.19692427247342736 0.816999722501837 -0.9909858547938724 -0.13391482659369103 0.003722205910424256 0.5936736201093737 0.029987893997592163 -0.19466317093794971 0.9804116360457843 -0.24153049283439793
1807261650056 1311878209.774248168.pcd 1311878277.450616428.pcd 0.16158884117716757 0.8582792951447338 -0.48809549788863615 -0.15849112425212747 0.7623922262096184 0.2538816409824567 0.1354525749557433 0.9577038750625966 -0.9771488986615499 -0.4459829188409729 -0.8622153935523902 0.24017462651867078 -0.59727057662506
1807261650057 1311878209.774248168.pcd 1311878277.450616428.pcd 0.16158884117716757 0.9517529091843658 -0.253976314380071 0.17222784790216678 0.231469211372555 0.10208768914659229 0.7913365376538695 0.6027973024978588 0.3271763751368251 -0.2893864260531328 -0.5561317433018023 0.7790847068889836 0.734777972185187
1807261650058 1311878209.774248168.pcd 1311878277.450616428.pcd 0.16158884117716757 0.9220968965760636 -0.08292683186613233 0.37796885305728384 -1.2077825125126433 0.15024397051160648 0.976861397286771 -0.15221221966663878 0.0317398104031315 -0.3566007047801503 0.19714195658860595 0.9132201193046048 0.7884663071057452
1807261650059 1311878209.774248168.pcd 1311878277.450616428.pcd 0.16158884117716757 0.8760314315025195 -0.18168988369734243 -0.44671883459475115 -0.650572489799633 -0.16723071900506284 0.7543873932023513 -0.6347704684359622 -1.465994921010717 0.4523304297089642 0.6307839940418648 0.6304829380878569 0.31282147604405314
1807261650060 1311878209.774248168.pcd 1311878277.450616428.pcd 0.16158884117716757 0.9377358900708216 -0.2651905529775748 -0.22433316982678334 -1.082645689947208 -0.1160846945175512 0.3694424119402092 -0.9219743206611385 -0.47027353874416555 0.3273770672662506 0.8906100576971098 0.3156548446593209 0.7871336966902786
1807261650062 1311878210.274577047.pcd 1311878327.238138834.pcd 0.14380064521045546 0.971685369663237 -0.22750804612723882 0.06377798467954156 -0.03930402118737772 0.2153753043707535 0.963846675856705 0.1568855114635648 0.19238473529371317 -0.09716491470496418 -0.1387071533387705 0.9855553282099545 -0.045717297451881064
1807261650063 1311878210.274577047.pcd 1311878327.238138834.pcd 0.14380064521045546 0.9905761948968611 0.13219236702605178 -0.03583266950291245 -0.19960360603487803 -0.130957992516706 0.9907749495127707 0.034856901955863114 0.05573408183896378 0.040109927694396454 -0.02983584284071584 0.9987497264992536 0.0823025915803695
1807261650064 1311878210.274577047.pcd 1311878327.238138834.pcd 0.14380064521045546 0.9933001717230295 -0.021409890686892277 -0.11356225356946244 -0.027579623734736297 0.022805209365331248 0.9996793897522167 0.011001823959620682 -0.19318707453397566 0.11329029649887483 -0.013517924597008193 0.9934699665484539 0.12432040160204716
1807261650065 1311878210.274577047.pcd 1311878327.238138834.pcd 0.14380064521045546 0.9817025527187438 0.19030202247017755 -0.006725937054559324 -0.046447192735812125 -0.18633298061865713 0.9527489139626028 -0.23989482544825363 0.1345910069919031 -0.03924434123882066 0.23675862642539758 0.9707755840017249 0.0853554772980894
1807261650066 1311878210.274577047.pcd 1311878327.238138834.pcd 0.14380064521045546 0.9294648283365372 -0.06166180052787413 0.36372098542838016 -0.12085841811029469 -0.009201884380601301 0.9817503642855216 0.18995143471185316 -0.11207770172517216 -0.368795957419787 -0.17990009611144192 0.9119350290508181 0.07742888929054707
1807261650067 1311878210.274577047.pcd 1311878327.238138834.pcd 0.14380064521045546 0.9390077902606692 0.24860757942772033 -0.23761027183365876 0.018499766725978393 -0.232502557472959 0.9680405440487477 0.09402162435492206 -0.0813154758437937 0.2533908652621654 -0.03304204183906342 0.9667995101740572 -0.029613236542851803
1807261650068 1311878210.274577047.pcd 1311878327.238138834.pcd 0.14380064521045546 0.994479737233525 -0.10474567935208194 0.006196360948948702 0.1118812525131403 0.10307528339841344 0.9641574319149636 -0.24449117046527233 -0.0772412270190216 0.019635126286214076 0.24378020662107278 0.9696317201265185 0.01959668508283222
1807261650069 1311878210.274577047.pcd 1311878327.238138834.pcd 0.14380064521045546 0.9566081038660745 0.28830514555392267 0.04220282768825887 -0.16159518485815305 -0.29043309158512903 0.9551054840704187 0.05849900521303651 -0.2962655298080924 -0.02344258795563079 -0.06821772017402998 0.997395000851819 -0.016472056687165854
1807261650070 1311878210.274577047.pcd 1311878327.238138834.pcd 0.14380064521045546 0.9401247982403675 -0.2692978730236193 0.20891151073711237 0.04605553246100324 0.17983877688964015 0.9126218664439402 0.3671230627667202 -0.16823520576083875 -0.28952267279152116 -0.3075711047438194 0.9064086481639062 0.08664616798376856
1807261650071 1311878210.274577047.pcd 1311878327.238138834.pcd 0.14380064521045546 0.971300213020543 -0.1762780448681431 0.15969329066592836 -0.04480135661426642 0.15006806968025158 0.9750528474837286 0.16355891622383645 0.061242605613347656 -0.18454124376055048 -0.13489994629849827 0.9735227443876036 -0.03216783731948829
1807261650072 1311878210.274577047.pcd 1311878327.238138834.pcd 0.14380064521045546 0.9861327647706077 0.10738468246923256 -0.12653339565845523 0.37269118120969597 -0.0926901532715194 0.988820408823923 0.11680211718882512 -0.1151828964234033 0.13766156229092896 -0.10345399491692862 0.9850617062922244 0.13275835762653876
1807261650073 1311878210.274577047.pcd 1311878327.238138834.pcd 0.14380064521045546 0.9195394131651534 0.14720937372880927 -0.3643853289064436 0.22872466933027089 -0.014788880416904987 0.9394992724922056 0.34223150936556235 0.3630357157442127 0.3927194375784063 -0.3093065102337619 0.866083671520894 0.20546539285101303
1807261650074 1311878210.274577047.pcd 1311878327.238138834.pcd 0.14380064521045546 0.8450082164713619 -0.4123232299905441 -0.340515297903123 -0.3280975390538929 0.40436805994736597 0.9093661799005562 -0.0976709933781393 -0.5922392930719232 0.3499251151179223 -0.05516071848003752 0.9351522383796527 0.613917373919165
1807261650075 1311878210.274577047.pcd 1311878327.238138834.pcd 0.14380064521045546 0.6345743588501896 -0.5632608558862049 -0.5291999540024647 0.3950921702572458 0.45355679159922885 0.8258256852217144 -0.33510919775843157 -0.5246309662573373 0.6257808081781387 -0.027370528939459238 0.7795185913507707 -0.2535930980976865
1807261650076 1311878210.274577047.pcd 1311878327.238138834.pcd 0.14380064521045546 0.9331408273754007 -0.2984544801082055 -0.200432331694497 0.6837242749435496 0.3505347144978139 0.8791258703213654 0.3228979994729566 0.4976290651935427 0.0798348934807844 -0.3715677965527182 0.9249668979741217 0.009020899750324643
1807261650077 1311878210.274577047.pcd 1311878327.238138834.pcd 0.14380064521045546 0.8552074064634567 0.2535864366776552 -0.45201129528273687 0.4408410393505748 -0.2381541285889437 0.966874875458455 0.09184544759125551 -0.022367111732567425 0.4603291246120419 0.029101449110426947 0.8872712114644452 -0.06583320583150995
1807261650078 1311878210.274577047.pcd 1311878327.238138834.pcd 0.14380064521045546 0.9546829208481633 -0.12645738270856585 -0.2694235531636364 -0.5188987211507318 -0.05839553253407545 0.8080627825316827 -0.5861949345287932 0.44666956629167515 0.29183982322651114 0.5753634241465596 0.764059191249909 0.3878132108252298
1807261650079 1311878210.274577047.pcd 1311878327.238138834.pcd 0.14380064521045546 0.8914766609460589 -0.343272789288515 -0.2956909791024209 -0.24535821160768542 0.21651743385563915 0.8960822992852858 -0.3875005983791051 0.2241142591663884 0.3979818636885788 0.28142548754808683 0.8731609995489303 -0.199945145972477
1807261650080 1311878210.274577047.pcd 1311878327.238138834.pcd 0.14380064521045546 0.9405904232426288 0.29081907787140776 -0.17525387199795792 -0.6453375073370562 -0.3140742370084581 0.9413179854916015 -0.12360349443922697 -0.5801872074948754 0.12902336746422108 0.17130298927939702 0.9767334623694099 0.9547577320650057
1807261650081 1311878210.274577047.pcd 1311878327.238138834.pcd 0.14380064521045546 0.928324391574056 0.3217736442661252 -0.1862137101943777 -0.5220364155717038 -0.3715598023757637 0.8199108887748705 -0.4355335207844341 -0.2011784632796981 0.012535440444674861 0.47350592005179704 0.880701428640126 0.3260344867531435
1807261650082 1311878210.274577047.pcd 1311878327.238138834.pcd 0.14380064521045546 0.02502091083871541 0.7401562280141094 -0.6719692791733316 -0.43906321521542035 -0.038851436765999225 -0.6709519493334088 -0.7404823073827738 0.19004465738415327 -0.9989316892971305 0.04463451374916744 0.011968303988317192 1.1099734774216963
1807261650083 1311878210.274577047.pcd 1311878327.238138834.pcd 0.14380064521045546 0.48507906431861747 -0.7682762149327383 -0.417672071041864 -0.6664109985949062 0.49475113057312703 0.6349504981373205 -0.5933457539342315 1.0012461856339145 0.721054519545081 0.08117587377905999 0.6881067194555064 0.2421774200857058
1807261650084 1311878210.274577047.pcd 1311878327.238138834.pcd 0.14380064521045546 0.26929625387815426 -0.6949821198884093 -0.6666928683303923 1.632479261249463 0.6662674263737426 0.6343078559343822 -0.39209853411258383 0.8751872997816161 0.6953899943200956 -0.3386050751765844 0.6338606778024312 0.07497817916142298
1807261650085 1311878210.274577047.pcd 1311878327.238138834.pcd 0.14380064521045546 -0.07282959999762739 0.7180013155354347 0.6922210342466997 -0.0585039048111668 0.012710982743222354 0.6946760450459508 -0.7192104166076972 -0.6983037525869943 -0.9972633956392298 -0.043580997334860205 -0.059719480820012216 0.9060369089056477
1807261650086 1311878210.274577047.pcd 1311878327.238138834.pcd 0.14380064521045546 0.3594460996244883 0.4240084931523707 0.8312732999437658 -0.13176095201499363 -0.25310141372159073 0.9017158492527575 -0.3504970778458928 0.8046003512555768 -0.8981860474516814 -0.08441163984329228 0.43143539403031334 1.1514140208210504
1807261650087 1311878210.274577047.pcd 1311878327.238138834.pcd 0.14380064521045546 0.5869351829037979 -0.44155954959620136 -0.6786252686351173 0.9926178685249859 -0.7816824689154361 -0.09071269836642465 -0.6170443453637269 0.4859381719952573 0.21090189392215897 0.8926345111609129 -0.39840183310894123 -0.0683925501994169
1807261650088 1311878210.274577047.pcd 1311878327.238138834.pcd 0.14380064521045546 0.06887963990093643 -0.9663780972641371 0.2477276091501786 -0.7609520413294082 -0.2843428349346598 -0.2570347290450765 -0.9236245450863922 -1.0898903221010063 0.9562451293619427 -0.0068206446081302 -0.2924871473735068 -0.33809642413388485
1807261650089 1311878210.274577047.pcd 1311878327.238138834.pcd 0.14380064521045546 0.828367902869498 -0.3452658634229495 -0.4411327476513107 -0.6398703319753273 -0.2720080398576986 0.44050037879907 -0.8555530623699785 -0.7223146871546081 0.4897124092243962 0.8287043500746698 0.27098128425955276 0.5094441027995599
1807261650090 1311878210.274577047.pcd 1311878327.238138834.pcd 0.14380064521045546 -0.1377245606721058 0.4377058218182709 0.8885074895205259 0.39656525230356016 -0.08900410569357897 0.8879576057748204 -0.45123115973560046 -0.1825668484089723 -0.9864634887097249 -0.14122642774297178 -0.08333595592298382 -0.26351352510179243
1807261650091 1311878210.274577047.pcd 1311878327.238138834.pcd 0.14380064521045546 0.9218145274812743 0.375421091797784 -0.09652450858634062 0.5237593990396817 -0.3816842383849958 0.8356298753944038 -0.39501880147253593 1.2029185226279793 -0.06763962664696166 0.4009759533708885 0.9135880722324293 0.17204852261999634
1807261650093 1311878287.494183493.pcd 1311878210.274577047.pcd 0.18772939192540422 0.9620461482614828 -0.17232245019703687 0.21159438029714941 0.144005994242337 0.1842208601254469 0.9821609567623961 -0.03771643814327235 0.01359461883115238 -0.2013203499646409 0.07526505277792941 0.9766295554202986 0.09399672953756694
1807261650094 1311878287.494183493.pcd 1311878210.274577047.pcd 0.18772939192540422 0.9707565838757344 0.20913001274542867 0.11788253743032279 -0.0683165513044093 -0.22234729924279364 0.9683925826398879 0.11303753539193875 0.13858249457713234 -0.09051703365306552 -0.13594279553233066 0.9865729688986542 0.1902474586147881
1807261650095 1311878287.494183493.pcd 1311878210.274577047.pcd 0.18772939192540422 0.9728123612734882 -0.22175407306419276 0.06679252078594568 -0.09739170117745638 0.22474933905780553 0.9735456134787049 -0.041190691538885896 0.04701160062397595 -0.0558913620032639 0.05508238879907751 0.9969162884102193 0.017900353841402008
1807261650096 1311878287.494183493.pcd 1311878210.274577047.pcd 0.18772939192540422 0.9462582931489404 -0.2979326532229981 -0.1258227991675552 0.07710537560683456 0.2924069531250202 0.9543626369263679 -0.06074644848130761 0.09247255191399383 0.1381789289689149 0.020690369316536044 0.9901911392284568 0.022697123216491928
1807261650097 1311878287.494183493.pcd 1311878210.274577047.pcd 0.18772939192540422 0.9654827710028364 -0.010112094528446084 -0.26027056007342136 0.262981168310137 0.013104376461226197 0.9998664600018294 0.009764091405385476 -0.13958619646874768 0.26013706812802967 -0.012837745427372848 0.9654863531288752 -0.09189318443678843
1807261650098 1311878287.494183493.pcd 1311878210.274577047.pcd 0.18772939192540422 0.9427527875985514 0.07918960769583117 -0.3239539898012386 0.011975286856060119 -0.007712706455767118 0.9763158700310346 0.2162124790216124 -0.021074268629282772 0.33340320279548574 -0.20133635528270688 0.9210352742469682 0.026974779575018145
1807261650099 1311878287.494183493.pcd 1311878210.274577047.pcd 0.18772939192540422 0.9944190062225112 0.09873222429610165 -0.03718585684071398 -0.08924064942478585 -0.09672158750009677 0.9939277978283423 0.05246396111202022 -0.05212258619329074 0.042139940376024775 -0.048574484965326424 0.9979302304447235 -0.1151732762536087
1807261650100 1311878287.494183493.pcd 1311878210.274577047.pcd 0.18772939192540422 0.9666929198972593 0.0540519952731897 -0.2501663055399312 0.1174665920680757 -0.042037186960472234 0.9977025218810452 0.05312770223388996 -0.03328244200699253 0.2524632122368751 -0.04084188584271853 0.9667441578969325 0.18956105283500627
1807261650101 1311878287.494183493.pcd 1311878210.274577047.pcd 0.18772939192540422 0.9615518056341915 0.028417855032448522 0.2731493192321386 -0.0696686058843743 -0.009837854527293991 0.997557621249047 -0.06915207087457793 0.04042384622856119 -0.27444733866431614 0.06380609534595884 0.9594829026599571 -0.03025724451046098
1807261650102 1311878287.494183493.pcd 1311878210.274577047.pcd 0.18772939192540422 0.994275620771906 0.03595585571301 0.10061394723688326 -0.07118893213431396 -0.05106409105718924 0.9870801752989969 0.15187226914813917 0.16979189712585774 -0.09385333527980884 -0.1561406544486315 0.9832658071372201 0.003660316616119047
1807261650103 1311878287.494183493.pcd 1311878210.274577047.pcd 0.18772939192540422 0.9934257905859496 -0.1144072995798474 0.004020995091794979 -0.27660900533227284 0.11124683255906505 0.9565047367360641 -0.26967170939319596 0.7944961146363447 0.02700631119306255 0.2683461540702978 0.962943923991124 0.04470392790096683
1807261650104 1311878287.494183493.pcd 1311878210.274577047.pcd 0.18772939192540422 0.987382731664804 -0.15446806981812364 0.03485622780527558 0.4145188802458487 0.14250332557602444 0.962753119502837 0.22978083707596197 0.7012574158498089 -0.06905174443794718 -0.22191450221700132 0.9726180186979146 0.9492498106175207
1807261650105 1311878287.494183493.pcd 1311878210.274577047.pcd 0.18772939192540422 0.7684851947663336 -0.6113705369617531 0.1888294785250656 0.6929280919443753 0.6396152622923154 0.7422570405274984 -0.19986696082667707 0.3544074855424776 -0.017967238732846752 0.27437301675357506 0.9614554727130423 -0.03292608810070858
1807261650106 1311878287.494183493.pcd 1311878210.274577047.pcd 0.18772939192540422 0.8944125378410469 -0.4387942430138224 0.0865206590974918 -0.46157677636493394 0.43155003573097195 0.8975220337138816 0.09065740818430024 -0.45637773933129044 -0.11743414670927142 -0.043747129003221835 0.9921166311934504 -0.02518517457158808
1807261650107 1311878287.494183493.pcd 1311878210.274577047.pcd 0.18772939192540422 0.9196117557960981 0.39244840985847146 -0.01727611649575774 -0.826616517629436 -0.3915999724654227 0.9193242484164809 0.03863143588520789 -0.9897727843875708 0.031043198396717382 -0.028760595839272252 0.9991041727268845 -0.14291346151960796
1807261650108 1311878287.494183493.pcd 1311878210.274577047.pcd 0.18772939192540422 0.9708973946979316 0.19126278163385832 -0.14414158778939484 -0.0021309834904885043 -0.21152931233521807 0.9670595550966068 -0.14160214306055735 -0.22562892099534387 0.11231027999145293 0.1679713227251361 0.9793732872353674 0.014579356725082168
1807261650109 1311878287.494183493.pcd 1311878210.274577047.pcd 0.18772939192540422 0.8486406637872603 0.4782920113724515 -0.22593312201625826 0.9490922266713594 -0.4930656959537557 0.86992962478051 -0.010424365826278266 0.3508209201656145 0.19156002516275977 0.12024641278032519 0.9740870376784134 0.10818685482549985
1807261650110 1311878287.494183493.pcd 1311878210.274577047.pcd 0.18772939192540422 0.9270810673273449 -0.2552061367406156 0.27457334607190387 0.19735431677582263 0.3197761097752317 0.9206313306980287 -0.22401159022290762 -0.26888348532954925 -0.1956116924424771 0.2954789006123908 0.9351087022762021 -0.9129512868159972
1807261650111 1311878287.494183493.pcd 1311878210.274577047.pcd 0.18772939192540422 0.9468400538150678 0.26273860892619466 -0.1856403400961314 -0.48529773366961315 -0.3213958867591931 0.7472709508076377 -0.5816277246257443 -0.900019188123851 -0.01409242582918653 0.6103724678084496 0.791989175478852 -0.08608024439249076
1807261650112 1311878287.494183493.pcd 1311878210.274577047.pcd 0.18772939192540422 0.9417955464923531 -0.17832159611578763 -0.28499571394301276 -0.27710135484832016 0.3358679564770853 0.5359555002202054 0.774560790122774 0.693257520390662 0.014624104043543307 -0.8251988306719946 0.5646530133086126 -0.343314152786022
1807261650113 1311878287.494183493.pcd 1311878210.274577047.pcd 0.18772939192540422 0.7119518264239204 0.3682458904094212 0.5979293947015958 -0.8976625649733657 -0.0881290494324724 0.8915968258823033 -0.4441715555083765 0.7465004129599219 -0.6966763003703893 0.2635338010069571 0.6672271488998727 1.1593458745185956
1807261650114 1311878287.494183493.pcd 1311878210.274577047.pcd 0.18772939192540422 0.8294184603351373 0.5338128534290629 -0.16464766979587642 1.2033720715024454 -0.5585148062306553 0.7864865927182745 -0.2636286226788219 1.5018369653401693 -0.011235162500993254 0.3106166077149142 0.9504688812029858 1.3832725348909305
1807261650115 1311878287.494183493.pcd 1311878210.274577047.pcd 0.18772939192540422 0.4513693606285419 0.8896971451532991 -0.06859074421415112 -1.5930236093396992 -0.07290062445162476 0.11337554674522593 0.9908741011625972 0.913113337105699 0.8893543721376451 -0.4422499014203292 0.11603372549980734 -0.462508280174221
1807261650116 1311878287.494183493.pcd 1311878210.274577047.pcd 0.18772939192540422 -0.04764284363760929 0.4832395541715371 0.8741908788898545 0.33230110428058984 0.18116320633126282 0.8648502352666428 -0.4682029081829892 -0.5318258976981776 -0.9822983518880088 0.1360647046199946 -0.12874915158856381 -1.694786562407379
1807261650117 1311878287.494183493.pcd 1311878210.274577047.pcd 0.18772939192540422 0.9359698151794049 0.06306001261094288 0.3463869799552786 -0.48042315187220697 -0.2643289876623056 0.7757464454730832 0.5730162638331461 0.6011139540580389 -0.23257405563486994 -0.6278860463056849 0.7427438464909446 1.0782070589333723
1807261650118 1311878287.494183493.pcd 1311878210.274577047.pcd 0.18772939192540422 0.2762760921787318 -0.005807449716816508 0.9610607652059444 0.29641286533413486 -0.024264921532161154 0.9996208281528809 0.013015894359841889 1.6430319893026795 -0.9607719471724219 -0.02691604448530931 0.27603041875086504 1.0129828274316008
1807261650119 1311878287.494183493.pcd 1311878210.274577047.pcd 0.18772939192540422 -0.14917300444310783 0.8056612335501729 0.5732864829209127 -1.1969010515151717 0.15376867977237557 -0.5538193249620086 0.8183149445168929 0.1253113376687783 0.9767817606131254 0.21022400446437728 -0.041270571603556974 -0.559625972926139
1807261650120 1311878287.494183493.pcd 1311878210.274577047.pcd 0.18772939192540422 -0.0007943541632258189 0.9962424572920424 -0.08660447615554562 1.2185770159252558 0.010356800451273407 0.08660805466816898 0.9961886274953193 -0.4467356945239431 0.9999460513877116 -0.00010561869412090141 -0.010386681800054531 -1.878381594611709
1807261650121 1311878287.494183493.pcd 1311878210.274577047.pcd 0.18772939192540422 0.20780428921409283 -0.5671342101812282 -0.7969794006286112 0.31334060375327155 0.8117410028160081 -0.35463673792775896 0.46401436234153326 -0.13363095505947895 -0.545796593733863 -0.7433650326414826 0.3866710572494924 -0.5540021068097556
1807261650122 1311878287.494183493.pcd 1311878210.274577047.pcd 0.18772939192540422 -0.2328339301932326 -0.896225483934315 0.377582100870097 -0.9154456837877737 -0.12025479787192739 0.4118051136842541 0.9033024587214855 -1.8892034844101948 -0.9650529231806695 0.16491340239714242 -0.2036576175109672 -0.6049351818139189
1807261650124 1311878329.605303544.pcd 1311878196.138421351.pcd 0.14452001046298718 0.9830061125706379 -0.1800473566343439 0.035804078227871614 -0.028383244695787416 0.18156791674855166 0.9823449553162011 -0.045071946623165646 -0.035487027161917394 -0.0270568707790311 0.05080687093096618 0.9983419191889373 -0.0925292178522576
1807261650125 1311878329.605303544.pcd 1311878196.138421351.pcd 0.14452001046298718 0.9837782680324378 0.03802575480068308 -0.17531218246013294 -0.09552001162824705 -0.0274213533102347 0.997666941696804 0.0625199394431946 -0.08781626981255475 0.17728053680461345 -0.05669846044809126 0.9825257736329791 0.1949331112417995
1807261650126 1311878329.605303544.pcd 1311878196.138421351.pcd 0.14452001046298718 0.9885446274347771 0.004940510452505018 0.15084797289425833 -0.03417653136417227 -0.018708212514284027 0.9957672442442617 0.08998665498122395 0.02117322026466214 -0.14976489025922796 -0.09177792025677058 0.9844527875926726 0.23141696631257505
1807261650127 1311878329.605303544.pcd 1311878196.138421351.pcd 0.14452001046298718 0.9856336176996887 -0.013794518979680837 -0.1683332495567744 0.13552984555841066 0.019144841972264477 0.9993604341850236 0.030202609347179245 0.16264432649133792 0.16780895889695843 -0.03299142057627292 0.9852673340176659 0.013433777280770654
