id source target overlap t1 t2 t3 t4 t5 t6 t7 t8 t9 t10 t11 t12
1807261650030 1311878345.855031027.pcd 1311878215.373858075.pcd 0.1793786520897236 0.9617706085885147 -0.2601531644311653 0.08554313234695916 11.853531846640388 0.06580764900872257 -0.08366332541062449 -0.9943187624264067 -7.480490270379887 0.2658319954166975 0.9619359536984191 -0.06334485926332056 -4.782149249411025
1807261650061 1311878310.683233736.pcd 1311878245.615899994.pcd 0.10845535975695136 0.5485621539362155 -0.8319150428850857 -0.08364762214412415 2.127072402767049 0.8334712268205913 0.5361458927069962 0.13369104605618454 5.089315089247431 -0.06637226326590377 -0.14305573443565478 0.9874865971313419 8.057464410418238
1807261650092 1311878336.642453896.pcd 1311878257.263276854.pcd 0.12492185577904243 0.3007696611194801 -0.8189757764933969 -0.4886883346951414 6.896012644615015 0.5411969844197564 0.5684865145905269 -0.6196199696456504 1.3315046498920429 0.7852664738832513 -0.07811376476493831 0.614210716895442 -10.602093316719543
1807261650123 1311878255.256024021.pcd 1311878315.586447084.pcd 0.10291644607766809 -0.22002823912086938 -0.7961152422712945 0.5637269684986584 9.017162637483676 0.6971415124925961 0.27589049631518514 0.6617236172319197 -9.321367228105814 -0.6823351709745767 0.5385953537362523 0.49430128402100687 -2.678196374878991
1807261650154 1311878252.156008077.pcd 1311878308.081750596.pcd 0.1065412231130644 -0.7430834241541622 -0.6385556068755787 -0.20018431925375058 -0.42501993885862877 0.6552506246504606 -0.7550350211775616 -0.02384818002659493 -8.162545720552167 -0.1359177826574109 -0.1488920875102543 0.9794679691722094 -1.2010510709445286
1807261650185 1311878213.373869962.pcd 1311878197.638206405.pcd 0.10029240695420018 -0.7306537450818166 0.6655411542928628 -0.15231571402990418 0.021631559532422788 -0.6726724949161368 -0.7399139205971815 -0.006253374273741834 0.03710193360253857 -0.11686239506879698 0.0978895400389207 0.9883121058500461 -2.9890589977167252
1807261650216 1311878306.978827041.pcd 1311878217.873733634.pcd 0.11248915579438544 0.8414092895984939 -0.4572844344397834 -0.2879606802958439 -1.7887271251060803 0.41455021191058794 0.2043521985393743 0.886785374686012 -0.39422133756492217 -0.34666775042141484 -0.8655236131794507 0.3615111974013309 3.1566302808972857
1807261650247 1311878207.475541077.pcd 1311878290.664386790.pcd 0.1463155334473614 0.5172349101546186 0.8520658598228308 0.08032321110192159 -0.20613936793802234 -0.35812861859788336 0.13024146406147308 0.9245437002004264 0.06826387560985352 0.7773107102430248 -0.5069723183404635 0.37251460129501013 -13.634618385835422
1807261650278 1311878218.377605708.pcd 1311878345.855031027.pcd 0.13287215566218244 0.3797507811021178 -0.5937392326105856 -0.7094103663686653 -2.020166659877575 -0.49196405199345017 0.5198101019105996 -0.6984044884577114 -7.727992011973222 0.7834288198672021 0.6142240483819277 -0.0947000664772637 -9.629994254390914
1807261650309 1311878245.615899994.pcd 1311878244.246047010.pcd 0.1196190093068668 -0.13377210594775218 0.9707767594612289 0.19924233224959775 0.8915432477188527 -0.8374023649629454 -0.0032136164472912343 -0.5465774893130854 -7.902374860509279 -0.5299644354338974 -0.23996282203559252 0.8133606464637598 -5.412867391497614
1807261650340 1311878199.638105605.pcd 1311878247.287229146.pcd 0.19312446909508818 0.3391302133231313 -0.1241421179599757 -0.9325124304586077 0.21819320140632223 0.5873665804804378 0.8022419233108052 0.1068100960457303 -0.4777412504824375 0.7348409341797213 -0.5839491681910268 0.34498140590890247 3.7949016012671346
1807261650371 1311878197.138416918.pcd 1311878195.638286681.pcd 0.23550575051607195 0.7927505720293403 -0.48290823199550986 -0.37194914977470306 2.2698653275127603 -0.17811574219544352 0.4000507384679196 -0.8990184586722558 -2.958897859100623 0.5829419464486322 0.7789473962484521 0.23112689360703365 7.56331720828133
1807261650402 1311878208.574565202.pcd 1311878348.889943018.pcd 0.24281553975077758 -0.7026479799560333 0.5038987001185229 0.5023663168272416 -2.6513448464152276 -0.6791262368550341 -0.26427545844506295 -0.6847963467183305 -4.0153815474409855 -0.212304900270403 -0.8223409159725148 0.527903444996014 3.512340056985589
1807261650433 1311878212.373798852.pcd 1311878208.074510035.pcd 0.24979781031589876 0.27670610230863435 0.7404988202356115 -0.6124501858721498 -0.05685984016693791 -0.8973050088447476 -0.0289922889210108 -0.4404579075067761 2.1852194292629856 -0.343914893610746 0.6714320102681938 0.6564309571767019 7.535989586484843
1807261650464 1311878205.173953467.pcd 1311878215.873690025.pcd 0.21649420174493922 -0.8951798302326384 -0.08793346222368054 0.43694482233575094 -1.1392043592946692 0.3662305503411426 -0.7038543350445072 0.6086577519722213 -0.9285904232993202 0.25402412393607077 0.7048806858330073 0.6622801244172293 1.8941202146186085
1807261650495 1311878344.984868502.pcd 1311878343.688151572.pcd 0.1900601416170165 -0.740660227964658 -0.025597468969105364 0.6713919840850919 -1.6460004053220352 -0.5283220447600323 -0.5951641444386034 -0.6055208156580941 -3.2674638397770708 0.4150882360798957 -0.8031963712300004 0.42729070374984746 5.144512528611795
1807261650526 1311878208.074510035.pcd 1311878211.841877951.pcd 0.25133037561436444 0.5984117527070753 0.7548744521551829 0.26845471816576305 12.375112377028051 0.6416873338140485 -0.6522047551148545 0.4035669994290796 -0.7135845413631012 0.47972986132266615 -0.06923524311350038 -0.8746803651999685 -1.9291344231883343
1807261650557 1311878319.962607570.pcd 1311878231.935561192.pcd 0.21349765806140392 0.08359048176626688 0.9958395080437711 -0.03628092580439152 -0.17847932877753808 -0.608071023962773 0.07981788162203823 0.7898599468198367 -3.5960426164421113 0.7894696075055381 -0.04396339377835434 0.612213164537109 2.8732305524937263
1807261650588 1311878254.226103131.pcd 1311878255.256024021.pcd 0.20793336988671027 0.7935740216072552 0.5573449748478974 0.24414514380155938 -12.560840705592625 -0.6040057441340523 0.6730189323797687 0.42687536554768063 1.443225032881473 0.07360253584732845 -0.48622226982131617 0.8707299070588134 -7.947172619541688
1807261650619 1311878347.322574053.pcd 1311878214.873908526.pcd 0.2458441974688369 0.4265084431585301 -0.7675168117149396 0.4785483169434629 1.8578028139165936 0.7993261455834952 0.5674464359176321 0.19769232496738376 -0.7790495426073968 -0.4232827198234296 0.29819873591165796 0.8555169507377218 -13.942797639455293
1807261650650 1311878344.984868502.pcd 1311878197.138416918.pcd 0.27853919731643473 -0.749073000411123 0.39772029146526117 -0.529819034965587 2.655090724065948 -0.3508925944660762 -0.9165380568701011 -0.19191763196133216 0.1256824261186762 -0.561928845321135 0.04214925937151483 0.8261110171947165 6.500371836737907
1807261650681 1311878283.455019637.pcd 1311878284.425753284.pcd 0.2983987379621801 -0.6382385699503954 0.3556068388318644 0.6827849617585927 -2.558909070405743 -0.6890556824255106 -0.6593899204518037 -0.3006778996262913 3.882363623528012 0.3432984042269761 -0.662381090447616 0.6658809928753331 -2.0480693404565433
1807261650712 1311878214.373785961.pcd 1311878212.373798852.pcd 0.3400579461315592 0.6321963167078206 0.15445213350945192 0.7592577662397949 -0.09811122923390009 0.36676108481023845 0.8035372447046689 -0.4688434739241294 -4.422060585662319 -0.6825057683345114 0.5748673193240394 0.4513462544026602 2.1241664884341835
1807261650743 1311878199.138235023.pcd 1311878200.138347576.pcd 0.3415410273515677 0.792810849088184 -0.08283030891012937 0.603812965655694 -1.0208536592345034 0.08189767862607074 -0.9672576624683875 -0.2402194509856576 3.0387339335443144 0.6039401690595952 0.23989946711496146 -0.7600687586489949 -6.549220979896556
1807261650774 1311878204.673973009.pcd 1311878344.984868502.pcd 0.33565644812765655 -0.6550403926373021 0.410850118377472 0.6341326866222768 -0.10044979015814996 -0.21387488099105356 -0.9057455148574516 0.36589970975210284 1.0042709748461456 0.7246927757985672 0.1040540366580158 0.6811704178548423 -1.914330609271945
1807261650805 1311878209.174682467.pcd 1311878211.841877951.pcd 0.35249931222563785 0.2671118423382518 0.5126970662001787 0.8159613851110815 -1.4383755910781983 -0.3752431159734003 0.8352334105165569 -0.4019673542359555 -1.2125987384280776 -0.8876056937611646 -0.19881365211325513 0.4154867797369146 -3.1972089926510137
1807261650836 1311878219.377635725.pcd 1311878220.377686160.pcd 0.29189106378966967 -0.051363499718233396 -0.9182926632488587 -0.3925562068290518 -2.173445053230863 0.7721024129506336 0.2127964271244438 -0.5988117772045574 -0.4064544822529888 0.6334190199327017 -0.33385066306118 0.69808601186466 6.903223095719083
1807261650867 1311878203.642340500.pcd 1311878202.142537533.pcd 0.28922477678411607 -0.9551556431955588 -0.29503494247118195 -0.02514120109909531 -9.198670924559142 0.2959722703141941 -0.9538167547767709 -0.05132264132107297 -5.236176311213049 -0.008838126313897398 -0.05646220884924936 0.9983656176447202 -0.7677951040668521
1807261650898 1311878200.642380345.pcd 1311878199.138235023.pcd 0.34417176057616655 0.3974227903686759 -0.7241494356391805 0.563615756130923 -1.0632080558414436 0.45489117964061465 -0.3779548273554047 -0.8063647829387867 2.960047503053278 0.7969498982876815 0.5768515782609968 0.17920132889309615 -0.4052474858650788
1807261650929 1311878247.287229146.pcd 1311878198.638627579.pcd 0.31042988873278105 -0.5337531007553438 -0.8428593473297674 0.06852552847584649 1.3212682511929617 0.8230762595927585 -0.5363969129903392 -0.1866114214865426 0.8871357778474898 0.19404406285390313 -0.04320268919028772 0.9800410345071666 4.2469822104238
1807261650960 1311878214.373785961.pcd 1311878213.373869962.pcd 0.38671888972350393 -0.9216206585229443 0.23104462418365568 -0.3118232567009203 0.12270828342643296 -0.2603056860839492 -0.9639517094768011 0.0551185231035572 -0.5566112334477328 -0.28784772289545596 0.13196773633197698 0.9485400386864621 2.1718000635505086
1807261650991 1311878209.174682467.pcd 1311878207.475541077.pcd 0.42191468408230964 0.6996793252225464 -0.7143670729758586 -0.01133697067239113 3.515730429202012 0.7141715787051807 0.698863219936887 0.039359318962558086 -1.5285847870218576 -0.020194009653168504 -0.035635443975777524 0.9991608064304649 0.22733584341630644
1807261651022 1311878214.873908526.pcd 1311878347.322574053.pcd 0.44035740094662434 -0.8420350657603074 -0.2532201054562508 -0.47629457924981683 -6.416528216980179 0.2801818667994796 -0.9598303592727223 0.014960044624121226 -0.3189810563077289 -0.4609501811983519 -0.12085222220183728 0.8791585015468396 -5.614186440341165
1807261651053 1311878236.672856928.pcd 1311878234.303494388.pcd 0.41368096394783943 0.43268150597661437 0.5972135272374981 0.6753685788296305 2.622462925108517 0.5225231662272256 0.44434635963128466 -0.7276852708680448 -1.303305539532491 -0.73468105674618 0.6677516870566265 -0.11979745110537643 -0.12925756439777916
1807261651084 1311878203.142803439.pcd 1311878203.642340500.pcd 0.4488755581858288 0.14118528380291387 0.8427345575692547 -0.5194854965406086 -3.6484455524680777 0.860702592334219 0.15477841133696704 0.48500999054984373 -4.806155923806074 0.489139819669842 -0.5155987867155591 -0.7034913844183152 11.972966379946042
1807261651115 1311878198.638627579.pcd 1311878341.615452804.pcd 0.45107819814289 0.898374975246162 0.112052130318669 0.4246960371165543 -0.05360058928290858 -0.3606777280723205 0.74001189500779 0.5677094078131599 -12.530213440880434 -0.25066707068150546 -0.6631943269796776 0.70522287564849 -3.638649793708292
1807261651146 1311878202.142537533.pcd 1311878199.638105605.pcd 0.4081091301998919 0.4856869910378817 -0.8738173701054632 0.023480852593981028 0.9560021166416032 0.3345022697614996 0.1609722730565375 -0.928545184054829 0.8150112463288828 0.8075991445395255 0.45883671497492784 0.3704760325986599 1.8735413522039908
1807261651177 1311878214.373785961.pcd 1311878347.322574053.pcd 0.4333843044675752 0.9353741154677235 -0.3508592021819003 -0.044419414193050795 4.160514471433982 -0.353396846066019 -0.9321195556008721 -0.07914419281932619 2.0218537492905155 -0.013635736267758311 0.08972711023270852 -0.995873040294657 9.311008886844743
1807261651208 1311878213.373869962.pcd 1311878347.322574053.pcd 0.41891666401805294 -0.3573399783136089 0.9169962967445945 -0.1772736067651619 -1.0148472554525878 -0.3080994401818312 -0.2949173239051102 -0.9044879805836508 -0.33986483807974743 -0.8816931863513928 -0.26859181636332113 0.38791179580438157 2.1403751616307303
1807261651239 1311878212.873843826.pcd 1311878214.373785961.pcd 0.3691211815939143 0.1738454186749252 -0.20357492487965345 -0.9635014376564174 -0.6719747356582453 0.9807646275702249 -0.052395031707019646 0.18803059846593656 0.2615654707711196 -0.0887610033335463 -0.9776563867804802 0.19055044915863706 7.420909590426126
1807261651270 1311878211.841877951.pcd 1311878347.322574053.pcd 0.4604860775792693 -0.5301285585809195 0.8048331268858917 0.26684705215533966 0.8845772861160044 -0.6597774770554277 -0.5892166219102972 0.4663876641110829 -0.6256635331222734 0.53259496068522 0.07118574528440225 0.8433713283726291 11.002419738986825
1807261651301 1311878210.773874648.pcd 1311878208.074510035.pcd 0.4943174348984787 0.47785494333571826 -0.6652379196494659 -0.5736838531718217 -1.4305044637374398 0.7182314448988384 -0.08012990752772275 0.6911749340638196 -4.460698198423941 -0.5057650093552778 -0.7423191417308659 0.43950431981017696 -7.942981479920786
1807261651332 1311878209.174682467.pcd 1311878208.074510035.pcd 0.46530626891379495 0.43215524206143996 -0.4753459820711333 -0.7663472085730125 -0.16784814879670495 0.8967506965271926 0.13672294900747028 0.4208859982141196 0.08900287157793407 -0.09528921784133465 -0.8691104835080123 0.4853523796373683 2.84468522399342
1807261651363 1311878343.688151572.pcd 1311878199.138235023.pcd 0.5230504193366275 -0.7749326261091413 0.024772775220208532 -0.6315581799006953 0.0712161908634722 -0.013709787327813864 -0.9996553235842017 -0.022389188488887886 0.06594816912062267 -0.6318951390246772 -0.008691584300566702 0.7750051545888775 9.517351282895051
1807261651394 1311878251.291655304.pcd 1311878249.487594413.pcd 0.5410258532029837 0.8204483467026574 0.5661623637331366 0.07952790884327124 5.403941499504983 0.3223238363234627 -0.343165657650245 -0.8822384461964919 -4.260663878969521 -0.4721989569351057 0.749464815252579 -0.4640373215246979 13.104698716495527
1807261651425 1311878196.638325535.pcd 1311878197.138416918.pcd 0.476881368337924 0.6438623682728454 -0.7647170503703387 -0.025477119047721375 0.7794270122828636 0.5350742136937721 0.4262110692539296 0.7294105224668846 0.2854172154097408 -0.5469340330991248 -0.48327213588030393 0.6836016428590664 -6.059210226627661
1807261651456 1311878216.873651090.pcd 1311878217.373712739.pcd 0.48590416844644335 0.8589384858180851 0.1333230685076448 -0.49441848365958313 7.831003013687062 -0.4640286642449359 -0.20568926361195966 -0.8616085686631897 -3.68199866862508 -0.21656887204673753 0.9694931078860106 -0.11480869924325499 8.996174074360784
1807261651487 1311878200.138347576.pcd 1311878249.487594413.pcd 0.47478841145833334 -0.845555633507346 0.34250618165698415 0.4095426548855978 1.833831500557517 -0.5314687797648652 -0.6129272506255923 -0.5846889100844976 3.366051460193201 0.05076028742271024 -0.7120461368249289 0.7002954321237992 0.16873646223517044
1807261651518 1311878217.373712739.pcd 1311878215.373858075.pcd 0.5312744535447859 -0.994323260573761 -0.0698122847315732 0.08029631612049756 3.8363248035573965 0.08155781634617987 -0.9847326466230709 0.1537853610314242 6.759437190535952 0.06833429647554673 0.15946115381270903 0.9848363134805256 0.8515037033539522
1807261651549 1311878212.873843826.pcd 1311878213.873790060.pcd 0.5072937406299824 0.9235788071911755 -0.16926014640303513 -0.3440249841900286 7.208759253474046 -0.37813009095204897 -0.550489164138527 -0.7442978667728812 0.007006227590830553 -0.06340206009209418 0.8175039345505866 -0.5724224801406645 -9.86357512700927
1807261651580 1311878210.773874648.pcd 1311878208.574565202.pcd 0.5616238631882118 -0.40560485707616994 0.9101628255272212 -0.08419222615256794 6.159364039588037 -0.9138966237362942 -0.405492635395407 0.019201139640393557 0.612618448741627 -0.016663164153967555 0.08473106672521577 0.9962645157246066 5.625363012804848
1807261651611 1311878212.873843826.pcd 1311878206.706723027.pcd 0.5794260194975688 0.744435666926495 -0.3111754484651768 0.5907498439104328 -1.644927438434954 -0.051460134478413855 0.8553902471696988 0.5154215552403928 1.0976662377405593 -0.6657081885985543 -0.4140982556344059 0.6207698787097953 12.372778673329243
1807261651642 1311878212.873843826.pcd 1311878212.373798852.pcd 0.6272061681486828 -0.30681794617805747 0.37990782631305464 0.8726584620624318 0.9797201868286978 -0.17071914448834946 -0.923978331173006 0.3422265583322152 -1.6004735068364042 0.9363320573430374 -0.04397825631874169 0.34835067297612377 -4.2072726738147015
1807261651673 1311878217.373712739.pcd 1311878215.873690025.pcd 0.550738750644849 -0.21139607987054093 -0.44646753469403483 -0.8694702052857236 -5.594379300666791 0.20172740846709153 0.8504911534121145 -0.4857683096300971 -1.1454388491859986 0.9563564973839612 -0.27808548763278085 -0.08972575705737701 -11.892048345047936
1807261651704 1311878217.373712739.pcd 1311878216.873651090.pcd 0.5864271595921656 -0.4703825332106274 -0.8744301506644461 0.11879471393671998 -4.3147023074377095 0.6236911548479309 -0.42465766440354724 -0.6562584943661899 -8.58927658954516 0.6242992998673049 -0.2346013206959382 0.7451258984312076 5.41741086973987
1807261651735 1311878197.638206405.pcd 1311878197.138416918.pcd 0.5502633797511495 0.35611346383864223 0.6518479159501647 0.6695352831212641 -10.280559503907034 0.21036465885844494 0.642190555776095 -0.7371146453404385 -4.192651588052826 -0.9104558809608593 0.4033430110258729 0.09156693879544325 7.654269947112044
1807261651766 1311878196.138421351.pcd 1311878195.138440919.pcd 0.6238027335959028 -0.84105904569962 0.43264146632537887 0.3247168663045864 0.8617509299423237 -0.42287860761486445 -0.9001904100796093 0.10407165234788121 1.3678470980584847 0.3373327213131837 -0.04978541168385403 0.9400681081256352 -7.436186435090308
1807261651797 1311878212.373798852.pcd 1311878213.873790060.pcd 0.6133771109206572 -0.2804005482893316 -0.43085772390478955 -0.8577512193349692 -2.374312929564991 -0.5411291353216727 0.8090217840245731 -0.22948423013295735 3.6048011300867406 0.7928144747827586 0.39980667168680595 -0.45999981940176615 -3.9941332758125045
1807261651828 1311878199.638105605.pcd 1311878199.138235023.pcd 0.5838080247838905 -0.20194268798375667 -0.9760032061970795 0.08146712381639787 0.2534299335552681 -0.21725815590302722 -0.03646709783524113 -0.9754327472814776 -0.027470456773419832 0.9549963583509159 -0.21468090802047624 -0.20468039297400423 1.6952392624840955
1807261651859 1311878211.342384516.pcd 1311878207.475541077.pcd 0.5611509919488735 0.2622015277054379 0.8172238142145459 -0.5132208066218318 7.180283374641034 -0.6886818687849504 0.531009735303611 0.4937063343928833 -2.9741818940630558 0.6759938183709988 0.223995309087977 0.7020387874119056 -12.239163990265022
1807261651890 1311878213.373869962.pcd 1311878212.873843826.pcd 0.6451784635921559 0.25401263214945563 -0.1980065827810138 -0.9467158897387804 1.2754579959645536 0.8620976502005866 0.4900991315022452 0.12880404814823115 -1.462597238308191 0.43848058591815925 -0.8488793992529977 0.29519238014680743 -13.736986048161503
1807261651921 1311878210.773874648.pcd 1311878210.274577047.pcd 0.6967107648059403 0.335132673400408 0.9263796708507088 0.17177542505849766 5.0083883896028105 -0.9381787539260849 0.3113535519886962 0.151260012381728 0.8556512575592756 0.08664131174672798 -0.21184822656457228 0.9734544735118595 -12.216163811595587
1807261651952 1311878212.873843826.pcd 1311878213.373869962.pcd 0.6450379560075198 0.7116566462821172 0.5056386602702858 -0.48772365438079784 -2.7779255674508567 -0.6090365461662894 0.7900858398072531 -0.06956185139790905 0.05432327016149255 0.35017039171855574 0.34654568382269313 0.8702222622913846 2.2863665953567858
1807261651983 1311878195.138440919.pcd 1311878195.638286681.pcd 0.7165535589116167 -0.0748173550373008 0.984643750919021 0.15773093279805134 -0.9181457334830812 -0.41048416225335493 0.1137417589482671 -0.9047461327966623 -0.7113992116823564 -0.9087932195633854 -0.1324367624471211 0.39567080765219587 6.618107022857774
1807261652014 1311878220.377686160.pcd 1311878219.877535582.pcd 0.6788696800873011 -0.38155607412018977 -0.9179897990879924 -0.10821132598936123 -3.6104268837907125 0.3431719503259674 -0.03198112079822901 -0.9387279799931185 -0.8608110482069068 0.8582819902639576 -0.3953124545000785 0.32723094063010516 2.8062424846866425
1807261652045 1311878211.841877951.pcd 1311878211.342384516.pcd 0.7095082890713021 0.8393559955933749 -0.4563812866329905 -0.2952924548183894 -10.585868842049901 -0.027503320595453573 0.5068828368924565 -0.8615760889324164 -3.4932158070205626 0.5428858812104788 0.7312905789596031 0.4129031473690294 5.843537620292338
1807261652076 1311878217.873733634.pcd 1311878217.373712739.pcd 0.6691646316951563 -0.23923291315366135 0.762205227741269 0.601507110571349 -1.6307939573774914 -0.9420169244017822 -0.3323337604605684 0.046458430868298595 1.861296666045369 0.2353119788804208 -0.5555154925490539 0.797515398054083 -8.685586098939005
1807261652107 1311878218.377605708.pcd 1311878217.873733634.pcd 0.665620676459333 -0.7253424411283221 -0.6881548830776316 -0.017922053298026243 1.21396011632069 0.6816272077617163 -0.7143351311992635 -0.15846031040451972 4.100425254059623 0.09624288408486173 -0.12715414751765633 0.9872026793075905 8.340581414941822
1807261652138 1311878213.873790060.pcd 1311878206.706723027.pcd 0.673229762067127 -0.9102354744889231 -0.0921809688117228 0.4037004458393083 1.4910513294874455 0.38219800060849696 0.18816802815580438 0.9047195595933708 0.2741211011408955 -0.15936144236543393 0.9778013408504242 -0.136045832418049 -1.5355364096334505
1807261652169 1311878213.873790060.pcd 1311878213.373869962.pcd 0.647427870011035 0.6206341719155346 -0.7352133872315215 0.27253348397265126 3.084825252025387 0.7802932524398002 0.6133226807374692 -0.1223835343905483 1.989901541346969 -0.07717295412018815 0.2886114421303445 0.9543310592366812 0.9304847286412036
1807261652200 1311878210.773874648.pcd 1311878209.174682467.pcd 0.7708609693623497 -0.6199770721282691 -0.7201431413050648 -0.3114840061167379 -5.040451577843824 0.6263827252522755 -0.6933471974915009 0.356250396822535 -5.143091600119073 -0.4725178425634221 0.0257588773426706 0.8809445888915226 5.768604529995226
1807261652231 1311878213.373869962.pcd 1311878212.373798852.pcd 0.7544854273273369 0.21245207006911895 -0.5586882412214149 -0.8017054116346405 5.326226220539673 -0.5892358011016674 0.5812486669386484 -0.5612050943123382 -9.569754501898311 0.7795288888959937 0.5916227144920708 -0.2057116308661503 10.072059628341105
1807261652262 1311878196.138421351.pcd 1311878195.638286681.pcd 0.7767272960692523 -0.1757754223428269 0.695312824241473 -0.6968809635407953 3.7427268682944566 0.4372035826631968 -0.5791201955641078 -0.6880936174651344 -0.6605033326828743 -0.8820181563928635 -0.4256288001711539 -0.20219816086749612 -2.0544553934751297
1807261652293 1311878212.373798852.pcd 1311878212.873843826.pcd 0.7323250003017756 0.3823318126560042 -0.11179342359015834 -0.9172374913146354 3.7965084432931735 0.5577867816567675 0.8193165785547385 0.1326433199009387 -8.210362008295613 0.7366792322579482 -0.5623367092297538 0.3756076865726948 -4.047466859448591
1807261652324 1311878195.638286681.pcd 1311878195.138440919.pcd 0.7823178830794708 -0.6081973864626637 0.7811616589229705 -0.14100497058152772 -8.62263234092931 -0.7897101203687632 -0.6134294812060668 0.007886531202572898 0.41275279300130024 -0.08033595015395366 0.11614961995619327 0.9899774749441995 1.1916136800978683
1807261652355 1311878210.773874648.pcd 1311878209.774248168.pcd 0.7392473439535356 -0.376015758777988 -0.5670766027404834 -0.7328275893925706 0.4409853741205987 0.8313474745329315 -0.5557421001210845 0.0034777493761860567 0.22012826029169022 -0.40923529385712937 -0.6079266771390432 0.6804054890169174 -13.002637487372162
1807261652386 1311878211.841877951.pcd 1311878212.373798852.pcd 0.7921937872203444 0.6146030741794923 0.028870659888397352 -0.788308027490984 -6.789706205437205 0.04821080787711182 0.9960871878524079 0.07406775411822714 0.05468517279014758 0.7873619112028177 -0.08352723623998595 0.6108063699677303 -2.5874319523357023
1807261652417 1311878342.884819671.pcd 1311878201.642095469.pcd 0.16306889728368412 0.5386146865671281 0.7907814213050011 0.2907902390607995 0.7470511791702787 -0.39841946402378814 0.5431510082188078 -0.7390865395594011 1.9399139740353726 -0.7423989157462394 0.2822263736608171 0.6076118200867006 -8.90987579939378
1807261652448 1311878201.142269263.pcd 1311878252.156008077.pcd 0.45688673943126484 -0.8449117968686324 -0.456295420410326 -0.27913893462715417 2.4087525125613714 0.028950495608613347 -0.5600906623079618 0.8279253099159634 -7.38909838797511 -0.5341216381277156 0.6914426507729996 0.48643718646478196 -12.403416441680006
1807261652479 1311878305.481208155.pcd 1311878218.877712496.pcd 0.18104292515489706 -0.5030476107772426 0.3071887419004419 -0.8078231106751845 1.5177178532365956 0.47686267056512044 0.8781987887760974 0.03699838933922234 -3.0427250874675553 0.7207947660137448 -0.3666087345410894 -0.5882626463114684 -11.950996773900348
1807261652510 1311878209.774248168.pcd 1311878210.773874648.pcd 0.8238988057542788 0.3890370439265048 -0.5005694363579617 -0.7733565916426905 -0.014655653172831304 -0.04049062517923108 0.8293871408381551 -0.5572050608931197 -0.11003018725566893 0.9203318356579444 0.2480871016328393 0.30239395211858233 -3.0982586571823676
1807261652541 1311878210.274577047.pcd 1311878210.773874648.pcd 0.8752296762940195 -0.6106719614747556 -0.1903985864480615 -0.7686534549113501 -0.6416749381793727 -0.5718836053258103 0.7774491707486895 0.2617669361507066 -6.696123030580086 0.5477489364920097 0.5994340373892322 -0.5836522401148798 -2.429701893207718
1807261652572 1311878212.373798852.pcd 1311878213.373869962.pcd 0.872920262826471 -0.5957254693682621 -0.603306739618916 0.5302189576734859 0.2596785002417284 0.768418249345681 -0.6202317435457536 0.1576260713546893 -2.1260007252361897 0.23376175739090205 0.5013317885677991 0.8330797552173076 0.3284822554320125
1807261652603 1311878290.664386790.pcd 1311878284.425753284.pcd 0.15096611487191156 -0.3404043129416043 -0.1037451285863368 -0.9345383095547014 3.245428108571327 0.20410006961721108 0.9620451012649709 -0.18114189110838316 4.498950813077903 0.917860591436959 -0.25240081502775735 -0.3063099137480207 -2.8470440056204307
1807261652634 1311878220.377686160.pcd 1311878304.373946255.pcd 0.19795531560507726 0.7564942951126025 -0.6469192479599686 0.09597847717585223 -1.8446440782182503 0.6199243733606907 0.6625605966479113 -0.42036558741519137 0.6234298986844836 0.20835103257589543 0.37750356606060376 0.9022643209370997 6.063233579740169
1807261652665 1311878341.615452804.pcd 1311878249.487594413.pcd 0.14043526468871023 -0.8459164530271055 -0.15816804951450025 0.5093213353186954 -0.770531087700131 -0.2683497671882465 0.9515405838861379 -0.15019627048512496 5.092464258798542 -0.46088366964783456 -0.26372975814345545 -0.8473681948961382 -8.088883154595596
1807261652696 1311878196.638325535.pcd 1311878245.615899994.pcd 0.15240191074214612 -0.26907497703427047 -0.9604886763600261 0.07113479681682992 -6.193575321711744 0.958429952340338 -0.25975406069459034 0.11806716058908266 -0.39097335082406864 -0.09492461846593846 0.0999466384469029 0.9904544342231298 9.779175472574465
1807261652727 1311878348.889943018.pcd 1311878206.706723027.pcd 0.3896476850879036 0.7151598642954646 0.4569194193498565 0.5289338453170516 -6.5204449756005225 -0.666059870556976 0.2160620853825833 0.7139197602628419 0.6888304388208939 0.2119212526730556 -0.8628683674125036 0.45885462096873747 -11.563085767654112
1807261652758 1311878327.238138834.pcd 1311878326.098769493.pcd 0.26720647773279355 0.18524265260888356 0.7460181531052927 -0.6396421459627192 2.250457698001493 -0.8989068609130539 -0.13435888607595903 -0.4170301489531265 -14.341497394003047 -0.3970536677300235 0.6522304845449924 0.6457118397337474 0.7101629146820372
1807261652789 1311878345.855031027.pcd 1311878198.138386099.pcd 0.2935780340547549 0.2690365453593181 -0.9264914539093373 0.2631214987303128 2.401502749091914 -0.4328502172845724 0.12773899785918708 0.8923695634783995 -4.1723426828942625 -0.8603836508545606 -0.3539722224396895 -0.36666556844525894 5.857409253903927
1807261652820 1311878209.774248168.pcd 1311878210.274577047.pcd 0.9032182940630912 0.49812130513653774 -0.6312613803121545 -0.5944612982318238 3.3203513361576755 -0.7640420505026295 0.004642972154401348 -0.645149740659725 1.1175297204952082 0.4100181830514462 0.7755562600714191 -0.47999747606755583 -10.44250532320224
1807261652851 1311878211.342384516.pcd 1311878211.841877951.pcd 0.91199104801994 0.31570308081505305 0.9230121183794928 0.21995498195877536 -7.682434448051993 -0.9340947863524496 0.34305802532976915 -0.09888438383289436 4.504963765137364 -0.16672880636847318 -0.1742406972593962 0.9704852830133508 5.206425685466662
1807261652882 1311878210.274577047.pcd 1311878209.774248168.pcd 0.9899027103919527 0.3146752189971758 -0.8228204099247263 0.4732294153583277 -2.3070730698564392 0.47625061674022495 0.5681243781965009 0.6711334002665896 4.232408313013183 -0.8210754268662743 0.014186751218811355 0.5706433908197139 -2.4207696000057295
1807261652913 1311878208.574565202.pcd 1311878213.873790060.pcd 0.14295223567169205 0.14902163829304138 0.7361630185393316 0.66019433612802 -2.082677280325901 -0.920830624886324 -0.14000153400622123 0.3639650130814313 8.196551329169674 0.36036580247287553 -0.6621658256139198 0.6570181944186294 -6.162650587455365
1807261652944 1311878251.291655304.pcd 1311878341.615452804.pcd 0.2011868594328136 0.3412847598411143 -0.12091424218632424 0.9321504485525393 -5.633799644989279 -0.1432313997924899 -0.986800429998142 -0.0755624077763963 2.5985023925418385 0.9289830347286635 -0.10772491537239376 -0.35409866392621947 12.856600092972185
1807261652975 1311878256.163273528.pcd 1311878337.549367426.pcd 0.1628289348195961 -0.4741361002945341 -0.8616263468373109 -0.18109388955257782 1.2256844977581083 -0.0893617425541699 0.2517145080821913 -0.9636671029918074 0.08083572233618995 0.8759049248435435 -0.440726496658336 -0.19634336703361285 -8.76426613659461
1807261653006 1311878252.156008077.pcd 1311878201.142269263.pcd 0.2931506744063649 -0.2452950836136575 0.8379625040405293 0.48749273202489407 3.5161776220070156 -0.5032353224966465 -0.5398607118607374 0.6747626412160905 -1.6471577312794314 0.8286039658043314 -0.07980760371884549 0.5541175094165413 6.276013289862853
1807261653037 1311878248.319131929.pcd 1311878310.683233736.pcd 0.1772141115767014 -0.8944574344085299 -0.3563129881612681 0.2701609751590681 0.52448803068732 0.40913327449752845 -0.8959391522843461 0.17292483657050947 5.095535766228828 0.1804324298185906 0.2652057500726472 0.947158935130828 -6.408958409747849
1807261653068 1311878215.373858075.pcd 1311878213.373869962.pcd 0.13273619085958854 0.16615839542764932 -0.3037207621238134 0.9381604800266524 12.617273328124714 0.7569796029576321 0.6489992848323021 0.07603820745694895 -4.89812193248873 -0.6319598629145798 0.6975339611388756 0.3377471017239009 1.624987741170643
1807261653099 1311878197.638206405.pcd 1311878247.287229146.pcd 0.20019252730958031 -0.8101329623877108 0.4680348088321175 0.35302691253556795 11.734367596666214 -0.5604792024192189 -0.7949162162430791 -0.2323171814767535 -4.443696657186789 0.17189428992386138 -0.3860720488137801 0.9063116054736925 0.44819921643452326
