id source target overlap scale t1 t2 t3 t4 t5 t6 t7 t8 t9 t10 t11 t12
1807261650000 1311878342.884819671.pcd 1311878312.085477124.pcd 0.14 0.36170656 0.9477363310730695 -0.3186443287221609 -0.016175244584250285 -1.464060918559241 0.31811403987097703 0.9476172153573444 -0.02872404559525732 -0.1945132450515215 0.024480694457536735 0.022077249185427736 0.9994564976362308 0.794614177637917
1807261650001 1311878342.884819671.pcd 1311878312.085477124.pcd 0.14 0.36170656 0.807987242806812 0.1440592640844633 0.5713173758016545 0.6492349549507448 -0.07364468452066816 0.9867375457673055 -0.14465640744525018 -0.13194141302960674 -0.584579400854407 0.07480604390393758 0.8078805480342653 0.30068119810532656
1807261650002 1311878342.884819671.pcd 1311878312.085477124.pcd 0.14 0.36170656 0.9653768684365501 0.24472738586726567 0.09031062226678786 1.819126464435074 -0.2437043904373492 0.9695918343120353 -0.02235721174437562 1.0564907014294014 -0.09303586388699815 -0.0004259600887870363 0.9956626670659109 -0.12732106456670056
1807261650003 1311878342.884819671.pcd 1311878312.085477124.pcd 0.14 0.36170656 0.9141372608848995 -0.28666229555811434 0.28666669943892203 -1.2341593356071696 0.33924121402050916 0.928048946824838 -0.1537548405976217 -0.43665195292930425 -0.22196501294515775 0.2378021879686166 0.945611787376614 1.7311972847396073
1807261650004 1311878342.884819671.pcd 1311878312.085477124.pcd 0.14 0.36170656 0.9832623736338575 -0.17541819657109295 -0.04922967507162587 -0.5651128471811782 0.17522387357119487 0.984493885745082 -0.008269405133095053 0.6935845586051839 0.04991691824039603 -0.0004952194409945294 0.9987532508237893 -0.11730034950372348
1807261650005 1311878342.884819671.pcd 1311878312.085477124.pcd 0.14 0.36170656 0.9140376614710563 0.2406695039506252 -0.3265169877367531 1.6875158056419912 -0.35720587297823153 0.8589872798367892 -0.36680351332621286 -1.180409115967978 0.1921955195169296 0.4519060111867884 0.8711152847533236 1.5582542409008213
1807261650006 1311878342.884819671.pcd 1311878312.085477124.pcd 0.14 0.36170656 0.8880764924719498 0.26415245944523236 -0.376222835149269 0.8504807818628061 -0.11195979125731458 0.9180599633402039 0.3803037060737145 -1.0420234966230735 0.44585328154039394 -0.29561695127448046 0.8448819263416895 -1.277767621554387
1807261650007 1311878342.884819671.pcd 1311878312.085477124.pcd 0.14 0.36170656 0.9874850020430797 -0.14268515364456272 0.06718867218070772 -0.507476493882937 0.14869157157665028 0.9843073317182899 -0.09502575055050333 -0.13861260855705018 -0.05257553881839884 0.10382689273520673 0.9932048072089196 1.3920293761946505
1807261650008 1311878342.884819671.pcd 1311878312.085477124.pcd 0.14 0.36170656 0.9130414809105534 0.2828650568645171 -0.2938411369119328 0.34952094182937743 -0.26801985911355203 0.9591518292138884 0.09051587505185893 0.10507928864882518 0.3074420421110545 -0.0038894884863617182 0.9515588592524895 0.886525907144764
1807261650009 1311878342.884819671.pcd 1311878312.085477124.pcd 0.14 0.36170656 0.9886106595148875 -0.1430316441682038 -0.04680718598761911 -0.6532789157384316 0.1385536558234603 0.9864417834913023 -0.087951647173051 -0.5313722588798105 0.05875243272829933 0.08046462917977736 0.9950244193483231 0.199820956492874
1807261650010 1311878342.884819671.pcd 1311878312.085477124.pcd 0.14 0.36170656 0.8285389380671528 0.5598368507606105 -0.010292163863680577 2.687940131066112 -0.5597759809638642 0.828602070952409 0.008334215579331864 -0.8491763603882466 0.01319390929552044 -0.0011439160026897144 0.9999123022613936 0.9676927326694482
1807261650011 1311878342.884819671.pcd 1311878312.085477124.pcd 0.14 0.36170656 0.9834953966689834 -0.06256982869921573 0.1697699068370759 0.42072749779729807 0.13020978614107476 0.8962533584996668 -0.42399920869167085 -0.8652194758310627 -0.12562729131846398 0.43910697320199576 0.8896082563473472 1.2323341416037368
1807261650012 1311878342.884819671.pcd 1311878312.085477124.pcd 0.14 0.36170656 0.7753725379023793 -0.40802503773892507 -0.4819885849737235 -0.6383995928896294 0.5166636789267015 0.8487448645674249 0.11265344090772253 -2.068277291311057 0.3631199117987745 -0.3363743798932556 0.8689051767636546 -0.896608840276167
1807261650013 1311878342.884819671.pcd 1311878312.085477124.pcd 0.14 0.36170656 0.9973594061286497 -0.07025833755771331 -0.01838425985274987 -0.04691802482798263 0.07029133601830347 0.9975258372714194 0.0011541476142343876 0.17514928163678745 0.018257685709557346 -0.002443354165875054 0.9998303290723637 0.3202085525660133
1807261650014 1311878342.884819671.pcd 1311878312.085477124.pcd 0.14 0.36170656 0.9415101580878171 0.1859210510557552 0.2810551280296753 0.58237916373692 -0.29959820250559854 0.8436372861301824 0.4455525182358589 -0.7600254795413635 -0.15427099297297675 -0.5036958330433401 0.8499946873374608 -3.0721106423386284
1807261650015 1311878342.884819671.pcd 1311878312.085477124.pcd 0.14 0.36170656 0.9304701932368425 0.3046577853337879 0.20349165421044868 1.9986046401994628 -0.31981958364370705 0.946385309437679 0.04550032965281385 0.12465670647816023 -0.17871948247395708 -0.10741731664894864 0.978018847808252 -1.0464980588746555
1807261650016 1311878342.884819671.pcd 1311878312.085477124.pcd 0.14 0.36170656 0.8700912087788298 0.4639401924368527 0.16643553180571363 1.2213512970845406 -0.37411949090252106 0.8414783954778081 -0.3898059985055795 -0.4132097752824214 -0.3208985742140857 0.27689999600171455 0.9057320228862493 0.6149675387812773
1807261650017 1311878342.884819671.pcd 1311878312.085477124.pcd 0.14 0.36170656 0.9282101206013832 0.18536349885960351 -0.3225931575586989 1.1490167095586783 -0.17702195249499797 0.98265296257097 0.055284568238836554 -1.3550234650227333 0.3272448629818724 0.005790374860201498 0.9449218333867379 0.07699571220099177
1807261650018 1311878342.884819671.pcd 1311878312.085477124.pcd 0.14 0.36170656 0.9150985931096721 0.40321583543474687 -0.003399256294808514 1.283321910127436 -0.4011865774317694 0.9112761324804414 0.0928716343135617 0.8692351000940188 0.040544974747575985 -0.08362296590140865 0.9956722877516327 0.256109008993321
1807261650019 1311878342.884819671.pcd 1311878312.085477124.pcd 0.14 0.36170656 0.7250553904274222 -0.6882219731024017 -0.025400719501137776 -1.6605881700200744 0.6880554983445231 0.7254774781993361 -0.01618826190181627 -1.2800301042387419 0.029568767475300562 -0.00573971816110204 0.9995462688767452 0.9506506062058431
1807261650020 1311878342.884819671.pcd 1311878312.085477124.pcd 0.14 0.36170656 0.9790001179447818 -0.19340557787693144 0.06444417359384244 -0.7838121018030639 0.17639028789935904 0.9621261051191734 0.2078456739578439 -0.22877837320885502 -0.10220193441850461 -0.19211361298538773 0.9760364359524782 -0.6789183195362
1807261650021 1311878342.884819671.pcd 1311878312.085477124.pcd 0.14 0.36170656 0.9645456579590377 -0.00804677685010425 0.263793334060381 -0.5786860798349153 0.0936561932876912 0.944916919529687 -0.31362482785230134 -0.4108140106171826 -0.24673911560842104 0.32721134541585145 0.9121691423524053 2.0304462792665534
1807261650022 1311878342.884819671.pcd 1311878312.085477124.pcd 0.14 0.36170656 0.9792073991602555 0.08261037995153715 0.1852792340065952 1.1329798839742813 -0.08396286532175233 0.9964687333462061 -0.0005483706490147086 -0.7334294125946357 -0.18467026473357664 -0.015019606774815675 0.9826857609305024 -0.24808839447834946
1807261650023 1311878342.884819671.pcd 1311878312.085477124.pcd 0.14 0.36170656 0.9914803600458771 -0.12792951046872614 -0.024509916248941714 -0.912334674101431 0.12818517906593935 0.9917080017684304 0.009154184633273783 -0.02808737987961303 0.02313558970787452 -0.012218002279386495 0.9996576738609922 -1.025438803933576
1807261650024 1311878342.884819671.pcd 1311878312.085477124.pcd 0.14 0.36170656 0.9011099391919294 -0.42566247649284067 -0.08253686204054056 -1.4422006438216133 0.43004521840721627 0.9016930069579692 0.044842293966582805 -0.38289949961188274 0.05533522941677448 -0.0759024196523246 0.9955786433408038 -0.30227872747390033
1807261650025 1311878342.884819671.pcd 1311878312.085477124.pcd 0.14 0.36170656 0.9397948893013042 0.3308973269704521 -0.08539628239542629 0.08177797584340973 -0.32969632489626327 0.9436653394227876 0.028214544511170725 -0.6265917337246806 0.08992162917255941 0.0016389557300131048 0.9959474958204715 0.7055388583061292
1807261650026 1311878342.884819671.pcd 1311878312.085477124.pcd 0.14 0.36170656 0.9962779375314972 -0.059158344144303904 -0.06269419036952699 -1.0846627747655717 0.0589764638810316 0.9982480758176597 -0.004749298309146372 0.08957216077498115 0.06286531552514281 0.0010341394702792466 0.9980214840670918 0.6361706292428058
1807261650027 1311878342.884819671.pcd 1311878312.085477124.pcd 0.14 0.36170656 0.9176396864888492 0.3957541505632128 0.03627751497328214 1.5839083571242358 -0.3955216177849124 0.9183547450946375 -0.013682544608698497 0.11297402276824783 -0.03873055183511415 -0.0017928954663531498 0.9992480822500458 0.1518846854633439
1807261650028 1311878342.884819671.pcd 1311878312.085477124.pcd 0.14 0.36170656 0.9981212711257078 -0.0327677083576891 -0.051770700356347045 -0.0031465430580718268 0.01869902101780561 0.9675717076446652 -0.2519034282787001 0.009495021038355152 0.05834616302188949 0.2504621086203899 0.9663666268068507 1.4321233156851807
1807261650029 1311878342.884819671.pcd 1311878312.085477124.pcd 0.14 0.36170656 0.9580869477708867 0.20720868125933076 0.19782305963116523 0.672494244640023 -0.25769861763230706 0.9250165749401138 0.27916976655157144 -0.19016049910792346 -0.12514320988956798 -0.3184476385480508 0.9396436976437961 -0.9626920860644774
1807261650031 1311878344.984868502.pcd 1311878247.287229146.pcd 0.13 0.15672113 0.7457257217480743 0.6183575308080563 -0.24804659243028726 2.174577788650162 -0.6415459491305532 0.7668976741456311 -0.016933769344087038 0.6349535966459402 0.17975523101565383 0.1717612339353229 0.9686000905634502 -0.223741109677777
1807261650032 1311878344.984868502.pcd 1311878247.287229146.pcd 0.13 0.15672113 0.7262743724715227 -0.6693022263101885 0.15671651395855152 -1.1888598174365148 0.663669422651043 0.7421228850898343 0.09378976950591023 -1.4142532653807613 -0.1790766130155667 0.0358908523466023 0.983180254779716 0.6752469851236043
1807261650033 1311878344.984868502.pcd 1311878247.287229146.pcd 0.13 0.15672113 0.9683992155600287 0.0032148486559746003 0.24938449039753885 0.021171484653345063 -0.12004166764069327 0.8824847240484822 0.45476445535146603 -0.40177408966742345 -0.21861600429237177 -0.4703300719379885 0.8549834303061342 -0.8765131395419195
1807261650034 1311878344.984868502.pcd 1311878247.287229146.pcd 0.13 0.15672113 0.9797398106164356 0.019517958982634268 -0.19932123010463104 -1.0234343325934014 -0.08777823605573412 0.9364038254026693 -0.33976882883247433 0.557156223638282 0.18001356828921228 0.35038111400074007 0.9191453585714208 0.7907671906721139
1807261650035 1311878344.984868502.pcd 1311878247.287229146.pcd 0.13 0.15672113 0.9954530934728293 -0.09196258759627002 -0.02481977393073509 -0.1875388816410647 0.0947789883643094 0.9822464200019443 0.16189167291124637 -0.2606359693270873 0.009491156937514936 -0.16350795967157758 0.9864963583632861 -0.3465945850648659
1807261650036 1311878344.984868502.pcd 1311878247.287229146.pcd 0.13 0.15672113 0.827384337435374 0.557004410063065 -0.07198086785336866 1.6391671261606264 -0.5582506278077065 0.8296656884364731 0.00332896132972052 1.3335216381550974 0.06157430242340364 0.037429034205147815 0.9974004575292419 -0.13133619627177834
1807261650037 1311878344.984868502.pcd 1311878247.287229146.pcd 0.13 0.15672113 0.8606490949387252 0.49897405705525943 0.10152844806736643 1.126075903131905 -0.5031126414497873 0.8640227661888357 0.018502149086266167 0.44017895738571056 -0.07849079815220998 -0.06700410355498661 0.9946605675868636 -1.4625665931902672
1807261650038 1311878344.984868502.pcd 1311878247.287229146.pcd 0.13 0.15672113 0.7659688872542014 -0.251495424059911 0.5916432332372997 0.18259069976186426 0.19815559059561952 0.9678574864554261 0.15487494254360779 0.20278306530837156 -0.6115766719506733 -0.0013919730996466428 0.7911839462075986 -0.013085071758789257
1807261650039 1311878344.984868502.pcd 1311878247.287229146.pcd 0.13 0.15672113 0.9988791233328357 0.04650520009890488 -0.008818352090181674 0.6641311874483329 -0.046593721974738364 0.9988627233230051 -0.010113606097269074 -0.24125108643720336 0.008337987908744978 0.010513149837739032 0.9999099717665201 1.017821630171946
1807261650040 1311878344.984868502.pcd 1311878247.287229146.pcd 0.13 0.15672113 0.8395265385229058 0.5223606794600305 -0.14944735417465055 0.8439338558093681 -0.5351606778129491 0.8425104722650989 -0.06147481635942671 0.21456317410469017 0.09379893410126357 0.13158808714201864 0.9868567957326795 -0.8324765544165172
1807261650041 1311878344.984868502.pcd 1311878247.287229146.pcd 0.13 0.15672113 0.9995837046355772 0.01571871324621313 -0.024193790130910265 -0.46441214012700127 -0.015407489755973162 0.9997968244844994 0.012996884631739742 -0.18560332436098584 0.024393168847748937 -0.012618708515315448 0.9996227996144199 -0.3907373898867009
1807261650042 1311878344.984868502.pcd 1311878247.287229146.pcd 0.13 0.15672113 0.9978914424517414 0.05908519028619808 -0.026862787837948415 0.1332336465959223 -0.06326522420538845 0.9779078043020599 -0.1992331239813451 0.044205113992237643 0.014497602830288742 0.2005125097692607 0.9795838672304722 0.5264220371424141
1807261650043 1311878344.984868502.pcd 1311878247.287229146.pcd 0.13 0.15672113 0.9982168988135631 -0.057137717131755146 -0.01727148528656246 -1.32821818692699 0.057051041226633965 0.9983562748279632 -0.005470576440300646 -0.8536066931086801 0.017555671960632017 0.004475465629830576 0.9998358708255104 -0.23546735531441815
1807261650044 1311878344.984868502.pcd 1311878247.287229146.pcd 0.13 0.15672113 0.9717844486067432 -0.23568933879359077 -0.00924775784329072 -0.6280024217881142 0.23554368179509155 0.9717548246093862 -0.014551110431639978 -0.4421502093478741 0.012416094897382796 0.011962291896668953 0.9998513610332679 -0.8757942474696927
1807261650045 1311878344.984868502.pcd 1311878247.287229146.pcd 0.13 0.15672113 0.8329378993974218 0.013431767734469025 -0.553203437591396 0.7956501917108293 -0.28602883240526744 0.8662507706308973 -0.40963045469576115 1.1746850488587153 0.4737108430047699 0.4994288638003453 0.7253749700829264 0.8207489129676183
1807261650046 1311878344.984868502.pcd 1311878247.287229146.pcd 0.13 0.15672113 0.9846018566467778 -0.1446434844312844 0.09817049607338686 -0.4381036493796313 0.15180177968467504 0.9859418932551329 -0.06981978809083755 -1.149508905492831 -0.086691427328678 0.08364714900139078 0.9927173570013046 0.19481324806977243
1807261650047 1311878344.984868502.pcd 1311878247.287229146.pcd 0.13 0.15672113 0.9292212481159554 -0.10234666542048743 -0.35506764443853917 -0.16669645984094472 0.11470410071709364 0.9933028916248055 0.013868481116650257 -0.4010353142132381 0.3512703251464731 -0.0536146021817457 0.9347377349312396 -1.8346002544845983
1807261650048 1311878344.984868502.pcd 1311878247.287229146.pcd 0.13 0.15672113 0.9560115265316772 0.24197888552773633 -0.16579559733999902 1.019588434344821 -0.2797400097366685 0.9221601313646512 -0.2671445658703503 -0.13489728120912398 0.08824674549863601 0.3017729462365438 0.9492868906861692 1.6620812347739147
1807261650049 1311878344.984868502.pcd 1311878247.287229146.pcd 0.13 0.15672113 0.9908409010289605 -0.04024526913026498 -0.12889773916074024 0.2933673795922629 0.03962209192936941 0.9991873616010413 -0.007396367209014524 0.48893339034585015 0.1290906606972723 0.00222142507920628 0.9916303074187272 0.015453899241995056
1807261650050 1311878344.984868502.pcd 1311878247.287229146.pcd 0.13 0.15672113 0.909435157385566 0.10506753522212064 0.4023537095062495 0.5124659344999354 -0.2429235977796103 0.9195285017939216 0.3089586704244373 1.0409495786965577 -0.33751417770650916 -0.37871908775631363 0.8617749314154622 -0.6196054541947056
1807261650051 1311878344.984868502.pcd 1311878247.287229146.pcd 0.13 0.15672113 0.9925945064120077 -0.04535868735741508 0.1126886654544954 -0.6944477287407987 0.04634297038605538 0.998906784206805 -0.006129075086566481 0.19835351469544932 -0.11228746562506477 0.011306013746314372 0.9936114427263145 -0.6214626209959679
1807261650052 1311878344.984868502.pcd 1311878247.287229146.pcd 0.13 0.15672113 0.9433217706142689 -0.13991503644315328 0.30094487811270637 0.08239306945846292 0.2649190815923366 0.8636476181312523 -0.428871393199042 -0.889669267975979 -0.19990477056196904 0.4842897627178645 0.8517637632778474 1.280155383093497
1807261650053 1311878344.984868502.pcd 1311878247.287229146.pcd 0.13 0.15672113 0.7794063356069721 0.5774369113847745 -0.2430892374954599 1.3928882875715924 -0.5584981605646816 0.8161816219730316 0.14807891341895552 0.2546414681870587 0.28391119854908703 0.020351248705755207 0.9586345800223031 -0.414556959049292
1807261650054 1311878344.984868502.pcd 1311878247.287229146.pcd 0.13 0.15672113 0.8409800302648025 -0.49567752041272267 0.2169248359531635 -1.7635088331643791 0.5335606146506451 0.8262921312967297 -0.1804283354984298 -1.582288014203744 -0.08980901507887643 0.26747917585225767 0.9593691840454118 1.3951321506582386
1807261650055 1311878344.984868502.pcd 1311878247.287229146.pcd 0.13 0.15672113 0.9776681952765206 0.15794293021250663 -0.13863235820196718 0.14589238828795592 -0.18897524578996264 0.9493249101310575 -0.2511385503726638 1.450957290483272 0.09194159245615931 0.2717282572728627 0.9579720756765714 0.8080036841328928
1807261650056 1311878344.984868502.pcd 1311878247.287229146.pcd 0.13 0.15672113 0.9780575913363501 0.2002569921136585 -0.05744984890255986 0.6714890558534581 -0.20686610817610923 0.9008236169427399 -0.3817371143159513 0.07028371520246429 -0.02469334560984234 0.38524530920932637 0.9224837615995216 1.2136089732214508
1807261650057 1311878344.984868502.pcd 1311878247.287229146.pcd 0.13 0.15672113 0.8625559055854981 0.5007420078124427 0.07248966375659914 0.9840030499175629 -0.5005868200977317 0.8654166273193071 -0.021607792661832326 -0.032358041866114906 -0.07355368980562753 -0.01764944110273929 0.9971350720663367 1.0778181234244675
1807261650058 1311878344.984868502.pcd 1311878247.287229146.pcd 0.13 0.15672113 0.9231305058695759 0.3039379990200602 0.23548197783410635 0.7026352539083356 -0.37745553708862983 0.8329853617635856 0.4045524744810272 -0.004893759738559822 -0.07319417090257035 -0.46233870683652484 0.8836772790485308 -0.4072048296426168
1807261650059 1311878344.984868502.pcd 1311878247.287229146.pcd 0.13 0.15672113 0.8342057332231148 0.5505079936825054 -0.03227605225779342 1.8923657107122858 -0.5508623987890421 0.8345921249294711 -0.0025695536756598965 -0.22324825134147408 0.02552277919951943 0.019923199978228577 0.9994756894715148 0.8541183973917107
1807261650060 1311878344.984868502.pcd 1311878247.287229146.pcd 0.13 0.15672113 0.9586431310470369 -0.2401300800660283 0.15277726252232893 -0.478744137710007 0.2846083269104614 0.8065438837139063 -0.5181554437588366 -0.6228337473169687 0.0012031415385196365 0.5402078380504783 0.8415307743388037 1.1916517383772698
1807261650062 1311878259.963626564.pcd 1311878334.144909201.pcd 0.16 0.31658733 0.8817538634726593 -0.44182932872599445 0.16521794251405064 -0.3913339216689331 0.4686929422850442 0.8601665705020102 -0.20109797821708375 1.9283811218745048 -0.053263966273900426 0.254755402824646 0.9655374848385874 -0.3958275920302888
1807261650063 1311878259.963626564.pcd 1311878334.144909201.pcd 0.16 0.31658733 0.8369147003038105 0.5443618213293812 0.05695605230651138 -0.6964830472777672 -0.5471994812222593 0.834468751127408 0.06507404353468706 -3.1116229353938785 -0.01210422097755219 -0.08562774591698062 0.9962536709913312 -0.5786880290383599
1807261650064 1311878259.963626564.pcd 1311878334.144909201.pcd 0.16 0.31658733 0.9540715343342484 0.2995751772715528 0.0014901462380751264 -0.0354166996714973 -0.29957089404608805 0.9540706150252122 -0.0025575351104051907 -1.392997457853014 -0.0021878787719156975 0.001993667006098411 0.9999956192295786 1.4807495597027551
1807261650065 1311878259.963626564.pcd 1311878334.144909201.pcd 0.16 0.31658733 0.9415835135752214 0.06715977110084101 -0.33001523011676814 -0.10794543864388384 -0.08434315611257473 0.9957114837136326 -0.03801148797095405 -0.2940890368359993 0.3260471115963315 0.06362551647317902 0.9432099844007221 1.2412350438418576
1807261650066 1311878259.963626564.pcd 1311878334.144909201.pcd 0.16 0.31658733 0.991210837720408 -0.13064224837192034 -0.0208249399983893 -0.44666331161697137 0.1306949384465636 0.9914219242867842 0.0011836840536435 0.16477369676244835 0.020491662940229968 -0.003894994713651132 0.9997824367161711 1.24239643082498
1807261650067 1311878259.963626564.pcd 1311878334.144909201.pcd 0.16 0.31658733 0.9970355928245215 -0.07340306501245941 -0.02306548694113217 0.14335431314777658 0.07452913116071952 0.9958363203076634 0.052492206702717016 1.2372983513069116 0.019116360780314534 -0.05405564913003228 0.9983549226340538 0.06100129341861937
1807261650068 1311878259.963626564.pcd 1311878334.144909201.pcd 0.16 0.31658733 0.9198960888072942 -0.38669558409386573 0.06525113822261457 -0.9715440412190048 0.3838352725398345 0.9219186993587201 0.0523105661123733 2.227597182430225 -0.08038450939897386 -0.023074596746855906 0.9964968106490137 -1.4455432025426367
1807261650069 1311878259.963626564.pcd 1311878334.144909201.pcd 0.16 0.31658733 0.9984190861792582 0.030248695445168977 -0.0473745161119365 0.34614934448586965 -0.029734664071257536 0.9994914641170023 0.011517938609859205 -0.22698514572333234 0.04769882708771971 -0.010091064419397616 0.9988107890453223 -0.9326007565161557
1807261650070 1311878259.963626564.pcd 1311878334.144909201.pcd 0.16 0.31658733 0.9958615270639141 0.08810805366203489 0.022288781793028557 0.10993975603173389 -0.06538821230691283 0.8649420892205573 -0.49759377406282296 -0.18450204248597174 -0.06312052443726492 0.4940770720997541 0.8671237779118383 0.0769036356687951
1807261650071 1311878259.963626564.pcd 1311878334.144909201.pcd 0.16 0.31658733 0.8289487485438377 -0.5212083110025038 0.20294301867648146 -0.5684400580580844 0.5592830327233996 0.7768228085754774 -0.28939387240338027 2.2172581401922105 -0.006816274299209973 0.35339527532046117 0.9354492598670723 1.0461009533091135
1807261650072 1311878259.963626564.pcd 1311878334.144909201.pcd 0.16 0.31658733 0.7943777591740243 -0.6064471552229586 -0.03443579027170314 -0.8579005153195753 0.60741718468109 0.7933607552410216 0.04028741487728517 1.3095149908729693 0.002887816433663138 -0.05292031713223842 0.9985945626483598 -0.11541363499384205
1807261650073 1311878259.963626564.pcd 1311878334.144909201.pcd 0.16 0.31658733 0.9896417156607422 -0.11264135015242985 0.0890011284192531 -0.14113096507473966 0.11796079320845837 0.9913842093167063 -0.05694383885127805 0.47923195694670107 -0.08182008243514553 0.0668526420818706 0.9944024327992059 -0.06458136941687243
1807261650074 1311878259.963626564.pcd 1311878334.144909201.pcd 0.16 0.31658733 0.9080857395242153 -0.12830027998712995 -0.398646871087662 -0.3192097274841199 0.2630909014436374 0.9153945462249621 0.30469001020573355 1.2356392155659703 0.3258273580446142 -0.3815650179154528 0.8650113697824133 1.2895067398444444
1807261650075 1311878259.963626564.pcd 1311878334.144909201.pcd 0.16 0.31658733 0.9947562452622054 0.06893395894637133 -0.07555211324522146 -0.24418868097122814 -0.09747096736554167 0.8627159488136186 -0.49620620933583975 -0.5492892136483939 0.030974554599933878 0.5009683632392347 0.8649111376324957 1.2870822044206731
1807261650076 1311878259.963626564.pcd 1311878334.144909201.pcd 0.16 0.31658733 0.9605757243123602 -0.1920522818940633 0.20102288148633207 -0.4594769184961507 0.2018054680425169 0.9789959969810357 -0.029006739962438483 1.179707052892172 -0.19122978567661825 0.06843068693496429 0.9791569895352243 -0.001728657158573954
1807261650077 1311878259.963626564.pcd 1311878334.144909201.pcd 0.16 0.31658733 0.8517063836420902 -0.14789107673195676 0.5027170829466363 -1.2231098058664935 0.02906714127710467 0.9712047200651328 0.23646668480186364 0.5200278049202661 -0.5232125164417318 -0.18678763649200544 0.8314800307237936 -2.9704084696640543
1807261650078 1311878259.963626564.pcd 1311878334.144909201.pcd 0.16 0.31658733 0.9139808449322473 0.16333565076108986 -0.37143031686628175 -0.11345946031636345 -0.3017678313730249 0.8855686063678552 -0.3531351290428584 -1.28016671182472 0.2712474719612273 0.43484446484478323 0.8586821882096409 1.850058104029804
1807261650079 1311878259.963626564.pcd 1311878334.144909201.pcd 0.16 0.31658733 0.9981286218825725 -0.05768264628569809 0.020296957808396354 -0.2993014161229084 0.05721876910111436 0.9981026964380083 0.02273806996493854 0.28962588961407537 -0.021570040365055894 -0.02153415149607992 0.9995353989119113 -0.37534457640480573
1807261650080 1311878259.963626564.pcd 1311878334.144909201.pcd 0.16 0.31658733 0.9617249109403879 0.2736578085009355 0.014021395193366225 0.592949928799896 -0.256512512946556 0.9171057349300742 -0.3051530790606769 -1.8417528840608943 -0.09636662481661468 0.2898766544667475 0.9522000833945667 -0.8379153103835768
1807261650081 1311878259.963626564.pcd 1311878334.144909201.pcd 0.16 0.31658733 0.8632044079235295 0.5048169625534498 0.006163153389109128 -0.123522370092084 -0.5006999960785461 0.85447414562149 0.13846822159386782 -2.4253045035296172 0.06463485180870114 -0.12261227011491718 0.990347700128058 0.6304942831891162
1807261650082 1311878259.963626564.pcd 1311878334.144909201.pcd 0.16 0.31658733 0.796477575148944 -0.10047279431073279 -0.5962622660275021 -0.34813052819204593 0.14775195710116307 0.9885450428568253 0.030790541014631308 0.7145921935353089 0.5863384956299855 -0.11262289219599542 0.8021990106549465 2.425513249310004
1807261650083 1311878259.963626564.pcd 1311878334.144909201.pcd 0.16 0.31658733 0.9986590685599991 0.044961912901758654 0.025661082812106998 -0.3358627249792656 -0.04560608297873065 0.9986442358998553 0.025095324252362737 0.13055809756040768 -0.024497958653983378 -0.02623197461512876 0.9993556591772416 0.43694980782751713
1807261650084 1311878259.963626564.pcd 1311878334.144909201.pcd 0.16 0.31658733 0.968157130874509 0.23164491920599256 -0.09493366812089427 -0.45517553909849795 -0.22876152797376748 0.9726455786066309 0.04035767258006326 -1.086232460525422 0.10168546236284773 -0.01735539751839658 0.9946651984064953 -0.4388168281568034
1807261650085 1311878259.963626564.pcd 1311878334.144909201.pcd 0.16 0.31658733 0.7671321910866716 -0.062433489176506866 0.6384436238445875 -2.074342995408341 -0.14455798753337776 0.9528282611733422 0.26687317765126745 -0.26636146986865006 -0.624988951613436 -0.29701913093036975 0.7219199721731666 -2.2168935653298125
1807261650086 1311878259.963626564.pcd 1311878334.144909201.pcd 0.16 0.31658733 0.9957393655417031 -0.08736843274426986 0.02949360728050452 0.13074786074537847 0.08453172450548069 0.9926489996174253 0.08661611345849295 0.2166225050559773 -0.03684431384537041 -0.08375392837553948 0.9958050893718755 -0.7525689220265754
1807261650087 1311878259.963626564.pcd 1311878334.144909201.pcd 0.16 0.31658733 0.98377797792771 -0.08134571444161878 0.159886725172694 -1.3690057344010818 0.10546598005374119 0.9832448577279991 -0.14868246972239407 0.5519916682775733 -0.1451131186205087 0.16313314958471614 0.975873843440227 0.12779795324485765
1807261650088 1311878259.963626564.pcd 1311878334.144909201.pcd 0.16 0.31658733 0.8588747994062443 0.5106585468632804 -0.03952122797139011 -0.3039509904401001 -0.5088347559826513 0.8595238230344064 0.04802071157734092 -2.445865886354312 0.05849162375040917 -0.021134004632376774 0.9980641681771967 0.11832377526807356
1807261650089 1311878259.963626564.pcd 1311878334.144909201.pcd 0.16 0.31658733 0.7083909533346231 0.7050852142228369 0.03220400468886098 -0.7475075473605122 -0.7026232226629613 0.7087856307004041 -0.06279758504389468 -3.8222605726348267 -0.06710338447782441 0.021857959579216 0.9975065741109954 -0.04316796348283447
1807261650090 1311878259.963626564.pcd 1311878334.144909201.pcd 0.16 0.31658733 0.818240943755724 0.38653667364935407 0.42552456789924015 -0.8821013345113369 -0.47008830714901584 0.8759581807527982 0.10823238449752817 -2.4050167648412804 -0.33090594047782645 -0.28859429221026 0.8984512190765531 -0.7077453927937587
1807261650091 1311878259.963626564.pcd 1311878334.144909201.pcd 0.16 0.31658733 0.9990856843415226 0.016400457410391357 -0.03948189889761818 0.30982239069818895 -0.016693352303600976 0.9998354458042249 -0.007100232554984357 -0.04826876263087852 0.03935895492387551 0.007752825949093597 0.9991950592137171 -1.2280336752305157
1807261650093 1311878282.189139587.pcd 1311878321.165866037.pcd 0.16 0.35916438 0.9911894045986065 0.12139985428651832 0.0529682885382554 -1.07323422466828 -0.13233846495718754 0.8911383397116522 0.4340034449042253 -0.5621645363144582 0.005485882265871284 -0.4371893581449254 0.8993527507160876 0.12602969144704332
1807261650094 1311878282.189139587.pcd 1311878321.165866037.pcd 0.16 0.35916438 0.9624041913096276 0.22959653406926706 -0.14513305651381225 -0.16906357521542734 -0.21005708642903237 0.9678699554283986 0.13821638766794503 -0.29974055238249686 0.17220392849934507 -0.10253380380347514 0.9797104807477476 0.24196471846456208
1807261650095 1311878282.189139587.pcd 1311878321.165866037.pcd 0.16 0.35916438 0.8812501825872235 0.4553871557042739 0.1265727226125616 -0.860079269274301 -0.46245001539788677 0.886074251901535 0.031818286811664404 0.44111778031118387 -0.09766319136951937 -0.08657342858352349 0.9914468934415066 -0.24577520512872164
1807261650096 1311878282.189139587.pcd 1311878321.165866037.pcd 0.16 0.35916438 0.7642500618319696 -0.6195293735602658 0.17917923508558464 0.1892313189223454 0.6347958695237013 0.7716719383558561 -0.039454069368871726 0.22839408688959306 -0.11382463277111234 0.14389501329142843 0.9830250139871218 -0.37396686557057346
1807261650097 1311878282.189139587.pcd 1311878321.165866037.pcd 0.16 0.35916438 0.9997131088479224 0.02390627819425261 0.001479817732300727 0.9794589656166968 -0.02390420543824827 0.9997132693458068 -0.001402874293736416 0.08445337867708856 -0.0015129309263318862 0.0013670979544299867 0.9999979210394364 -0.17417583450083426
1807261650098 1311878282.189139587.pcd 1311878321.165866037.pcd 0.16 0.35916438 0.7717908186150939 -0.6358361941708016 -0.007160061719966679 1.2447254626086584 0.6309901379797319 0.7672047198685141 -0.11510153597495303 0.4965988145628571 0.07867895572363605 0.08431638034133852 0.9933279266850261 -0.08034556462373044
1807261650099 1311878282.189139587.pcd 1311878321.165866037.pcd 0.16 0.35916438 0.9916312659928438 -0.09307256159110465 0.08947027765855964 0.1585763265786028 0.11655090738197062 0.9434556403417682 -0.3103342402889879 0.1404852617841596 -0.05552763540678671 0.3181649776235184 0.9464078025460044 -0.45976789023794307
1807261650100 1311878282.189139587.pcd 1311878321.165866037.pcd 0.16 0.35916438 0.9910137409273612 0.10125802446963184 -0.08739895750902434 -0.5519810320588002 -0.11104847279457114 0.9870709962073924 -0.11558150862546852 0.04236616140296632 0.07456542082728555 0.1242483840001684 0.9894454694879331 1.0347939970584894
1807261650101 1311878282.189139587.pcd 1311878321.165866037.pcd 0.16 0.35916438 0.9785045207986011 0.023677467037054763 -0.2048616126349914 0.421209437776242 -0.0376208161079211 0.9972123858548905 -0.06443703665572426 -1.2727591879947888 0.20276483169443874 0.07075899273100453 0.9766675933886716 0.2203599317899009
1807261650102 1311878282.189139587.pcd 1311878321.165866037.pcd 0.16 0.35916438 0.7312047249971172 -0.2077284595368386 0.6497603690902842 0.4234608365930185 0.08514136804571944 0.9728499282839703 0.2152067947003007 0.24952918386049797 -0.6768239044162032 -0.10203873841010605 0.729038749501342 -0.2201866432913388
1807261650103 1311878282.189139587.pcd 1311878321.165866037.pcd 0.16 0.35916438 0.7708005255493195 -0.6306543413767061 0.09023110060065775 0.6309633857971128 0.6247515016303051 0.7759932136492551 0.0867184731241305 -0.5669502027652449 -0.12470810327950574 -0.010470629064898283 0.9921382236883194 0.5715170199009064
1807261650104 1311878282.189139587.pcd 1311878321.165866037.pcd 0.16 0.35916438 0.8248266663917391 0.1470715259285574 -0.545922097620289 0.6469332319196146 -0.14416293170854863 0.9883670456910524 0.048452369530678135 -0.6769497001880007 0.5466973747241586 0.038736923638651416 0.8364337578175132 0.6507566058777411
1807261650105 1311878282.189139587.pcd 1311878321.165866037.pcd 0.16 0.35916438 0.9983337580208851 0.05638415340915416 0.012269264045970058 -0.1663978571261515 -0.05634629000132807 0.9984054610724686 -0.003410411083347691 -0.6938308480359733 -0.012441993368548355 0.002713401003197482 0.9999189138405237 -0.6256938677408374
1807261650106 1311878282.189139587.pcd 1311878321.165866037.pcd 0.16 0.35916438 0.9958980045256542 -0.06698598936817317 0.060827968979632656 0.5621036695005419 0.06641640120856328 0.997727547963479 0.011340268307538695 -0.11678409583246216 -0.06144937942992847 -0.007253775785809978 0.9980838424223317 -0.9483920832042054
1807261650107 1311878282.189139587.pcd 1311878321.165866037.pcd 0.16 0.35916438 0.9974535571479712 0.05412045115668527 -0.04644758443079401 -0.14203536597004857 -0.05356253658674829 0.9984775872540949 0.013174309303888519 0.19423631606447175 0.047089871599444236 -0.010652911237690731 0.998833849784292 0.4406812628819601
1807261650108 1311878282.189139587.pcd 1311878321.165866037.pcd 0.16 0.35916438 0.9187081288647498 -0.02094184240877328 0.3943815578780988 0.8756511948853971 -0.17402147624858358 0.874960098354767 0.4518421760872707 -0.7573779697754545 -0.35453053431558434 -0.4837419410424762 0.8001886244594856 0.2532377022311626
1807261650109 1311878282.189139587.pcd 1311878321.165866037.pcd 0.16 0.35916438 0.9648486316571048 0.2534402410906659 0.06953533048255253 0.343647470664842 -0.2526143383087788 0.9673483529924729 -0.020570854225531367 -0.237332350262166 -0.07247836967144408 0.0022821390525894526 0.9973673735244772 -1.0691112136361252
1807261650110 1311878282.189139587.pcd 1311878321.165866037.pcd 0.16 0.35916438 0.9010027189931384 0.42336292091736605 -0.09464638164920733 -0.10705459285710145 -0.43169778345165244 0.8965301572924087 -0.09935140073586726 -0.2983869535245497 0.042791636214352675 0.13037451536847527 0.9905409439354506 0.4758551303103725
1807261650111 1311878282.189139587.pcd 1311878321.165866037.pcd 0.16 0.35916438 0.9441641252630103 0.23049467116113798 -0.23542793192961062 -0.0027534815595364748 -0.03380892227069822 0.7785604427997835 0.6266582750449393 0.030094221455444048 0.3277362679674442 -0.5837086974456726 0.7428816158615367 0.6461395687513664
1807261650112 1311878282.189139587.pcd 1311878321.165866037.pcd 0.16 0.35916438 0.98823087663806 0.1453465309327022 -0.047687738518412154 -0.1937476525741967 -0.146059989048508 0.9892051735864758 -0.011815419962915531 0.04739096123013322 0.04545562735592959 0.018641633393546242 0.9987924085845363 -0.05570947359399431
1807261650113 1311878282.189139587.pcd 1311878321.165866037.pcd 0.16 0.35916438 0.9743057879230029 -0.19621842986178778 0.11057377357362433 0.5600316674469651 0.17717890814962367 0.9708234043961514 0.16158450415672262 -0.5318914332449106 -0.13905346499330282 -0.13784137716680492 0.9806446291160295 -0.40671206853812236
1807261650114 1311878282.189139587.pcd 1311878321.165866037.pcd 0.16 0.35916438 0.7952762681861848 -0.6012591441238962 0.07760862624254516 0.6906072927180628 0.60518482324277 0.7949260480159274 -0.04294074874052099 0.7358088527296621 -0.03587460071516668 0.08111732116619105 0.9960587298098181 0.6614324702321673
1807261650115 1311878282.189139587.pcd 1311878321.165866037.pcd 0.16 0.35916438 0.7743551744452761 -0.632227884235817 0.025728703903002463 1.1750071718025625 0.6306707781971882 0.7744654660429039 0.04957430216453822 0.3144327707116635 -0.05126824882887176 -0.02216177568811223 0.9984389928084594 -0.3814947200147101
1807261650116 1311878282.189139587.pcd 1311878321.165866037.pcd 0.16 0.35916438 0.9986920431337376 0.04612595454539248 0.022058995866471868 -0.19024948127108354 -0.0463738149439655 0.9988651248340034 0.010859635256010976 0.37163628391159653 -0.021533050617677883 -0.011868391113674239 0.9996976888157085 0.37076992831334327
1807261650117 1311878282.189139587.pcd 1311878321.165866037.pcd 0.16 0.35916438 0.9855069673346062 -0.16480092424539275 0.040207868667862495 0.26435408565544505 0.16963343207807938 0.956410971384945 -0.23770265571911012 -0.06237550302961615 0.0007183706281450736 0.24107822212379634 0.9705054223245073 0.44517804802295907
1807261650118 1311878282.189139587.pcd 1311878321.165866037.pcd 0.16 0.35916438 0.7752949407223662 -0.6275300647532737 -0.07158053311518905 1.8064590109876428 0.629161815662561 0.7573797141265056 0.17473230480321025 -0.16719178386846556 -0.055436130839842536 -0.18050481007553373 0.9820106154910461 -0.4004737059627525
1807261650119 1311878282.189139587.pcd 1311878321.165866037.pcd 0.16 0.35916438 0.9968374455135252 -0.024077635335577156 -0.0757322566593433 0.5070349921214853 0.025186751583454577 0.9995885515984861 0.013724250723225521 0.10829168931606806 0.07537064923922993 -0.015588296567860583 0.9970337357599137 1.289245221078589
1807261650120 1311878282.189139587.pcd 1311878321.165866037.pcd 0.16 0.35916438 0.7942700635720861 0.5904080283716824 0.1433646614318086 -1.1262773340623546 -0.49433950295733653 0.7651842865044425 -0.41245783239330147 0.5091311386589688 -0.35321880177743636 0.2567320932819853 0.8996249831735234 -0.09296846433014064
1807261650121 1311878282.189139587.pcd 1311878321.165866037.pcd 0.16 0.35916438 0.8495331171357184 0.5159289863835269 -0.1100489159371242 -1.1718761294407563 -0.4775029365685621 0.8407186552487024 0.2553097888550562 0.9810720035434444 0.22424189719601795 -0.16434544023513434 0.9605759458865553 0.5566108352688983
1807261650122 1311878282.189139587.pcd 1311878321.165866037.pcd 0.16 0.35916438 0.9138741414434881 -0.12081078999521444 0.38760651003518976 0.9894962695812497 -0.004985911007185061 0.9512899167505812 0.3082574167479201 0.5035087255778324 -0.40596698670255926 -0.28364105363893405 0.8687569040866607 -0.3328557662129372
1807261650124 1311878257.263276854.pcd 1311878335.209907930.pcd 0.18 0.49514629 0.7316981215433027 -0.3546889410257181 0.5820769829189752 -1.9034458835968415 0.23034464904704316 0.9323778426752045 0.27859092078480596 0.6533699561181386 -0.6415288002774285 -0.06976613506842845 0.7639198156954805 -2.956867852171985
1807261650125 1311878257.263276854.pcd 1311878335.209907930.pcd 0.18 0.49514629 0.998710276766383 -0.042005548424949656 0.028518712851982528 -0.30910704015720736 0.043335097884185624 0.9979200810931413 -0.04772400907746698 0.6307312148471562 -0.026454723067586144 0.048898319527130064 0.9984533549319368 -1.1978557537503864
1807261650126 1311878257.263276854.pcd 1311878335.209907930.pcd 0.18 0.49514629 0.9880833287256892 0.10830067406461326 -0.10937229764210164 -0.6745424657663595 -0.08872304856701026 0.9813989405733718 0.17024787838454716 -1.3538771884021417 0.1257758170211508 -0.15851524670710396 0.9793126979744765 0.4775028084286789
1807261650127 1311878257.263276854.pcd 1311878335.209907930.pcd 0.18 0.49514629 0.9874909870794087 0.01008481114363212 0.15735262000085098 -1.186015409804659 0.09823688448225104 0.7412444368416987 -0.6640076802104429 0.9723848327389918 -0.12333314625094018 0.6711594307133217 0.7309815001765871 0.5835338269984417
1807261650128 1311878257.263276854.pcd 1311878335.209907930.pcd 0.18 0.49514629 0.901601306664807 0.39708727629992063 -0.17157149769417718 0.6419283869097421 -0.42769258915565195 0.8777028575505755 -0.21614056312707416 -1.9021121979290958 0.06476212629035033 0.2682524722127729 0.9611693285525127 0.929155030043604
