id source target overlap t1 t2 t3 t4 t5 t6 t7 t8 t9 t10 t11 t12
25958882390000 1311877826.825260740.pcd 1311877859.239050928.pcd 0.1447492260309908 0.9698141327391396 -0.22467831314002515 -0.09476393588271807 0.03318275066384118 0.2068361359667734 0.9637892747132838 -0.16831234894082278 0.029783825109150616 0.1291485996740403 0.14363108839034697 0.981168053724763 0.05161981435420702
25958882390001 1311877826.825260740.pcd 1311877859.239050928.pcd 0.1447492260309908 0.975603192793021 -0.14412629652380166 -0.16560803380994868 0.005257380252985726 0.12940691655497494 0.9868820340842092 -0.09652823809408309 -0.19093062897710678 0.17734785073351653 0.07274243226719487 0.9814562029902584 -0.02723114739919047
25958882390002 1311877826.825260740.pcd 1311877859.239050928.pcd 0.1447492260309908 0.9888970698276619 -0.001973174060079249 0.14858900319469506 0.07314277968126041 -0.00797743666500739 0.9977650807930301 0.06634157108732246 -0.12863162333171965 -0.14838782224468514 -0.06679034461811896 0.9866712239014943 -0.11924489925080638
25958882390003 1311877826.825260740.pcd 1311877859.239050928.pcd 0.1447492260309908 0.9839787794313213 -0.1689569522119118 0.056914935896551666 -0.03647804030766393 0.15990342571267044 0.9775274839116451 0.13737144041874397 0.07980289736816705 -0.07884577397805995 -0.12606968904788254 0.988883095936608 0.07009039039422764
25958882390004 1311877826.825260740.pcd 1311877859.239050928.pcd 0.1447492260309908 0.995977611526839 0.017245842459246784 -0.08792711899729155 -0.08530204676638109 -0.014871614801611706 0.9995087974374656 0.027586208842530633 -0.01324049436045746 0.08835967638286998 -0.02616762814972103 0.9957448582978133 0.07349741170957123
25958882390005 1311877826.825260740.pcd 1311877859.239050928.pcd 0.1447492260309908 0.976295552233343 0.2069325970603908 -0.06344994060859498 -0.12529795604670133 -0.20082729398871896 0.9753915346598261 0.09099314316539545 -0.11494864657642188 0.08071798237419549 -0.07609372107993831 0.9938281304801388 -0.1851635898789809
25958882390006 1311877826.825260740.pcd 1311877859.239050928.pcd 0.1447492260309908 0.9537863918668182 0.0664728091892451 0.2930407554047158 0.04545959160093502 -0.08348383420696708 0.9954507247603495 0.04591627162780581 0.1172304456519445 -0.28865544878934796 -0.06825848088395334 0.9549967600320092 -0.23174582988366954
25958882390007 1311877826.825260740.pcd 1311877859.239050928.pcd 0.1447492260309908 0.9820769304595385 -0.010478707445148977 0.18818899901282637 0.09728244963271877 0.013016734880705164 0.9998401674968482 -0.012255777124268095 -0.11710953150686579 -0.1880304955910504 0.014485722286212688 0.9820563612021617 0.017537383216049567
25958882390008 1311877826.825260740.pcd 1311877859.239050928.pcd 0.1447492260309908 0.9817146201170168 -0.04530345986533718 0.18488915915415727 0.08695091674416672 0.0261152680098712 0.9941368380856885 0.10492826091078684 0.12742562029680668 -0.18855873733474698 -0.09818117785614176 0.9771417803417817 0.06432409558503666
25958882390009 1311877826.825260740.pcd 1311877859.239050928.pcd 0.1447492260309908 0.9262421641802836 -0.20321124235659677 0.317459673461864 -0.14471698403756678 0.2042429829986448 0.9784478477125902 0.030407453073474 -0.04941178463029069 -0.31679687055026307 0.03667424554764185 0.9477841223206218 0.12182371284882892
25958882390010 1311877826.825260740.pcd 1311877859.239050928.pcd 0.1447492260309908 0.8624482544355875 0.18370806453835423 0.4716294683801888 0.27298567527218703 0.100704697175143 0.8508950458378433 -0.5155930419773689 -1.1428142692792593 -0.49602577794694336 0.4921676218446171 0.7153526819827707 -0.07789218512261625
25958882390011 1311877826.825260740.pcd 1311877859.239050928.pcd 0.1447492260309908 0.9255306534367742 -0.11578631243775919 0.36053646057085953 0.4523515165496311 0.0818576022885395 0.9907697003587204 0.1080496820849662 -0.5436153123182742 -0.36971927525687465 -0.07049064266380738 0.9264657180923503 -0.3976723862364253
25958882390012 1311877826.825260740.pcd 1311877859.239050928.pcd 0.1447492260309908 0.7485308101692134 -0.6630718938187465 -0.006106541987282226 -0.4982862332230578 0.6630911908316917 0.7484416099043317 0.012051108049541012 0.6977432382229849 -0.0034203609211135933 -0.013069819869970356 0.9999087363053372 0.5159718143109359
25958882390013 1311877826.825260740.pcd 1311877859.239050928.pcd 0.1447492260309908 0.7958246774224945 -0.3621975518810174 0.4852587106037153 -0.8882522472844525 0.4966165359539288 0.8489284868238759 -0.18081050986058472 -0.10572598958282438 -0.34646081888505476 0.38488096558588364 0.8554715327275216 0.9030508693608853
25958882390014 1311877826.825260740.pcd 1311877859.239050928.pcd 0.1447492260309908 0.9087859711514591 0.4114960275103103 0.06913087574690013 0.3745060529219708 -0.38140396085666245 0.8864012131449057 -0.26234311116949316 0.5695421091063981 -0.16923084021876417 0.21204694923170556 0.9624952020869391 0.7367639229737913
25958882390015 1311877826.825260740.pcd 1311877859.239050928.pcd 0.1447492260309908 0.9438549620156913 0.27451361225990295 -0.18379359989503788 -0.2145961279793827 -0.26656623566971654 0.9614758454642486 0.0671315171114516 -0.39931017084862513 0.1951416221087515 -0.014369247469078635 0.9806698078598817 -0.8259874837575739
25958882390016 1311877826.825260740.pcd 1311877859.239050928.pcd 0.1447492260309908 0.8828961774824076 -0.37024646433539965 0.2888111760893075 -0.2783501132964755 0.348277865602876 0.9288714257101436 0.12609679944515112 -0.5379727113158765 -0.31495534305367556 -0.010743842252249294 0.949045679477864 -0.5238436409092683
25958882390017 1311877826.825260740.pcd 1311877859.239050928.pcd 0.1447492260309908 0.9014066650492749 0.38543383023124883 -0.19724803349593312 0.07900877748734852 -0.33099878756053175 0.9071237849491763 0.25993507153313883 0.38284511772187846 0.2791161529510642 -0.16901834602417837 0.9452655562692681 -0.3620042327380241
25958882390018 1311877826.825260740.pcd 1311877859.239050928.pcd 0.1447492260309908 0.9596473673545934 0.0800277162645733 -0.2695783651535762 -0.6448489396582079 -0.1184656381705381 0.9844827437944321 -0.12945895003372196 0.849920867457028 0.2550349444728018 0.1561707136452399 0.954236807766967 0.0607046696891348
25958882390019 1311877826.825260740.pcd 1311877859.239050928.pcd 0.1447492260309908 0.5027923219628121 0.1316621777479764 -0.8543213399686933 0.6157773269576945 -0.13495550526200356 0.9881688852755722 0.07286470869158666 -0.04968274706809871 0.8538072924113032 0.07865955201940018 0.5146122640409827 -0.7266021561009798
25958882390020 1311877826.825260740.pcd 1311877859.239050928.pcd 0.1447492260309908 0.5430674744456258 0.830339431085096 0.12495658199762502 -0.3667649876857063 -0.6828186589161302 0.3500837529458127 0.6412488167313471 2.428557106058346 0.4887089084876879 -0.4335640611359003 0.7570903563354365 1.4974962258047138
25958882390021 1311877826.825260740.pcd 1311877859.239050928.pcd 0.1447492260309908 0.7406589017595692 0.5446583922965799 0.39341025271999974 0.9300600123180397 -0.06662494219078485 0.6421874990821554 -0.7636467331827469 -0.2770140313603883 -0.6685697482853855 0.5393908153866839 0.511929721694399 0.9421456170907142
25958882390022 1311877826.825260740.pcd 1311877859.239050928.pcd 0.1447492260309908 0.2094163549907636 0.297669931101176 -0.9314168789433674 0.127334636951968 -0.5477790763412195 0.8247544840317438 0.1404212398189556 0.7842543218459483 0.8099894281934443 0.48080417343004966 0.3357744377213724 -2.0202203384617694
25958882390023 1311877826.825260740.pcd 1311877859.239050928.pcd 0.1447492260309908 0.5060360424499193 -0.43078999728597595 0.747226539932819 -1.3010186708441613 -0.0828358796610335 0.8380588991223316 0.5392545768397787 -0.3889719398243809 -0.8585253291443454 -0.33477941967841296 0.38840314027744277 0.5638620540584647
25958882390024 1311877826.825260740.pcd 1311877859.239050928.pcd 0.1447492260309908 0.08701457786821098 -0.7240914280755966 0.6841930042216597 -0.42248512650171777 0.22485112092006537 0.6833504740166735 0.6946035582130123 -0.5775069763518406 -0.9705000961666139 0.09340092852124465 0.2222742222840115 -1.3449618220597648
25958882390025 1311877826.825260740.pcd 1311877859.239050928.pcd 0.1447492260309908 0.4889927221847001 0.4841739951711597 -0.7255767775021433 1.6630309913302832 -0.3103056789566528 -0.6808419733130426 -0.6634490130993136 0.46107597052140886 -0.8152278842493355 0.5495723335241687 -0.1826848296032057 -0.20053006878900037
25958882390026 1311877826.825260740.pcd 1311877859.239050928.pcd 0.1447492260309908 0.7051676483277481 0.6811105133852622 -0.1970458228635622 0.18975853121859496 -0.6128451274943509 0.4457233657504859 -0.6524963838447625 0.07305900720661922 -0.3565942196087122 0.5808779129732199 0.7317249570443325 -1.0501934936644524
25958882390027 1311877826.825260740.pcd 1311877859.239050928.pcd 0.1447492260309908 0.1756140056381138 -0.009605901281213108 -0.9844122346275018 0.39396496823221905 0.43846443819677894 0.8960591607660306 0.06947601632260905 1.4938183793062445 0.8814242210539255 -0.44383071893217585 0.16157238461949008 1.0851737671695336
25958882390028 1311877826.825260740.pcd 1311877859.239050928.pcd 0.1447492260309908 0.5499224238632107 -0.544709384524314 -0.6331484929647659 0.49629379678146057 0.14280410238907398 0.808224137837493 -0.5712974105994983 -1.5101565947470117 0.8229169557575431 0.22375305456682376 0.5222473116242475 0.9002241323951861
25958882390029 1311877826.825260740.pcd 1311877859.239050928.pcd 0.1447492260309908 0.7876509426329865 -0.2883858701602575 0.5444626547902794 -0.505707232706313 0.12881235484733922 0.9412426707868504 0.3122012362703263 -1.1901840181544283 -0.6025059085254277 -0.17577208134953637 0.7785183399316943 -2.17746365844919
25958882390031 1311877859.239050928.pcd 1311877868.786553198.pcd 0.12381825627147613 0.999631136507453 -0.018900595537897445 -0.019502779625752475 0.040096960555240216 0.01814531878437863 0.9991052507298809 -0.03820268799698848 -0.07485372568573692 0.02020738308220861 0.03783471226657846 0.9990796746089243 0.12163604535213367
25958882390032 1311877859.239050928.pcd 1311877868.786553198.pcd 0.12381825627147613 0.8573184962898921 0.015485599743950973 -0.514553390932184 -0.12812200534137808 0.10215484854677975 0.9745515268896251 0.1995337273632844 0.003575360008083681 0.5045486922365603 -0.22362807882211744 0.8339191204935321 -0.054810801705006865
25958882390033 1311877859.239050928.pcd 1311877868.786553198.pcd 0.12381825627147613 0.9580193430881127 0.2795075847468894 0.0638314055773587 -0.007968841009385608 -0.2806802477856135 0.9597489630508037 0.010026286746025206 0.15172980064212158 -0.058459702120584045 -0.02752159137599715 0.9979103292561436 -0.05576599860501256
25958882390034 1311877859.239050928.pcd 1311877868.786553198.pcd 0.12381825627147613 0.9891640892101224 0.146789411112081 0.0026969246331637964 0.12371906848514663 -0.14656407237080193 0.9862405330360609 0.07647603341461055 0.013875328218674425 0.00856605552134897 -0.07604261819607978 0.9970677724762195 -0.03881684857769704
25958882390035 1311877859.239050928.pcd 1311877868.786553198.pcd 0.12381825627147613 0.9571804906776462 -0.21172260076549454 -0.1974311236639154 -0.12170308065775992 0.2311166308710133 0.9695701617249793 0.08073911336787197 0.010870858599572071 0.1743290314346208 -0.12291152028062026 0.9769862573144898 0.07339295492540224
25958882390036 1311877859.239050928.pcd 1311877868.786553198.pcd 0.12381825627147613 0.9319908166186032 -0.36163907095340525 0.024704252640938448 -0.2909229872455688 0.36204754431833036 0.9320450285748085 -0.014616441497543051 0.0732456686531302 -0.017739599534826494 0.02256650325022458 0.9995879448749878 -0.13182741565251807
25958882390037 1311877859.239050928.pcd 1311877868.786553198.pcd 0.12381825627147613 0.9990456685491149 -0.04319595734811833 0.006470040342316191 0.14566734891566788 0.04309400984824384 0.9989562276821826 0.01514468521239002 -0.029564809721372827 -0.007117476269796799 -0.014851412180747776 0.9998643793474123 0.049724414632821935
25958882390038 1311877859.239050928.pcd 1311877868.786553198.pcd 0.12381825627147613 0.9511773141320743 0.1905634645587645 -0.24279061566678029 0.10861441938974646 -0.13730202140551268 0.9657637432333999 0.22011030683221594 -0.011715501812967162 0.27642335646333116 -0.176028288156116 0.9447773122648394 -0.0793961394629647
25958882390039 1311877859.239050928.pcd 1311877868.786553198.pcd 0.12381825627147613 0.9930880108950811 0.04711208368038342 0.10750187992655703 -0.00183821298243732 -0.024923359480419773 0.9796635601454416 -0.1990932823461622 -0.04270857526070005 -0.11469537378927323 0.19503784374949246 0.9740663276886681 0.023179344067453072
25958882390040 1311877859.239050928.pcd 1311877868.786553198.pcd 0.12381825627147613 0.9974099879902389 -0.06278828424328213 0.035084857404528116 -0.026839300736711993 0.06562504708483198 0.9940788085272734 -0.08660644105440451 -0.08039257158198444 -0.029439243407819587 0.08868457475108774 0.99562461658438 -0.060242952600478766
25958882390041 1311877859.239050928.pcd 1311877868.786553198.pcd 0.12381825627147613 0.9692453134603556 -0.19385881387834553 -0.15159908514505577 0.5142469245982002 0.22524570329714888 0.9469697364588319 0.22915647792995766 -0.5194087241001945 0.09913574270317264 -0.25625588483539535 0.9615118439238899 -0.025769043117261418
25958882390042 1311877859.239050928.pcd 1311877868.786553198.pcd 0.12381825627147613 0.7816530355321164 -0.4303007217500686 0.45150838409136795 0.2288577931294065 0.11178388372708567 0.8088308507891101 0.5773188184622549 0.08871644204586242 -0.6136146147072424 -0.40079164621176255 0.6803257755991229 0.3253944351408544
25958882390043 1311877859.239050928.pcd 1311877868.786553198.pcd 0.12381825627147613 0.7913247092513889 -0.5883607563021419 0.16624327045560805 -0.12415544189133561 0.48942974068234524 0.7725567662960885 0.404492981132854 0.9203061800218131 -0.3664201597399046 -0.23872088993990997 0.8993045108540711 -0.5343753702676215
25958882390044 1311877859.239050928.pcd 1311877868.786553198.pcd 0.12381825627147613 0.8515575027236049 -0.49160295696010714 -0.18214376811523592 -0.2744485495935919 0.49744930325108727 0.8673579002781109 -0.015312201675609559 0.506210002564971 0.16551135988247329 -0.07756807032036941 0.9831526759443971 1.2104250008467878
25958882390045 1311877859.239050928.pcd 1311877868.786553198.pcd 0.12381825627147613 0.864832511901555 0.42732653760850836 0.26354649801044744 -0.485039241990373 -0.5006766715899481 0.695122201518143 0.5158759497032028 -0.28418868259084706 0.03725046152275158 -0.5780978768444789 0.8151167081493592 0.3610908478258337
25958882390046 1311877859.239050928.pcd 1311877868.786553198.pcd 0.12381825627147613 0.9583521946207086 -0.24116677508863743 -0.1529694664271844 0.8501636032447332 0.23724190086253322 0.9704676464407671 -0.04369013260279504 0.09593065331671034 0.15898852644390066 0.005579767474045715 0.9872646629218187 -0.3678980218478381
25958882390047 1311877859.239050928.pcd 1311877868.786553198.pcd 0.12381825627147613 0.9408250440887932 0.2104958739274501 0.26559315404362216 -0.01208208732914291 -0.1857873899120894 0.9758074290002657 -0.1152514956846302 0.4323250119125476 -0.28342773711296043 0.059087634640507515 0.9571715464155922 0.2303248716861491
25958882390048 1311877859.239050928.pcd 1311877868.786553198.pcd 0.12381825627147613 0.9852111486984667 0.0031776893855576943 0.1713151913007622 -0.3545352307150436 0.1561468303468142 0.3950157845735443 -0.9053069630298832 -0.69091861744526 -0.07054898902812895 0.9186688370832637 0.3886777687483461 -0.3203554935390915
25958882390049 1311877859.239050928.pcd 1311877868.786553198.pcd 0.12381825627147613 0.60175852157779 0.23210842159591855 -0.7642070153647924 -0.16523937147480489 -0.25735462971078515 0.962155745846671 0.08958189158898798 0.5546955887059808 0.7560788823098668 0.14276554681885914 0.6387195960408409 -0.35605569066272436
25958882390050 1311877859.239050928.pcd 1311877868.786553198.pcd 0.12381825627147613 0.9597272814750576 -0.214914563902907 -0.18092892365489494 -0.6202144915485321 0.19255747660121095 0.9721784268360409 -0.13338187507894256 -0.046813718435215375 0.2045609038830969 0.09317100738439958 0.9744095648060452 -0.8547865807039441
25958882390051 1311877859.239050928.pcd 1311877868.786553198.pcd 0.12381825627147613 0.8810464665094084 0.11989037392551291 0.4575843333105788 0.9334138763513465 0.4710564649474358 -0.13410571856238973 -0.8718494497790835 -0.6101876681477716 -0.04316168071925974 0.9836879355206437 -0.17462850520067708 1.0406026923015483
25958882390052 1311877859.239050928.pcd 1311877868.786553198.pcd 0.12381825627147613 0.038809646678097165 0.8292742488281059 0.5574926291488543 0.8541020927163546 -0.9704353351435838 -0.10172713305119252 0.2188763365600427 1.9781233876460365 0.23822063644756172 -0.5495050596962378 0.8008090394961541 -0.45221546055249073
25958882390053 1311877859.239050928.pcd 1311877868.786553198.pcd 0.12381825627147613 0.4086282095301178 -0.8758807721937006 -0.256623964737467 1.1549353210924442 0.39920137654996346 0.4243663423322945 -0.8127431749674211 0.8731928210368368 0.8207686929560754 0.2296651484158544 0.5230608686054607 1.1461304231012377
25958882390054 1311877859.239050928.pcd 1311877868.786553198.pcd 0.12381825627147613 0.13582161853105262 0.35162374724217743 -0.9262360543160552 -0.8531960129098912 0.03743228070890581 0.9324106591801713 0.35945679435521594 1.086794836018729 0.9900259149641158 -0.0834931315891771 0.11347944605477006 0.3601500824164202
25958882390055 1311877859.239050928.pcd 1311877868.786553198.pcd 0.12381825627147613 0.861531055069055 -0.057203789116661824 0.5044719691541818 -0.1194970571475545 -0.4931820947038441 0.1416632162915208 0.8583140186513738 0.5045684199992496 -0.12056393579810598 -0.9882607245361108 0.09383537565455746 0.06796288551032731
25958882390056 1311877859.239050928.pcd 1311877868.786553198.pcd 0.12381825627147613 0.5011576851307078 -0.6899628767463002 -0.5222951305022857 -0.7966262099893839 0.8522234770514929 0.4982685613808937 0.15951045702924208 0.30053644034465204 0.15018694948860709 -0.5250520635626376 0.8377136806522395 -0.3490636544566915
25958882390057 1311877859.239050928.pcd 1311877868.786553198.pcd 0.12381825627147613 0.7932152886247612 -0.5879684541508918 -0.15843800937700372 -0.3964463590192719 0.5767104471871503 0.8088836766466339 -0.11450876717448855 -0.29009865696915316 0.19548546236775302 -0.000542750434876213 0.9807064491604159 -0.24446537956771033
25958882390058 1311877859.239050928.pcd 1311877868.786553198.pcd 0.12381825627147613 0.41524226097998984 -0.2940951812482179 0.8608611322755857 -0.7104875450007564 -0.0931973176839583 0.9275702493544588 0.3618393186056792 -0.9473148692513782 -0.9049243751124958 -0.230480925195741 0.357757485523607 -0.09865762023166035
25958882390059 1311877859.239050928.pcd 1311877868.786553198.pcd 0.12381825627147613 0.32271730798595577 -0.8935205000677777 -0.3122093129375315 0.7345430820063777 0.8434489791121493 0.42116026503684256 -0.3334934044156931 -0.3081513911857819 0.4294733504665572 -0.15570853256236242 0.8895546605612861 1.8510856684393733
25958882390060 1311877859.239050928.pcd 1311877868.786553198.pcd 0.12381825627147613 0.7177308984028028 0.6952160704451726 -0.03920424559506075 -1.0337015267638017 -0.6275402423433618 0.6214109194978534 -0.46908604047495017 -0.9680854529708458 -0.30175420745623377 0.3612797870399127 0.8822818788566696 -0.004581663927646763
25958882390062 1311877859.239050928.pcd 1311877898.517846122.pcd 0.11424858012712091 0.9416801959441685 0.33307858791382644 0.04792768343957331 -0.003970921032293958 -0.33400400157317184 0.9077947396473736 0.2536730919937431 0.08798854331666711 0.04098457636308096 -0.2548869650293808 0.9661019095097837 0.06755226388871657
25958882390063 1311877859.239050928.pcd 1311877898.517846122.pcd 0.11424858012712091 0.8937520005078812 0.43616623826258805 -0.10472045735205664 -0.05747113966197 -0.4394784939065661 0.8982002866759353 -0.00974158143650657 0.08836279835816531 0.08981099588456258 0.05472894677527683 0.9944539845579041 -0.11002351533413113
25958882390064 1311877859.239050928.pcd 1311877898.517846122.pcd 0.11424858012712091 0.9888638229540822 -0.0893134586863884 0.11904388161561497 0.03252798402486528 0.04773588459257152 0.9479881302902168 0.3147058787995923 0.02973241476394496 -0.1409596572598077 -0.30551859342163407 0.9416946235902931 0.03766425165453314
25958882390065 1311877859.239050928.pcd 1311877898.517846122.pcd 0.11424858012712091 0.9940517122221044 -0.1083244906584887 -0.01126934567229481 0.09292519778974151 0.10559265293110143 0.9332668353772406 0.34331211110580184 0.002156760044427656 -0.026671803000071687 -0.3424599519776429 0.939153766012891 0.05674440727102031
25958882390066 1311877859.239050928.pcd 1311877898.517846122.pcd 0.11424858012712091 0.9828799260396379 0.08652798473003628 -0.16266517404433653 -0.08028380247456952 -0.09478071520462333 0.9945401589505162 -0.043663351451553915 0.08593138079566047 0.15799894624210556 0.05833335318015278 0.9857147421506607 0.004892290041436967
25958882390067 1311877859.239050928.pcd 1311877898.517846122.pcd 0.11424858012712091 0.9851440026993094 0.15662654824731095 -0.07042313774404174 -0.04071765981272527 -0.1379510612387375 0.965998608495103 0.21866914068663448 -0.017654577333326735 0.10227804578055646 -0.20570564593529714 0.9732545343237055 0.0707136001422367
25958882390068 1311877859.239050928.pcd 1311877898.517846122.pcd 0.11424858012712091 0.9953372359062618 -0.03340361989816245 0.09048748530145756 0.03385272231840255 0.039110249739466425 0.99730682192716 -0.06204426889620319 -0.10979861116538564 -0.08817128321510909 0.06529395925540804 0.9939630394038572 0.1029546549175505
25958882390069 1311877859.239050928.pcd 1311877898.517846122.pcd 0.11424858012712091 0.9348794874643502 0.3025708871103185 0.1856103504432573 0.06088963622126379 -0.2892286418792483 0.9524498361981357 -0.09584415601814279 -0.042773806053977265 -0.20578419918710822 0.03591890587725992 0.9779379814515341 -0.11006602002241837
25958882390070 1311877859.239050928.pcd 1311877898.517846122.pcd 0.11424858012712091 0.9880796082592805 0.13072263938582004 -0.08130362411474765 0.12374470988606712 -0.1208319088698758 0.9858073621103105 0.11654825012832197 0.016524474084381593 0.09538520609114057 -0.10533487723027317 0.9898516182225671 -0.05692190744521369
25958882390071 1311877859.239050928.pcd 1311877898.517846122.pcd 0.11424858012712091 0.9711594860396698 -0.22393995980756556 -0.08185442612681536 0.02504336064256936 0.2235802239911225 0.9745899013842978 -0.013653115388955521 0.0751675212685736 0.08283197519825201 -0.005041678404119818 0.9965507741021656 0.0735376899336122
25958882390072 1311877859.239050928.pcd 1311877898.517846122.pcd 0.11424858012712091 0.9088278481577586 0.41336661987090373 0.056213699304009934 0.18841272078021887 -0.37505521530660446 0.868625192961999 -0.32376513033840804 -0.11707478587530125 -0.18266233296510373 0.27316352561832546 0.9444660715915166 -0.04226674255574206
25958882390073 1311877859.239050928.pcd 1311877898.517846122.pcd 0.11424858012712091 0.6255205507732828 -0.023798166352228353 0.7798446562223534 -0.3029263070776988 0.15001747643016106 0.9845523497718596 -0.09028525529806165 0.866255066926839 -0.7656492652160093 0.17346560995477395 0.6194278689542498 0.3420739996035899
25958882390074 1311877859.239050928.pcd 1311877898.517846122.pcd 0.11424858012712091 0.939417269737187 -0.22740448561295978 -0.2564807853283254 -0.3117984464536362 0.3146048719762109 0.8690683433137714 0.3817643110332459 -0.7407810171172191 0.13608441442120153 -0.43932609138652595 0.8879603693739246 0.5924287740210556
25958882390075 1311877859.239050928.pcd 1311877898.517846122.pcd 0.11424858012712091 0.8538834708198186 -0.0709040469240596 0.5156119028789873 -0.2794827124633927 0.3228380342558527 0.8492168997258309 -0.4178591399716708 0.356705791485107 -0.4082384375564314 0.5232621459171667 0.7480227969464868 0.700089272673025
25958882390076 1311877859.239050928.pcd 1311877898.517846122.pcd 0.11424858012712091 0.856158562339468 0.21671237869610016 0.4690717013982969 0.01594048165802389 -0.36244754533138623 0.8988812471179087 0.24626059462083155 0.2956844026739233 -0.368272036701224 -0.3808520034076634 0.8481317459477042 0.31550876004769396
25958882390077 1311877859.239050928.pcd 1311877898.517846122.pcd 0.11424858012712091 0.8353564792192434 -0.35227111949911954 0.42200072392505045 0.4196765253366487 0.36795674215168067 0.9286624695404777 0.04683859062891249 0.22982557151421196 -0.40839611718471464 0.11615109140175259 0.9053847444234028 -0.19567923302769683
25958882390078 1311877859.239050928.pcd 1311877898.517846122.pcd 0.11424858012712091 0.9083019855246703 0.2572706183938089 -0.32984743746648765 -0.5118172341670775 0.0035079232612476585 0.7838021143396274 0.6210007568683976 0.0425974335572888 0.4183003676382971 -0.5652132999744403 0.7110265311264192 0.7620117133031284
25958882390079 1311877859.239050928.pcd 1311877898.517846122.pcd 0.11424858012712091 0.9564253485052194 0.09582732850774735 -0.27580369077975997 -0.2966139123999662 -0.2680807148939251 0.6624791529518199 -0.6994670129507189 0.22869714025016483 0.11568614021839976 0.7429256322239174 0.659301313472119 0.5908248211070722
25958882390080 1311877859.239050928.pcd 1311877898.517846122.pcd 0.11424858012712091 0.8212982633616094 0.43740521087285583 -0.36625925804063614 -0.8762992999220538 -0.4080506840619163 0.8990612773962764 0.158692969986632 0.11706364390828876 0.39870264839326924 0.019118080129774617 0.9168809612901474 -0.22320372951630585
25958882390081 1311877859.239050928.pcd 1311877898.517846122.pcd 0.11424858012712091 0.8250589770659478 0.40842717771644055 0.3904675721048735 0.3047374311938578 -0.4740210607496179 0.8764123629902636 0.08488465093071307 0.8756014782891491 -0.307541409128427 -0.25512469598297427 0.916694971716817 0.6379658548408321
25958882390082 1311877859.239050928.pcd 1311877898.517846122.pcd 0.11424858012712091 0.003105491430125007 -0.08548965389418807 0.9963342185230963 -0.010684655792066275 0.11221858647077874 0.9900754249616639 0.08460284710032176 1.903246687529655 -0.9936786929251715 0.11154448423849564 0.012668198865277758 -1.6346436529335073
25958882390083 1311877859.239050928.pcd 1311877898.517846122.pcd 0.11424858012712091 -0.7641432995318624 0.578999668837312 -0.28433149890021314 -1.343321674977318 -0.23500323232408743 -0.6603860036164113 -0.7132067070806167 -0.2362850851686166 -0.6007149894732026 -0.478173305103734 0.6406963334594493 0.5569604350275487
25958882390084 1311877859.239050928.pcd 1311877898.517846122.pcd 0.11424858012712091 0.1692849803762963 -0.5841656343885258 0.7937840430611136 -0.7609011703563485 0.9768742171021649 0.20618972143638875 -0.05659118955293724 0.7547178166051065 -0.13061148257342858 0.7850072040264569 0.6055611696984338 -0.1911235024170534
25958882390085 1311877859.239050928.pcd 1311877898.517846122.pcd 0.11424858012712091 0.15095959694911965 0.06570342479543201 0.9863540236948952 0.26477009195186296 -0.7037806296698295 0.7078312496549324 0.06056192957192552 -0.14220024406282172 -0.6941930750090334 -0.7033192603520022 0.1530947178298938 0.970058130626241
25958882390086 1311877859.239050928.pcd 1311877898.517846122.pcd 0.11424858012712091 0.9940478114874272 -0.061568233780389864 -0.08987936952504491 0.1424607650289114 0.05183534545064769 0.9929207082927595 -0.10687171751879297 1.7349323236810061 0.0958229901384231 0.10157666874124156 0.9902020677257565 -0.9559405358164775
25958882390087 1311877859.239050928.pcd 1311877898.517846122.pcd 0.11424858012712091 0.8786596186774285 0.36542582617573555 -0.30728039323949247 -0.166748955490077 -0.36774952382251686 0.10753463270372843 -0.9236864135070876 0.9261398122307317 -0.30449558655906356 0.9246081701634782 0.2288715129346519 -0.16731709389084734
25958882390088 1311877859.239050928.pcd 1311877898.517846122.pcd 0.11424858012712091 0.03216054468128742 0.4358713754790963 -0.8994341795839003 0.7372527338664948 -0.0635312389880186 -0.8971883730619636 -0.4370546932765672 1.3813932666317927 -0.9974615185752533 0.0711980848084246 -0.0011626182357919526 -0.254172614552838
25958882390089 1311877859.239050928.pcd 1311877898.517846122.pcd 0.11424858012712091 0.723922153851799 -0.21706894702952007 -0.6548418033373157 -0.09353165883918729 0.6896629424351377 0.20380710002848595 0.6948580371627622 1.390114960568306 -0.017370693546317484 -0.954643251803245 0.29724488354258644 2.6711699022025845
25958882390090 1311877859.239050928.pcd 1311877898.517846122.pcd 0.11424858012712091 0.8472066470281189 0.529324663342033 -0.04534642223170546 0.7838243674448161 -0.364684624308367 0.5173717360431895 -0.7741651061218929 0.148276192692537 -0.38632372697575523 0.6724149667589948 0.6313573397483097 -0.7864754631907859
25958882390091 1311877859.239050928.pcd 1311877898.517846122.pcd 0.11424858012712091 0.9253410580926478 -0.31887764624758613 -0.20508772008966913 0.6384745972476616 0.3313183206061771 0.943087324309239 0.02853890603969827 -0.4776151840532378 0.18431521000362822 -0.09435754050863998 0.9783274287836762 -1.2127039245732232
25958882390093 1311877841.418954814.pcd 1311877851.497032403.pcd 0.1874684723714118 0.9706336269588369 0.08202215045020406 -0.2261475824594588 0.07703850141021795 -0.03610729879231908 0.9791018410328483 0.20013957094989882 -0.14714009046989965 0.23783739233067583 -0.18609661931806143 0.9533107694176821 -0.06239185730921955
25958882390094 1311877841.418954814.pcd 1311877851.497032403.pcd 0.1874684723714118 0.947013780192499 -0.28960731666163697 0.13889745232206302 -0.08183052088793907 0.2468021596127674 0.9328734661080188 0.262365756611044 -0.1335819318488228 -0.20555679053728076 -0.21418379576349336 0.9549197387719844 -0.08753418507385838
25958882390095 1311877841.418954814.pcd 1311877851.497032403.pcd 0.1874684723714118 0.9620558415422853 0.024695609242900853 0.27173274487718013 0.12693253793193282 -0.03277347877385746 0.9991443421804375 0.025228606340420748 -0.0481446524845035 -0.27087719882526884 -0.033176955450166815 0.9620420119639437 -0.042018082259729056
25958882390096 1311877841.418954814.pcd 1311877851.497032403.pcd 0.1874684723714118 0.9374748377267504 -0.3474599707341779 -0.02031003118184378 -0.10441634303324823 0.3477059151545683 0.9323383983260756 0.09922553891661391 0.06750087057137542 -0.015541080906016812 -0.10008336397310279 0.9948576757808628 -0.07769907027544712
25958882390097 1311877841.418954814.pcd 1311877851.497032403.pcd 0.1874684723714118 0.9718493056660755 0.2344887992320301 -0.02288951967795997 0.01989950398457665 -0.2294730227068395 0.9641024018271108 0.13359899191604135 0.007835304808710258 0.053395308091192355 -0.12458556026248326 0.9907711033573445 -0.2727182423622842
25958882390098 1311877841.418954814.pcd 1311877851.497032403.pcd 0.1874684723714118 0.9989155469541935 0.018016644850788854 0.04293169646688609 0.04178955313991882 -0.0242351605177544 0.9885331218161619 0.14904671773330566 0.08915679484698247 -0.039754082153698064 -0.14992554012146683 0.9878977403412781 0.10411535409894833
25958882390099 1311877841.418954814.pcd 1311877851.497032403.pcd 0.1874684723714118 0.9580811885121986 0.16662986586789294 0.23305562430437327 -0.013662965396269718 -0.18243173703833618 0.9820549392548319 0.04782005443706644 -0.1527424876008684 -0.22090517771258444 -0.08833223695818335 0.9712869392582889 -0.0819506859022887
25958882390100 1311877841.418954814.pcd 1311877851.497032403.pcd 0.1874684723714118 0.9765298131648655 0.2053344900771596 0.06501746830618602 0.020702855630883508 -0.21224314415332912 0.96875585218734 0.12831580811688853 0.1431390792846602 -0.03663839188750262 -0.13910372402467824 0.9895998091159699 -0.2854240600230165
25958882390101 1311877841.418954814.pcd 1311877851.497032403.pcd 0.1874684723714118 0.952513399831744 -0.07064987129635308 0.29618713480970305 -0.0934676698063884 0.07647845744514128 0.9970381391060957 -0.008123713108281187 -0.0628147362554486 -0.2947359304322841 0.030389880777368816 0.9550953808173053 -0.007115081901363615
25958882390102 1311877841.418954814.pcd 1311877851.497032403.pcd 0.1874684723714118 0.9851342528430074 -0.02801738607576241 0.16948607598540796 -0.14413756879932146 0.05740413742019069 0.9835859127727388 -0.17106582710191534 -0.007073326764675158 -0.16191129942809326 0.1782520077656917 0.9705724871667268 -0.10612385864669137
25958882390103 1311877841.418954814.pcd 1311877851.497032403.pcd 0.1874684723714118 0.7734283368715308 0.5666539824145994 0.28409834905858283 0.17251426528368655 -0.6321550718656469 0.656435637228774 0.41167003691134957 -0.5436092788034385 0.04678218505666787 -0.49799148425422696 0.8659191121413103 0.6934260824034952
25958882390104 1311877841.418954814.pcd 1311877851.497032403.pcd 0.1874684723714118 0.9759731175538466 0.03265674558493102 -0.215429827971957 0.034488189615494 -0.002836694844196965 0.9905252688762607 0.13730129234633162 -0.7885791900193885 0.21787250164852565 -0.13339126165312706 0.9668186719028551 0.5223005639792063
25958882390105 1311877841.418954814.pcd 1311877851.497032403.pcd 0.1874684723714118 0.9667613071769736 -0.2552681418037062 -0.014517256130300691 0.3223037754634315 0.25214874279573324 0.9612736135212259 -0.11123871382920887 0.4868799857072104 0.04235075503460369 0.10388077650811227 0.9936876761941205 0.06455664528754926
25958882390106 1311877841.418954814.pcd 1311877851.497032403.pcd 0.1874684723714118 0.7206217359697205 0.07306284027071347 -0.6894680086991437 0.16173184098223167 0.28564089031041623 0.8748314447797527 0.3912534025503716 0.46492246077895244 0.631754379035602 -0.47888596199528194 0.6095528196745498 -0.26205482720825085
25958882390107 1311877841.418954814.pcd 1311877851.497032403.pcd 0.1874684723714118 0.9028871622023924 -0.2488292418529434 0.3505406976786004 0.5719333360658264 0.2748154138673863 0.9611569376629475 -0.02557008962209182 0.01558113365419585 -0.3305620374922198 0.11942089256605828 0.9361983709597652 0.3909005549930073
25958882390108 1311877841.418954814.pcd 1311877851.497032403.pcd 0.1874684723714118 0.9782994280008102 0.2050580915925805 -0.02968852043630015 -0.3489200424058697 -0.20678261544452545 0.9753202575505052 -0.0774037800209901 0.27502013736072445 0.013083543985069553 0.08186314362413155 0.9965576985768388 -0.3232966316819126
25958882390109 1311877841.418954814.pcd 1311877851.497032403.pcd 0.1874684723714118 0.7264588618066411 0.6486728607346055 0.22689434071607484 0.14998905586128347 -0.6469065504308584 0.7569117265113829 -0.09271759961951231 0.24285203832211252 -0.23188237775270104 -0.07942391337588509 0.9694959540254994 0.6089567690432097
25958882390110 1311877841.418954814.pcd 1311877851.497032403.pcd 0.1874684723714118 0.5927527603846011 -0.7566827125352751 -0.2758177615866934 0.266972406357701 0.790703599811218 0.6118482020193116 0.020726671978808967 0.6606771282766493 0.15307508713705545 -0.23037588900749595 0.9609864553998609 0.36421115271564536
25958882390111 1311877841.418954814.pcd 1311877851.497032403.pcd 0.1874684723714118 0.8979528848906291 -0.19219196390043397 -0.395907647726955 0.03483909433921655 0.03115026454636198 0.9251029724658174 -0.37843645616351584 -0.39744579427407817 0.43898778745574246 0.32748547959719265 0.8366857134657604 0.5641657939858009
25958882390112 1311877841.418954814.pcd 1311877851.497032403.pcd 0.1874684723714118 0.9938414898942701 -0.006329394330173531 0.11063015742622256 -0.6326006758429729 0.0239902132779488 0.9869793583227146 -0.15904784158158666 -0.42044979319162384 -0.10818300528094119 0.16072238491354005 0.9810528794902383 -0.9544676949202722
25958882390113 1311877841.418954814.pcd 1311877851.497032403.pcd 0.1874684723714118 0.590796590753668 0.8061741017600318 -0.03229095856813149 0.5241074310486249 -0.7999047448761135 0.5904921819884034 0.10710453835040788 1.26720767971591 0.10541246358245604 -0.0374473051364201 0.9937232571795314 -0.6664290431137787
25958882390114 1311877841.418954814.pcd 1311877851.497032403.pcd 0.1874684723714118 0.8311465245936931 -0.4761484223796377 0.2871900668916101 -0.9483760800720977 -0.41673723469883006 -0.19145764286290307 0.8886360606035258 -0.28973915340950435 -0.36813792506531784 -0.8582695677086326 -0.3575581313211031 -0.0006426848481539081
25958882390115 1311877841.418954814.pcd 1311877851.497032403.pcd 0.1874684723714118 0.45286848610154057 -0.5207143563238054 0.7237172745032301 2.49635962900181 -0.17633784138392017 0.7433803245375443 0.645205904178282 -0.3475423542729542 -0.8739651594841513 -0.41981216300714785 0.2448318765992324 0.6895084628165548
25958882390116 1311877841.418954814.pcd 1311877851.497032403.pcd 0.1874684723714118 -0.033148424834572254 -0.6780778891297388 0.7342421659128167 1.157445501783045 0.8391986886899507 -0.4178787481967495 -0.34802717236817104 -0.5207940487406802 0.5428137275641192 0.60463851025127 0.5828940976618917 -1.0345962679116527
25958882390117 1311877841.418954814.pcd 1311877851.497032403.pcd 0.1874684723714118 0.9691599079359661 -0.24596659371710916 -0.015149509059812591 -0.6173018896092861 0.06866821920144368 0.3285850317153667 -0.9419748152707241 0.7589991078060215 0.23667223859433378 0.9118839354368597 0.33534152706 0.2766915152633505
25958882390118 1311877841.418954814.pcd 1311877851.497032403.pcd 0.1874684723714118 0.6118896505236037 0.6797927567995673 0.4043177752522709 -1.1985081012566763 -0.6649268749946816 0.7189387281846057 -0.20248297712674054 0.02417390647411798 -0.4283261683482677 -0.14494451669223443 0.8919236405595187 0.8575348238615229
25958882390119 1311877841.418954814.pcd 1311877851.497032403.pcd 0.1874684723714118 0.31732619082057867 0.8747854689245957 -0.3661344998462675 1.3939234053439018 -0.34076336040946725 0.46548652712757566 0.8168247212622521 0.7109296191059236 0.8849770736136326 -0.1344346548367778 0.4458059025598104 -0.8704629213349425
25958882390120 1311877841.418954814.pcd 1311877851.497032403.pcd 0.1874684723714118 0.6385571642730574 -0.7485972601644234 -0.17845696968700855 -1.9036328004313154 0.4829091515780629 0.5703268977931415 -0.6644742139284314 0.22127797662396717 0.5992023859078891 0.3381262659539628 0.7256907943431025 -1.7053618323832487
25958882390121 1311877841.418954814.pcd 1311877851.497032403.pcd 0.1874684723714118 0.9014954609644337 0.04011164926527734 0.4309257354275118 -0.06091075085579917 -0.022476347125773746 0.9986912978994972 -0.0459402363914126 -1.6097000931888714 -0.43220452066169346 0.031729278167593473 0.9012172353137498 -0.1271346866572415
25958882390122 1311877841.418954814.pcd 1311877851.497032403.pcd 0.1874684723714118 -0.17133325399132174 -0.7649595256194797 -0.620871838820836 -1.603923326321698 -0.3663392905421942 -0.5355387459129636 0.7609164052844519 0.42931046922643185 -0.9145711783572602 0.3578200326840171 -0.18847913393323396 -0.050751899756040386
25958882390124 1311877841.418954814.pcd 1311877816.726856674.pcd 0.1645371299027317 0.926371328806207 -0.31148604047509515 -0.21168988581169793 -0.053405311305507665 0.3405150875474509 0.9328723633799871 0.11746756486106777 0.020121069749148603 0.16089013741797284 -0.18090218415205686 0.9702519072130913 0.14510536060829146
25958882390125 1311877841.418954814.pcd 1311877816.726856674.pcd 0.1645371299027317 0.993754227301568 0.06637973338826755 -0.0897009850311899 0.032525720161337 -0.06843120847290343 0.9974555824520719 -0.01998826511070721 -0.13646210744662005 0.08814593256186734 0.02600176975708388 0.9957681469811626 -0.12757312264759066
25958882390126 1311877841.418954814.pcd 1311877816.726856674.pcd 0.1645371299027317 0.9945671673945884 -0.0674926473119493 0.07925207946501471 -0.049113357282310886 0.07467163319493593 0.9930089090064662 -0.0914191108564729 -0.02869953540523867 -0.07252790315944012 0.09684032833800164 0.9926538440315851 -0.008179359394744014
