id source target overlap scale t1 t2 t3 t4 t5 t6 t7 t8 t9 t10 t11 t12
4215528470000 PointCloud25.pcd PointCloud16.pcd 0.13 53.06124064 0.8431254550830126 -0.5130887159396753 -0.1608708692288255 4.089713678598978 0.5333304063565185 0.7598104095420146 0.3718155714963894 -8.755330641182969 -0.0685430131133252 -0.39928449898157964 0.9142613106909727 1.8334066296994196
4215528470001 PointCloud25.pcd PointCloud16.pcd 0.13 53.06124064 0.9584965636155925 0.137552397930344 0.24972720188380093 0.1549798617506486 -0.150041763155793 0.9881748781365727 0.03158923121683733 2.2548711225488267 -0.2424289727862602 -0.06774767924720515 0.9678008292569379 4.385623374039586
4215528470002 PointCloud25.pcd PointCloud16.pcd 0.13 53.06124064 0.7261840527641648 0.6829743813250883 0.07875732324441687 1.7059657557305723 -0.6668668262333731 0.7276071929130135 -0.16086145868626464 12.217783962597005 -0.1671686501125158 0.06429437980770678 0.9838296982428928 1.8556393743579058
4215528470003 PointCloud25.pcd PointCloud16.pcd 0.13 53.06124064 0.9587654718697235 -0.21043068078292607 -0.1910175346287897 1.7231900937967009 0.13613596269973036 0.9300533081608814 -0.34127385431471063 -1.0785990104799505 0.24947097949509925 0.3011972319996234 0.9203501821728081 -3.5104005864048196
4215528470004 PointCloud25.pcd PointCloud16.pcd 0.13 53.06124064 0.9820909094617162 0.1884046986581435 -0.001055971681988676 -0.42189929633703116 -0.18839834032786604 0.9820826561492627 0.004440929239980698 1.7614204195881455 0.0018737434094865453 -0.004162452923827881 0.9999895814813733 -0.7962561343921883
4215528470005 PointCloud25.pcd PointCloud16.pcd 0.13 53.06124064 0.9967001347908961 -0.08106514152870525 0.0041574194809231016 0.49031061024756006 0.08104873556269734 0.9967022180491022 0.003973789084454296 -1.3995214915602465 -0.004465844992533114 -0.003623722523973646 0.9999834622950381 0.7206961827524734
4215528470006 PointCloud25.pcd PointCloud16.pcd 0.13 53.06124064 0.9614188379084307 -0.03014946729515803 0.27343157779711696 1.0886785906335454 0.06789376662901822 0.989233125477813 -0.12964667334845917 -1.4483091772576577 -0.2665787961705263 0.14320905376133122 0.9531143228139305 3.253252694295636
4215528470007 PointCloud25.pcd PointCloud16.pcd 0.13 53.06124064 0.8261649893334624 -0.4383908036555418 -0.3539278368112463 3.611920242611065 0.4768386229476717 0.8786424294593818 0.024746895140268566 -7.697382815417827 0.30012720314061525 -0.18921148068751925 0.9349452804902693 -4.276089277231647
4215528470008 PointCloud25.pcd PointCloud16.pcd 0.13 53.06124064 0.9648814975433396 -0.15176990789497063 0.21440520225981963 0.49593056154506066 0.17541925277410902 0.9798160856791439 -0.09585678901660308 -2.903747506312935 -0.19552948998730413 0.13010124250733524 0.9720297759036768 2.541254302231466
4215528470009 PointCloud25.pcd PointCloud16.pcd 0.13 53.06124064 0.9926861293243876 0.09976256225813275 0.06798293770246557 -0.015770354195350222 -0.10121717018240901 0.9946962068096772 0.018290451571930648 1.1850173275856095 -0.065797667946747 -0.025037718149465565 0.9975188116334636 0.747674681510851
4215528470010 PointCloud25.pcd PointCloud16.pcd 0.13 53.06124064 0.8312614979280305 0.552263520406979 0.0633192394943067 0.7311275525486263 -0.5138346703824932 0.719925413440851 0.46656331895567454 7.424118184843788 0.21208077134752598 -0.4203717439477947 0.8822184215458938 -0.6556459279022828
4215528470011 PointCloud25.pcd PointCloud16.pcd 0.13 53.06124064 0.997321200824289 0.0722406139059364 0.011476762997092375 0.40647154433591126 -0.07283129479400609 0.9952753511699398 0.06420730372925956 0.9618453912675856 -0.006784164283578653 -0.06487117276607718 0.9978705858271036 0.8948324838140307
4215528470012 PointCloud25.pcd PointCloud16.pcd 0.13 53.06124064 0.8517809206375949 0.12346125724281609 -0.5091429869867543 3.3760894541780164 0.003736651360672555 0.9703794279577699 0.2415570392949868 -0.6657649461657509 0.5238848162281284 -0.20765616715227647 0.8260893508387853 -8.644893649516208
4215528470013 PointCloud25.pcd PointCloud16.pcd 0.13 53.06124064 0.93236471761051 0.2767466197102987 -0.23260984896172632 0.8307578445171213 -0.07119912001300019 0.7713878390663083 0.6323697391953427 0.19299128142507943 0.35443859646552067 -0.5730376167578657 0.7389189205291857 -4.191226760015265
4215528470014 PointCloud25.pcd PointCloud16.pcd 0.13 53.06124064 0.7504535734240535 -0.5034745733381613 -0.42817378263623895 6.209751657283938 0.551005106949218 0.8343605498190458 -0.015357246548139775 -7.962872319716068 0.36498329585194655 -0.22440104034432637 0.9035659172641665 -4.762360213844347
4215528470015 PointCloud25.pcd PointCloud16.pcd 0.13 53.06124064 0.9772168044660682 0.20854337892216368 -0.039458537439354374 0.7955226115759437 -0.20921105957478825 0.977776224245033 -0.013578948881313883 3.418962028832162 0.03574981986976267 0.021524739460764428 0.9991289386112413 -1.3034894489294895
4215528470016 PointCloud25.pcd PointCloud16.pcd 0.13 53.06124064 0.9230570398570987 -0.29069052755193364 0.2519220481852051 1.3882155829306395 0.3548147471012813 0.8963741490934457 -0.2657440123059309 -4.440917714149082 -0.14856714444891264 0.3346825391749314 0.9305457546846991 0.9857694862442932
4215528470017 PointCloud25.pcd PointCloud16.pcd 0.13 53.06124064 0.7425244930934106 0.561711420377017 0.36488033295096545 1.8398295707145333 -0.5999817579003095 0.7999445713522505 -0.010515367369640163 10.625106057539568 -0.2977906434783132 -0.21111362576133746 0.9309950427766379 6.040355243271473
4215528470018 PointCloud25.pcd PointCloud16.pcd 0.13 53.06124064 0.929606284309291 -0.35979539556704654 -0.07987133091057094 2.322231770434616 0.3477431289395705 0.9280626925053728 -0.1333204975050535 -4.94038792568136 0.12209370355587826 0.09616086578452912 0.987849287818531 -2.842244746027595
4215528470019 PointCloud25.pcd PointCloud16.pcd 0.13 53.06124064 0.9324376417984981 0.36113222115891175 -0.01198177775151131 0.6034641130590366 -0.36114657221219704 0.9325085066120237 0.0010190562269684668 5.499652869841685 0.011541123716349924 0.003376971578832123 0.9999276966492726 0.06818158046894629
4215528470020 PointCloud25.pcd PointCloud16.pcd 0.13 53.06124064 0.9401795177895561 0.3146545131581485 -0.13059483786967366 1.4548018155201525 -0.28282087321492033 0.9345979844312235 0.21572890666538974 4.135972991544895 0.18993374635105728 -0.16588895335827225 0.9676807465020419 -2.2643488139384096
4215528470021 PointCloud25.pcd PointCloud16.pcd 0.13 53.06124064 0.8340449741741204 -0.4629007324487511 -0.3001531158480629 4.552620882825648 0.3950877231869697 0.8808840817841653 -0.26067014682583856 -4.9267816847320995 0.38506450374168133 0.09882381472943473 0.9175833376868257 -7.130234034658022
4215528470022 PointCloud25.pcd PointCloud16.pcd 0.13 53.06124064 0.8943256508492865 0.31391634905458776 0.31880739644688 0.002141467241242978 -0.13995980758638504 0.8730765895247713 -0.46706372272333035 3.51207846664703 -0.4249622130182658 0.3730868459488114 0.8247504609799171 5.623809087851367
4215528470023 PointCloud25.pcd PointCloud16.pcd 0.13 53.06124064 0.9926057713356359 -0.1120522401825942 -0.046669885164305626 0.5541618863809212 0.11219143666199159 0.9936865440618121 0.0003656367193336815 -1.751241719447469 0.046334266487186145 -0.005598894583256457 0.9989103003415972 -2.1205366556539147
4215528470024 PointCloud25.pcd PointCloud16.pcd 0.13 53.06124064 0.8289776332179494 -0.4573459279269084 0.3219173587010217 3.117634145696906 0.4212736494131326 0.8892035528667447 0.1784532260265964 -6.75091295110681 -0.36786491533511084 -0.012318432442219779 0.9297976448064699 6.651187523682502
4215528470025 PointCloud25.pcd PointCloud16.pcd 0.13 53.06124064 0.9996175403757374 -0.006569093753446012 -0.026862985322176538 0.49519678689697244 0.007533346575223575 0.9993250871176461 0.03595301025903624 0.3177479966478578 0.026608676452213906 -0.03614162786271855 0.9989923728802408 0.24201428248965895
4215528470026 PointCloud25.pcd PointCloud16.pcd 0.13 53.06124064 0.910566758550032 -0.4041387064515709 -0.08683365805572572 2.718748272187156 0.40748317391799427 0.8422856934243167 0.3528629672074353 -6.455302779880248 -0.06946683523383905 -0.35668854284987755 0.9316370764424448 2.8733047440882915
4215528470027 PointCloud25.pcd PointCloud16.pcd 0.13 53.06124064 0.9754506640814666 0.22003079805871087 -0.009080189902884036 -0.2015675685522158 -0.21802306662294 0.970713791784128 0.10089934023773212 4.689430181083098 0.031015227926854114 -0.0964426375921322 0.9948552021731192 0.15979882191821515
4215528470028 PointCloud25.pcd PointCloud16.pcd 0.13 53.06124064 0.9055312618786459 0.22612571851638197 -0.35899901557792235 1.1602245936355473 -0.2655750240721623 0.9619663049645626 -0.06395885163053415 4.808180169973521 0.33088221522097216 0.153257911829296 0.9311439051576218 -5.877833439587494
4215528470029 PointCloud25.pcd PointCloud16.pcd 0.13 53.06124064 0.8577945507262448 -0.18788532041501937 0.4784220052599017 1.6823050613301138 0.19466179157597352 0.980212286430961 0.0359257627646216 -3.19996679588493 -0.47570505110287836 0.06231356114308603 0.8773948509382049 6.496422028762718
4215528470031 PointCloud28.pcd PointCloud20.pcd 0.11 68.52668347 0.7833516479362908 -0.6139670772609884 -0.09697743920673994 5.29697853476072 0.5989008096714883 0.787287290445405 -0.1466169924598378 -10.219891877540167 0.16636711168477125 0.056772795798092586 0.9844281760529484 -3.570932210116813
4215528470032 PointCloud28.pcd PointCloud20.pcd 0.11 68.52668347 0.9868828625367507 0.01575661099781362 0.1606671865725302 -0.5271768253727167 0.004526129626575167 0.9921338436468224 -0.1250997619549528 -0.01583612409145202 -0.16137450164716882 0.12418601169393434 0.9790485711739136 3.052091255180386
4215528470033 PointCloud28.pcd PointCloud20.pcd 0.11 68.52668347 0.9887336800606483 -0.05455952237737963 0.1393878345899659 -0.2280637513700121 0.10625163305856905 0.9117285551268506 -0.39681435487982597 -0.7596173142993285 -0.10543386735823874 0.407153902454904 0.9072537678784408 1.173111762466142
4215528470034 PointCloud28.pcd PointCloud20.pcd 0.11 68.52668347 0.937214130750302 -0.2791395840389269 -0.20907119778805097 1.9109178985258293 0.25197594641618093 0.9564369466877939 -0.1474329998277176 -4.061904760493182 0.24111780429828364 0.08549537784643509 0.9667226824779015 -3.635699134668765
4215528470035 PointCloud28.pcd PointCloud20.pcd 0.11 68.52668347 0.9714356388603643 -0.22842874171019628 -0.0642892643654632 0.824616484524757 0.2278946836228074 0.9735604948201867 -0.015619734374628085 -3.952646597268423 0.06615748429630994 0.0005223850781357646 0.9978090570772615 0.08944582017115366
4215528470036 PointCloud28.pcd PointCloud20.pcd 0.11 68.52668347 0.7647117389341798 0.27619673972336134 0.5821780804036243 1.780521925271044 -0.2716129053842764 0.9574587197086375 -0.09746399172314366 4.807452724070238 -0.5843307162600433 -0.08359522127539759 0.8071985214400125 9.73175594284521
4215528470037 PointCloud28.pcd PointCloud20.pcd 0.11 68.52668347 0.9380271492272536 -0.19889399900362464 -0.28380670265682234 1.9962902191677738 0.1720444930911169 0.9781343972043779 -0.11684944759239997 -1.230800316644468 0.30084175193880985 0.06078057391942397 0.9517352374081844 -5.115123052123646
4215528470038 PointCloud28.pcd PointCloud20.pcd 0.11 68.52668347 0.8104835770488835 -0.44389781824009494 0.3821924885391259 2.916155772568894 0.5384258652278984 0.8215149607068114 -0.18764529567371233 -8.670055910303372 -0.23068150985208005 0.35786575177930824 0.9048304508115291 3.4691273914364418
4215528470039 PointCloud28.pcd PointCloud20.pcd 0.11 68.52668347 0.8975393732898949 0.31234174653071106 -0.3112325605853732 2.054154909846579 -0.3731737372295227 0.9140617412974523 -0.15884739512633078 7.264993536054407 0.23487110345151888 0.2587156092515768 0.936964139278047 -3.4870416680173437
4215528470040 PointCloud28.pcd PointCloud20.pcd 0.11 68.52668347 0.997777003357055 -0.06654200666723593 -0.003634958117092442 -0.9098490627378162 0.0666292308306889 0.9950780453911084 0.07335004553183254 -1.5825885398081914 -0.001263792200586368 -0.07342918309029904 0.9972996329589042 0.7864236489291585
4215528470041 PointCloud28.pcd PointCloud20.pcd 0.11 68.52668347 0.7325840375564608 -0.6804648879533152 0.016975399263527865 5.0715487900424066 0.6800305771589944 0.7327474020496155 0.025291479164815448 -11.983777776959396 -0.02964864324516475 -0.006984343363654385 0.999535980793838 0.3285594986096094
4215528470042 PointCloud28.pcd PointCloud20.pcd 0.11 68.52668347 0.9172340673032059 -0.11228700216394168 0.3821953622474413 0.27041405979364086 0.048852461004232836 0.9839149877003062 0.17182762883930008 -1.255514978025144 -0.3953417544761087 -0.1389349708451451 0.9079658424434318 7.9740620103782724
4215528470043 PointCloud28.pcd PointCloud20.pcd 0.11 68.52668347 0.9094993658347799 0.3831860735580893 0.16118106767628745 0.9447530308521017 -0.3942342667616101 0.9180490068945282 0.04201623318321434 6.802333737995093 -0.1318720836912384 -0.1017568374661143 0.9860300703182565 3.039880391836229
4215528470044 PointCloud28.pcd PointCloud20.pcd 0.11 68.52668347 0.818224010039517 -0.2089896305379096 0.535567739620751 1.6860762164689795 -0.000802817193460828 0.9311686592317943 0.3645878269347685 0.3355879721554432 -0.574898969280174 -0.29874447675579013 0.7617367739111083 11.350371199880705
4215528470045 PointCloud28.pcd PointCloud20.pcd 0.11 68.52668347 0.9738758023412722 -0.20465888555469125 -0.09839035612119178 0.763457196679056 0.17488355199543743 0.9523409887147347 -0.24992475758775978 -2.6282816223027896 0.14485049138888792 0.22618881886015751 0.963253317340275 -2.4600710622198565
4215528470046 PointCloud28.pcd PointCloud20.pcd 0.11 68.52668347 0.9987905310959556 0.02677462258709334 -0.04123826594775373 0.2559276658383034 -0.040898188028185775 0.9179634282034245 -0.3945509887163224 1.87243820877516 0.027291266168320505 0.3957603619190975 0.9179482135309132 -1.1697344012719868
4215528470047 PointCloud28.pcd PointCloud20.pcd 0.11 68.52668347 0.7631970599663903 0.5031977809140302 -0.40536679802600206 3.848571603657703 -0.42452333569856004 0.863424695983879 0.2725394133194565 6.884933434548901 0.48714493234152156 -0.035913613690931226 0.8725823899470083 -8.194035157312602
4215528470048 PointCloud28.pcd PointCloud20.pcd 0.11 68.52668347 0.9969970136116646 0.031306205091091256 -0.07082991156437307 0.5600731285245004 -0.06549177281980553 0.8289558851103824 -0.5554664420410846 2.8249164575502013 0.04132532567737804 0.558437160353479 0.8285168407425414 -1.6514862134793902
4215528470049 PointCloud28.pcd PointCloud20.pcd 0.11 68.52668347 0.9713223992867526 -0.23604749816985557 0.028537260758148438 0.5297021684060716 0.2361662087392354 0.9717123325890085 -0.0008151957827091322 -4.351595528007367 -0.027537583291974085 0.007531354604604352 0.999592397032039 0.9944167745950718
4215528470050 PointCloud28.pcd PointCloud20.pcd 0.11 68.52668347 0.9988302209325346 0.03454110109985027 0.03383935706649795 -0.3554757274204299 -0.03148058953112638 0.9956985491186778 -0.08713995504779994 0.9646151362084839 -0.03670370873136335 0.0859727376426375 0.9956211760240907 -0.6653062132052696
4215528470051 PointCloud28.pcd PointCloud20.pcd 0.11 68.52668347 0.8686388706359006 -0.4179746466428894 -0.2660144867937438 4.297711836360875 0.2742697412577483 0.8528155939507269 -0.44438909948926136 -3.030454012057371 0.41260467938548023 0.31305392103952406 0.8554265725770883 -7.513504112987837
4215528470052 PointCloud28.pcd PointCloud20.pcd 0.11 68.52668347 0.7704813694848501 -0.5943591618753719 -0.23042492480535928 5.474726895985853 0.5825773656453253 0.8032665504626739 -0.12396153413680153 -9.937302410165387 0.25877030802335665 -0.03873029308696252 0.96516210663437 -3.077853091402388
4215528470053 PointCloud28.pcd PointCloud20.pcd 0.11 68.52668347 0.9885080001214578 0.07151219435481587 0.13318385695884843 -0.7949702525221873 -0.06469391202961797 0.9963970277720172 -0.054842144317978646 0.036097100810632554 -0.13662588130431225 0.04559571367627648 0.9895728368605168 2.131423924633905
4215528470054 PointCloud28.pcd PointCloud20.pcd 0.11 68.52668347 0.9997858211761241 0.01776040706185337 0.010624486631377722 0.5872315788117533 -0.017749418664931238 0.9998418307525384 -0.0011276588443619557 -0.5976244334942655 -0.010642833844425338 0.000938838862396649 0.9999429227057663 0.7471213907462548
4215528470055 PointCloud28.pcd PointCloud20.pcd 0.11 68.52668347 0.8595107363003403 0.45252234183214374 -0.23762328237611596 3.1456008465182954 -0.5089661549314375 0.7151590104408345 -0.479062671181542 10.61101922179981 -0.04684813036562757 0.532701717594414 0.8450054039787003 0.38445800967381816
4215528470056 PointCloud28.pcd PointCloud20.pcd 0.11 68.52668347 0.8147103498598338 -0.5534770325508364 -0.1729457148066625 4.229615190785665 0.4877002790482857 0.8153683724328181 -0.31196611202577973 -6.330241181898774 0.31368054394158906 0.16981634690152056 0.9342199551912447 -5.937320622978594
4215528470057 PointCloud28.pcd PointCloud20.pcd 0.11 68.52668347 0.9379950570490915 0.3465781602461223 0.006989405688956169 1.817730981449838 -0.3464439149172813 0.9379433848972241 -0.015453819732520548 6.529014648251257 -0.011911623241991657 0.012074169451804895 0.9998561534859852 0.810636400879841
4215528470058 PointCloud28.pcd PointCloud20.pcd 0.11 68.52668347 0.9601621629347169 -0.03283959718797549 -0.2775070840988702 1.4628202790504474 -0.012442643541463972 0.9870616372568853 -0.15985776452039063 0.6514829975494306 0.27916626137523487 0.15694229867148024 0.9473306251765988 -6.325279573948221
4215528470059 PointCloud28.pcd PointCloud20.pcd 0.11 68.52668347 0.893113490019325 -0.05369335375558934 0.4466154024526898 0.8230501016761487 0.025383960197663133 0.9972843116312301 0.06913505868158965 -0.7593036082463172 -0.44911462736163965 -0.05040858594228298 0.892051022057099 7.919583020691978
4215528470060 PointCloud28.pcd PointCloud20.pcd 0.11 68.52668347 0.9055126986548236 0.41862417795626167 0.06928600295371636 0.7314499525314009 -0.42414347474739517 0.8976878810616727 0.11941013786194854 6.987470992076217 -0.012209234376652351 -0.1375146022262651 0.9904244891815266 0.63831909087703
4215528470062 PointCloud23.pcd PointCloud15.pcd 0.17 44.00590289 0.9930763302757863 0.01696096909504565 -0.11623995773112701 -0.0886336250366977 -0.04632362278407139 0.9658773664480108 -0.25482353689487564 1.4290144540069867 0.10795149011540485 0.2584438788418327 0.9599756441030427 -1.390282337599876
4215528470063 PointCloud23.pcd PointCloud15.pcd 0.17 44.00590289 0.9879293863958298 -0.08272774864394072 0.1309642970426077 0.7274968106852597 0.06420319708310973 0.9880902195584388 0.13984158000131353 -1.8205496690725527 -0.140973320099467 -0.12974527974944355 0.9814747502625181 2.045644338050067
4215528470064 PointCloud23.pcd PointCloud15.pcd 0.17 44.00590289 0.7856708888931877 0.5312592849482666 0.3169934171273042 0.644179641784163 -0.538939865041345 0.8393525477909707 -0.07093040522951588 8.510644221570686 -0.30375166866209213 -0.11511243491935635 0.9457716696496739 6.075832744761168
4215528470065 PointCloud23.pcd PointCloud15.pcd 0.17 44.00590289 0.9278079506848379 -0.3631101386261975 -0.08557706394160147 1.8472431284877437 0.35929558463287975 0.9314841896417061 -0.05695513419219833 -5.218853002620241 0.10039466872956193 0.02209596511578044 0.9947023066306239 -0.9472852421391855
4215528470066 PointCloud23.pcd PointCloud15.pcd 0.17 44.00590289 0.9999293964061889 6.956497271555701e-05 0.011882649682179048 0.043486530006230595 0.0028336495136554347 0.9697384159702825 -0.24412983230625707 0.5850926077533771 -0.01154004476544953 0.24414626712723259 0.9696697518303072 -0.8043244859387839
4215528470067 PointCloud23.pcd PointCloud15.pcd 0.17 44.00590289 0.9932626178205488 0.11571709277896562 -0.006239108834980173 -0.3032978670948854 -0.11583445538729052 0.9929805963136363 -0.02391472955617637 2.120870265461024 0.0034279710325883566 0.024476310657440152 0.999694532960544 -0.5146199463989984
4215528470068 PointCloud23.pcd PointCloud15.pcd 0.17 44.00590289 0.9860678867929624 -0.1632499983358159 0.031930560267828964 0.7971443081492122 0.16290938756468462 0.986555250589822 0.013010341154368492 -2.0164415036647694 -0.03362520005830047 -0.0076272915907143815 0.9994054084024308 0.04125727079886787
4215528470069 PointCloud23.pcd PointCloud15.pcd 0.17 44.00590289 0.850229015280939 -0.39367799689655014 0.34946853411133405 2.665509913737722 0.45452926881414046 0.8838989830140545 -0.11011689978383392 -5.7092196303479765 -0.2655442813650627 0.25246826055217314 0.9304547340134673 2.405140574727769
4215528470070 PointCloud23.pcd PointCloud15.pcd 0.17 44.00590289 0.888254814150377 0.4592447683948996 0.009880680168605818 -0.34657411618554335 -0.4590674849064801 0.8867454084538201 0.05421830768021568 7.048981142597741 0.016137826381452128 -0.052695571806205155 0.9984802187683536 -0.8554166471747862
4215528470071 PointCloud23.pcd PointCloud15.pcd 0.17 44.00590289 0.8889184201255805 -0.4137172451361887 -0.19662676175527216 3.5676627327787287 0.4531454072277894 0.8569787906374537 0.24545181259450502 -6.515794721100823 0.06695731677570921 -0.3072871514959418 0.9492583021789734 0.05161228126769091
4215528470072 PointCloud23.pcd PointCloud15.pcd 0.17 44.00590289 0.8300382418616139 -0.5183386872530922 0.20581914960474898 3.601755154640717 0.5275239252060726 0.8494573469230331 0.011862718645384573 -7.323990243596976 -0.18098349477910633 0.09872801555395909 0.9785181416623395 2.5888179609631194
4215528470073 PointCloud23.pcd PointCloud15.pcd 0.17 44.00590289 0.9614785658309067 0.18509244922965207 0.20322340585156884 0.6123492894458291 -0.1575860737609488 0.976920093027323 -0.1442004202355022 3.030900655916202 -0.22522343751117824 0.10662043461576816 0.9684557223322051 2.6509031244131793
4215528470074 PointCloud23.pcd PointCloud15.pcd 0.17 44.00590289 0.9912906726720297 -0.1263970091829027 -0.03696753092988611 0.5552866607987195 0.13167553477454985 0.9557621756053238 0.2630213246564135 -2.125678243932213 0.00208705900040913 -0.26559830525023187 0.9640815237483464 1.7299643693362672
4215528470075 PointCloud23.pcd PointCloud15.pcd 0.17 44.00590289 0.986957168767106 0.10130696468195674 0.1251097355370347 -0.9371389995319799 -0.13049920450216268 0.9585465882329373 0.2532950765634786 2.2765940448908006 -0.09426295477821983 -0.2663181125907972 0.9592649051552729 3.309205274651208
4215528470076 PointCloud23.pcd PointCloud15.pcd 0.17 44.00590289 0.9816243005447512 0.1791261370642399 -0.06578418959348012 -0.2366830549711576 -0.1585729074654978 0.9574892871370085 0.24097489088243548 2.044952348095654 0.10615255813199448 -0.2261152185022188 0.9682993041222984 -0.19840588294576778
4215528470077 PointCloud23.pcd PointCloud15.pcd 0.17 44.00590289 0.8879824584279655 -0.44463525523048353 -0.11741653772083913 3.5206659831121545 0.4478388593311332 0.8941137155356119 0.0010098336953577834 -5.718481056974403 0.10453472914403106 -0.053480402926918774 0.9930822407563024 -0.7751132705250301
4215528470078 PointCloud23.pcd PointCloud15.pcd 0.17 44.00590289 0.986733280147128 0.15372342390121504 0.05221630774170847 -0.5764701122465059 -0.15043196328318661 0.98667298477641 -0.06202133129155153 2.4741282410780348 -0.06105455161456392 0.05334350997542009 0.9967079871610576 1.5983602214511479
4215528470079 PointCloud23.pcd PointCloud15.pcd 0.17 44.00590289 0.7467094696276689 -0.22294949056581642 -0.626672556144601 5.434565176692688 0.2640039451197177 0.9641027152532867 -0.02842307869434451 -4.257296570918676 0.6105136238689438 -0.14422024510339299 0.7787641722451841 -7.485255602715043
4215528470080 PointCloud23.pcd PointCloud15.pcd 0.17 44.00590289 0.9900999541517652 0.12434920417230914 0.06511033873653095 0.2836606922124183 -0.12791072694257125 0.9903297825638265 0.05371934195526668 1.8518157923250165 -0.057800750182808246 -0.06151582876623927 0.9964310694119826 1.1873917163016174
4215528470081 PointCloud23.pcd PointCloud15.pcd 0.17 44.00590289 0.764133611714437 -0.29659575533028304 -0.5728270082392317 4.625214580030546 0.38855568678319896 0.9204803000863433 0.04171924521599063 -5.994524937799747 0.5149022253949642 -0.254454269119255 0.8186139036263061 -6.009654362087985
4215528470082 PointCloud23.pcd PointCloud15.pcd 0.17 44.00590289 0.9993572709211802 -0.02959544386994052 -0.020227574227078365 0.4734644670700572 0.03010394271674257 0.999226163349323 0.025314563221575378 -0.49481863419252714 0.019462725653870968 -0.025907222551505873 0.9994748711847582 0.8902794284394715
4215528470083 PointCloud23.pcd PointCloud15.pcd 0.17 44.00590289 0.9938422638616289 0.09779726047979863 -0.05208887026072413 -0.10068474357099078 -0.10739809756381945 0.9658761785829785 -0.23568804866945284 2.7270610749744613 0.027261753466430838 0.2398309894250292 0.9704318076554102 -2.4322640478931383
4215528470084 PointCloud23.pcd PointCloud15.pcd 0.17 44.00590289 0.9868374011958956 0.1540676035894262 -0.0491438411720379 0.8360285701947809 -0.16119403358939619 0.9615222044327024 -0.22246692769501075 3.739076829352227 0.01297794807015603 0.22746037876317704 0.9737008518825484 -0.9509217776682894
4215528470085 PointCloud23.pcd PointCloud15.pcd 0.17 44.00590289 0.8384730286030654 0.5356201340353888 -0.10036957866363283 0.6813222513876589 -0.4948624814414544 0.8255181529453275 0.27135014947359276 6.8584536587879725 0.22819751262187143 -0.17785064288229924 0.9572330145056341 -2.365989606215902
4215528470086 PointCloud23.pcd PointCloud15.pcd 0.17 44.00590289 0.9237337199005888 -0.24205945539242651 0.2968555789836905 1.2409760772216707 0.08224457762566638 0.8822748171251369 0.4634943112034729 -1.7637325835315814 -0.37410138220781275 -0.403730562531409 0.8348950764666635 8.31577505885504
4215528470087 PointCloud23.pcd PointCloud15.pcd 0.17 44.00590289 0.8361903080943502 -0.48035956193458834 0.2646515820982104 4.293886728336069 0.48050138431178663 0.874297507526022 0.06871890575556368 -6.76502298645244 -0.26439400205665053 0.06970336858284311 0.96189253666128 4.505212986129629
4215528470088 PointCloud23.pcd PointCloud15.pcd 0.17 44.00590289 0.7711319540163806 0.6361441692689522 -0.02600202684395034 1.9722088412036989 -0.6366432237887174 0.7700393909201331 -0.04153001366794546 10.625188701300186 -0.006396491130918929 0.04857913478506309 0.998798854907607 -0.01460200183328686
4215528470089 PointCloud23.pcd PointCloud15.pcd 0.17 44.00590289 0.7388366576801416 -0.567465848546071 0.3634596318739193 5.038611785288966 0.5304124874359787 0.82238777016588 0.2057691635147732 -7.5374039093832375 -0.4156717291806301 0.04075372639991702 0.9086012036886731 5.9542420482645895
4215528470090 PointCloud23.pcd PointCloud15.pcd 0.17 44.00590289 0.9849872620940057 -0.01848314308489661 0.17163469035791684 -0.452747106302569 0.0067007925107904626 0.9975958807179892 0.06897505457936969 0.06916783031686963 -0.17249693589244447 -0.06678946171517579 0.9827430869314295 3.6855862556640866
4215528470091 PointCloud23.pcd PointCloud15.pcd 0.17 44.00590289 0.9729047392960404 0.23117542064005092 -0.003780627884259889 -0.5272680170489252 -0.1962864606379937 0.8344942495617129 0.5148698600798487 2.1814534848964104 0.12218016870799073 -0.5001772409259833 0.8572600154178182 -0.31151797719915564
4215528470093 PointCloud18.pcd PointCloud2.pcd 0.13 46.64744205 0.7323189588298733 -0.6809617774246847 -1.4998149000843355e-05 5.944833942701773 0.6809585859908794 0.7323155937803226 -0.0030455330363761343 -5.580177435370402 0.0020848749680474473 0.0022200884639448585 0.9999953622410356 -0.6152771438101746
4215528470094 PointCloud18.pcd PointCloud2.pcd 0.13 46.64744205 0.9103809614116615 -0.3933427748727358 0.12840547712070238 2.628576952203778 0.3866610260475822 0.9192135199230205 0.07442953531066696 -4.040292509776533 -0.1473083705531017 -0.018109838379928085 0.988924808930812 1.2110714058927052
4215528470095 PointCloud18.pcd PointCloud2.pcd 0.13 46.64744205 0.8436556517779864 0.35892048971543333 -0.39927587365816963 0.4369451768647643 -0.30296148836685455 0.9322356018216402 0.19786641772363658 3.0482309212541367 0.443237495920191 -0.04596590865715469 0.8952249200350272 -4.485782123477266
4215528470096 PointCloud18.pcd PointCloud2.pcd 0.13 46.64744205 0.9286265034981853 0.2969682564023953 -0.2224020496534508 -0.5081676731933626 -0.3288466234195999 0.9363696795579796 -0.12276693964587776 3.6721814938669954 0.17179265195654517 0.1871407969786597 0.9671947098903765 -3.175982191166169
4215528470097 PointCloud18.pcd PointCloud2.pcd 0.13 46.64744205 0.933242287901106 0.35407676923132436 -0.060732804676030656 -0.8799067405137588 -0.3523834902789631 0.9351243110462284 0.036991873014660975 4.254903338955826 0.06989068501542489 -0.013121142519779175 0.9974683592811606 -0.40873112727870997
4215528470098 PointCloud18.pcd PointCloud2.pcd 0.13 46.64744205 0.867875024937533 0.4967801061586378 0.0015707369890947953 -1.1521937441487395 -0.49186141514063336 0.8588295388039072 0.14312292469664523 5.62953661524718 0.06975162640060763 -0.12498539675850355 0.9897036734354326 0.7506042253886509
4215528470099 PointCloud18.pcd PointCloud2.pcd 0.13 46.64744205 0.9920799117919132 0.11952364247924209 0.03862055809337993 -0.8172918158879057 -0.1254438443173723 0.958515066017609 0.2559545079504123 1.1705938975985442 -0.006425771691297547 -0.2587720369471036 0.9659170473453806 1.6233134655100867
4215528470100 PointCloud18.pcd PointCloud2.pcd 0.13 46.64744205 0.9328949059792386 0.36009593863520906 0.006165174483775647 -1.9868213978412061 -0.3594704160903097 0.9299513453466273 0.07727557986749485 4.755352887367298 0.022093310160481758 -0.07430619265192993 0.9969907097760375 0.5152874494945163
4215528470101 PointCloud18.pcd PointCloud2.pcd 0.13 46.64744205 0.9938983369540673 0.004200756946030579 -0.11022000472246278 0.6194493465384099 0.0010623265896013336 0.9988635959574897 0.047648590043038154 0.06264415900662636 0.11029491040912255 -0.04747494404370441 0.9927644042903083 -0.3733218240537295
4215528470102 PointCloud18.pcd PointCloud2.pcd 0.13 46.64744205 0.8054956041834344 -0.5810062577825549 0.11665573307247112 5.122602717615166 0.5900085356489596 0.7678826811349971 -0.24949171504139955 -4.816333082582777 0.05537833062249742 0.26979235799117796 0.961324775539997 -2.958149466743169
4215528470103 PointCloud18.pcd PointCloud2.pcd 0.13 46.64744205 0.8749444619446465 0.48317020163138313 0.03191778137467877 -1.0196316513000507 -0.4840960114432452 0.8743233611095959 0.03478091319618657 5.524865660321218 -0.011101361048745303 -0.045882638039980404 0.9988851502096513 0.7407762755375478
4215528470104 PointCloud18.pcd PointCloud2.pcd 0.13 46.64744205 0.9037450761943032 0.3951466727385311 -0.1646327557876044 -0.2165733306290054 -0.42191099586882086 0.8872404016169269 -0.1865357373363449 4.885267878015684 0.07235985640901031 0.23804112409897213 0.9685558705713186 -1.9932528657881283
4215528470105 PointCloud18.pcd PointCloud2.pcd 0.13 46.64744205 0.7638049860209964 -0.02951129404747989 0.6447720735679459 1.3702581277520824 0.2168787115695332 0.952606838516421 -0.2133162808594048 -1.9998659736551048 -0.6079190470756815 0.302769375491301 0.7340062244063077 5.460809615526761
4215528470106 PointCloud18.pcd PointCloud2.pcd 0.13 46.64744205 0.9926766972812312 -0.12080126911911825 -0.00016749339524090503 1.136245792775389 0.12080052476216464 0.9926739054968619 -0.002398033109274649 -1.8532930048686487 0.0004559517657887614 0.002360238296846502 0.9999971106874107 1.1270260271321921
4215528470107 PointCloud18.pcd PointCloud2.pcd 0.13 46.64744205 0.991656110626524 -0.1283768114567378 0.011728279382598268 1.3150534887019312 0.1278815371231426 0.991131128422759 0.03613030216384481 -1.3495131474468742 -0.01626255576769487 -0.034329004524303104 0.9992782639126465 -0.14753168902280223
4215528470108 PointCloud18.pcd PointCloud2.pcd 0.13 46.64744205 0.9484797157211206 -0.17529740042567454 0.26392622126189524 0.7830635227494724 0.20527812232017922 0.9745150886498076 -0.09045017684094939 -1.9788858606708488 -0.24134440404178362 0.13996843714873078 0.9602925154555032 0.9798826987917053
4215528470109 PointCloud18.pcd PointCloud2.pcd 0.13 46.64744205 0.9878280028982469 0.1458746940681328 -0.05400379913107679 -0.9546295783218177 -0.1283143030594558 0.9604299063202622 0.24720403450594933 1.5475277409662762 0.08792767664636185 -0.2372656078663343 0.9674573659874588 1.170870609401443
4215528470110 PointCloud18.pcd PointCloud2.pcd 0.13 46.64744205 0.9720062866744628 0.22588529615160746 0.06464991606972685 -0.9609289619556343 -0.23449210517612662 0.949905967729113 0.20662067922327118 2.449960863695859 -0.014738767770424915 -0.2159964940806173 0.9762828910052104 1.8936858019728813
4215528470111 PointCloud18.pcd PointCloud2.pcd 0.13 46.64744205 0.7221410632707584 0.34245046883642744 -0.6010324127132326 2.872561786760013 -0.422978489070245 0.9061038577821762 0.008062052847170098 4.454102894415168 0.5473586415888866 0.24840184239648655 0.7991839851823859 -7.363760327527553
4215528470112 PointCloud18.pcd PointCloud2.pcd 0.13 46.64744205 0.8575885301081698 -0.5143027917617118 0.005878044999677437 3.49205771516508 0.5047654415618332 0.8437697223400755 0.1823855933648259 -4.9241611636286295 -0.09876113624192659 -0.15344475894686488 0.9832095117114878 1.219662287381221
4215528470113 PointCloud18.pcd PointCloud2.pcd 0.13 46.64744205 0.9986321828477076 0.006395478755778587 0.05189278593703604 -0.11607650987244078 -0.0083177222902192 0.9992839180114262 0.036911606570775884 0.48100780038872826 -0.051619559052024575 -0.037292748024479766 0.9979702761445639 0.08240280052492244
4215528470114 PointCloud18.pcd PointCloud2.pcd 0.13 46.64744205 0.8283520504436112 -0.22319882426569815 0.5138240607175527 1.9352320891915795 0.25235639174881014 0.9675407933255549 0.013456031899384366 -2.555842799924021 -0.5001491098356433 0.11852045434171347 0.8577900499733297 4.891021170925108
4215528470115 PointCloud18.pcd PointCloud2.pcd 0.13 46.64744205 0.9991608722766397 0.03856627554594578 -0.013791073268554093 -0.21012704038626495 -0.03875335296619611 0.9991567242164624 -0.013565326642048882 0.12618775611105804 0.013256279465289712 0.014088393930546051 0.9998128765980141 0.7067302979239594
4215528470116 PointCloud18.pcd PointCloud2.pcd 0.13 46.64744205 0.9981161516490619 -0.045882680505457595 -0.04072993305790136 0.12386769676137988 0.04357390395031844 0.9974868120601835 -0.05586926400571848 -0.8160295480034407 0.04319100267180015 0.05398925259388529 0.9976069856875294 -0.29646636977813756
4215528470117 PointCloud18.pcd PointCloud2.pcd 0.13 46.64744205 0.9970608613770672 -0.003756321891751154 -0.07652142677620821 0.16217152744491337 0.033998879617138385 0.9167563669995782 0.39799728610948354 -0.5251223195038335 0.06865649929031029 -0.3994291596911526 0.9141896036893109 1.0170639824076475
4215528470118 PointCloud18.pcd PointCloud2.pcd 0.13 46.64744205 0.8060552073894284 0.5852457537608377 -0.08810454213770616 -0.22197691236735295 -0.5770876671522222 0.8102359783638742 0.1024084165756991 7.240441804618077 0.1313195608475444 -0.031702792773584614 0.9908330363230545 -0.7136387405800648
4215528470119 PointCloud18.pcd PointCloud2.pcd 0.13 46.64744205 0.9641911049443006 -0.2533070031082649 0.07855619213402686 1.712535822178932 0.25833866327718324 0.9640488615772238 -0.06221677866795238 -1.4317056672350224 -0.059972061849221006 0.08028296623797808 0.994966329646177 0.5870338236992605
4215528470120 PointCloud18.pcd PointCloud2.pcd 0.13 46.64744205 0.9432464318127312 0.03200476124854598 0.3305478242705198 -0.03237684647303851 -0.009693450426388747 0.9975745794346962 -0.06892746538587134 -0.09558835324816692 -0.3319521138528599 0.06181143683100173 0.9412688990854342 2.9537651719805784
4215528470121 PointCloud18.pcd PointCloud2.pcd 0.13 46.64744205 0.8779123614457861 -0.4784117604257255 -0.0198008360187532 3.9086782779205187 0.4788077541792241 0.8768248427502338 0.043832974732219435 -4.183294937043108 -0.0036083456778710048 -0.047962304181366544 0.9988426288555584 -0.6076656906494938
4215528470122 PointCloud18.pcd PointCloud2.pcd 0.13 46.64744205 0.9736064104447164 0.15996764198330504 -0.16279100423320567 0.17453870699428542 -0.06360027315276781 0.8751701906510534 0.4796166621904333 0.9616138207365182 0.21919298071755802 -0.45660430452865863 0.8622452935737325 0.13765371273537053
4215528470124 PointCloud24.pcd PointCloud16.pcd 0.13 50.53665614 0.9746706068154114 0.22289314754194942 0.018326292285150952 -0.49339203686979793 -0.2211668613686433 0.9484623885679624 0.22694562543547506 2.974888683261995 0.03320282581982043 -0.22525039900252872 0.9737349896695612 1.096272047054029
4215528470125 PointCloud24.pcd PointCloud16.pcd 0.13 50.53665614 0.987115182796569 0.06575574257638936 0.14587596858538418 -0.6163451213203217 -0.013079657372562968 0.941768195323718 -0.3360083166228535 2.2204814161433233 -0.15947582404713492 0.3297709031963479 0.9304937468621444 0.6905464055444699
4215528470126 PointCloud24.pcd PointCloud16.pcd 0.13 50.53665614 0.9946285407356927 -0.005846979617765376 0.10334349898922483 -0.26703806668542285 0.04015956304458515 0.9419937529720874 -0.333219115384502 0.1755306231199728 -0.09540060508222402 0.3355794722430314 0.937168684047346 1.2793276938687845
4215528470127 PointCloud24.pcd PointCloud16.pcd 0.13 50.53665614 0.9116012854511336 -0.3474112601887844 0.21974647359600943 1.4788546817101924 0.4092184864692932 0.8176935335299442 -0.4048672814084821 -4.416116629777667 -0.03902981803213759 0.4590018535010016 0.8875775863478209 -1.4247023800085876
4215528470128 PointCloud24.pcd PointCloud16.pcd 0.13 50.53665614 0.8596869307109902 0.5066768939555284 0.06493771089509834 0.3084912228878398 -0.5108072057035393 0.8536323385798126 0.10192070021395296 7.900960399809621 -0.0037920661992243143 -0.12079054458995762 0.9926707735052958 -0.16355001542080183
4215528470129 PointCloud24.pcd PointCloud16.pcd 0.13 50.53665614 0.999674039848878 -0.012736892069622634 0.022126582036788925 0.0766052844199745 0.008785764214278832 0.9853582182232232 0.1702703501115975 -0.6239862802527222 -0.023971324523168587 -0.17002044982990042 0.9851489340400482 -0.4662284886197785
4215528470130 PointCloud24.pcd PointCloud16.pcd 0.13 50.53665614 0.999281972371512 0.008178832881629221 -0.03699522112374812 -0.26551807788724524 -0.008427687173615 0.9999428653550189 -0.0065757215952349365 0.2742555505236417 0.03693932568691967 0.006882784196001975 0.9992938073957562 -0.28263185369512955
4215528470131 PointCloud24.pcd PointCloud16.pcd 0.13 50.53665614 0.8794096801064105 0.4014824800751308 -0.255832821834617 1.4742874551192475 -0.2916772541046801 0.8791022589547248 0.3769663084927535 4.700517071480474 0.376248580028011 -0.25688720577993385 0.8901943436876485 -4.667516187994238
4215528470132 PointCloud24.pcd PointCloud16.pcd 0.13 50.53665614 0.7777609961851182 -0.625062536106076 0.06621675595929608 5.04746457087758 0.5928753144227084 0.7645141798862259 0.25301567204634956 -9.28948269611238 -0.20877426652082207 -0.15752744113179662 0.965193457773705 3.7192039802289734
4215528470133 PointCloud24.pcd PointCloud16.pcd 0.13 50.53665614 0.7256113559594627 -0.6879316211167686 -0.015435179633704658 6.293093379829877 0.6839062083487856 0.7185283134112956 0.12644904510634483 -8.225792641270221 -0.075897682999269 -0.10230907825786346 0.9918530103908385 1.3544508830754132
4215528470134 PointCloud24.pcd PointCloud16.pcd 0.13 50.53665614 0.8897034416846148 0.44140359246985383 -0.11657896212121016 0.6377863165982056 -0.4459508639774755 0.8949333892394862 -0.014901534889716721 7.479455927500877 0.09775281465152047 0.0652464357573154 0.9930696299095407 -2.1193741972740705
4215528470135 PointCloud24.pcd PointCloud16.pcd 0.13 50.53665614 0.8660979118651182 0.21694231203361222 0.4503448015825124 0.3029904523560969 -0.11810425944678635 0.9642177646100315 -0.23735097705920627 2.721827485621038 -0.48572192761229943 0.15238154632351159 0.8607288036174039 6.636846127058978
