id source target overlap t1 t2 t3 t4 t5 t6 t7 t8 t9 t10 t11 t12
4215528470000 PointCloud23.pcd PointCloud26.pcd 0.12688691704902316 0.972006486732488 0.23488206536436096 -0.0058142170700369415 3.395936331846764 -0.23489640916565252 0.9720185303907398 -0.0019114230585553084 -2.023534572301962 0.005202567736011526 0.003223654323667131 0.9999812704954797 -0.24431079368277075
4215528470001 PointCloud23.pcd PointCloud26.pcd 0.12688691704902316 0.9928442544963054 -0.11712696483335228 0.02327145080569962 0.016386702949848283 0.11719950302340293 0.9931068079176024 -0.0017732903816253154 -0.014151906692509807 -0.02290333610509192 0.00448800363601182 0.9997276104112661 -1.1230855281624819
4215528470002 PointCloud23.pcd PointCloud26.pcd 0.12688691704902316 0.8959717399464846 -0.3466623278718204 0.2775965987755606 0.2282029941491853 0.4210035745953451 0.8619806999993012 -0.28239203778905764 -0.4575804226238805 -0.14138822933756107 0.3698844458249162 0.9182564267902424 -3.4307604459466705
4215528470003 PointCloud23.pcd PointCloud26.pcd 0.12688691704902316 0.9579441743326412 0.21891154016029019 0.1855281554018262 0.026384181096572194 -0.1340816081795636 0.9130907005484803 -0.38508115368045165 -0.1664912259235526 -0.2537027418262099 0.3440103343746163 0.9040419285814836 -0.17824616258637746
4215528470004 PointCloud23.pcd PointCloud26.pcd 0.12688691704902316 0.9792724396394862 0.13118141545051265 0.1543273313542645 2.7661124698896873 -0.13957782512642264 0.989195137848091 0.04484428604263982 -0.23319080486562235 -0.1467771088947685 -0.06545544666485986 0.9870015525856061 -0.4781011116803156
4215528470005 PointCloud23.pcd PointCloud26.pcd 0.12688691704902316 0.9094542312943407 -0.25183101487639964 0.3308687672282511 0.9912579805908367 0.11380572217357006 0.9161041509827187 0.3844495313468134 1.6869920697066474 -0.3999265667361599 -0.31198449400339573 0.8618146069312548 3.161816401050708
4215528470006 PointCloud23.pcd PointCloud26.pcd 0.12688691704902316 0.959732288864257 -0.2808127810453452 0.007623366248148151 0.6883641505238572 0.2801766793905444 0.9588209734043163 0.04651203377285759 -1.7352558645962604 -0.020370617002498183 -0.04250321119137214 0.9988886399400881 -1.4363406955408218
4215528470007 PointCloud23.pcd PointCloud26.pcd 0.12688691704902316 0.9412029829639859 -0.3371521256499614 0.021572877170360636 -0.12887014415816106 0.3370059872477376 0.941447311113691 0.010194359027359613 -0.14473170770863297 -0.023746777020735122 -0.002324772357385138 0.9997153024809682 -0.25922041237671684
4215528470008 PointCloud23.pcd PointCloud26.pcd 0.12688691704902316 0.9762752512338356 0.011951222406785575 -0.2162031500956792 -0.0886466533694215 -0.06344911669829044 0.9704373522334547 -0.232863812088372 -0.4818249029993816 0.20702860531462303 0.24105707555080283 0.9481722643635895 -3.689650656162227
4215528470009 PointCloud23.pcd PointCloud26.pcd 0.12688691704902316 0.9670007398274816 -0.2274857132276921 0.11471625626035559 0.25716297861277826 0.25415392049633345 0.8299443937970712 -0.4965864354784125 -0.5690113689246591 0.017758205693333695 0.5093550367691483 0.8603732286911611 -1.7461013355797546
4215528470010 PointCloud23.pcd PointCloud26.pcd 0.12688691704902316 0.880554331556606 0.3661126884431532 -0.30097436525030774 -0.025976759016464308 -0.43181432923984814 0.8814890548842184 -0.19108487952338785 -0.03334561368606747 0.19534700980572775 0.298225662008242 0.9342917104843149 0.21457104162439378
4215528470011 PointCloud23.pcd PointCloud26.pcd 0.12688691704902316 0.9942305424432553 0.10137724498079254 0.03504686395520512 -0.1154583192762435 -0.10173404665264663 0.9947749128698374 0.008547308142580184 0.4090579600838421 -0.03399723848590355 -0.012063454103674948 0.9993491186019133 -0.28326924929190794
4215528470012 PointCloud23.pcd PointCloud26.pcd 0.12688691704902316 0.8222910521327567 0.56650751179084 -0.053913492438865264 -1.243465646795429 -0.5676104303121126 0.8232714554986539 -0.006519966412985911 -1.439513976957306 0.04069182944157978 0.035963170684457556 0.9985243238754968 1.209746394706448
4215528470013 PointCloud23.pcd PointCloud26.pcd 0.12688691704902316 0.981323750745234 -0.014252847555620275 -0.19183470113580173 -0.04672837298162671 0.0241594987020281 0.9984867374015433 0.04940196206314677 -0.13927380771197886 0.1908402862232522 -0.053113948919075296 0.980183091868274 -0.8353774308610472
4215528470014 PointCloud23.pcd PointCloud26.pcd 0.12688691704902316 0.9611343845874836 -0.2654602052134584 -0.07583913377450847 0.0998001944873424 0.2674438668496986 0.963421067026225 0.017135509754041912 -0.5258975419236608 0.06851622324763638 -0.03675223881723002 0.9969728181318693 0.35552454525803595
4215528470015 PointCloud23.pcd PointCloud26.pcd 0.12688691704902316 0.9001540415689323 -0.4355712145901976 0.0006468906685688962 -0.8728791143179155 0.4353003286178245 0.899539826457457 -0.03662955803858817 1.1132395723914494 0.015372877165028574 0.033253836429926756 0.9993287031854737 -2.868724725096084
4215528470016 PointCloud23.pcd PointCloud26.pcd 0.12688691704902316 0.9878559600968723 -0.001758638382934035 -0.15536250928755269 -0.11364075106855726 -0.053831744002808574 0.9341273162742849 -0.35285733707522415 0.38123901786435416 0.14574891230710063 0.3569356583212727 0.9226885662996247 1.0704668372812678
4215528470017 PointCloud23.pcd PointCloud26.pcd 0.12688691704902316 0.929812882019614 0.31543690231684524 -0.18959843113046188 0.0417545668427939 -0.33571633412662444 0.9380524709954077 -0.08574441474516362 0.26576029111026334 0.15080632424059714 0.1433775516465636 0.9781105920359298 -1.3287186377724072
4215528470018 PointCloud23.pcd PointCloud26.pcd 0.12688691704902316 0.9837427373360463 0.1691588810903258 -0.06029510499909392 0.006406435004218286 -0.16470699699490035 0.9836779025393096 0.07245266866573344 0.0034060983253777865 0.07156697478239972 -0.06134376092263724 0.995547643820406 -1.1960776175269185
4215528470019 PointCloud23.pcd PointCloud26.pcd 0.12688691704902316 0.9639172043731615 -0.11725916689771511 -0.23898516876970075 -0.2388913808409912 0.021974931208863943 0.929744096092589 -0.36755002132953285 -0.19215808402574674 0.26529365901165874 0.34903610638360627 0.8987730920142065 -0.48265040117685604
4215528470020 PointCloud23.pcd PointCloud26.pcd 0.12688691704902316 0.994287692837602 -0.10640022684864829 0.00842470167036135 0.03952055411388984 0.10660031148476908 0.993889190483221 -0.028647000400702276 -0.037510821991021244 -0.005325172582050041 0.029381435757358902 0.9995540874659098 0.3053325432577119
4215528470021 PointCloud23.pcd PointCloud26.pcd 0.12688691704902316 0.8364120234324631 -0.4743476978347301 0.27460733532901926 -0.07629036037889332 0.5025141684089949 0.8637048038688405 -0.03864611652034727 -0.9498816424655053 -0.21884797829961602 0.17031815326846253 0.9607795215664161 1.5745035760859523
4215528470022 PointCloud23.pcd PointCloud26.pcd 0.12688691704902316 0.9963162902091537 0.04764589509548025 -0.07130020017096592 -1.1224486374293303 -0.034587123357736026 0.9840843762120816 0.1743033889318135 0.7574514902840248 0.07847025399287341 -0.17119523701268322 0.9821072294115674 -0.2853081315471181
4215528470023 PointCloud23.pcd PointCloud26.pcd 0.12688691704902316 0.859737231022401 0.433904797986622 -0.26940400865266173 0.39770284820807505 -0.34205541331186556 0.880883490787655 0.3271733025199396 -0.1454593140865135 0.37927560931067467 -0.1891319696453876 0.9057478182364408 -0.12522440565798876
4215528470024 PointCloud23.pcd PointCloud26.pcd 0.12688691704902316 0.9744563550230024 0.213963227309519 0.06822425898886222 1.903534968146036 -0.21473379623339778 0.976664083210282 0.004082318240054254 -0.7967622270838497 -0.06575871737251143 -0.018628095080136083 0.9976616586614961 -2.8677586718896113
4215528470025 PointCloud23.pcd PointCloud26.pcd 0.12688691704902316 0.9609815190965433 -0.17053943343337216 0.21778618321446472 1.3403306036762894 0.1594180648407648 0.9848810570659102 0.06778778676989593 -1.3727242886132394 -0.22605397708805233 -0.03042375842922092 0.9736395608055964 2.2307799594078137
4215528470026 PointCloud23.pcd PointCloud26.pcd 0.12688691704902316 0.9903312749222696 -0.03197541633539176 0.13498717961721593 -0.20622485105703525 0.030237271946561724 0.9994315750018317 0.014907524093150167 0.3588839917288939 -0.1353871238192976 -0.010681743281718722 0.9907351952284736 3.8774527104635093
4215528470027 PointCloud23.pcd PointCloud26.pcd 0.12688691704902316 0.9959818697458923 -0.0698369096245232 -0.056061762294565574 0.5613482307052775 0.06932223895494295 0.9975328357501453 -0.011075594184840973 1.483724867141693 0.05669693398897321 0.007144764122745559 0.9983658698202178 -3.2300888647902677
4215528470028 PointCloud23.pcd PointCloud26.pcd 0.12688691704902316 0.9971478179644777 0.07494849358808431 0.00888551841804849 -0.04090156427783935 -0.07495841387456034 0.9971863490982933 0.0007882648201173808 0.297414575003743 -0.008801438410323138 -0.0014520609124283152 0.9999602123089777 0.1773212665834575
4215528470029 PointCloud23.pcd PointCloud26.pcd 0.12688691704902316 0.9309409932530142 -0.3440447980686928 -0.12240116013732859 1.4647396545431952 0.256023444943262 0.853941413376112 -0.4530298645349916 -0.5115634202950256 0.2603859879495746 0.3904065053800728 0.883052601964596 -1.610033997111776
4215528470031 PointCloud25.pcd PointCloud16.pcd 0.13260328421728831 0.973717271983594 0.18770791909952958 -0.1289977183835124 -1.5141303745334558 -0.19524721156881467 0.9795586139316698 -0.04840917523433322 2.8494467545160376 0.11727404067154011 0.07232329486127073 0.9904625890991439 -0.6843459830155812
4215528470032 PointCloud25.pcd PointCloud16.pcd 0.13260328421728831 0.9351902415703965 0.3312745044467845 -0.12520549019528193 0.18217909572731641 -0.26397335679357004 0.8877397973215222 0.3771420410862166 0.2676081982930053 0.23608743925638664 -0.3196486429739383 0.9176532384677133 2.410252836675834
4215528470033 PointCloud25.pcd PointCloud16.pcd 0.13260328421728831 0.8942064055298753 -0.294243440993332 -0.3373658277623033 -0.48412731604326253 0.32522833489670344 0.9448742852812231 0.037935671796026055 -0.4373468864321455 0.30760597277955803 -0.14364324713226745 0.9406089426874701 -1.401610310657005
4215528470034 PointCloud25.pcd PointCloud16.pcd 0.13260328421728831 0.9826804999118639 0.09060031445723438 0.16164967712067857 0.08168798814445741 -0.09075478062901043 0.9958524243622054 -0.006443499429509712 -0.21542980689694224 -0.1615630059325141 -0.008338579745265135 0.9868271698741793 -1.3930884179743752
4215528470035 PointCloud25.pcd PointCloud16.pcd 0.13260328421728831 0.9229564782082588 -0.2941219614405681 -0.24828131450385266 -0.7658325019966793 0.3197659357754148 0.94496177785956 0.06926026784652795 0.23263767726395004 0.21424538653394926 -0.14331611975926667 0.9662087787668182 0.4808259718746075
4215528470036 PointCloud25.pcd PointCloud16.pcd 0.13260328421728831 0.9884537554382067 -0.1481882097661455 -0.031613728764744296 -0.02184070942593712 0.1501455405128505 0.9298460432211806 0.3359206045630701 0.09129185450784826 -0.02038357241039753 -0.3367886435024486 0.9413596122543025 -0.7078202685921489
4215528470037 PointCloud25.pcd PointCloud16.pcd 0.13260328421728831 0.997912587104178 0.06454495405568207 0.002101762354827217 -2.2327623472584133 -0.06422698640306794 0.9953390649827153 -0.07193775042989604 2.326895827332857 -0.006735184973436355 0.07165259677976628 0.9974069092692759 1.2410069016978553
4215528470038 PointCloud25.pcd PointCloud16.pcd 0.13260328421728831 0.9775982779527375 -0.18638443433336865 0.0977877782857976 2.8934936723052966 0.1501802102208854 0.9431938124169084 0.2963635211635677 1.9557663297084262 -0.1474703746582777 -0.275038678837519 0.950055900324533 1.0728807365928275
4215528470039 PointCloud25.pcd PointCloud16.pcd 0.13260328421728831 0.8983115736495475 -0.4342115326020748 0.06705715176348541 3.3210021327273753 0.4387970994866206 0.8789353374237581 -0.1868950992132044 1.3713458309314603 0.022213107153267117 0.1973145143752535 0.9800885471667626 -0.6002070504392679
4215528470040 PointCloud25.pcd PointCloud16.pcd 0.13260328421728831 0.9948583623302304 -0.10121794299040304 0.003430294215279856 -0.14159250780107407 0.1011854966905236 0.9948305072479028 0.008588195874126339 0.76373430676597 -0.00428184085457414 -0.008196942458736851 0.999957237072278 -0.0012636957541770429
4215528470041 PointCloud25.pcd PointCloud16.pcd 0.13260328421728831 0.936542581835651 -0.3339200002658292 0.1067025108939868 -0.9932777665733099 0.3360596787207743 0.9418381051213665 -0.0022081846579292443 0.211872535052918 -0.09975913365052178 0.03792647049044007 0.9942885386493373 0.30993096620662736
4215528470042 PointCloud25.pcd PointCloud16.pcd 0.13260328421728831 0.9358821072680267 0.3514312233270122 0.024915388145430987 -0.29654493932779047 -0.3518761257616077 0.9359024686364115 0.016424412296095432 -0.41674479886135724 -0.0175463219666992 -0.024138443842769627 0.9995546318807644 -3.3201371673764712
4215528470043 PointCloud25.pcd PointCloud16.pcd 0.13260328421728831 0.9282069821258631 -0.009174537024002914 -0.371951107275127 0.8265100680153414 0.11504449614753609 0.957783076749674 0.26346981192935115 -0.9109776212072045 0.3538312623821663 -0.2873454467401969 0.8900764191903521 0.2744429408798542
4215528470044 PointCloud25.pcd PointCloud16.pcd 0.13260328421728831 0.9754096665318785 -0.08647050261798495 -0.20272847509208633 -1.2576247935253277 0.12540481271779955 0.9741565460951465 0.18786339890246959 0.26951395419747526 0.18124462856422321 -0.2086669017284913 0.9610455289629357 1.5505021587996
4215528470045 PointCloud25.pcd PointCloud16.pcd 0.13260328421728831 0.8941417361235613 0.4257022372431863 0.13888182360586088 2.3696158510640277 -0.3498805284916035 0.8577546559668466 -0.37661726719526895 -0.43560988587533067 -0.2794533440565344 0.28815717130299273 0.9158991610009684 0.28973888689531
4215528470046 PointCloud25.pcd PointCloud16.pcd 0.13260328421728831 0.9711662798273802 -0.08083517308049161 0.22428047556417788 0.18227983174553383 0.07069954585292972 0.9960953530209964 0.05287364093918773 -2.571557978507594 -0.2276787893995317 -0.03549256940577314 0.9730892283724757 2.74853961050677
4215528470047 PointCloud25.pcd PointCloud16.pcd 0.13260328421728831 0.9147535011957989 -0.4039939531824783 -0.0038623622333069096 0.06856553870853276 0.3987710975549348 0.9013100861022723 0.16917961001594567 -0.36091346845399647 -0.06486635341115188 -0.15629783901995664 0.9855776690412742 3.5501345864172933
4215528470048 PointCloud25.pcd PointCloud16.pcd 0.13260328421728831 0.9397183551842734 -0.28595667150587123 -0.18750518646439385 0.012173627200334807 0.26424794144394614 0.9553011529084201 -0.13256218425508962 -0.3274484089799164 0.21703096178287717 0.07502325821454803 0.9732774899043297 0.15334203007335737
4215528470049 PointCloud25.pcd PointCloud16.pcd 0.13260328421728831 0.8410868407486678 0.055786632160687785 -0.5380155927030307 0.40035572773224876 -0.002972675728914166 0.9951289165663907 0.09853731583726218 0.15181834626561946 0.5408919388551062 -0.08127909377921085 0.8371556721398921 -0.46691151865372277
4215528470050 PointCloud25.pcd PointCloud16.pcd 0.13260328421728831 0.9977893956268356 -0.03328867634533112 0.05751683233463024 -0.25551806717411346 0.03456344723646788 0.9991752353464171 -0.02131237165507686 0.21855556199662005 -0.05675993384215731 0.023253238432700402 0.9981170256100363 -0.005293556594011059
4215528470051 PointCloud25.pcd PointCloud16.pcd 0.13260328421728831 0.8569175134683056 -0.4984147718493444 -0.13143473784986404 -0.8033955311689996 0.477603346301075 0.8636545620600338 -0.16123225804691518 1.2531506474112963 0.19387475006640748 0.07538907503914313 0.9781252826971761 0.28897353468244397
4215528470052 PointCloud25.pcd PointCloud16.pcd 0.13260328421728831 0.9046192427669911 0.39014515009914835 0.17161231736034688 0.11568859053347799 -0.3693885019533893 0.918514947035026 -0.1410050591215582 0.057226803187657924 -0.21264091854651673 0.06416427298237062 0.975021428396493 -0.2867585544497766
4215528470053 PointCloud25.pcd PointCloud16.pcd 0.13260328421728831 0.9992914020418919 0.004886317208138895 -0.03732047305824497 -2.208396254685847 -0.004442443551757024 0.9999185214914231 0.011967250047341924 0.5757648975524535 0.037375908021601234 -0.011792975983508088 0.9992316884571931 -2.1314452867683675
4215528470054 PointCloud25.pcd PointCloud16.pcd 0.13260328421728831 0.9914634996090288 0.13024756752321068 0.005974955841198009 -1.0361438882581628 -0.13026826970014463 0.9914735683828373 0.003215759246869513 1.446942023699174 -0.005505165969157441 -0.003966655075768978 0.9999769791326009 -1.5435110255468552
4215528470055 PointCloud25.pcd PointCloud16.pcd 0.13260328421728831 0.9671318908348264 -0.25422451096402193 -0.005079739693856528 0.13408260991590515 0.24476666206127845 0.9253682892947208 0.28945260460244915 0.23770109305011813 -0.06888531682175353 -0.2811821957252375 0.9571788683070165 -0.5065742161874479
4215528470056 PointCloud25.pcd PointCloud16.pcd 0.13260328421728831 0.9993227470279517 -0.03504324858973055 0.011225773950474974 -0.4672990724612642 0.03492126131703432 0.9993307929788767 0.010884471151005567 -2.6080249976195344 -0.011599688812042212 -0.010485081424958879 0.999877747670672 -1.4733069316437764
4215528470057 PointCloud25.pcd PointCloud16.pcd 0.13260328421728831 0.8541768146389759 -0.4928753884121033 0.1656979807687191 2.579972531094884 0.5040093226044403 0.8631525324526639 -0.030697042990590694 -0.14760932905252439 -0.12789281473572228 0.10973402944470415 0.9856986713599662 2.353063316977927
4215528470058 PointCloud25.pcd PointCloud16.pcd 0.13260328421728831 0.9990646901507529 0.0432223349568134 0.0012548525255943728 0.45329683936152676 -0.04322179818219949 0.9990653992870245 -0.00045178463383538543 -0.48405077988073136 -0.0012732069263012475 0.00039712509260795745 0.9999991106174962 0.09225610556556403
4215528470059 PointCloud25.pcd PointCloud16.pcd 0.13260328421728831 0.8823643592742488 -0.4649750983821385 -0.0723276943297981 0.008093425075235982 0.430127362023998 0.8592899726695102 -0.2767872744688755 0.47094143965603913 0.19084965266099027 0.2131171057286409 0.9582053586392775 -2.240303044753405
4215528470060 PointCloud25.pcd PointCloud16.pcd 0.13260328421728831 0.9416165509823305 0.16130563092054406 -0.2955313254960722 -0.7869415939866655 -0.2004028214678384 0.9738558752940267 -0.10697403097497438 -0.031225052349705115 0.2705494041092492 0.15995382955287535 0.9493249140033668 -3.2500077143537647
4215528470062 PointCloud2.pcd PointCloud8.pcd 0.17449279060865128 0.9616376073035174 -0.16915463079622267 -0.2159625502251712 -0.7888702370392754 0.10927768187375593 0.9583087822957662 -0.26401262473431814 1.4389617533121648 0.2516177665902473 0.23028458188727985 0.9400305903964703 -0.596965279332135
4215528470063 PointCloud2.pcd PointCloud8.pcd 0.17449279060865128 0.999413176050682 0.031935885209140216 -0.012385587277039168 0.7842053038777242 -0.03203856112347994 0.9994531429423978 -0.008182032980869669 0.5925044358410217 0.012117513665169716 0.008574047962988 0.9998898197122036 -1.2644195454603955
4215528470064 PointCloud2.pcd PointCloud8.pcd 0.17449279060865128 0.825702993273813 -0.19310564498306704 -0.5300233738000045 -0.4951957820266702 0.14090367771536128 0.9804023662547129 -0.13768570676887826 0.9263673433471992 0.5462240570543843 0.039005257566558996 0.8367304639949565 -0.10961065282764973
4215528470065 PointCloud2.pcd PointCloud8.pcd 0.17449279060865128 0.9979137898642331 -0.06339193011982583 -0.012228294831522473 -1.459830213068165 0.06287819645129286 0.997274149943134 -0.03860831861441602 -1.6789862183450317 0.014642418169009623 0.0377588804241169 0.9991795967388852 3.285119322720054
4215528470066 PointCloud2.pcd PointCloud8.pcd 0.17449279060865128 0.9897705374577129 -0.13265694145795665 0.052501610105694596 1.9362178440101503 0.1365611086423401 0.9874365247561627 -0.07949951687807283 0.6222917956980716 -0.04129584467043976 0.0858559576295802 0.995451358807884 -1.5933259466168674
4215528470067 PointCloud2.pcd PointCloud8.pcd 0.17449279060865128 0.8800039345595814 -0.39587018376113103 0.2624497528453479 -1.0392559362874632 0.28740391733983917 0.8837400989857231 0.369326990270707 1.1092553896421389 -0.37814291406473655 -0.24958011750464484 0.8914694058065015 1.6756648417422013
4215528470068 PointCloud2.pcd PointCloud8.pcd 0.17449279060865128 0.9988870793302707 -0.029355462216505295 0.036916928164421964 0.8021974646238871 0.028505574408165934 0.9993210818063311 0.02334111576349414 0.869640537706736 -0.03757705383212309 -0.022262800710594555 0.9990457110311911 0.6398385002857692
4215528470069 PointCloud2.pcd PointCloud8.pcd 0.17449279060865128 0.991694556292494 0.014258277065792555 0.12782256668894015 1.2763593881605866 -0.02224985979338009 0.9978705796482489 0.06131272308128851 0.26094726817823866 -0.1266761649206684 -0.06364752789844186 0.9899000663872131 1.3137093252546383
4215528470070 PointCloud2.pcd PointCloud8.pcd 0.17449279060865128 0.9039744601076469 0.4274119119987376 0.012216094084105043 0.013306953821958057 -0.42752294783605116 0.9039636328509054 0.008595321783770062 -0.21381303420139544 -0.007369161869670487 -0.012992611922814173 0.9998884375212875 3.84442827771306
4215528470071 PointCloud2.pcd PointCloud8.pcd 0.17449279060865128 0.9422859667815585 0.26142981401698406 -0.20916885320139972 -3.4639830690283726 -0.27077559947046415 0.962495128787792 -0.016843449503662823 -1.1701028129850461 0.19692062242932895 0.07250916771565383 0.9777344675622461 0.8831516685302673
4215528470072 PointCloud2.pcd PointCloud8.pcd 0.17449279060865128 0.9990358054474093 -0.04390131046811864 0.0003665695401412043 0.28074013758992356 0.04390192580237211 0.999034066910968 -0.0018852220490907891 -0.9920665195625039 -0.0002834517400144731 0.0018994974370133211 0.9999981557805983 3.1206374291296597
4215528470073 PointCloud2.pcd PointCloud8.pcd 0.17449279060865128 0.9396292299612555 0.034633563768493754 0.340437110878223 0.183186380677413 0.02332976913702879 0.986066613350732 -0.16470687874837178 -2.9141151622512096 -0.34139805517083827 0.1627057168501205 0.92572901954614 0.22851674553671592
4215528470074 PointCloud2.pcd PointCloud8.pcd 0.17449279060865128 0.9690672729883629 -0.1658154963932993 0.18279453377697463 1.2969218969288088 0.2233568867996079 0.9043015656071025 -0.36379991693200053 0.32157925127460313 -0.10497771926501781 0.3933750114030975 0.9133650851995209 -0.20081440546801851
4215528470075 PointCloud2.pcd PointCloud8.pcd 0.17449279060865128 0.9781738751001564 -0.10251753762314178 -0.18073744645543535 -6.395337451826512e-05 0.06845898264196354 0.9802548490429158 -0.18550956477626043 0.004921910564742485 0.1961867420779778 0.1690875081356927 0.9658779306026674 0.45324356985403524
4215528470076 PointCloud2.pcd PointCloud8.pcd 0.17449279060865128 0.9910360020483759 0.11064513417817014 -0.07486853095036797 -0.10750173215943264 -0.08599874658199493 0.9572234149552642 0.27627440968665207 -0.08119781630299305 0.10223432999876947 -0.2673592866239678 0.9581582090790778 -1.2655023567722838
4215528470077 PointCloud2.pcd PointCloud8.pcd 0.17449279060865128 0.9937918442393627 0.011375052692512055 -0.11067239267120238 -2.0158676311381845 -0.008583841202433173 0.9996337622656517 0.025664352881574932 0.8693445219310371 0.11092379363120272 -0.024555030337207226 0.9935255218118965 -0.12108812917160758
4215528470078 PointCloud2.pcd PointCloud8.pcd 0.17449279060865128 0.9496645108118639 0.31130080634135865 -0.03505887727357116 0.7068882377287762 -0.31122554722771273 0.9503046951081302 0.007723031027681648 0.22233948896403744 0.03572080146461102 0.003576929781768267 0.9993554072080973 2.500532598698998
4215528470079 PointCloud2.pcd PointCloud8.pcd 0.17449279060865128 0.9913669595137178 0.059034853940034236 0.11707449596221024 -0.4427708391982734 -0.08355191286655735 0.9725705332387549 0.21708439771670246 -2.096713711342564 -0.10104765925475943 -0.22499209740780468 0.9691067674220272 1.7878153379653656
4215528470080 PointCloud2.pcd PointCloud8.pcd 0.17449279060865128 0.9951578195063122 -0.044550911914730575 0.08761352933770106 -0.2642184593732765 0.036958657325234325 0.9955707173826269 0.08644654035273786 -0.1849452834435603 -0.0910767364597469 -0.08278987219344858 0.9923965261618132 0.401198699646323
4215528470081 PointCloud2.pcd PointCloud8.pcd 0.17449279060865128 0.9599224590605395 -0.2517265007098689 0.12321786165784165 -0.050321463214664755 0.2506464419346318 0.9677699863728911 0.024446157598346625 0.45584719939587687 -0.12540029400553998 0.0074177028909453175 0.9920784968676348 1.01895099781977
4215528470082 PointCloud2.pcd PointCloud8.pcd 0.17449279060865128 0.8910917839566636 -0.4535678509916018 -0.015219629160752951 1.272375255295089 0.44456064331533685 0.8791546923874656 -0.17161835935631867 -1.1300966696665309 0.09122097883702299 0.14616166186781257 0.9850459388373999 0.11056221988998437
4215528470083 PointCloud2.pcd PointCloud8.pcd 0.17449279060865128 0.9370811250320265 0.332878757772699 0.10521738322357416 0.06631818329164516 -0.31513073753486515 0.9362387618830974 -0.15540141250431716 0.2032209072494481 -0.15023842174837831 0.11246649888437808 0.9822320007306048 0.47256056641978567
4215528470084 PointCloud2.pcd PointCloud8.pcd 0.17449279060865128 0.9991827342802971 0.013071775255111051 -0.03824908113705184 0.2982995813947503 -0.011530877936241617 0.9991237965221331 0.04023279852581036 0.9691388831523984 0.038741481259347905 -0.03975887215300276 0.998457975938373 0.25491840179276104
4215528470085 PointCloud2.pcd PointCloud8.pcd 0.17449279060865128 0.9230565993078023 0.07593025598151021 -0.37709562540673675 0.544342625109698 -0.019376722709007914 0.9882580132201204 0.15156068726183183 0.8147776072783307 0.38417581533898487 -0.13259221520437356 0.913689360437027 2.7231996231191764
4215528470086 PointCloud2.pcd PointCloud8.pcd 0.17449279060865128 0.8530620353148073 -0.49003953055052335 -0.17929423415821566 1.668893855492535 0.44346648535183003 0.8619245478765548 -0.24581202195476842 -1.0041823909222882 0.2749957095560829 0.13018191988759092 0.9525912173960703 2.110209270874107
4215528470087 PointCloud2.pcd PointCloud8.pcd 0.17449279060865128 0.9492774865516773 -0.3012105198063866 0.0902467522080241 -0.7550551240934092 0.30593085905241235 0.9510483781139873 -0.0437411930130758 -1.221184050018412 -0.07265371983307618 0.0691317961919154 0.9949584070450866 -0.7102301578998701
4215528470088 PointCloud2.pcd PointCloud8.pcd 0.17449279060865128 0.9791579491444109 0.1983683237478 -0.04358576328113653 -0.003047991069976685 -0.20304094189999172 0.9508800741189507 -0.23366955419117613 -2.07774753729177 -0.0049078039565011895 0.23764909588935285 0.971338674553473 2.3137327620791797
4215528470089 PointCloud2.pcd PointCloud8.pcd 0.17449279060865128 0.9872106821613399 -0.15927614611572383 -0.006795462093537743 1.3127467553114245 0.15928050271035965 0.9836544537924895 0.08398593328965574 -0.2566176895618884 -0.0066925692284222045 -0.0839941951132457 0.9964437689626048 0.5204468940031476
4215528470090 PointCloud2.pcd PointCloud8.pcd 0.17449279060865128 0.9230449608164348 -0.053562602767883744 0.3809449407671878 -0.8192115142501615 0.026137231959154072 0.9967031415421255 0.07680945739667247 -0.3553990306864805 -0.3838031336725896 -0.06094173631254496 0.9214017904032489 -0.8243714576708495
4215528470091 PointCloud2.pcd PointCloud8.pcd 0.17449279060865128 0.9585515737548121 0.2540944002237465 0.128898860456977 0.08347207358761771 -0.23781238118468273 0.9626779352919207 -0.12921479891001492 -1.276881742937395 -0.15692084567527628 0.09320530391034057 0.9832032442560068 2.1803965550330453
4215528470093 PointCloud3.pcd PointCloud10.pcd 0.15758396647689996 0.9326405103829797 0.19554660021116874 0.3032213804111253 -1.9128672983350063 -0.2009004661496777 0.9795149880862608 -0.01376193355653204 0.21858960841249994 -0.29970098614021484 -0.048082379935123126 0.952820761552957 3.4977703821910477
4215528470094 PointCloud3.pcd PointCloud10.pcd 0.15758396647689996 0.9895693651935031 -0.13642283574860037 0.046273981424095584 -0.0625524475123815 0.13137778989625082 0.9864171833175673 0.09859521681001128 -0.41135851318253863 -0.05909608948571561 -0.09148743270060082 0.9940511565635589 3.5143949060637807
4215528470095 PointCloud3.pcd PointCloud10.pcd 0.15758396647689996 0.9925453515508046 -0.11176048376777865 -0.04861398340891035 -3.22554300376078 0.100015572348633 0.9748562987720284 -0.19912830545223098 1.329675196858409 0.06964632368377446 0.1927817185640115 0.9787668765261937 1.4085970159559413
4215528470096 PointCloud3.pcd PointCloud10.pcd 0.15758396647689996 0.8483850217557108 0.40402349175612934 0.34206413575490036 -0.5028393720671399 -0.38573010628719334 0.9143392795536109 -0.12327192287400263 1.0684257757660462 -0.362567428162311 -0.027362382472445608 0.931555773993806 1.7627499433718947
4215528470097 PointCloud3.pcd PointCloud10.pcd 0.15758396647689996 0.930657534887804 -0.2132304325012672 0.29733707372589524 -0.3555612193791523 0.18448513595267044 0.9752409060124057 0.12194428995499146 -0.05727201703945197 -0.3159775108596823 -0.058634101813064964 0.9469531428404969 0.5103581837183241
4215528470098 PointCloud3.pcd PointCloud10.pcd 0.15758396647689996 0.9770377046492691 0.19514813080295965 0.0855250298906615 0.9001025514184418 -0.2127389895850165 0.9157426158047217 0.34081898994843596 0.17283711877232158 -0.011808725758261418 -0.3511875120832698 0.9362306795617891 1.475799290645173
4215528470099 PointCloud3.pcd PointCloud10.pcd 0.15758396647689996 0.8610379410317114 -0.5058163456178678 -0.0525688939360236 -0.7280348660666626 0.5027349906341568 0.8622232680910648 -0.06187540023659053 -0.2296064705872008 0.07662371236076598 0.02684884481965217 0.9966985232435659 -0.25511845486205587
4215528470100 PointCloud3.pcd PointCloud10.pcd 0.15758396647689996 0.9987832086285366 0.038491178503073105 -0.03083068826883177 -0.30493616359823844 -0.03821265267767004 0.9992237733537362 0.009573084145519512 0.1393169485474561 0.031175235957744976 -0.008383313316702567 0.9994787765234503 3.9769965154532287
4215528470101 PointCloud3.pcd PointCloud10.pcd 0.15758396647689996 0.8981189090736275 -0.42625109917623893 -0.10813151999045195 -0.6478677611470309 0.4291761886705593 0.9032109212357102 0.004222657782998983 2.2197425226682115 0.0958656572637453 -0.05019992242611486 0.9941276294046969 0.938308513679877
4215528470102 PointCloud3.pcd PointCloud10.pcd 0.15758396647689996 0.8540842988123913 -0.3850557978940262 -0.34967419554542595 1.647849738404857 0.44856323213837457 0.8856028692059454 0.12041006946170145 -0.6275001947481447 0.2633078754912595 -0.2596913370953909 0.9291013788289669 -2.244695611939777
4215528470103 PointCloud3.pcd PointCloud10.pcd 0.15758396647689996 0.9602374144698819 -0.24296032716988977 -0.13752958690295117 1.4647907866226206 0.24720566549290665 0.9688557898276925 0.014415875470025916 -1.1265175026824483 0.12974385072289715 -0.047840756043966065 0.9903927479847257 -1.7135179075547244
4215528470104 PointCloud3.pcd PointCloud10.pcd 0.15758396647689996 0.9922782529544617 0.12367295407542839 -0.009427043221416903 1.1476152208161254 -0.1237981884800553 0.9922069965112151 -0.014116819870290625 -1.3495437450284022 0.007607709425193928 0.015174864231699408 0.9998559127458573 0.06166191872971202
4215528470105 PointCloud3.pcd PointCloud10.pcd 0.15758396647689996 0.9973499830534134 -0.046613194127979915 -0.05585894231493567 0.002356059076468563 0.06180205912994023 0.9479257533026875 0.31243762851620815 -4.191434592705746e-05 0.038386414141665076 -0.3150618611617725 0.9482945253720622 2.0160677541437235
4215528470106 PointCloud3.pcd PointCloud10.pcd 0.15758396647689996 0.9579491356718131 0.10566038871865777 0.26677581547330775 0.7594287236960036 -0.056417077161194845 0.9809417108098509 -0.18593136743979086 0.2876099446193827 -0.2813371053917595 0.16306208096692767 0.9456533143179487 -0.5934413878022434
4215528470107 PointCloud3.pcd PointCloud10.pcd 0.15758396647689996 0.9738680616798823 -0.22686431041234334 0.010657537285921202 0.25037028979259723 0.22703687227316593 0.9736895486972141 -0.019568377199800386 0.4272845743600062 -0.005937766270831008 0.021476671505320604 0.9997517169341423 1.0377169259889685
4215528470108 PointCloud3.pcd PointCloud10.pcd 0.15758396647689996 0.8613972632053783 0.47856243920741043 -0.17021382647169978 -0.14146639714262169 -0.48772607225924597 0.8728831528647294 -0.014081188994489471 -2.482678763006588 0.1418380533596438 0.09514721869178992 0.9853065377811941 0.865450169940034
4215528470109 PointCloud3.pcd PointCloud10.pcd 0.15758396647689996 0.9926507274064711 0.12023927032383237 0.013676668139435369 -0.022168311798716523 -0.1000266651684107 0.878845568525324 -0.4665030899562047 -0.034197023529640394 -0.06811167032668144 0.4617066000777902 0.8844138261073925 -0.37660757015491436
4215528470110 PointCloud3.pcd PointCloud10.pcd 0.15758396647689996 0.9999161288364594 -0.011993187236383098 -0.0048886350469233945 -0.027901181997296506 0.011456876573542376 0.995125912868653 -0.09794466558474892 -0.004542698404099625 0.0060394761269141565 0.09788044236333805 0.9951798549663621 -0.2333639192592395
4215528470111 PointCloud3.pcd PointCloud10.pcd 0.15758396647689996 0.9731855024323247 0.22247171621031406 -0.05844923730880739 -0.6186756727181898 -0.22585006216009398 0.8759982646285895 -0.4261675606964723 -0.23652910472049343 -0.0436087981699275 0.4279408555561589 0.9027540622273805 2.418736708906317
4215528470112 PointCloud3.pcd PointCloud10.pcd 0.15758396647689996 0.895065860934564 0.3314583287716787 -0.29831607545915734 -0.027087625523965975 -0.2060035544212776 0.9006482409610096 0.38261636350218864 0.6241573047541512 0.39549922901981444 -0.2810126729201461 0.8744210870644689 -0.4935014129256259
4215528470113 PointCloud3.pcd PointCloud10.pcd 0.15758396647689996 0.9233125548515533 -0.27623638427432345 0.26680964385971107 -0.5736942376415145 0.3100910932755571 0.9460906364625725 -0.09357361523963087 -0.21823009185110892 -0.22657766863631396 0.16913298791451964 0.9591958050755017 -1.6105534102004941
4215528470114 PointCloud3.pcd PointCloud10.pcd 0.15758396647689996 0.9969963946769862 -0.07434474289931652 0.021703644954840024 -2.9850203138916958 0.07449251885539519 0.9972030344280043 -0.006080523181371917 1.846044734655198 -0.02119088567450209 0.007679018870606862 0.9997459572478976 1.8429218729289882
4215528470115 PointCloud3.pcd PointCloud10.pcd 0.15758396647689996 0.9948579855739258 -0.06667182622860666 0.07623946567974306 0.030048961029346864 0.06623659268450151 0.9977700368273332 0.008226019640707925 0.1974788891321323 -0.07661789823101182 -0.003133878894333063 0.9970556035014987 -0.6655583026105818
4215528470116 PointCloud3.pcd PointCloud10.pcd 0.15758396647689996 0.9961243322421622 -0.08795595233025268 -0.0002552739404276905 0.6688781067719559 0.08795590390968637 0.9961243501196501 -0.0001951054450161578 -0.8077691595640171 0.00027144527323222936 0.00017189643095862515 0.999999948384539 1.7572413529682425
4215528470117 PointCloud3.pcd PointCloud10.pcd 0.15758396647689996 0.9268190040240074 0.37318630845502115 0.04169547891151666 -0.2604878311093552 -0.3556580867309878 0.9080207153910635 -0.22137232384278382 0.2894787954546366 -0.12047347891880632 0.19034274244744664 0.9742975835312253 1.0248231374803716
4215528470118 PointCloud3.pcd PointCloud10.pcd 0.15758396647689996 0.9471839865566617 0.2914870368040522 0.13370790173293035 2.0257858988521193 -0.26091814036199723 0.9428731963577717 -0.20715177918646063 0.3359987341119393 -0.1864516549689676 0.16132403096027623 0.9691286485261186 -1.4850606130368253
4215528470119 PointCloud3.pcd PointCloud10.pcd 0.15758396647689996 0.962019006338294 -0.2625826581938883 -0.07463095242399963 -0.5535735209144345 0.2669428200707266 0.9620857446823214 0.05596919413169143 0.019845255208867336 0.05710483566712526 -0.07376562542875155 0.9956393273914685 3.8160650724971585
4215528470120 PointCloud3.pcd PointCloud10.pcd 0.15758396647689996 0.8996846793959314 -0.41728032168993784 0.1282365423371281 -1.3145937071602174 0.42070928087335097 0.9071954333762143 0.0003829469552174662 1.1645522382873048 -0.11649540182886153 0.053605771999707716 0.9917435366873067 -0.601248097654924
4215528470121 PointCloud3.pcd PointCloud10.pcd 0.15758396647689996 0.9327022507071743 -0.32249062383728566 -0.16145063971012913 0.6646567150421069 0.3471085968698262 0.9242205863141558 0.15916007606236765 -1.6601492556386408 0.0978883726743483 -0.20448986617961412 0.9739618889489525 -2.4562094138501065
4215528470122 PointCloud3.pcd PointCloud10.pcd 0.15758396647689996 0.9820667193275306 0.05272494728466356 0.18101115634979692 -1.7477100222610635 -0.04756442139033613 0.9983316046656725 -0.03273580522098124 2.0568372887639925 -0.18243515178567893 0.023539053920940335 0.9829360754054373 -2.4804988633209084
4215528470124 PointCloud30.pcd PointCloud24.pcd 0.1292350475892053 0.9973260906408188 -0.06068001357043899 -0.04072597304169319 0.5708981119329846 0.06488023610172282 0.9916680277141043 0.11128826430941853 -0.11922086454554344 0.03363367197446755 -0.113633000324332 0.9929533309007046 0.46929537040311947
4215528470125 PointCloud30.pcd PointCloud24.pcd 0.1292350475892053 0.9982285251567313 0.04592621051125529 -0.03782320387663008 -0.9348143679450956 -0.04774142531176357 0.9976778833970223 -0.04857568619833229 -1.0245417015217024 0.03550447679685707 0.05029536925516516 0.9981031048738743 1.7864057059959466
4215528470126 PointCloud30.pcd PointCloud24.pcd 0.1292350475892053 0.9831541002859995 -0.05947820543236901 0.1728304318381806 0.17375238752224018 0.05124335916479271 0.9973456321279529 0.051728214900596 0.4048417855177414 -0.17544837768510468 -0.04200039468670618 0.9835923106723771 2.9723606428642615
4215528470127 PointCloud30.pcd PointCloud24.pcd 0.1292350475892053 0.9775513771894225 0.11783062723488424 -0.17466896759440984 0.09047101480859705 -0.0717719709873067 0.96564880251757 0.24974221584862275 0.5154101721899959 0.19809616133499516 -0.23159951097059042 0.9524282531416857 -1.5222934106365396
4215528470128 PointCloud30.pcd PointCloud24.pcd 0.1292350475892053 0.9478185692449894 0.3166673964794992 -0.03690148779218801 0.2999259307474495 -0.3185702380093554 0.9362490087155309 -0.14815801407230308 -0.2792708387189212 -0.012367831218284928 0.15218263266904594 0.988275003764071 0.012269898074580626
4215528470129 PointCloud30.pcd PointCloud24.pcd 0.1292350475892053 0.9974823000775316 -0.07041586602279266 -0.00840635737386892 1.5726528738930652 0.0703967582480164 0.9975158163726119 -0.002548041336397797 -1.710477460925066 0.008564896975879107 0.0019498458251280216 0.9999614195763008 -2.554459847020979
4215528470130 PointCloud30.pcd PointCloud24.pcd 0.1292350475892053 0.990740280338428 -0.10631037833111605 0.08444998741283587 2.2012089110069657 0.08498163451804737 0.9706590271959964 0.22494260316259113 -0.6586071353727766 -0.10588587587385857 -0.21568299975198996 0.9707054264339975 2.092991632069654
4215528470131 PointCloud30.pcd PointCloud24.pcd 0.1292350475892053 0.867622786230805 -0.48839941303194084 0.0932561749330857 1.7716324810940394 0.4883052356791871 0.8723034760597465 0.025389810207576816 -0.07100844407830417 -0.09374805396053935 0.023508700605070786 0.9953183628239122 -0.9972197259708134
4215528470132 PointCloud30.pcd PointCloud24.pcd 0.1292350475892053 0.9836540017939256 0.17764857921903376 0.0294242596551645 2.0356657919765064 -0.18002160806882778 0.9739222320489334 0.13808586657995492 1.5992458685170903 -0.004126182631587143 -0.1411257177919122 0.9899830838931585 -1.34517140759005
4215528470133 PointCloud30.pcd PointCloud24.pcd 0.1292350475892053 0.8731200584548968 -0.47793615177042054 0.09611658730208468 0.0792783706336432 0.48316814963808946 0.8746073210685956 -0.04013194623388455 -0.01083156623467753 -0.06488376298445188 0.0814804808779142 0.994560721392556 0.39648379994807176
