id source target overlap t1 t2 t3 t4 t5 t6 t7 t8 t9 t10 t11 t12
4215528470030 PointCloud21.pcd PointCloud5.pcd 0.14716914609184484 -0.05944745299008691 -0.8836782583521545 -0.46430457250461665 7.614957386384748 0.5621186019510542 -0.4140054563412512 0.7159763679481782 0.4024633310155972 -0.8249173762708506 -0.2184312657001645 0.5213435570629416 -1.569981132684729
4215528470061 PointCloud6.pcd PointCloud15.pcd 0.10708902080236196 -0.056149821525674104 -0.9903816569657965 0.1264569930384178 0.402820045607581 -0.020982949189623734 -0.12545829171510597 -0.9918769746713718 15.125195930593327 0.9982018400032835 -0.05834715576282096 -0.013736667297729599 -13.045373140082095
4215528470092 PointCloud14.pcd PointCloud21.pcd 0.1220993038329199 -0.100487936175781 0.9857554522814405 0.1348642390722813 8.35496230219688 0.13031173838279947 -0.12134278415909616 0.9840197048698629 14.268487649162026 0.9863675914803697 0.11645650273785607 -0.11626202065714636 -4.256275136152169
4215528470123 PointCloud14.pcd PointCloud19.pcd 0.1343522445386893 -0.08144279314953873 -0.7929043619718089 -0.6038789151891958 -11.935584027596347 0.08459856270608912 0.5982055513695139 -0.7968646067549742 13.541400824666807 0.9930811420181461 -0.11598616760965219 0.01835903840511055 32.436181716097444
4215528470154 PointCloud16.pcd PointCloud3.pcd 0.17352273848278582 -0.5384379025566826 -0.39353974852835133 0.7451248831025591 -0.1455431290940283 -0.6138004058484865 -0.42267636647659057 -0.666778637182071 7.175894053798131 0.577350575361793 -0.8163768465300745 -0.01396988113827818 3.739142220102792
4215528470185 PointCloud19.pcd PointCloud5.pcd 0.14458589952972198 0.4011045574647545 -0.8596055189880367 0.3165335459415196 11.396720605316904 -0.873787012694855 -0.2553113404777443 0.4138989923511039 -11.022372060016085 -0.274975254208093 -0.44259967368804726 -0.8535186807706258 -6.778888868954727
4215528470216 PointCloud3.pcd PointCloud12.pcd 0.1336373833358024 0.5712857260909814 0.15131881602546862 -0.8066816194021967 -9.87313379556295 -0.5252087606838282 -0.6878757136577358 -0.5009817963367711 1.3570379202522422 -0.6307046669128568 0.7098800028712677 -0.31349960870443105 -7.226803511906339
4215528470247 PointCloud19.pcd PointCloud2.pcd 0.11511973396824147 0.6338184347821758 0.041606108394814545 -0.7723620417100467 8.015669592549818 -0.7366732317555742 0.3368441640343755 -0.5863860151562118 -17.31414010991117 0.23576840616391143 0.9406407076563409 0.24414814714575905 -17.429064018949948
4215528470278 PointCloud21.pcd PointCloud24.pcd 0.167853330329948 0.5557135222372258 0.34111253906592265 0.7581719573386339 -12.920716354798852 -0.7068173315142621 -0.28628622391635705 0.6468766944841736 2.0356328771543946 0.4377119384638186 -0.8953672060600123 0.08201112874807598 5.6635338561559925
4215528470309 PointCloud17.pcd PointCloud5.pcd 0.17391901166781057 -0.4567562060648523 -0.08300728207210128 0.8857107650606061 8.64720811482613 -0.72171798671571 -0.5475147953557872 -0.42349816589630274 0.5410572528252958 0.5200931799901475 -0.8326688057021908 0.1901729321912634 15.94426924940127
4215528470340 PointCloud3.pcd PointCloud8.pcd 0.19041925038623522 0.8027176233539806 -0.04282346080655375 -0.5948197780517105 0.23830884758807708 0.4617081216109098 -0.5866664354723432 0.6653180471990067 -9.643589936944855 -0.377452020256167 -0.8086956440433718 -0.4511555471340385 -16.540048530198852
4215528470371 PointCloud3.pcd PointCloud7.pcd 0.21815411314046262 -0.531455406137652 0.0490552569106783 0.8456646693911785 16.765192529268784 0.6555930448117304 -0.6083780500416007 0.4472962193245815 6.64436823583909 0.5364260535074226 0.7921298694008496 0.2911655184279983 5.908843311880916
4215528470402 PointCloud18.pcd PointCloud21.pcd 0.20828252280376566 -0.7275384089360271 0.041722291674996026 0.684797133390773 13.91466230725161 0.6179985085813244 0.47331711472029636 0.6277330262970968 3.5279150810207716 -0.29793574292805525 0.8799034943050514 -0.3701406945955381 -4.865163573883164
4215528470433 PointCloud16.pcd PointCloud9.pcd 0.24817993489197987 -0.10488694195450426 0.3074492800622434 0.9457661812502285 10.29274676975323 0.7082491247516525 0.6907031275700364 -0.14598755718720535 -8.647765013183289 -0.6981274286947547 0.654525881653413 -0.2901964223588426 5.773212835109849
4215528470464 PointCloud16.pcd PointCloud5.pcd 0.19635000493242577 0.06586639891693347 -0.09200198204180593 0.9935780053896597 14.608777820599826 0.9900020171271529 0.13049457492007377 -0.0535459802468668 9.312346103271596 -0.12473020315017519 0.9871711104042746 0.09967735552926527 -5.7821077793512154
4215528470495 PointCloud12.pcd PointCloud0.pcd 0.18996499654035573 0.7360695075974306 0.35957473562907005 0.5735047423365918 -1.2874201848352331 -0.13893978670160784 -0.748948796862561 0.6478977043866063 -11.597535801092098 0.6624933325374587 -0.5565803708139616 -0.5013191350507233 6.504276908709769
4215528470526 PointCloud14.pcd PointCloud4.pcd 0.24651916459950388 0.9451351602839413 0.14844324655124752 0.29100538027392886 1.6380457255863712 0.21374945017395147 0.39263940341841075 -0.8945085083069739 19.141454745233112 -0.24704392594310398 0.9076336824052751 0.3393676431512853 -13.355395404135278
4215528470557 PointCloud27.pcd PointCloud29.pcd 0.20865474315635313 -0.2043933853664041 0.5862255819868387 0.783940629794536 14.181379717018448 0.0992912112408513 0.809132845198743 -0.579176392984825 -17.886993532080638 -0.973840130303114 -0.04054140901325598 -0.22358844953716778 15.264542841686822
4215528470588 PointCloud18.pcd PointCloud6.pcd 0.2038242036973806 0.3442811368883353 -0.9185719956878398 -0.19415454545525068 14.87891101520618 -0.5375334473999447 -0.3624006432988346 0.7613958015795215 -0.8593513333273294 -0.769758593137619 -0.1577696500428728 -0.6185308770111183 -11.89141622722222
4215528470619 PointCloud22.pcd PointCloud12.pcd 0.19076714188730481 0.3336320628367086 0.349534616216611 -0.8755085372020246 -4.386576476991469 0.9147603774758848 0.10440641719071514 0.39027266346693423 -21.152810270586105 0.22782251523389685 -0.9310879937555336 -0.2849070891304675 3.406194329389271
4215528470650 PointCloud21.pcd PointCloud15.pcd 0.2676995700588598 -0.2659741659459591 0.2480697367084562 -0.9315144383093313 -3.7287292748570557 0.6564022926867895 -0.6610779666486485 -0.363472078937592 9.842171880737483 -0.7059700937043142 -0.7081223960171616 0.012996116882986002 -0.2668804517610898
4215528470681 PointCloud0.pcd PointCloud4.pcd 0.2904941388858394 0.09944872315126169 0.29610850130026467 -0.9499630029223745 8.945017251337227 0.620571345651454 -0.7647361374964836 -0.17340658858100852 -4.139827612788278 -0.7778182026797313 -0.5722747552222365 -0.25980848353239355 12.672372353617572
4215528470712 PointCloud16.pcd PointCloud10.pcd 0.3229061852619118 0.578278384173584 -0.6492921960543809 -0.493977483839565 7.1547969177823205 -0.09543574062490495 0.5474899267467841 -0.8313523919026014 8.462018443914829 0.8102383166753868 0.5278962248905366 0.25463590857802343 -2.326241465677798
4215528470743 PointCloud13.pcd PointCloud2.pcd 0.27864135864135864 0.4795115191470777 -0.0018135664901083315 0.8775337110230286 12.330784278996855 -0.7732147238588187 0.47201734500738635 0.4234839038500863 -5.311322867518476 -0.41497914864869156 -0.8815873961149651 0.22493547785541335 -3.7656381906605625
4215528470774 PointCloud9.pcd PointCloud12.pcd 0.27563755834685577 0.054750267479971915 -0.9399678148465185 0.3368425674755683 6.867303317396612 0.6484226376952875 -0.2230662371280619 -0.7278664278408595 -4.289924026834865 0.7593092197090442 0.25826722770453964 0.5972834737029429 5.792690001001058
4215528470805 PointCloud22.pcd PointCloud17.pcd 0.27215482550645925 0.5846326102368526 -0.7186615499423353 0.37647083244538904 0.008953060814002992 -0.34912639845051674 -0.6417296800893706 -0.6828570682048802 -4.798662858972337 0.732335625893357 0.2677846043499771 -0.626079816573343 19.54387506627915
4215528470836 PointCloud15.pcd PointCloud9.pcd 0.3074929778059105 0.05408460779674154 -0.6843166684537829 0.7271764245874502 2.910772984181235 0.570998953435357 -0.576231460671205 -0.5847371194891395 -6.2411923371754074 0.8191672908357605 0.44684225517406556 0.35957884895493464 1.8915823071551157
4215528470867 PointCloud20.pcd PointCloud14.pcd 0.3342945637082132 -0.029418258245405123 -0.01995302664854487 0.9993680217064026 2.743673144125096 0.6006361996165599 -0.7995206091953445 0.001717900486341073 2.006874590064078 0.7989810522108659 0.6003071482162006 0.03550501385086224 -3.0232584809529706
4215528470898 PointCloud14.pcd PointCloud7.pcd 0.29591101864447467 -0.07078758930156093 -0.3480916875587436 0.9347840896449723 -6.110581929215726 -0.34990032350133043 0.8862525107647123 0.30352306465392015 21.456355247165515 -0.9341086022591473 -0.3055955893263996 -0.1845330728344181 -9.034254598494671
4215528470929 PointCloud3.pcd PointCloud6.pcd 0.2654017904382976 0.02741050239967635 -0.1810763764950326 0.9830869799939509 7.635215213393579 0.05448923281732608 0.9822649937922661 0.17940570079364557 -4.515869850027469 -0.9981380605232809 0.04865005494045252 0.03679108980601664 -4.756363040140165
4215528470960 PointCloud19.pcd PointCloud14.pcd 0.39470888018732414 0.912575801194413 0.1484223054838466 -0.3810199815091524 2.421520578538378 -0.22521599173906892 0.9601690155052683 -0.1653880852075844 11.373352159780206 0.3412962996274099 0.23674095737430667 0.9096540853325146 -7.916277947577292
4215528470991 PointCloud19.pcd PointCloud13.pcd 0.34095157513626256 -0.21699345413413246 0.5638122961631641 0.7968874045673947 16.460359556510213 0.34552494519311827 -0.7191277964484856 0.6028828448583009 -1.37720536445241 0.9129766443410426 0.40616610773225037 -0.03876518821575918 0.9454329790218562
4215528471022 PointCloud8.pcd PointCloud10.pcd 0.37948687772154877 0.20274515438415086 -0.4739285136701261 -0.8569049925774572 4.5803631241061025 -0.43176038162078856 -0.8286899587891481 0.3561683942529307 4.94725839463361 -0.8789069206897953 0.2977662105284363 -0.37263642955448817 -1.8059202918075277
4215528471053 PointCloud9.pcd PointCloud11.pcd 0.36868201214015267 0.7513217125657815 0.250848544707003 0.6104020739198054 -3.3309907446814773 -0.6455150510851259 0.47164978715861383 0.6007135732575062 -14.627633918044598 -0.13720788260806363 -0.8453528765501497 0.5162872369704667 -17.4762029674995
4215528471084 PointCloud12.pcd PointCloud3.pcd 0.3729394765761732 0.758005561556162 -0.600094862947515 -0.25556549867681766 -5.7369039352491615 0.10432977829919823 -0.275226220091697 0.9557017448629446 -8.267059842893223 -0.6438500337888998 -0.7510903296129168 -0.1460152415057846 6.356436749477813
4215528471115 PointCloud19.pcd PointCloud21.pcd 0.3409614135888707 0.44959115895583524 -0.7004587692855041 0.5542790834225892 -9.715010104273645 0.7385087444809292 -0.057572781568838716 -0.6717813700510219 -9.530400997176503 0.5024665402929336 0.7113669147166345 0.49141071267584924 -14.348533802162379
4215528471146 PointCloud30.pcd PointCloud26.pcd 0.364478477145431 0.43849086276235794 -0.6485432599034371 0.6221875949484577 -21.891220145344988 0.8523940975796731 0.08067395652849996 -0.516639153713085 -2.2593384710830366 0.28486850595539326 0.7568905817698228 0.5881892395674047 -2.762219506625386
4215528471177 PointCloud14.pcd PointCloud9.pcd 0.3604865167640234 -0.04150941789982432 -0.9040923856554355 -0.4253162663542045 3.1875499513966297 -0.3276096423662426 0.41446518798351906 -0.8490527252052422 10.71109967978147 0.9439008901650003 0.10409402552331742 -0.31339359182355764 11.44239677729517
4215528471208 PointCloud8.pcd PointCloud1.pcd 0.3707779216193951 -0.19386791597539094 0.9310572867514704 0.30910768340879013 9.210890661746987 -0.45542341727746627 0.1936605729314089 -0.8689563242690586 3.454098892174149 -0.8689100886459274 -0.30923762914443076 0.386480719532628 -11.731107849789897
4215528471239 PointCloud13.pcd PointCloud7.pcd 0.3859240759240759 0.29071786257255433 -0.7912665975709912 0.5379407922343059 9.895236690858614 -0.4319334377837454 -0.6102085051682793 -0.6641378513114649 31.104932720229858 0.8537661446236674 -0.03927787912707731 -0.5191730140384012 1.0954946169780018
4215528471270 PointCloud10.pcd PointCloud5.pcd 0.48723780390910537 0.13234024009531947 -0.707620319040956 0.6940890036096876 8.345996063441515 0.9898384122416324 0.13109689759049842 -0.05507741000728611 2.629336059463437 -0.052019020583604914 0.6943249149515824 0.7177791679722952 -21.929454123773326
4215528471301 PointCloud21.pcd PointCloud17.pcd 0.4243685545555153 0.9563341347515821 -0.041337380405661 0.289337594671243 1.5193012537762984 0.08780421418387556 0.9848538749045794 -0.1495100834625789 -1.5110346956458256 -0.27877489607296946 0.1683866564387834 0.9454789745165528 2.6141462434802354
4215528471332 PointCloud12.pcd PointCloud8.pcd 0.4260857177744312 -0.1421610471221795 0.7839453522173311 -0.6043342795324207 8.249050616511743 0.6877119262349901 -0.3608934365533044 -0.6299271656048065 1.0611558838945792 -0.7119287486787458 -0.5051589969401619 -0.4878235793964089 3.6720725777527
4215528471363 PointCloud6.pcd PointCloud2.pcd 0.43702633302491917 -0.017512610102125403 0.7398758471688447 0.6725154565239344 1.398974066313408 -0.6537387837533946 -0.5173990714690875 0.5521990614439317 8.52872277327177 0.7565176211457627 -0.42997898974148846 0.4927465446625127 9.591184543293645
4215528471394 PointCloud15.pcd PointCloud11.pcd 0.44453455710725165 -0.03045163303206474 -0.3042445314791347 0.9521071174561831 -8.064142976184907 0.07210516518607969 -0.9507357701213459 -0.30150015019110604 1.8672496672126593 0.9969320654885009 0.05947066904628828 0.05088905898145716 -5.17945037052338
4215528471425 PointCloud13.pcd PointCloud9.pcd 0.448001998001998 0.05444333703894552 -0.9610652044655894 0.270905141733372 -10.707415062407595 -0.025406617419204802 -0.2725530074614856 -0.9618052619501587 -10.504155527880524 0.9981935818484197 0.04548110474926853 -0.03925611121097097 -7.065798432802434
4215528471456 PointCloud0.pcd PointCloud1.pcd 0.45204376623851866 0.7145527128869331 0.6707060840394411 -0.19891648835227907 -13.863339828301157 -0.4484527434401596 0.6573761576493137 0.6055961725896386 1.3444565503141694 0.5369399942329857 -0.34352574312080747 0.7705099002649989 6.632003827732228
4215528471487 PointCloud7.pcd PointCloud9.pcd 0.4218207022274549 0.026448308151012623 -0.9072221440795653 -0.4198195663468127 -0.7976677596377547 0.9200386637002679 -0.14214528974388402 0.3651350077714447 -11.564285087602833 -0.3909339385274382 -0.39590743601920897 0.8309199466928938 6.78812857678322
4215528471518 PointCloud22.pcd PointCloud23.pcd 0.4679693418735303 -0.7318524014978437 0.553428248246815 0.39762952162069265 -3.2165292423608776 0.5459289979239036 0.12691298320482902 0.828163404117722 3.079541656148375 0.4078646732037988 0.8231708624195299 -0.3950141005278748 15.777540268128282
4215528471549 PointCloud15.pcd PointCloud16.pcd 0.48292914507259566 0.8657144750001612 0.49967960263462874 0.029304308319680866 -0.9744961823523145 0.04006098714841108 -0.1275271173520261 0.9910257068555677 -6.966382316527064 0.49893242536829596 -0.8567713400031436 -0.13041972958616227 -1.7370527868390917
4215528471580 PointCloud14.pcd PointCloud11.pcd 0.56177482595823 0.15421382414124366 -0.14434190274059763 0.9774372161714313 -17.112255675045855 -0.4685731403014536 -0.8816311141692303 -0.056265359829613365 -10.894462460377635 0.8698605110198805 -0.44932392952295064 -0.20359444424219117 -1.1238804765388635
4215528471611 PointCloud12.pcd PointCloud9.pcd 0.5396943302535716 0.32246509430107456 -0.19935048373966024 -0.9253516345639436 -11.555602825296397 0.35681800039476497 0.9310579581769436 -0.07623642901961124 8.468046989343708 0.8767537724764465 -0.30559853263414755 0.37136553326900873 3.9537610759605557
4215528471642 PointCloud13.pcd PointCloud10.pcd 0.5716883116883117 0.6139599549195489 -0.7692687776841287 -0.17685791312675786 -21.087868160919086 0.02033534041014534 -0.20856936481890415 0.9777961413246845 -0.6474510338616757 -0.7890751850651425 -0.6039241407158729 -0.11240989536071017 12.96835751043857
4215528471673 PointCloud11.pcd PointCloud8.pcd 0.5354165631675691 -0.10753951143894389 -0.35018687213052724 0.9304861138495892 -3.868515828178802 0.033523098734563744 -0.9366586748675152 -0.3486355240744449 -19.520313278213994 0.9936354740701974 -0.0062993160635056444 0.11246716537028092 14.704034942380193
4215528471704 PointCloud23.pcd PointCloud20.pcd 0.5202070105755403 0.5280331525101232 0.4960122569467419 -0.6893133038095375 1.0367061328324438 0.3102494906337784 0.6429178497960122 0.7002870068587257 -1.0648373605344146 0.7905227659034882 -0.5836338572874873 0.18559438896698077 -1.1764958381052586
4215528471735 PointCloud10.pcd PointCloud11.pcd 0.5067634673446687 0.9911065451569597 0.13287758648420056 0.007166809413474841 -2.6712485455034507 0.09040704402809538 -0.7118906768899619 0.6964468612516349 18.944009715292694 0.09764416284211411 -0.6896051124863315 -0.7175725791134838 10.618957772856678
4215528471766 PointCloud4.pcd PointCloud2.pcd 0.5349867044089895 0.6000190716612149 -0.22860494735939926 -0.7666269573173257 8.53841647906188 0.20198869385221732 0.9705438762794522 -0.13132079718129613 3.538534382564957 0.7740656827419037 -0.07605499496589413 0.6285204503769537 19.22464036693578
4215528471797 PointCloud11.pcd PointCloud7.pcd 0.5280242436285956 0.5064678193412773 -0.6399999910660723 0.5778324665568025 14.087187217955012 0.0586340856328012 0.694149557450988 0.7174388028902551 -11.8653971910887 -0.8602629783814343 -0.3294789876851397 0.3890902269400748 -2.199510687559305
4215528471828 PointCloud15.pcd PointCloud13.pcd 0.5633678838469756 0.5155914013196081 -0.22238750632473386 -0.8274716332998667 4.714483489236876 -0.7669319540849138 0.31085431769103866 -0.5614133690751713 -4.683522143307633 0.38207444914411426 0.9240743423575319 -0.010282271525126008 5.694371102703789
4215528471859 PointCloud7.pcd PointCloud3.pcd 0.5327661837033099 -0.24338188232260213 0.35398915219525745 0.9030265441753027 6.722763786148392 0.9005158726308413 -0.26340514163684586 0.34596082798372946 -3.0544539937708115 0.36032821496105677 0.8973903339614018 -0.2546648111059368 -11.028589036129546
4215528471890 PointCloud4.pcd PointCloud3.pcd 0.604241722422371 -0.7887588646620041 0.35129382283585997 0.5044324567813553 -4.802358280841887 0.197378415662788 0.9218964704245345 -0.3333896501831348 2.688666047365839 -0.5821522261810516 -0.1633999628401204 -0.7964918315314309 10.964777370330296
4215528471921 PointCloud9.pcd PointCloud8.pcd 0.6299056433679908 0.6428191463666323 0.3942041066792482 0.6568003253209378 1.6859366294572522 -0.7320654539288826 0.5685825678290997 0.3752253119457244 4.9005589426712035 -0.2255298566229604 -0.722022843016814 0.6540789691876232 -16.538094056706775
4215528471952 PointCloud16.pcd PointCloud14.pcd 0.5776166518693894 0.001866295999593398 0.9990085373608715 0.0444798743178722 0.9404743943728542 -0.0012854872775007187 -0.04447751830042945 0.9990095584569219 7.055587637471321 0.9999974322275536 -0.001921625855044129 0.0012012045504160018 -2.9520736368618983
4215528471983 PointCloud9.pcd PointCloud7.pcd 0.6281928000480798 0.2051989958141013 -0.7226480175804886 -0.6600554634300625 6.495744361587397 0.16848270622180878 -0.6382567871889523 0.7511603366202267 -7.821122726827246 -0.9641094075990858 -0.2653452775050399 -0.009215958154921572 -7.642195145813627
4215528472014 PointCloud23.pcd PointCloud21.pcd 0.6315290020251034 0.8631463613877904 0.46433427868017535 0.19842388078449552 -11.245730827360834 0.36430805640046254 -0.8447390821766164 0.3920402059548556 -13.142756859015714 0.34965411318149225 -0.2661006589356169 -0.8982941836888932 3.709586249327969
4215528472045 PointCloud21.pcd PointCloud18.pcd 0.6177343375086919 -0.29439943717436623 0.775440337200834 -0.5585886275545475 3.4245429987218823 -0.14817576177757819 0.5403866991706042 0.8282669611792643 -9.388761064951538 0.944125476307599 0.3266106226094851 -0.04418807741454378 -5.493847279128882
4215528472076 PointCloud12.pcd PointCloud10.pcd 0.6290040294680288 -0.19066746018016098 0.26252748533262 -0.9458991696123733 -2.1484711651510673 -0.11267657096688573 -0.9630605397025425 -0.244577977796432 12.669472102954307 -0.9751666062697137 0.0599476130699014 0.2132050039366579 -15.553980616484417
4215528472107 PointCloud2.pcd PointCloud1.pcd 0.6204542554548934 0.4183345148501917 0.3728480027884512 0.8282394584307836 -10.452560692340882 0.16126168944951247 -0.9278652717551205 0.3362450073780804 3.2769201190382997 0.8938629096236982 -0.007099597697010934 -0.4482841671435617 4.59631297699252
4215528472138 PointCloud5.pcd PointCloud4.pcd 0.5822383374824115 -0.6039095534297344 -0.4899435980796165 -0.6286879368789398 -13.803461939739044 -0.7660939201827364 0.5744984111304156 0.2881868856621949 20.696755692834913 0.21998490115311514 0.6556728195597459 -0.7222878906331097 -2.7834109381030743
4215528472169 PointCloud13.pcd PointCloud12.pcd 0.6317082917082917 0.44087314552913115 -0.3557702145869882 -0.8240500130234685 -3.6661963114243075 -0.2101436067774467 0.8516603830619726 -0.4801190023872212 2.0273958119649773 0.8726227902603827 0.38484041671251606 0.30071135592578063 10.589100735509586
4215528472200 PointCloud20.pcd PointCloud19.pcd 0.663928616507918 0.34583727760598293 -0.6535264552478475 0.6732753892050901 12.940530666680527 0.060166563560467956 -0.7006297233755934 -0.7109838080800178 27.13866586586709 0.9363634775275073 0.2863933711066349 -0.20298343513393124 0.9139952601397788
4215528472231 PointCloud26.pcd PointCloud25.pcd 0.69762807045102 -0.8588217164125375 -0.18034278653493646 -0.4794806969660372 9.221783135440587 0.47219237983801715 0.08425993303490578 -0.8774591842974023 -6.373018540943826 0.1986444457847542 -0.9799881341270246 0.012792229246707885 -5.814798057974229
4215528472262 PointCloud23.pcd PointCloud22.pcd 0.6812565424537993 0.885623610831194 -0.2984453576953807 0.35581060749842003 -0.2944780570145632 -0.23670558379903606 0.3690851532048992 0.8987472482751054 -18.120873861418694 -0.3995513565696855 -0.8801741408118015 0.25622684346010993 7.955423454285878
4215528472293 PointCloud3.pcd PointCloud4.pcd 0.6754566040930351 0.9614070433705062 0.020790939401052075 -0.2743432772939824 2.9078723507176543 -0.2571656199577872 0.4223132859431427 -0.8692050002316093 11.041897092461895 0.09778722242352562 0.90621146834209 0.41136168243525645 4.799070534324253
4215528472324 PointCloud11.pcd PointCloud10.pcd 0.6607382383625615 0.3166727884620304 -0.31304633153530453 -0.895388373478219 -10.351915378551759 0.11588558704525127 0.949667026761685 -0.2910379167682429 5.863788523042455 0.9414291666200171 -0.011598818642836295 0.3370112633773995 17.347217922631447
4215528472355 PointCloud28.pcd PointCloud26.pcd 0.7187391045755656 0.26568088727721684 -0.032578293456352214 0.9635104155799579 19.448590980205896 0.9549729594104647 -0.12801317691577419 -0.26765513880878516 1.0176315993460185 0.13206177694704163 0.9912372477522235 -0.0028992651116029333 -1.5239481380876452
4215528472386 PointCloud8.pcd PointCloud6.pcd 0.6599976462280805 -0.08801256337144286 -0.5958997034160435 -0.7982213553629465 1.685781930172271 -0.13567936729080957 0.8010343213539042 -0.5830395572383195 12.93683992685613 0.9868358009214873 0.05698736247416136 -0.15135237869913098 -5.895597608645991
4215528472417 PointCloud17.pcd PointCloud16.pcd 0.6999117560545152 -0.6343195194017315 0.6551530071325914 -0.4103818764895435 -9.849655712380814 -0.7060223795192518 -0.7071854113054268 -0.03769872218985379 13.31083270155977 -0.3149145073252896 0.2658257536091958 0.9111341952721197 -8.63352980366346
4215528472448 PointCloud18.pcd PointCloud16.pcd 0.6596068484464173 0.1769847567569367 0.8481794954831121 -0.4992674026187788 0.6967846929730996 -0.3278509595392736 0.5291107530878547 0.7826592868521915 -10.809392061156629 0.9280033104493032 0.025166533508154787 0.37172099938840886 20.981137513044317
4215528472479 PointCloud24.pcd PointCloud23.pcd 0.6884532235614653 -0.5566538947493562 -0.8281784979051752 0.06524428762658452 5.868741102910583 -0.48074019539286 0.38518379917833073 0.7877323818303917 0.1741955001367212 -0.6775140633182514 0.4071287467842023 -0.6125527549100709 -1.1376821289933827
4215528472510 PointCloud21.pcd PointCloud20.pcd 0.755344883308686 0.09826034023636904 -0.2186382732533631 -0.9708461314778057 7.317518578468826 -0.4087707401534884 0.8806002419758183 -0.23968666176176695 8.650218687574897 0.9073320161500983 0.42040518467416427 -0.0028448493948851072 -1.890775917991714
4215528472541 PointCloud29.pcd PointCloud27.pcd 0.7642007343941248 -0.11295785466734048 0.8060449664346254 0.5809750727478382 -0.20907152181616062 -0.042224481070433806 0.5802949796608527 -0.8133110289297345 6.195755837918352 -0.9927021790382475 -0.11640123996682511 -0.03151404554958065 0.5251859506058449
4215528472572 PointCloud27.pcd PointCloud26.pcd 0.7684244314933143 -0.14932892193920744 0.8050959950432173 -0.5740394688850634 4.936089608412979 0.08483200781820405 0.5888397521555649 0.8037855912685327 -6.181540670532578 0.9851418189895331 0.0713315151019831 -0.1562287151302516 20.535790337836687
4215528472603 PointCloud27.pcd PointCloud25.pcd 0.7530268529756949 -0.19407397178473418 0.669918863947509 0.7166198498527496 6.543496759384027 0.1532501421145751 -0.700835604706127 0.6966662393987957 -9.103491308997333 0.9689425614645901 0.24502687792051808 0.03334878826828357 -1.5433743287876176
4215528472634 PointCloud28.pcd PointCloud27.pcd 0.733105683053385 -0.044240046245815234 0.5603811524036212 -0.8270524664971126 -6.35469620301329 -0.3794464219568595 0.7563984590980133 0.5328055779909666 -2.4850570657597046 0.9241554150532827 0.33739344259327353 0.1791715204008561 2.107841054153939
4215528472665 PointCloud30.pcd PointCloud29.pcd 0.7508323214915201 -0.3383341647600072 0.013267905037473937 0.9409324926114865 0.7661960553817904 0.7910246674978931 0.5456154501392645 0.2767377024895155 3.7250468053920494 -0.5097155759499566 0.8379306315353585 -0.1950955877736849 -3.2835305523983833
4215528472696 PointCloud19.pcd PointCloud11.pcd 0.26917022490702663 0.13197995250155226 0.8456830174573519 0.5171088145853988 18.92926536555285 0.11260208472463284 -0.5310861203991261 0.8398025382404315 -3.007555207607622 0.9848360587698617 -0.05260956855585569 -0.16531839172642626 7.817734445863023
4215528472727 PointCloud19.pcd PointCloud6.pcd 0.17131697526613016 0.09040282790923232 0.90975504874928 -0.40518277354943005 -7.211955757033426 -0.860366207048683 -0.13356884897210658 -0.49186314392616265 4.057551648833106 -0.5015947751668434 0.39307138519543955 0.7706474989681482 -12.247381988802085
4215528472758 PointCloud12.pcd PointCloud7.pcd 0.4291586959176198 -0.3910792521393425 -0.014684720457203645 -0.9202398478283944 -2.954602497063254 -0.07702966423052314 -0.9958422866404409 0.04862685438387974 -6.838230673621063 -0.91712782608242 0.08990272033610533 0.38832209762193887 -3.661355915775419
4215528472789 PointCloud10.pcd PointCloud16.pcd 0.16178690608612745 -0.3809737964017505 -0.9239289132470014 -0.034847234057407805 16.410869304530774 0.5898434921564344 -0.2718949408440718 0.7603668824351181 19.70390455576203 -0.7119997339999078 0.2691254436310565 0.6485583045297063 13.601170442192615
4215528472820 PointCloud29.pcd PointCloud28.pcd 0.8903500611995104 -0.5525754886273013 -0.7465499775887141 0.3705718018557135 1.1710669808798582 0.427899745852796 0.12743890789795334 0.8947966988388423 13.230363900670863 -0.7152357211908619 0.6530103029172418 0.24902892887478004 -3.561708939784621
4215528472851 PointCloud20.pcd PointCloud22.pcd 0.3252648238229783 -0.8104877440165755 -0.15093128988334234 -0.5659764681796163 0.9653671535357761 -0.2719282460020689 0.9527542097427827 0.13533087173163336 -8.073620253389807 0.518810799641989 0.26358900119609696 -0.8132380909815303 0.9789122808007522
4215528472882 PointCloud1.pcd PointCloud11.pcd 0.10893813206424748 -0.09895688961709462 0.03452224835191192 0.9944927090562502 4.16422251317778 -0.7221743409147912 -0.6900501782572619 -0.04790587449789946 -6.353800835022038 0.6845960526628806 -0.7229377330419615 0.09321630127049904 -1.181976186947338
4215528472913 PointCloud5.pcd PointCloud15.pcd 0.10802034852256738 0.9061846615987118 0.19030891397533817 -0.3776398765288902 -20.331669400378253 -0.4227165188332121 0.43264448777087644 -0.796322479845324 6.5831641184442145 0.011836544629186957 0.8812498309009785 0.4725025203617839 -0.3893255691999191
4215528472944 PointCloud19.pcd PointCloud8.pcd 0.16734224041242793 -0.7137520638224937 0.12165002837680437 0.6897530442013674 -4.582959641282887 0.26027563206968857 -0.8682096031187458 0.42245553659895835 4.263801100614947 0.6502419447712174 0.4810544206722483 0.5880238580294448 14.844144818562146
4215528472975 PointCloud9.pcd PointCloud6.pcd 0.6275216859987579 0.7918841946355972 -0.5652795863587806 0.2310376842257077 15.283092345578265 -0.04490682425383408 -0.43121378213096073 -0.9011315393635647 -1.4612012438794433 0.6090178974560331 0.7032166546281157 -0.36685628961743943 -6.192870485115155
4215528473006 PointCloud20.pcd PointCloud12.pcd 0.29955433864437386 -0.06457915213174613 0.2414381303560703 0.9682650269012664 12.30711414186464 0.95099728572311 -0.27912026489033526 0.13302646456561334 9.881214927420311 0.3023800516853289 0.9294081487364494 -0.21158165658927902 -15.055843357708596
4215528473037 PointCloud21.pcd PointCloud7.pcd 0.14900055823792688 -0.19901183999707195 -0.9736154466326696 0.11165683865866383 -0.44023305558489706 -0.21490131476903068 -0.0678060505507122 -0.9742790998575592 3.0291986605470984 0.956144190199115 -0.2178882777640443 -0.19573703267776615 -13.120879295553083
4215528473068 PointCloud21.pcd PointCloud10.pcd 0.19880125750438266 -0.20866161752185902 0.8468432886997457 -0.48920013671028373 7.901225653058673 -0.23626639699523583 0.441744882392808 0.8654707669994716 -6.635213001743619 0.9490197674569539 0.2961720838701093 0.10790541094859857 -20.113617890835766
4215528473099 PointCloud17.pcd PointCloud22.pcd 0.10773605255417197 -0.12368865138229745 0.8978339240486776 -0.4226054452400986 -7.405199841798247 0.14066266847915687 0.4374389032814612 0.8881785966753732 -0.8378481284372947 0.9823009371957004 0.05041280316810387 -0.1803979436168348 9.245217185022756
