id source target overlap t1 t2 t3 t4 t5 t6 t7 t8 t9 t10 t11 t12
4215528470000 PointCloud12.pcd PointCloud7.pcd 0.4292 0.9657931141571384 0.029280389177306323 -0.2576554277640631 -0.1958323310370842 -0.043474075982500235 0.9978243706954519 -0.04956339338355871 0.03931861616470983 0.2556436296177252 0.05906931568802096 0.9649648442197386 -2.0682061923812736
4215528470001 PointCloud12.pcd PointCloud7.pcd 0.4292 0.9926643199551208 -0.055665950126859376 0.10732590500206166 0.5624518260608342 0.09358735542690663 0.9157860559675293 -0.3906114522125989 -0.2818309037237344 -0.07654380962713711 0.397790399195244 0.9142777715310885 -1.373104727050756
4215528470002 PointCloud12.pcd PointCloud7.pcd 0.4292 0.9999816132695748 2.9070824785601116e-05 -0.006064014978988601 0.006045249704588862 -3.216521125699101e-05 0.9999998693358524 -0.0005101898441141362 0.03289775010943862 0.006063999354999687 0.0005103755137138717 0.9999814835428991 -0.04229607097166921
4215528470003 PointCloud12.pcd PointCloud7.pcd 0.4292 0.9945625759413916 0.054344337149806826 -0.08883679168324307 0.1251374611617111 -0.05615682972622704 0.9982591449656958 -0.018030251452979366 0.9847116788482755 0.08770229764335336 0.02292100591392636 0.9958829923620397 -0.3972205163470308
4215528470004 PointCloud12.pcd PointCloud7.pcd 0.4292 0.9532024673879763 0.10911227355115317 0.281956677392064 -0.4262432980181874 -0.04586085367674746 0.9739952098819914 -0.22187860020059558 0.561563544209291 -0.2988341316943466 0.1985644552467387 0.9334186192952506 0.5747923112424356
4215528470005 PointCloud12.pcd PointCloud7.pcd 0.4292 0.9993168467921146 -0.024381199844138775 -0.027774031245492 0.112428548982213 0.026892082895916252 0.9952142513426142 0.09394365227134432 -0.2309364305545282 0.025350652752632763 -0.09462637591454223 0.9951900287815867 0.3038396576437882
4215528470006 PointCloud12.pcd PointCloud7.pcd 0.4292 0.9982596349982399 -0.058360529400413835 0.008470521901529146 1.0454841566900201 0.05197429992385297 0.9385472636265471 0.34121504375766654 -0.011156966764196752 -0.027863475745251706 -0.340180955591615 0.9399470964752056 1.3567065547480892
4215528470007 PointCloud12.pcd PointCloud7.pcd 0.4292 0.9892166074635198 -0.12608961537989086 0.07451115629028825 0.880561220446439 0.0894918908256798 0.9231028118475728 0.3739951874497173 -0.8753450162565755 -0.11593836722504407 -0.36329410627266684 0.9244326299697209 2.283980172487607
4215528470008 PointCloud12.pcd PointCloud7.pcd 0.4292 0.8901565837964937 -0.40607761108632406 0.20669356569129124 2.722690877006296 0.37680752139890644 0.9110823773378057 0.16716756121241033 -2.0787711386084538 -0.25619786911871195 -0.0709216150331929 0.9640190746972359 1.9113252353269097
4215528470009 PointCloud12.pcd PointCloud7.pcd 0.4292 0.9497954019333423 0.22445814385416443 -0.2179615473514171 -0.6191131434439976 -0.2192235375333831 0.9744817371614476 0.048232608577152836 1.2355669699068152 0.2232257490918782 0.0019711916067972034 0.9747647815478456 -1.5321030767789614
4215528470010 PointCloud12.pcd PointCloud7.pcd 0.4292 0.9704322564724457 0.205556220782163 0.1265222339968443 -0.6543537247190967 -0.23148706885597997 0.9410625920736413 0.2466068424681406 2.0639990714673884 -0.0683737709232449 -0.2686034956909425 0.9608211017418079 1.760340880739419
4215528470011 PointCloud12.pcd PointCloud7.pcd 0.4292 0.9725825686982994 0.21022690423565601 -0.09943739638440964 -0.7528544577377989 -0.1833339689876807 0.9561664564862828 0.22832950599011476 1.2384874533605028 0.14307970813306137 -0.20383904490052446 0.9684925610940954 -0.17433086972806566
4215528470012 PointCloud12.pcd PointCloud7.pcd 0.4292 0.957299468197778 -0.26094501633429146 0.12444045418812824 1.557190718450296 0.28519341327192127 0.922911491762281 -0.2586485944277136 -1.656602938969193 -0.04735446351255999 0.28309375977477347 0.9579224801423236 -0.7514783622684398
4215528470013 PointCloud12.pcd PointCloud7.pcd 0.4292 0.9813278952569583 0.07290631829981167 -0.177989411883165 -0.07804314712149374 -0.07459032318886857 0.9972103895499052 -0.0027789674893064784 0.4424773172620656 0.17729028647144926 0.01600336607383056 0.9840284785498733 -0.5689698925429367
4215528470014 PointCloud12.pcd PointCloud7.pcd 0.4292 0.9737435791692763 0.22760697317934991 -0.004302067728679716 -1.3468931500602022 -0.22763172127677977 0.9737250543177024 -0.006581645885195326 1.6595884629151898 0.0026910026343194594 0.007388122503203486 0.9999690865975308 -0.7328629479139005
4215528470015 PointCloud12.pcd PointCloud7.pcd 0.4292 0.9998895441938552 0.007196006658047367 -0.013004495375901792 -0.0688568177578226 -0.006971908359198542 0.999827824781869 0.01719631605278484 0.07231032540055435 0.013126001128883487 -0.0171037504698141 0.9997675578924489 -0.0033596336997436804
4215528470016 PointCloud12.pcd PointCloud7.pcd 0.4292 0.9692957439443071 -0.04510391487746834 -0.24172587291015904 0.6413022188929984 0.09902232941762049 0.9714003566880761 0.21581456230520393 -0.5834577277582923 0.22507851751813304 -0.2331243957397093 0.946040526120755 -0.6548547930026098
4215528470017 PointCloud12.pcd PointCloud7.pcd 0.4292 0.9759396254165333 -0.1998731691512347 -0.0871353188740279 1.1267365058700491 0.14593394322815811 0.8956889184969451 -0.4200531460370861 -0.1504018458906501 0.1620034930355433 0.39723050932074033 0.9033065873273968 -3.4884811696187796
4215528470018 PointCloud12.pcd PointCloud7.pcd 0.4292 0.943639222896841 0.32999948457494666 -0.02540388141437842 -1.1396040361274906 -0.33009491902440424 0.9327549604485794 -0.1449328402841854 2.476557983227239 -0.024132166187855308 0.14515000495638547 0.9891153191697333 -0.4638072133355903
4215528470019 PointCloud12.pcd PointCloud7.pcd 0.4292 0.8869083328783075 -0.24044720792648389 0.3944347211787768 1.731621592194779 0.30472039810891605 0.9462598300798442 -0.10834118770628312 -1.455138845169445 -0.3471873961528052 0.2162810074362115 0.9125148972893606 1.1376585853641306
4215528470020 PointCloud12.pcd PointCloud7.pcd 0.4292 0.9273765965106734 0.35112303856453414 -0.12917143660069985 -0.5117694903285086 -0.34361420961183414 0.9359346760829389 0.0771722557552838 2.337670978751026 0.1479929836077185 -0.027182602795411674 0.9886147798349733 -0.24900777496869675
4215528470021 PointCloud12.pcd PointCloud7.pcd 0.4292 0.9956597511065939 0.08610900259317428 0.03531146695854234 -0.24415828177822707 -0.08210349027377997 0.9913467407222446 -0.10242390611691246 0.6730625400429202 -0.043825528076896436 0.09908016618774662 0.9941138987847367 -0.4045743462814552
4215528470022 PointCloud12.pcd PointCloud7.pcd 0.4292 0.9757582137246064 -0.13743782723560874 0.17031368704164837 0.6687500121539545 0.12407096897058388 0.9884664146253284 0.08683629319846083 -0.5514661937113569 -0.1802839510540691 -0.06360024215758624 0.9815562674599101 1.8279218893959517
4215528470023 PointCloud12.pcd PointCloud7.pcd 0.4292 0.9395524297788898 -0.30720115944360854 -0.15122393769865672 1.9297561494630804 0.33161477095492514 0.9263895560525895 0.1784209464194123 -1.8960726573931277 0.08528115490011363 -0.21778392519464984 0.9722640004369771 0.7853236394702157
4215528470024 PointCloud12.pcd PointCloud7.pcd 0.4292 0.9824204904030722 0.18500180823720294 -0.024986215903026292 -1.0342473620005261 -0.18589868520454142 0.9817429081084031 -0.0402807797600633 1.4488915792118946 0.017078023170445218 0.04421756809030892 0.9988759421453541 -0.9430817572923984
4215528470025 PointCloud12.pcd PointCloud7.pcd 0.4292 0.9898288155523125 -0.13150546445594063 0.05426996149375088 0.6996446571090651 0.1356630541000149 0.9873742367996727 -0.0817780670872082 -0.840179568401324 -0.04283049911642753 0.0883087160052213 0.9951719042572226 -0.1355483372195791
4215528470026 PointCloud12.pcd PointCloud7.pcd 0.4292 0.9987588914974359 0.04965032435928023 0.003939790074522135 -0.2055658327183405 -0.04968268569699195 0.9987280963941623 0.008591869111361809 0.30573698871390925 -0.0035081899530885127 -0.008776945021539391 0.9999553279218737 0.11025452706797345
4215528470027 PointCloud12.pcd PointCloud7.pcd 0.4292 0.9685277598712444 -0.24649395073890937 0.03456458603706263 1.4940467308645546 0.2393841643782527 0.960494600299488 0.14193429691393356 -1.2166510312658456 -0.06818504384185062 -0.1291930920933897 0.9892724320184173 0.314777465449057
4215528470028 PointCloud12.pcd PointCloud7.pcd 0.4292 0.9075422963715075 0.40258950745058697 0.1195352198618648 -1.415242559829764 -0.3660221625234723 0.8978137957244924 -0.244863563537779 2.9681813947000926 -0.20589987090421255 0.17847150107922805 0.9621606760121489 0.27740156226787027
4215528470029 PointCloud12.pcd PointCloud7.pcd 0.4292 0.8742705531144291 0.035367379163345015 0.4841488907847524 0.3482651262276022 -0.023043872372637976 0.9992417601497282 -0.03138287301931312 -0.4930968603491638 -0.48489171977160367 0.0162804565043167 0.8744226477127336 3.408200349363573
4215528470031 PointCloud16.pcd PointCloud12.pcd 0.4474 0.9995649967107456 0.028460715702350373 -0.007733370051745958 -0.22622618914380332 -0.02850017709535625 0.9995810745893967 -0.0050413518266763605 0.6285398898977559 0.0075866498654271215 0.005259561238068151 0.9999573889718514 -0.8517582278918865
4215528470032 PointCloud16.pcd PointCloud12.pcd 0.4474 0.9987954746532764 0.04884185527763037 -0.004698189563580733 0.047197441039177335 -0.040313569491027726 0.8714214718117917 0.4888756841777496 1.153878545681415 0.027971698679708498 -0.48809742023330727 0.8723408120881206 2.274092538095104
4215528470033 PointCloud16.pcd PointCloud12.pcd 0.4474 0.9953277915977058 0.0965467049196176 0.001149366085392686 -0.3476030084623609 -0.09655044892728852 0.9951299966296802 0.019857004299534967 1.0383229716324096 0.0007733596660116879 -0.01987520004872875 0.9998021696004915 0.47953310020104567
4215528470034 PointCloud16.pcd PointCloud12.pcd 0.4474 0.9980195219002025 -0.0615819755716308 -0.012833323450541464 0.48851679070249965 0.06139152494491012 0.998004904727413 -0.014740787121650594 -0.4585395606284225 0.013715486540025806 0.013923736018842371 0.9998089892595725 0.15380785925924756
4215528470035 PointCloud16.pcd PointCloud12.pcd 0.4474 0.9998454353178147 0.016974758817028947 -0.004578540950252931 0.7386898348941546 -0.01696718394372398 0.9998546217035039 0.001688231963532231 0.19579814477112664 0.004606532660177305 -0.0016102860759985185 0.9999880933469179 -0.13195839121312614
4215528470036 PointCloud16.pcd PointCloud12.pcd 0.4474 0.9010457630850794 -0.4310658767303069 -0.04794520565352427 3.356000732664489 0.41316907678153275 0.8867103028962883 -0.2074515671887505 -2.8253856650811917 0.13193879951675624 0.167113879304816 0.9770696518292709 -2.926590261244815
4215528470037 PointCloud16.pcd PointCloud12.pcd 0.4474 0.9999444680986787 -0.008687428207070665 -0.005965677664584555 -0.09366855192475043 0.008886542854024322 0.9993753772000512 0.034203578794608835 -0.20648902426262214 0.005664810231095061 -0.034254693655066004 0.9993970811882749 0.03496424986976798
4215528470038 PointCloud16.pcd PointCloud12.pcd 0.4474 0.9908790230570035 -0.12576811308330466 -0.04838536345904248 0.8635677016571446 0.12614882560705304 0.9919993014902967 0.004884633120803499 -1.1329169779590782 0.04738391566301659 -0.010943837271662281 0.9988167984982089 -0.3806458128383805
4215528470039 PointCloud16.pcd PointCloud12.pcd 0.4474 0.9720863399611372 -0.2269611196187971 0.05947098319636763 1.5907916682407386 0.19875893870473482 0.9312883580191942 0.3052816380047791 -1.8200712667866066 -0.12467169665135727 -0.2849397206415693 0.950403242657966 2.2205605765005405
4215528470040 PointCloud16.pcd PointCloud12.pcd 0.4474 0.9356117406691196 0.33606833520974794 0.1081144985256305 -1.6869475891207806 -0.31867065615493845 0.9357584428330665 -0.15101373968091567 3.1716322024258905 -0.15191999087638547 0.10683730966279001 0.9826017024390584 1.016858283993211
4215528470041 PointCloud16.pcd PointCloud12.pcd 0.4474 0.9430286932316978 0.09626295664948376 0.3184812818970939 -0.41629242707209 -0.13791964824821384 0.9842154078510514 0.11089725684469208 1.2402170703586302 -0.30277888692708665 -0.14850412157811735 0.9414199230447093 3.626000490155075
4215528470042 PointCloud16.pcd PointCloud12.pcd 0.4474 0.9814571820328586 0.16584454856017275 -0.0961113185269694 -1.169803832058852 -0.17668506578993945 0.9771532884985319 -0.11812636582621762 1.504114507900784 0.07432487714705514 0.13291740476467753 0.9883363679171671 -1.265611159329972
4215528470043 PointCloud16.pcd PointCloud12.pcd 0.4474 0.9713295571059095 -0.23363712240617468 0.04396119341191564 1.6554323248660037 0.23327633880348075 0.9723203795680729 0.013237417838918759 -2.4686293386768994 -0.04583711647651243 -0.0026027889581394436 0.9989455361743992 0.4398037480585265
4215528470044 PointCloud16.pcd PointCloud12.pcd 0.4474 0.9998855126107904 -0.0063157981821737414 -0.013750358700008587 0.01758813309105811 0.006512714398394644 0.9998762041206088 0.014323441783570178 -0.04846210377657134 0.013658192494682232 -0.014411354089204518 0.9998028638942247 0.7980171864737011
4215528470045 PointCloud16.pcd PointCloud12.pcd 0.4474 0.9968256218215967 -0.03369158763258892 -0.07213568189726104 0.30237818678544137 -0.004623188854855728 0.8800228092976962 -0.4749089188892995 1.2886092370653834 0.07948148089208952 0.47373487526103303 0.877073521522919 -3.1034699640383554
4215528470046 PointCloud16.pcd PointCloud12.pcd 0.4474 0.968226304591637 -0.14470362470174086 0.2039575546406663 0.517914440418842 0.15488354793568065 0.9873203585452914 -0.034779249285357534 -1.3422928767294051 -0.19633876253984686 0.0652638537030649 0.9783617529953563 0.6478853795223608
4215528470047 PointCloud16.pcd PointCloud12.pcd 0.4474 0.9659239054555702 -0.21076036985231159 -0.15023673109188557 1.8608046580043869 0.22014374165524983 0.9742538523431465 0.0486432339032352 -2.1101506350364434 0.13611664806145257 -0.08005933858242305 0.9874526623723587 -0.6521805032103525
4215528470048 PointCloud16.pcd PointCloud12.pcd 0.4474 0.9955372469730032 -0.09435201835598153 0.0018128765997893887 1.102446822637937 0.09435218544337726 0.9955388817407002 -6.67342398237511e-06 -0.8082617254850469 -0.0018041594918661288 0.00017769251126858494 0.9999983567155994 -0.05207975227441497
4215528470049 PointCloud16.pcd PointCloud12.pcd 0.4474 0.9924196326169017 0.11470125002851 0.04412364489059033 -0.7664681816918542 -0.10592995894055682 0.9804094089027569 -0.16606093680874734 1.3241743785999625 -0.062306633638687534 0.16012811800818766 0.9851278441033784 -0.7721350267389555
4215528470050 PointCloud16.pcd PointCloud12.pcd 0.4474 0.9105820349467897 -0.413316365571985 0.0031527103464388737 3.140015366736142 0.412975230488452 0.9100927872064235 0.03438862715860144 -3.2936139826391555 -0.01708264134064829 -0.03001167481512182 0.9994035635015606 0.7178579117099764
4215528470051 PointCloud16.pcd PointCloud12.pcd 0.4474 0.976026283909418 -0.2111540106161055 0.052788984823595037 0.9005034535127763 0.19412222938778156 0.9542046342743395 0.22761826813085895 -2.0180949562465997 -0.09843400416263509 -0.21191389697258572 0.9723184905648986 2.5597768075232423
4215528470052 PointCloud16.pcd PointCloud12.pcd 0.4474 0.9873530001308682 -0.15761610517048663 0.01706506734413987 1.3222198317282867 0.1566759492624668 0.9865375756633472 0.04686425852385449 -1.3520174993212235 -0.024221892066452224 -0.04359788062706531 0.998755487969678 0.523070547457128
4215528470053 PointCloud16.pcd PointCloud12.pcd 0.4474 0.9916170470667595 -0.03924759012897329 -0.12310669614471995 0.25388840281723546 0.05226701152664644 0.9931633600531011 0.1043776784284248 -0.27710815929125643 0.1181684876465536 -0.10993710436928184 0.9868890725964211 0.315204353102271
4215528470054 PointCloud16.pcd PointCloud12.pcd 0.4474 0.9710375873148552 -0.23892281761878306 -0.001375224653080901 1.8900668336872553 0.2389217302159284 0.9710384027796953 -0.0009094820972346527 -1.844716733182961 0.0015526919758360822 0.0005545702478551029 0.9999986407988104 0.5744132631075569
4215528470055 PointCloud16.pcd PointCloud12.pcd 0.4474 0.9974294239926983 0.019685007760692944 -0.06889879986658189 0.10797464094129339 -0.010612915991764931 0.9915041556038149 0.12964133381957177 -0.3718086566508821 0.07086543704617636 -0.12857686374238314 0.9891643341439413 -0.055244754662284734
4215528470056 PointCloud16.pcd PointCloud12.pcd 0.4474 0.9537928479153801 0.2996929864839313 -0.021524802387268074 -1.2302157609894717 -0.29125805004825733 0.9397891537251796 0.17878784864357475 2.868429125563833 0.07381024012666237 -0.16425729935942932 0.9836521682279724 0.30896211908681814
4215528470057 PointCloud16.pcd PointCloud12.pcd 0.4474 0.999623414770262 0.02310841062388133 -0.014799662208269683 -0.11798179790275576 -0.023499966264572777 0.9993631167896382 -0.026853535820519785 0.20082458307528323 0.014169694019446533 0.027191214738184945 0.9995298182707993 0.2296302855018295
4215528470058 PointCloud16.pcd PointCloud12.pcd 0.4474 0.9925617976187014 0.12167955726974858 -0.0038940018708415237 -0.6187403345138485 -0.12158948387488164 0.9924121023128016 0.018281591673742412 1.14035457087028 0.006088950564099117 -0.017672139817337406 0.9998252948167018 0.05842406811726519
4215528470059 PointCloud16.pcd PointCloud12.pcd 0.4474 0.9625103267267007 -0.2702496535296576 0.0232162811742101 1.8510686585007132 0.26366205265457676 0.9522656738059087 0.15385840399846162 -2.3783141525709057 -0.06368824800883695 -0.14196905035280993 0.9878201232043646 1.4190543050216138
4215528470060 PointCloud16.pcd PointCloud12.pcd 0.4474 0.8773720751587937 -0.422620422028823 0.2271788295940711 2.8457095780480497 0.43755388852190125 0.8990239270935023 -0.017394629997236878 -3.4490888276160216 -0.19688787766369986 0.11466454289603531 0.9736976975589126 1.6978405507381962
4215528470062 PointCloud23.pcd PointCloud19.pcd 0.4155 0.9236751786471118 0.326804051531229 -0.20005818217208646 0.28116752322954497 -0.28123474416898503 0.9328118122601426 0.22532008694333852 3.8069988975161895 0.2602521527738656 -0.15185925987809204 0.9535237711592965 -3.621291137389207
4215528470063 PointCloud23.pcd PointCloud19.pcd 0.4155 0.9902017710625772 -0.11961901398517101 -0.0720537582486223 0.7028790865595518 0.11361341419655475 0.9901045600689515 -0.08237082156486007 -1.4028550231540475 0.08119387106880378 0.07337745991708482 0.9939936134990904 -1.36396398921634
4215528470064 PointCloud23.pcd PointCloud19.pcd 0.4155 0.9555465292296697 -0.24758054048491435 0.16010842092260485 1.0728511032314891 0.2608800422463588 0.9629821213789433 -0.06787516086204341 -3.554537824059371 -0.13737697781895758 0.10662696599691802 0.9847630456549544 2.3302145296673493
4215528470065 PointCloud23.pcd PointCloud19.pcd 0.4155 0.9981534616768818 0.06031037258087505 -0.007233664466480726 0.06577390784879 -0.060045990819499774 0.997668429641996 0.03243737785608154 0.8868109193233794 0.009173109012877836 -0.03194312844462317 0.9994475927312088 0.3000562650250491
4215528470066 PointCloud23.pcd PointCloud19.pcd 0.4155 0.9779367371978432 0.11925345202784698 -0.17151778980116988 0.2682718363134917 -0.040208211094540036 0.9131471261189016 0.4056422387047084 -0.007753886618447059 0.20499521408904453 -0.3897960238897169 0.8977950890711944 -1.879310740089109
4215528470067 PointCloud23.pcd PointCloud19.pcd 0.4155 0.9654005670859894 -0.24844260241556446 -0.07923394711253329 1.3873801272690596 0.26010995740409637 0.9390531453256775 0.22477099526671837 -3.9643583296721974 0.018562196240992753 -0.2376035849033716 0.9711848337529665 0.4851085901147476
4215528470068 PointCloud23.pcd PointCloud19.pcd 0.4155 0.9347545207303886 -0.35527296650060985 0.0038865470482717327 1.5593644989792175 0.35442642123368 0.931651513011406 -0.08004605071484899 -5.44302219735466 0.024817290456210284 0.07620090273359431 0.9967835896106023 -0.7073680771791555
4215528470069 PointCloud23.pcd PointCloud19.pcd 0.4155 0.9713695743170594 0.23202705577584265 -0.05103523762155597 -0.20147866292123595 -0.2362494150378116 0.9660528702364202 -0.10453738949421859 3.6888248213941734 0.02504723508466584 0.11360148456762406 0.9932106215293135 -1.4074538824768443
4215528470070 PointCloud23.pcd PointCloud19.pcd 0.4155 0.9996007776616443 0.02726806724859779 -0.0073985003049034355 0.03584560067217879 -0.02753275990496094 0.9988827363151678 -0.03840867380604066 0.26405083258753076 0.006342903928917973 0.038597041338022366 0.9992347251620609 0.07721312552534565
4215528470071 PointCloud23.pcd PointCloud19.pcd 0.4155 0.98013910555496 0.09317883464170762 0.17505724359973296 -0.5894544620298561 -0.07594955407431539 0.9918108435310333 -0.10267870222286866 0.9715012398676903 -0.18319115425651855 0.08734389176738806 0.9791894839984195 2.8876458827079348
4215528470072 PointCloud23.pcd PointCloud19.pcd 0.4155 0.9918037779176213 -0.12523739565655714 0.02531522935895517 0.831780165751649 0.1253115254966459 0.9921165152330851 -0.0013571217568691084 -1.253465380629507 -0.02494569473951375 0.004518288494825131 0.9996785970415893 0.00508078227561648
4215528470073 PointCloud23.pcd PointCloud19.pcd 0.4155 0.9585746421158129 0.16912228148068956 -0.22919927879316632 0.5134036189384528 -0.09539010054383548 0.948793373551859 0.3011508974290454 0.8685059467286081 0.2683940837849786 -0.26681227147724834 0.925621859928974 -2.7358111973721426
4215528470074 PointCloud23.pcd PointCloud19.pcd 0.4155 0.9228113545099689 -0.1351503849642853 0.36076803826209686 0.9901580017174911 0.21242628050116938 0.9597290954615304 -0.1838345415775582 -2.5025312975603797 -0.3213942739687731 0.2462812148106265 0.9143584001317465 4.343892613207345
4215528470075 PointCloud23.pcd PointCloud19.pcd 0.4155 0.9906856459852327 -0.11986553384584217 -0.06460808490176255 0.630839794992454 0.12152204724653534 0.9923373858756666 0.02233617304864901 -1.7884392057110279 0.061435680771298753 -0.029979432771478944 0.9976607092287775 -1.1382820787354708
4215528470076 PointCloud23.pcd PointCloud19.pcd 0.4155 0.9998882723877387 -0.0075536317543588175 0.012899046041574701 0.1907680749556313 0.007504416710707145 0.9999643931618714 0.003859551559747346 -0.3523416895538018 -0.012927740378549579 -0.003762320524600602 0.9999093551282411 1.0977987421761173
4215528470077 PointCloud23.pcd PointCloud19.pcd 0.4155 0.9245018217020381 0.3804587929158786 0.02339847351015996 -0.22584047380095384 -0.37975165814724154 0.9246110698411676 -0.02971611787552677 5.6989260955091865 -0.0329402459619481 0.018586995996239447 0.9992844759005326 0.47632559203074387
4215528470078 PointCloud23.pcd PointCloud19.pcd 0.4155 0.9447336615504648 0.20379662596267117 -0.25679806070078326 0.452756430763845 -0.22293670989665598 0.9736777030461357 -0.04744421957684306 3.9688055968554528 0.24036957401864803 0.10207186604070956 0.9652998508489791 -3.809700717590404
4215528470079 PointCloud23.pcd PointCloud19.pcd 0.4155 0.9789904798085018 -0.1537072721190185 -0.13398401002376775 1.0490269088156037 0.176462224110308 0.9678959778234729 0.17899290370063944 -2.0968088458625256 0.10217007343817724 -0.19887546508021783 0.9746844748341713 -1.1500244327310583
4215528470080 PointCloud23.pcd PointCloud19.pcd 0.4155 0.9689161106114237 -0.1927059647655915 0.1551321428376267 1.016061889468304 0.21542304989406375 0.9655312936614905 -0.14608980297990753 -3.4804885147213933 -0.12163256213683457 0.1749678030499643 0.9770321323906895 0.8420653362167541
4215528470081 PointCloud23.pcd PointCloud19.pcd 0.4155 0.9106797014070531 -0.4130931077126157 -0.004070111238495524 2.473864928411528 0.4129420872684682 0.9105419108591333 -0.019805583338008866 -6.102603073093463 0.011887556835668233 0.016355822490211232 0.9997955656348688 -0.5028678502902144
4215528470082 PointCloud23.pcd PointCloud19.pcd 0.4155 0.9941983497449701 0.0665546152559538 0.0844992577038993 -0.4599049517984195 -0.07711695705185417 0.9886921743623689 0.12861088324739 1.1554578597554381 -0.07498410697901589 -0.13438105351106333 0.9880886175631295 1.2560465782456836
4215528470083 PointCloud23.pcd PointCloud19.pcd 0.4155 0.9894027206720145 -0.09976957171129207 -0.10549070521785812 0.8170314269449026 0.11041009971200023 0.9888058265621104 0.10036257887483788 -1.9170905295973582 0.09429669245738077 -0.11094624787421717 0.9893427433777593 -1.717688816290688
4215528470084 PointCloud23.pcd PointCloud19.pcd 0.4155 0.9527505247717011 0.2511128494653809 0.17090574706727996 0.3575880624128427 -0.25506082029717436 0.9669242876071231 0.0011832095292007468 3.71605183663927 -0.16495579861460063 -0.04471866354034272 0.9852866718039907 2.856927844206674
4215528470085 PointCloud23.pcd PointCloud19.pcd 0.4155 0.9988721346994596 0.03920073156119878 0.026791065040633978 0.12026839278127355 -0.03637000164741793 0.9944199783034446 -0.09902590434398231 1.059002879656938 -0.03052345821022681 0.09793982538295418 0.9947241371872129 -0.43079421550190733
4215528470086 PointCloud23.pcd PointCloud19.pcd 0.4155 0.9187513280417415 -0.11255070040233417 -0.3784551982209789 1.9026907651339542 0.12702746528361505 0.9918084462973182 0.013417485491687035 -1.499398589733916 0.3738449147509651 -0.060401537167887306 0.9255223573866814 -5.339287717535778
4215528470087 PointCloud23.pcd PointCloud19.pcd 0.4155 0.9889762299583376 -0.12292230362178147 -0.08255981982603768 0.5897386281013812 0.1334689518875018 0.9814653583514542 0.13752014120885425 -1.9204630593773873 0.06412531059920852 -0.14702332341627317 0.9870522209651265 -0.7268481429506011
4215528470088 PointCloud23.pcd PointCloud19.pcd 0.4155 0.9890713116960386 0.14616235797993177 0.019352144315911854 -0.5619129575996151 -0.1460864607203991 0.9892576994259371 -0.005286787369423617 2.382156792003411 -0.01991698707297116 0.0024019234476719145 0.9997987519444533 -0.4323114824875782
4215528470089 PointCloud23.pcd PointCloud19.pcd 0.4155 0.9845154709760918 -0.1711972720068863 0.03769325491549428 0.7090734439205271 0.1712888062325272 0.9852205267773798 0.0008114653031275456 -2.428011604306177 -0.03727508911002101 0.00565753249240398 0.9992890272878701 0.10945396581631539
4215528470090 PointCloud23.pcd PointCloud19.pcd 0.4155 0.9388834539140385 0.2778957328815742 -0.20315467410979834 0.5928410971692966 -0.18772463663386688 0.9080206602029911 0.37451026881142646 2.446167340131444 0.28854344693152933 -0.3134843573302135 0.9046934491539854 -2.347992192871066
4215528470091 PointCloud23.pcd PointCloud19.pcd 0.4155 0.9069915522213519 -0.4137295497029103 -0.07870313781374756 2.1601476080670743 0.4147281625890009 0.9099366790419381 -0.003973825572439468 -5.68495091532677 0.07325896091710472 -0.02903618151128067 0.9968901769044523 -1.2742695589621933
4215528470093 PointCloud4.pcd PointCloud5.pcd 0.4381 0.9244194793862812 0.3805269968205416 -0.025452520934802804 -0.05618795153778455 -0.37323187505855815 0.8889393885345042 -0.2654896061094954 1.2661726748992688 -0.07840021410346953 0.25492345557567225 0.9637776912887581 0.015121988353657079
4215528470094 PointCloud4.pcd PointCloud5.pcd 0.4381 0.9988844916333066 -0.04620738305256178 -0.00972882962666227 0.07666259897599215 0.04652201714149909 0.9983013103146113 0.035074146393266 -0.2034123705936605 0.008091618846489285 -0.03548762566816798 0.9993373575169094 0.6529133901234346
4215528470095 PointCloud4.pcd PointCloud5.pcd 0.4381 0.9132105608470446 0.4067803932423882 0.024003817008852308 -0.18165794900645205 -0.4072982227979735 0.9129978024561816 0.023306016729498454 1.5456513656539919 -0.012435001529503411 -0.0310600126167292 0.9994401664698142 0.29168817816267284
4215528470096 PointCloud4.pcd PointCloud5.pcd 0.4381 0.9945625733732576 0.10414030224904416 0.0002917064300667306 0.13830285834376443 -0.10410410002184645 0.9941347664421155 0.029298506953802324 0.9416289619190914 0.002761159865890644 -0.029169566307340605 0.9995706640341326 0.3239100491880409
4215528470097 PointCloud4.pcd PointCloud5.pcd 0.4381 0.9008405941794368 0.4341120330762668 -0.005741656279278126 0.09387831643549216 -0.42579219237468413 0.8860037602764539 0.18357109164774263 0.5483435810774867 0.08477754886288659 -0.16292353885910463 0.982989668152431 -0.532504082017724
4215528470098 PointCloud4.pcd PointCloud5.pcd 0.4381 0.9861325080017713 0.09728900408016175 -0.1344526918556359 -0.18439514992719852 -0.12104502259632338 0.9758845565087151 -0.18165196082741317 0.7375205671913515 0.1135375672048326 0.19540773283797844 0.9741278349273925 0.0023203038439760792
4215528470099 PointCloud4.pcd PointCloud5.pcd 0.4381 0.9701210391930912 0.05384979771548859 0.2365700078220354 0.02078702673734023 0.04869145492090102 0.9120085292317454 -0.4072708985751803 -0.03787979255690756 -0.23768532039779572 0.4066210052303617 0.8821366371333 0.48474680068302956
4215528470100 PointCloud4.pcd PointCloud5.pcd 0.4381 0.9998542015047823 0.016540477249913407 0.0042412669780733225 0.004608816175667219 -0.016547601622572475 0.9998617172677309 0.0016502190657589474 0.02349385936828001 -0.004213385073172753 -0.0017201612626305094 0.9999896441621062 0.6978870189237617
4215528470101 PointCloud4.pcd PointCloud5.pcd 0.4381 0.9995825615308283 0.0020383448426355612 -0.02881922680729736 -0.7457227198578713 -0.00036795834046087546 0.9983253506706465 0.05784772091440012 -0.2261391500104693 0.028888878312036122 -0.05781296877546716 0.9979093612905128 -0.3807746802105184
4215528470102 PointCloud4.pcd PointCloud5.pcd 0.4381 0.9999521716999035 0.00966605633068391 -0.001490525967254614 0.16450833077128335 -0.009592601663988579 0.9990191721424321 0.04322818160836648 -0.23234864026621327 0.0019069100563630067 -0.04321181605605017 0.9990641133817064 0.5413189527091258
4215528470103 PointCloud4.pcd PointCloud5.pcd 0.4381 0.9904782496746591 0.13742818644087812 0.00814435344242373 -0.037541687275753244 -0.13734328217871417 0.9904709626205496 -0.010202697971632094 0.3822115702606909 -0.009468883873084841 0.008986978195895366 0.9999147835996349 0.014563861879000703
4215528470104 PointCloud4.pcd PointCloud5.pcd 0.4381 0.960402464529713 -0.01955410277339976 -0.27792938525816385 0.14252666987995122 -0.00683682492350081 0.9955797823723058 -0.09367045829117009 0.3824902599144037 0.27853251865844847 0.0918614935445737 0.9560235886491198 -1.129224329517688
4215528470105 PointCloud4.pcd PointCloud5.pcd 0.4381 0.951627407087552 -0.12594654763150306 -0.2802547862562351 0.9689326604475119 0.18374392279526833 0.9643286624649622 0.1905476359977828 -0.2770066080135426 0.24625890626661404 -0.23282546658010284 0.9408234973660726 -0.3389298659977985
4215528470106 PointCloud4.pcd PointCloud5.pcd 0.4381 0.9938518940030577 0.07851373498634623 -0.07806411598826131 -0.5580208017974404 -0.08215102390782708 0.9956248408493711 -0.04452398852933169 0.8509920716492857 0.07422682842093244 0.05066329738734175 0.9959536175145965 -0.8312899151871922
4215528470107 PointCloud4.pcd PointCloud5.pcd 0.4381 0.9086346242388266 -0.2962712776273406 0.29428973765224925 0.41716351809901875 0.3037624463288947 0.9525153066300714 0.02104677732353141 -0.9103205321842835 -0.28655103530549625 0.07027034003393065 0.9554844757906138 0.9360818312305622
4215528470108 PointCloud4.pcd PointCloud5.pcd 0.4381 0.9904075978603595 -0.13816153130184033 0.002044839554331519 -0.49057673513380307 0.13786183643248645 0.989041223921583 0.05283532378210084 0.037897489584795274 -0.009322239856102903 -0.05204660077303489 0.9986011451986411 -0.07302264471293707
4215528470109 PointCloud4.pcd PointCloud5.pcd 0.4381 0.977022246200457 0.21313705615546658 0.0003545741043745678 -0.0671375095859057 -0.2131366055104128 0.9770218767586556 -0.0010196697962055342 0.6387021038785579 -0.0005637560755199517 0.0009206673536632028 0.9999994172751859 -0.6443614045035579
4215528470110 PointCloud4.pcd PointCloud5.pcd 0.4381 0.9994506466838416 -0.03314199026494493 -0.00011543192302401054 0.014991218654897942 0.03314218940738859 0.999443355178345 0.0038177311504342957 -0.09153577962728135 -1.1159540180064883e-05 -0.0038194595338231245 0.9999927057755641 0.08057303085554404
4215528470111 PointCloud4.pcd PointCloud5.pcd 0.4381 0.9985932586926402 -0.01333052107094873 -0.051320569965566665 0.1925355593976783 0.010001244981284048 0.9978617105623572 -0.06459087932820451 0.05254091148527378 0.05207186181075123 0.06398674707737007 0.9965912990820351 -0.8843824115723639
4215528470112 PointCloud4.pcd PointCloud5.pcd 0.4381 0.97017758064445 -0.24103200125534993 0.025671703989460025 0.15174030652190407 0.24207940009475684 0.9580591661312482 -0.15336296241811412 -0.6446830085266863 0.012370370432776763 0.15500389854045035 0.9878364061789875 -1.094185878491603
4215528470113 PointCloud4.pcd PointCloud5.pcd 0.4381 0.9980027464028579 -0.06297553091174077 0.004959907129866105 0.10738107970414967 0.06297636307182075 0.9980150187042168 -1.1621861092734703e-05 -0.2406931473948874 -0.004949329914112002 0.00032395556150182205 0.9999876995174467 0.027862627843140225
4215528470114 PointCloud4.pcd PointCloud5.pcd 0.4381 0.9999923555774978 -0.0039049896484353855 0.00019960564347700283 0.18461404232491674 0.0039049631874984022 0.9999923667862779 0.00013278434623899442 0.02343355141551251 -0.00020012264134200357 -0.00013200387848955544 0.9999999712629518 0.2742759832191771
4215528470115 PointCloud4.pcd PointCloud5.pcd 0.4381 0.990438269860346 -0.1371561797572582 -0.01483967487646552 -0.2217060512871467 0.1379135592549064 0.9870719605205038 0.0816626899376482 -0.47868711679875986 0.00344728439325037 -0.08292844571438514 0.9965495417297168 0.05375297597014117
4215528470116 PointCloud4.pcd PointCloud5.pcd 0.4381 0.8912291974680264 0.2411866602536678 -0.38410872483735575 0.16682475847835088 -0.3117299008824353 0.9408873316050785 -0.1324971626900065 0.9456150559172577 0.3294464849961594 0.23782351469263252 0.9137313551492685 -0.9095281706145638
4215528470117 PointCloud4.pcd PointCloud5.pcd 0.4381 0.9814784847732071 -0.18210268435831037 0.059486101543025374 0.3090376995849553 0.17664533644844474 0.9804354264711133 0.0868492926362796 -0.3553658163479292 -0.07413777065912698 -0.0747327697192065 0.99444386673748 0.1578770465096906
4215528470118 PointCloud4.pcd PointCloud5.pcd 0.4381 0.9956802263180473 -0.08072023565834309 -0.045881700867595465 -0.19759051861869548 0.08378943446763 0.9940600077242072 0.06945524972918654 0.2535950680902014 0.040002719792992705 -0.07299962053744175 0.996529396360465 0.3285371485467591
4215528470119 PointCloud4.pcd PointCloud5.pcd 0.4381 0.9930443686401685 0.08665611542975123 -0.07970946976786848 -0.03430475503846919 -0.07763282735278952 0.9908873678525352 0.11006983395774986 0.06484462039937797 0.08852133092798074 -0.10311615726403056 0.9907224798508605 -0.22677524177979966
4215528470120 PointCloud4.pcd PointCloud5.pcd 0.4381 0.9920977145355883 0.07387449226042381 0.1014134320813915 -0.03479291361465986 -0.034984477851305686 0.9391043546833092 -0.3418465991118191 0.3114315523046839 -0.12049153963135306 0.3355973337321228 0.9342677445299908 0.1644386899070847
4215528470121 PointCloud4.pcd PointCloud5.pcd 0.4381 0.9408171938432095 0.14553946054383293 -0.3060739668668328 0.21622749664988605 -0.02997735044223953 0.9352967019416526 0.3525924528368847 0.02371300088494923 0.33758608713845445 -0.3225497554822785 0.8843061059434512 -1.2814025333770214
4215528470122 PointCloud4.pcd PointCloud5.pcd 0.4381 0.9472856665432586 -0.25987465568697 -0.18739004587563687 0.5355624980685745 0.2397029921425779 0.9629365485328422 -0.12367570116054603 -0.365199127624772 0.21258490426083823 0.0722382643149476 0.9744687227659871 0.05242431758443955
4215528470124 PointCloud8.pcd PointCloud2.pcd 0.4373 0.9483995036166915 -0.005449267502889963 -0.3170310505664943 -0.0561428030253337 0.06747754205641167 0.9804177792900295 0.1850074576065306 -0.8174264264534593 0.3098147234358598 -0.1968534570072087 0.9301954383927459 -0.6759015167411745
4215528470125 PointCloud8.pcd PointCloud2.pcd 0.4373 0.9905118508402971 0.04266393796070975 0.1306371376853216 -0.08410724377966172 -0.059673285742497834 0.9898223686187652 0.12919279217754953 0.34735090941346786 -0.12379568778282694 -0.13576253894068868 0.9829766837045296 0.8473970924655994
4215528470126 PointCloud8.pcd PointCloud2.pcd 0.4373 0.9946258290580058 0.08012738445437052 0.06556723595802948 -0.1696678361308237 -0.07915529776019238 0.9967122414671186 -0.01729585343622619 0.37901700716399417 -0.06673753821628196 0.012012908477701619 0.9976982464767272 0.28816724518635534
4215528470127 PointCloud8.pcd PointCloud2.pcd 0.4373 0.9972673272541498 0.07380105746477451 -0.003358855228443988 0.20082061141417284 -0.07379605316286349 0.9972720858748448 0.0015903686427821242 0.19452421896608463 0.0034670634474181033 -0.001338152426731524 0.9999930943857235 -0.6698713138923422
4215528470128 PointCloud8.pcd PointCloud2.pcd 0.4373 0.9985912692636542 -0.045048365350892614 -0.028037862429518626 0.1291102387970664 0.04516956071214209 0.9989724676702737 0.003704000787772921 -0.1987453672331732 0.02784219343866829 -0.004965240777264565 0.9995999993240033 0.07738160644088099
4215528470129 PointCloud8.pcd PointCloud2.pcd 0.4373 0.9999373889591398 -0.007047432170073876 -0.008692057373619212 0.0943178640166149 0.007100962716022995 0.9999559180469638 0.00614314995416 -0.31779790052439755 0.008648380778141746 -0.006204487300482812 0.9999433533192039 -0.8818176535363788
4215528470130 PointCloud8.pcd PointCloud2.pcd 0.4373 0.982031677529956 0.09036354946583824 0.16567502302892673 0.38727281893549304 -0.06668331967501104 0.987429137756192 -0.14330747638271854 1.037611427222584 -0.17654211736812458 0.1296847209119029 0.9757124340486705 0.22282074847205857
4215528470131 PointCloud8.pcd PointCloud2.pcd 0.4373 0.9872611880696285 0.15908707185176102 -0.0025787789704587055 -0.08276615971849743 -0.15908203207512295 0.9872632286959268 0.002055318891059777 0.481124283384726 0.0028729083165685274 -0.0016188991713564625 0.999994562766857 0.07705660979804899
4215528470132 PointCloud8.pcd PointCloud2.pcd 0.4373 0.9562732111998574 0.29246304299224285 -0.0026294534090747354 -0.6656369950663117 -0.29240203727231767 0.9561970782288635 0.013718461487455695 1.58704091265059 0.006526418658889368 -0.012349739685604735 0.9999024401356298 0.7571937851509878
4215528470133 PointCloud8.pcd PointCloud2.pcd 0.4373 0.9364147524708342 -0.34890295268998056 -0.0373381970534155 0.7447285706644227 0.34717598820770906 0.9057779449847059 0.24297149542957464 -1.4466809959405067 -0.05095335677840203 -0.24048501821006724 0.9693145575351257 0.9258251459000021
4215528470134 PointCloud8.pcd PointCloud2.pcd 0.4373 0.9633107455356479 -0.09433595377330861 -0.25126307998039515 -0.12091441309509143 0.07973443025407073 0.9945148022457554 -0.06769585471906536 -0.8372761263250512 0.2562710053197845 0.04517782575297595 0.9655486191241851 -0.6228417705241566
4215528470135 PointCloud8.pcd PointCloud2.pcd 0.4373 0.9783723658114728 -0.13846808562668608 -0.1536688097153825 1.2079080216188425 0.1911848331198113 0.8889345282093094 0.41622561687412085 -1.1906757416479439 0.07896754650748367 -0.4366027872336288 0.8961819752586051 0.2820793456584607
4215528470136 PointCloud8.pcd PointCloud2.pcd 0.4373 0.9542986453913077 0.29752648260430364 -0.028144050053715966 -0.6330732615911376 -0.2898406811116426 0.898447663863998 -0.32982446069093097 2.148331958599456 -0.07284555564380157 0.32290832669108327 0.943622666947181 -0.23807123026755875
4215528470137 PointCloud8.pcd PointCloud2.pcd 0.4373 0.984200738897246 0.11013532432773938 -0.1386330259690621 -0.1571743722508785 -0.16014487877431072 0.8876809864597002 -0.43171296492032196 1.1282885401072682 0.07551505384012061 0.447093588204033 0.8912938909419083 -1.4515753277492112
4215528470138 PointCloud8.pcd PointCloud2.pcd 0.4373 0.9815643932332236 -0.16631712498568704 0.09418044315668135 -0.39073585712833303 0.17622456285710833 0.9782925426898046 -0.10903487682085006 -1.1817996899513543 -0.07400165797139009 0.12362166013289189 0.9895662887161594 0.27846240974144365
4215528470139 PointCloud8.pcd PointCloud2.pcd 0.4373 0.9313679819167978 0.327311117111871 0.15944000399902925 -0.26178066857779836 -0.35413159747949197 0.916101839856442 0.1880112514672063 1.709003439477684 -0.08452510826289696 -0.23157040317497632 0.9691391305929838 0.40622249172308655
