id source target overlap t1 t2 t3 t4 t5 t6 t7 t8 t9 t10 t11 t12
4215528470030 PointCloud13.pcd PointCloud12.pcd 0.6317 0.5922800314763361 -0.5546415187859828 -0.5844460197085515 10.110849792369297 0.6820498622944122 0.7313002553537108 -0.0028145805674477664 -3.534044634011837 0.42896660669399833 -0.3969543073936543 0.8114277097702917 -7.0118244051642025
4215528470061 PointCloud12.pcd PointCloud10.pcd 0.6290 0.6166141097915553 -0.7819804906927451 -0.09106893972097006 10.774341429552475 0.7797110324926216 0.6225842565647208 -0.0666299428713856 -6.686622209422753 0.10880140355371319 -0.029922494108744264 0.9936130529190196 -6.732151646323707
4215528470092 PointCloud6.pcd PointCloud5.pcd 0.6220 0.7653003992496296 0.2919872615390801 0.5736364162143703 -1.7061331417345111 0.25854489567475586 0.6766949886632163 -0.6893753906534661 7.182319349423583 -0.5894657206563305 0.6758900290853522 0.44238312892120385 -1.3318654465993198
4215528470123 PointCloud9.pcd PointCloud8.pcd 0.6299 0.8647897881371478 0.28609074378280264 0.4126629480041918 2.306808364410201 -0.40361684013393095 -0.09285135865517491 0.9102044119626037 3.522956540002748 0.2987173726016088 -0.9536931956964415 0.035174135217525826 3.0242989554959525
4215528470154 PointCloud4.pcd PointCloud3.pcd 0.6042 -0.762156643794664 -0.6107465468403436 -0.21472285822019463 0.8001195687286715 0.28450835638773064 -0.6139120274364075 0.7363199153319648 -3.370681426025051 -0.5815257908856716 0.5001006679574782 0.6416596266271382 4.258236302852551
4215528470185 PointCloud22.pcd PointCloud20.pcd 0.6243 0.7614280812931803 0.26844175083967814 0.5900561866672649 -2.4893800102496364 0.5961290405531957 -0.6475509599366868 -0.4746661155951643 -1.0137088564796395 0.2546712469583332 0.7131737380829468 -0.6530894083366258 -9.272985499948469
4215528470216 PointCloud2.pcd PointCloud0.pcd 0.6162 0.8306379447520292 0.10078529919237877 0.5476156756383325 5.93540568104428 0.4114034416542406 -0.7738206156401631 -0.48161069652295374 1.6351847029263573 0.3752170211133425 0.6253350927918419 -0.6842281847379922 1.0276389588128623
4215528470247 PointCloud29.pcd PointCloud26.pcd 0.6099 0.09909607500164253 -0.8723369235629757 -0.4787569944219633 17.5857502351238 0.9719019354853875 0.1880826921054165 -0.1415327832346158 -14.416105719039795 0.21351017708537098 -0.4512795062032643 0.8664642009696137 0.42866694795301363
4215528470278 PointCloud24.pcd PointCloud22.pcd 0.6305 -0.7184737040102654 -0.6612783368535701 -0.21565365254023824 24.867761008409026 0.47720635493575975 -0.24307400696782624 -0.8445052527637296 -2.4073583440438346 0.5060332315714998 -0.7096661104665922 0.4902085068626648 -2.584927591014047
4215528470309 PointCloud21.pcd PointCloud18.pcd 0.6177 0.9385334849409249 0.15665109184362885 0.3075960550280873 4.449763264994578 -0.02952151990916714 -0.8514059753969759 0.5236758013509666 8.660327072183295 0.34392350531316673 -0.5005679778836469 -0.7944484388621965 -6.649060367787742
4215528470340 PointCloud18.pcd PointCloud16.pcd 0.6596 -0.9911258391252793 0.11875519961453501 0.05972247133803429 23.859050751611058 0.12904312166981008 0.9673998552853298 0.21791143325588228 -3.691306814545406 -0.03189739437510492 0.2236844262760244 -0.9741395350121276 2.9147933055929425
4215528470371 PointCloud8.pcd PointCloud7.pcd 0.6459 0.19254217527776507 0.4089381421433398 -0.8920185573404064 8.26412996573529 0.8429483467974013 -0.5342940057231265 -0.0629920636260125 0.8966616177823052 -0.5023600256497668 -0.7397969392669107 -0.44758786096193026 9.603198117026855
4215528470402 PointCloud16.pcd PointCloud15.pcd 0.6459 -0.8620489970505067 -0.4280412512909257 -0.2713894137167371 20.278237199933436 0.23699332318212035 0.13288434054617687 -0.9623803389537335 5.25218467605141 0.4480018877765034 -0.8939364850093694 -0.013109893889080224 -4.376147681323997
4215528470433 PointCloud13.pcd PointCloud11.pcd 0.6411 0.8662195165790035 -0.014388326393349402 -0.49945642969255666 0.5656268926704158 0.2624828529180102 -0.8374490522465708 0.47935564752628373 8.041854426038178 -0.4251664391995911 -0.5463259658435786 -0.7216380242361274 8.654433309907724
4215528470464 PointCloud26.pcd PointCloud24.pcd 0.6607 0.881162339928388 -0.12594567123198738 0.45573086201161744 6.826315527414515 -0.326766015909116 -0.8588537615884478 0.3944542901937517 9.883920980937571 0.3417263547618344 -0.4964956234482811 -0.7979443554270506 6.064892261280688
4215528470495 PointCloud17.pcd PointCloud15.pcd 0.6353 -0.784541046194525 -0.6070555089820857 -0.1264078947316989 17.528900408681316 0.5687077743975397 -0.7856799492394633 0.2434717328620935 4.3764809954093655 -0.24711700503161727 0.11912441553927783 0.961635356799358 -1.113833847522529
4215528470526 PointCloud19.pcd PointCloud18.pcd 0.6476 -0.9834969435059552 -0.1803050370640133 0.014961808840794528 24.825883841250096 0.16988419372766794 -0.9487638629777496 -0.26643290530457703 8.806641442578625 0.06223441841894138 -0.2594941731848373 0.9637373351941769 10.009740408493265
4215528470557 PointCloud14.pcd PointCloud13.pcd 0.6455 0.0009778487004626635 -0.9822585230350935 -0.18752929834251525 13.382244633334805 0.04613375037801909 -0.18728540844473143 0.9812216125115412 5.573092384019344 -0.998934793111131 -0.009610916116958912 0.04513213271511948 -1.0530198452977944
4215528470588 PointCloud7.pcd PointCloud6.pcd 0.6418 0.5413272885354539 0.6945865910723943 -0.4738293302332437 0.3808593114514487 -0.5377613481393118 0.7192161902062294 0.43993272689426854 3.0649068442983443 0.6463570987729954 0.01665950922649348 0.7628531717297169 -6.11576396492195
4215528470619 PointCloud20.pcd PointCloud18.pcd 0.6577 0.8437103500095642 0.48634160024539047 -0.22721068011317536 -1.410224809378155 0.0013087614051739416 0.42140486011589373 0.9068716728480875 0.009297158412887141 0.5367971054600827 -0.7654343810813942 0.3549071369079805 -3.583719497233827
4215528470650 PointCloud24.pcd PointCloud23.pcd 0.6885 0.7677838505058918 -0.5591158873935524 -0.3128855755167801 5.888213942285491 0.5866730931470236 0.41721266522671474 0.6940808841566846 -8.80167599946057 -0.2575318245958159 -0.7164656421898692 0.648347393672411 10.433777616906482
4215528470681 PointCloud3.pcd PointCloud4.pcd 0.6755 0.5001713575238141 -0.5528707473191531 -0.66645521220225 2.145530324984401 0.4986417094253776 -0.44533334756537896 0.7436629983853914 2.2752614337293116 -0.7079442483233565 -0.704281297710634 0.05294142953210837 3.117333700472388
4215528470712 PointCloud23.pcd PointCloud22.pcd 0.6813 0.12930338765754573 -0.41701020586663784 0.8996572248047291 13.313101329182567 -0.8589512559645485 -0.5004288969617023 -0.10850649272102758 19.510903542882545 0.4954627875201195 -0.7587314460919345 -0.4228985917380606 4.210147553295652
4215528470743 PointCloud25.pcd PointCloud24.pcd 0.6617 -0.4610258149627442 -0.8867948610533213 -0.03240481981677834 19.2714157755438 -0.4739462987927888 0.27693859166768076 -0.8358707569389767 15.013853154582574 0.750220036921538 -0.36999985250610834 -0.5479689821029143 -5.557032593037081
4215528470774 PointCloud20.pcd PointCloud19.pcd 0.6639 -0.2508921049632373 0.9673746385468367 0.035205970565982174 8.634258755884293 -0.9679769167011969 -0.25039339222212215 -0.017995495690380288 17.805852798388887 -0.008593043742464328 -0.038593494631548896 0.9992180451589956 5.727887647310075
4215528470805 PointCloud28.pcd PointCloud27.pcd 0.7331 -0.9758854477625789 0.15154292760014995 0.15710612317668046 35.439128262148785 -0.17654605260743952 -0.9712345765633064 -0.1597963973205463 4.8654075504415015 0.1283708851490936 -0.1836794446373094 0.9745679953003626 -0.5033545514114364
4215528470836 PointCloud9.pcd PointCloud7.pcd 0.6282 0.5964576100193482 0.8005034829613454 0.05858748344793252 -4.185861110218072 -0.4795758996563392 0.4139607636053148 -0.7737205197383079 7.066353020032916 -0.643618890274998 0.433394346942896 0.6308122257210308 -3.731561113729224
4215528470867 PointCloud29.pcd PointCloud28.pcd 0.8904 0.6797170201454633 -0.70508877246671 0.20207571716057293 6.468487549561452 0.5982281697481487 0.6923364662197722 0.40347648563714145 -11.43337512458434 -0.42439112790485145 -0.1533624480885275 0.8923968456196726 5.2713255094278235
4215528470898 PointCloud8.pcd PointCloud6.pcd 0.6600 -0.8064400184810898 0.5144889699574076 -0.2914714332218262 7.236441666683646 0.23005475887833374 0.7270708567249211 0.6468715306911577 -0.6000817978427149 0.544728652183499 0.4546086988756985 -0.7046996710634208 -0.8439483720990879
4215528470929 PointCloud8.pcd PointCloud6.pcd 0.6600 0.5886900088006053 0.58269542841413 -0.5602768166215841 1.766097925841752 0.8047011558238918 -0.48829019414721303 0.33768141215555436 -1.0804842491341522 -0.0768122604408667 -0.6496450754103736 -0.7563472434279206 -5.163466329607354
4215528470960 PointCloud17.pcd PointCloud16.pcd 0.6999 -0.5089029876733232 -0.17301564888291082 0.843257572974468 13.41626442916653 0.0016045442239168428 0.9794012584067938 0.2019173109691734 0.6934847145598261 -0.860822382710277 0.10410936688316616 -0.4981426152741676 14.88948916964707
4215528470991 PointCloud18.pcd PointCloud17.pcd 0.6958 -0.915853838190052 -0.29915415874713225 -0.2678031672270612 17.90052849108052 0.10498920727047059 -0.8222114668337898 0.559415382487598 6.883755053257795 -0.38754227308677935 0.48422628296213227 0.7844334856821251 3.446772414225872
4215528471022 PointCloud26.pcd PointCloud25.pcd 0.6976 -0.31270415412876956 0.938213220198775 0.14822977243069507 19.095336237475763 -0.5526129863811211 -0.05277260690854407 -0.8317655554559922 18.231425539434994 -0.7725509687221612 -0.3420102416658326 0.5349710228807997 14.370356284843
4215528471053 PointCloud22.pcd PointCloud21.pcd 0.6939 -0.12418638903244247 -0.5285753212827713 0.8397534581708477 16.11633135754834 0.06986883942709618 -0.8488622937457185 -0.5239762890950961 4.818661854620607 0.9897959820367999 -0.006398123754051466 0.14234808729390894 -9.710791501970945
4215528471084 PointCloud3.pcd PointCloud2.pcd 0.6207 0.6525583459320432 -0.5448754828784657 0.5265722299100045 -4.177016305144075 0.31181769827656813 0.8264573735650915 0.46876212807925705 -4.6979994869848944 -0.6906064930160581 -0.1417000982280871 0.7092134755954737 -1.6242733484607244
4215528471115 PointCloud23.pcd PointCloud21.pcd 0.6315 -0.15528234416693565 0.8626278010712591 -0.48141527853713306 13.839442524852856 -0.9574677892334666 -0.25139217807422753 -0.14162416948908738 14.175555457296289 -0.24319298133457556 0.43894788941520146 0.8649751003396229 -5.01434739717391
4215528471146 PointCloud30.pcd PointCloud29.pcd 0.7508 -0.6864588202256374 0.37225476872550384 -0.6246604479999893 27.098492844468474 -0.7205447932401055 -0.46389684605552817 0.5153784213122499 13.43368162209052 -0.09792593665112154 0.8038818964131826 0.5866723170136335 5.251693602082612
4215528471177 PointCloud25.pcd PointCloud23.pcd 0.6091 -0.3679575226213226 0.09249031467408393 0.9252312160956677 22.041559370011722 0.26702424167045846 0.9636393310169773 0.009863776024901905 -5.579477518652578 -0.8906768863660355 0.2506886144375962 -0.379275497079185 14.065914327393498
4215528471208 PointCloud28.pcd PointCloud27.pcd 0.7331 -0.008065831214523644 -0.9964096649796117 -0.08427764770113794 18.67449055733135 0.7041644258009556 -0.0654999230257095 0.7070093503766671 -11.746983779406621 -0.7099911293834802 -0.053642703314098816 0.7021645509265804 9.327277624390558
4215528471239 PointCloud11.pcd PointCloud10.pcd 0.6607 -0.549826259498329 -0.13164092650872022 0.8248404396209019 10.59626031351 -0.05718820124764351 0.9911184276870473 0.12005736935821545 6.200439883796224 -0.8333190229462759 0.018839553261201993 -0.552471245612641 1.899705426532757
4215528471270 PointCloud28.pcd PointCloud27.pcd 0.7331 -0.7643661170398169 0.6426297444679707 0.05264456901241921 31.210514297538346 -0.31875762074414504 -0.44758598308869785 0.8355000699940459 2.873038838969761 0.5604801676589499 0.6218470867243445 0.5469626883009855 -8.409178297686347
4215528471301 PointCloud28.pcd PointCloud26.pcd 0.7187 -0.6873360422383162 0.698203141246934 0.20020374270497748 23.865526060641244 -0.7124099128150686 -0.7017618964559861 0.0015351890187929873 7.650654590430437 0.1415672319535604 -0.1415719401414386 0.9797530834866482 -4.494339838858474
4215528471332 PointCloud21.pcd PointCloud19.pcd 0.7214 0.7097500510972468 0.6190889122258164 -0.3361306051619087 4.767702363777763 -0.7043819197034084 0.6168737656983132 -0.3511593205200794 17.507009637323485 -0.010048689586053317 0.4859996666174144 0.8739012231856443 -3.7556598654317135
4215528471363 PointCloud25.pcd PointCloud23.pcd 0.6091 0.5300579117397963 0.3800063267223034 0.7580460420403685 4.84988305796934 -0.6614802203940032 0.7446327059363262 0.08925273820698884 10.503724639954553 -0.5305492703128967 -0.5487415829887201 0.6460651258731478 6.110913398592598
4215528471394 PointCloud23.pcd PointCloud21.pcd 0.6315 -0.6612393332115518 0.7477838969144996 -0.059848038642105805 17.224473491781467 0.009411408284559941 0.08804170405495036 0.9960723285691665 3.403532200456837 0.7501159707725489 0.6580789480468626 -0.06525433724658582 -9.510138259636943
4215528471425 PointCloud8.pcd PointCloud6.pcd 0.6600 0.5017885483677496 -0.666872926980024 -0.5508981321334121 4.400614758250644 0.8646868707833004 0.3698547769121087 0.3398883044329095 -5.767076682759776 -0.022910002661951256 -0.6469064408833706 0.7622251560540622 7.009805326723143
4215528471456 PointCloud30.pcd PointCloud29.pcd 0.7508 -0.3543687001815414 0.7907947090484506 -0.49906567951785796 21.76662715832123 -0.9263541475923074 -0.3697220440463291 0.07192776504753823 16.308215955697566 -0.12763548711143932 0.48780051074920044 0.8635738787982443 3.79577898894298
4215528471487 PointCloud30.pcd PointCloud29.pcd 0.7508 -0.17317800187304105 -0.9541520740486297 -0.24413766455825509 21.5773533704412 0.978039766412231 -0.13741965916564752 -0.15669732796415425 -15.966157549760556 0.11596376582178354 -0.2659128745726602 0.9569967336166487 -0.625974393297879
4215528471518 PointCloud27.pcd PointCloud25.pcd 0.7530 0.06228968347090974 -0.9465344414678651 -0.31653206227523056 18.47257066447873 0.13292838806963458 0.3221903288379667 -0.9372958101093226 0.6050668819807266 0.9891663353442142 0.016307762519716107 0.14589043115742042 -12.360717133146977
4215528471549 PointCloud3.pcd PointCloud2.pcd 0.6207 0.6260107561686417 0.6337241429178134 -0.45442738016568507 -0.991200873288014 -0.7620121149660385 0.6209250959632133 -0.18381937288561068 1.6917037139521496 0.16567459010406604 0.4613520736770964 0.8716112632978607 -0.5845659092027238
4215528471580 PointCloud27.pcd PointCloud25.pcd 0.7530 -0.39648158496980307 -0.912280604131648 0.10269592058610956 23.420065356981283 0.9081263891648961 -0.40613464639189417 -0.10178953925850662 -9.24954712635143 0.13456899376216214 0.05290319768526991 0.989490999247852 0.9171418748962985
4215528471611 PointCloud29.pcd PointCloud27.pcd 0.7642 0.2639291287447712 -0.7914034496504482 -0.5513818956779379 16.130961928869255 -0.0421126375591061 0.561651486493379 -0.8263014785643269 7.907480272349654 0.9636223019201253 0.24130517524733686 0.11490810085024761 -23.463767547808015
4215528471642 PointCloud21.pcd PointCloud20.pcd 0.7553 0.6700656659301474 -0.3616785639955086 -0.6482288328111724 7.972743603383991 0.40022257730260624 0.9114948988408352 -0.09486273243162963 1.9102076970309714 0.6251670912314943 -0.19587155417079438 0.7555133634211046 -10.145123599769356
4215528471673 PointCloud27.pcd PointCloud26.pcd 0.7684 -0.9152612297320561 0.2912622111102227 0.278322125833626 30.900345165718747 -0.17527916560865253 -0.9099514443190502 0.3758531403157483 4.586191391515871 0.3627314370893419 0.29521973741750246 0.8838954752606454 -3.7869509558711174
4215528471704 PointCloud30.pcd PointCloud29.pcd 0.7508 0.06810283136923956 -0.3181628927357757 0.9455867903294213 13.663063953171044 -0.930391072216526 -0.3624282458252364 -0.0549383233073763 9.742744726781284 0.3601866975601358 -0.8760240523604623 -0.32069830462083526 -1.9429944634069605
4215528471735 PointCloud12.pcd PointCloud11.pcd 0.6520 0.7945385539600026 0.5897626871775355 0.14452840234459113 -2.9973598408486515 -0.17830430308534714 0.45413171190673096 -0.8729100547833725 1.4780902881811042 -0.5804447103492256 0.6677906566086366 0.46598237860868674 9.59309367423878
4215528471766 PointCloud10.pcd PointCloud9.pcd 0.6373 0.24486801821659393 0.9627983945627954 -0.1142755664259914 -2.6788505670922538 -0.9428956271174727 0.263924592548673 0.20320345915058752 -0.6030785995501553 0.22580409654704087 0.05799190353247864 0.9724450879649986 2.3451722896073006
4215528471797 PointCloud30.pcd PointCloud28.pcd 0.6562 -0.2962471720808909 -0.9542551065210544 -0.04043271834252419 17.091320986965332 0.9475681864956466 -0.2989539117372425 0.11287643951840594 -19.231766442694813 -0.1198004381270216 -0.00487343159302743 0.992786031675044 7.945317990714527
4215528471828 PointCloud15.pcd PointCloud14.pcd 0.6229 0.9927428029389503 -0.04293573665042339 -0.11233098295306636 1.9030524881355273 0.1182523406383483 0.5183755812461602 0.8469375069633281 -1.6783801957496467 0.021865752821904685 -0.8540745162373077 0.5196908788573649 0.6936470339291058
4215528471859 PointCloud3.pcd PointCloud2.pcd 0.6207 -0.4557748295393968 -0.8217342465959097 0.34208497881343203 3.991290916692638 -0.7998824686681447 0.2095333498063124 -0.5623911553681297 5.026566039919618 0.39045786081943346 -0.5299515103199518 -0.7527908445470851 0.9177293376805122
4215528471890 PointCloud8.pcd PointCloud6.pcd 0.6600 0.6097451704465222 -0.7672706273003504 0.19876270173065266 4.305149851080427 0.540761109727165 0.5860563380975831 0.6034197467619838 -1.947710118659707 -0.5794723887501343 -0.2604491371799458 0.7722551376445709 9.131760869036476
4215528471921 PointCloud10.pcd PointCloud8.pcd 0.6134 0.4373008525894264 -0.6517556885031899 0.6196632043524076 5.937929327959166 0.07185844404908176 -0.6615125395622428 -0.7464834385441899 2.411824067552884 0.8964398074290353 0.370965877818493 -0.24244584787318813 -2.48645162034063
4215528471952 PointCloud23.pcd PointCloud21.pcd 0.6315 0.6198036625571763 0.7781514602959074 -0.10160573172836565 0.05576721775768689 -0.5832218352110559 0.5433822749891889 0.6038112239438925 8.593064712166582 0.5250673393134997 -0.31498572676697634 0.7906252469528923 -0.06888060937642848
4215528471983 PointCloud10.pcd PointCloud8.pcd 0.6134 0.5119687152811568 0.12800829935793617 -0.8494126852530819 2.9914282949579314 -0.7429235681825688 -0.4304138183978756 -0.5126485314238605 10.7603831758957 -0.43122222393128373 0.8935087130116024 -0.12525802712843712 0.09438326581753032
4215528472014 PointCloud8.pcd PointCloud5.pcd 0.6497 0.4783761042268797 -0.8518473722981601 -0.21333625386565977 4.81639874920085 0.8711691830386901 0.4909355346172547 -0.006823149842386661 -2.318304307011249 0.11054663010881374 -0.18258793815252422 0.9769550078753858 8.917050223194552
4215528472045 PointCloud11.pcd PointCloud9.pcd 0.6109 -0.6803034864246026 -0.6515794416227919 0.3356060154601836 10.214509488352663 0.7241407241878194 -0.6682430026870304 0.17050366838447117 0.41766517527741875 0.11316968645035164 0.3590202231272659 0.9264432532294555 -3.7256883834891132
4215528472076 PointCloud7.pcd PointCloud5.pcd 0.6493 -0.040274552458556545 -0.9883431883680299 -0.1468186038306455 2.9499135572934643 0.5280445895094755 0.10368984060830094 -0.8428625798102527 -7.569529374859783 0.8482610871153011 -0.11147268257802978 0.5177132112712842 0.11501735579927885
4215528472107 PointCloud19.pcd PointCloud17.pcd 0.6035 -0.4853476910784168 0.5979129327745722 -0.6379167215128944 18.350692579715684 0.10798462124868952 -0.6830344438323784 -0.7223595158315357 14.200920712711024 -0.8676271897183875 -0.41948071869813464 0.2669437886557201 15.94665813882356
4215528472138 PointCloud9.pcd PointCloud7.pcd 0.6282 0.37725973902656595 0.22756600318839088 0.8977130964302951 1.415729800761186 -0.8866251229687179 -0.19126692946791019 0.4210853274725008 6.7200648003580365 0.2675275324715442 -0.9547935252633306 0.1296084236649303 -4.669217769109284
4215528472169 PointCloud23.pcd PointCloud21.pcd 0.6315 0.5580942762351917 0.6542412065758408 0.5103912444896618 -1.9885899171808008 0.5740379812978788 -0.7485669440191598 0.3318552792246532 -5.0703504362172955 0.5991754124302616 0.10777742778524729 -0.7933302283406463 0.788257402565864
4215528472200 PointCloud8.pcd PointCloud5.pcd 0.6497 -0.015466772115621197 0.25111464474535866 -0.9678337740308175 -0.4472050941232306 -0.9544449553739907 0.2847619544754716 0.08913728986484903 12.005677125624395 0.2979859159783632 0.9251227294136284 0.2352707576406684 -2.1932181520759264
4215528472231 PointCloud11.pcd PointCloud10.pcd 0.6607 0.6626598390323709 -0.6004202632813511 0.44763539312117095 7.68427384685431 -0.6152956369361258 -0.09572214744897511 0.7824631299014183 3.4433772824089246 -0.42695809735963497 -0.793934996034883 -0.432867191145426 14.17071328983973
4215528472262 PointCloud23.pcd PointCloud21.pcd 0.6315 -0.47783480858911415 -0.8248453753794116 -0.3021655215536718 25.00206468771438 0.875565266258874 -0.41935118329948956 -0.2398542257004147 -8.425877390735057 0.07112917981835698 -0.3791763333602399 0.9225865531200053 1.7923576589430015
4215528472293 PointCloud19.pcd PointCloud17.pcd 0.6035 0.9105602929729735 -0.16647975874196738 0.3783707742283872 2.3925574419144624 0.241842620182291 -0.5277836930952582 -0.8142214197416416 6.234280709855957 0.33524931010270104 0.8329038739446147 -0.4403169731497032 -2.823120007002673
4215528472324 PointCloud11.pcd PointCloud9.pcd 0.6109 0.22948248773743513 -0.9476633880515226 0.22197272528071338 8.973245745569232 0.9293437472663124 0.2811131277494275 0.23936501169540716 -3.2629616826630716 -0.28923690504298766 0.15135888594213162 0.9452155840904817 8.125705886754204
4215528472355 PointCloud10.pcd PointCloud8.pcd 0.6134 0.24337507237854944 0.9691134102130972 -0.039846860477036006 2.0473863397442345 0.34678116382439966 -0.048574125818701935 0.9366874498558968 -2.2495473547037577 0.905820842419366 -0.2417845165557329 -0.34789200765838213 -3.529362939974578
4215528472386 PointCloud8.pcd PointCloud6.pcd 0.6600 0.5029206229973078 0.8542226198348851 0.1318126045809925 1.5938847020239364 -0.8393941733850042 0.44632822337265043 0.3101750130302551 5.853548239727826 0.20612682661726803 -0.26663614305536054 0.941497158022931 -6.748136773135529
4215528472417 PointCloud2.pcd PointCloud1.pcd 0.6205 -0.654746579639267 0.43354403409690134 -0.6191498097792372 2.363261011418942 -0.5525648300104206 -0.8334696119398369 0.000717362120903231 2.4691378265497645 -0.51573154362152 0.3425900997866726 0.7852725631536618 -3.02104027781261
4215528472448 PointCloud9.pcd PointCloud7.pcd 0.6282 0.47929921210004767 0.8417068091548319 0.24859990487259861 1.9127593770069873 -0.6686262964309981 0.5336771261272146 -0.5178103907508657 3.0410224905322734 -0.5685166145340351 0.08196567861604365 0.8185783325545398 10.138256539069955
4215528472479 PointCloud8.pcd PointCloud6.pcd 0.6600 -0.8543240258775819 0.5191077464857092 -0.025643836430009795 4.5402420088276205 0.45717633088192833 0.7740378642012717 0.43801277066322064 -4.486687785012044 0.24722512269115782 0.36248107856998846 -0.8986029191968383 -3.0702532139910605
4215528472510 PointCloud9.pcd PointCloud7.pcd 0.6282 -0.9981287673157624 -0.05858886711601239 0.017501671542401186 9.68894882988799 0.059013322280090756 -0.9979488638429954 0.02480913033421229 4.9478180903824605 0.016012234390677556 0.025795538461835424 0.9995389930089176 3.3519246465202084
4215528472541 PointCloud23.pcd PointCloud21.pcd 0.6315 -0.3662283058293073 -0.9273403220317531 -0.07692044684893451 24.285173425352927 0.9047310147660403 -0.37418613839251924 0.20358419574049788 -7.377242349199831 -0.2175743986083986 0.004965981165770822 0.9760311061135576 -2.7171990933326913
4215528472572 PointCloud10.pcd PointCloud8.pcd 0.6134 0.9226201245337067 0.023887877248046974 0.38496944700325253 -6.344126457878466 0.3659458332700625 0.2611809830208773 -0.8932346507052489 2.4853908514844845 -0.12188417829106213 0.9649942297386189 0.23222916193596826 -3.108297450262703
4215528472603 PointCloud12.pcd PointCloud11.pcd 0.6520 -0.18275873771392243 -0.9510484248598108 0.24921102977373707 14.03001725324114 0.9665923550191267 -0.22014644502939534 -0.13128123232015193 -1.354202563831759 0.1797177314785384 0.2168926838613791 0.9595098231282553 1.9646530388937256
4215528472634 PointCloud2.pcd PointCloud1.pcd 0.6205 -0.8410623292622035 -0.53787578749948 -0.05747865271430164 1.7056479637988207 -0.05121374669656767 -0.02660261430895143 0.9983333376489183 0.7589015767795948 -0.5385084126040528 0.8426042595036791 -0.005172177580064538 0.37628723058671754
4215528472665 PointCloud2.pcd PointCloud1.pcd 0.6205 -0.10878305847887099 0.008543371749560824 -0.9940288008841249 4.020407983802005 -0.7926549663892106 0.6027004392586857 0.09192543051793062 -0.5285714966822836 0.5998869480547997 0.7979217952384408 -0.05879165108212009 -0.3365618736690358
4215528472696 PointCloud29.pcd PointCloud28.pcd 0.8904 -0.14672829417376332 0.9879757157357312 -0.04873184590518669 16.651941316699784 -0.9876017867937232 -0.14353776522601147 0.06355801031944892 20.973540267525834 0.05579891047952768 0.05745341652496997 0.9967876336105428 -1.7413312212173016
4215528472727 PointCloud3.pcd PointCloud1.pcd 0.6308 0.846054261764235 -0.07606552090033018 -0.527642135050582 2.5156432579338985 0.2853171664823211 -0.7714673938677545 0.5687109764277409 1.226364144285892 -0.45031799948600176 -0.631705704208104 -0.6310004775036773 11.564059915982176
4215528472758 PointCloud9.pcd PointCloud6.pcd 0.6275 -0.5319693652974602 0.8347270170927032 -0.1422652498698632 5.569499077414004 -0.8465602498021445 -0.5279634422360837 0.06775210046305226 7.9799584619090425 -0.018556342310580766 0.1564781473488956 0.9875070893731899 5.65974988053091
4215528472789 PointCloud1.pcd PointCloud0.pcd 0.6455 -0.4745702100899323 0.28077101890448103 0.8342366274855937 4.437058178947167 0.856182162122181 0.3672128826676956 0.36346499703089513 -0.7965118123740073 -0.20429199925348268 0.8867481794434204 -0.4146594329022242 -5.864427636740907
4215528472820 PointCloud29.pcd PointCloud28.pcd 0.8904 0.12614415251116035 -0.9550797542136839 0.26816098873320604 16.401991801562396 0.9892922880115015 0.10111202449631057 -0.1052479329166438 -22.490058409160984 0.07340586943977966 0.2785660094006213 0.9576077259182924 -6.077463366144183
4215528472851 PointCloud3.pcd PointCloud2.pcd 0.6207 -0.06508056491234082 0.9967338782135315 -0.04781313723343994 -0.7915585446071067 -0.939050338423137 -0.07738203144118716 -0.3349574347845221 6.2357770497940965 -0.3375633006979326 0.02309972362276841 0.9410193519744794 -5.520403983018243
4215528472882 PointCloud23.pcd PointCloud21.pcd 0.6315 0.8686115161151404 -0.38061065974551805 0.31725314775465735 0.6290364304653604 0.4152156961192965 0.20972267048445759 -0.8852188018682362 -5.021685503495599 0.27038853483149944 0.9006397321753848 0.34020304680988067 -5.5619419605270055
4215528472913 PointCloud19.pcd PointCloud17.pcd 0.6035 0.061755747114055584 0.7765003231528658 -0.6270833085339463 5.676992923350083 0.5231055156266309 -0.5602594604868739 -0.642238239640053 10.385809627963187 -0.8500275567411811 -0.28836883513731626 -0.4407908434872098 10.993617236918547
4215528472944 PointCloud10.pcd PointCloud8.pcd 0.6134 0.679622412305275 0.36858469788239373 0.6342386752471844 -0.10750373458548701 -0.4692669415936576 0.8829962543566567 -0.010303024771844277 3.715316716575976 -0.5638279118841968 -0.2906250768241774 0.7730686583358863 10.637700453291615
4215528472975 PointCloud19.pcd PointCloud17.pcd 0.6035 -0.7820350899329155 0.4994617474057276 -0.37277215694313 17.44237039898378 0.5740643197700769 0.34442093882333263 -0.742848822888596 0.2586255312128838 -0.2426340348766745 -0.794929040719026 -0.5560724281431272 9.946989630241989
4215528473006 PointCloud9.pcd PointCloud7.pcd 0.6282 0.10380080263972252 0.9407316290500316 0.3228767496680785 1.9032533802694453 -0.983163911374638 0.04796732920769192 0.17631749402485258 8.955241313085459 0.15037990803918055 -0.3357426654948021 0.9298724352429062 -0.24008506545404007
4215528473037 PointCloud25.pcd PointCloud23.pcd 0.6091 -0.7525994994421887 -0.024497512618850286 -0.6580226936169121 29.40926808535807 0.074805416844435 0.9896575835344947 -0.12240104968257154 -1.5652410359275435 0.6542156701349316 -0.14134263061141283 -0.7429832553441216 0.41451124982458865
4215528473068 PointCloud9.pcd PointCloud6.pcd 0.6275 0.4199154629553006 0.8136312467404623 -0.4020885453461668 1.1530963648288763 -0.9041694488460148 0.3367682265126323 -0.2628017682304098 4.588884717163073 -0.07841308401363362 0.4739107046048836 0.8770747016739073 6.340003597234161
4215528473099 PointCloud2.pcd PointCloud1.pcd 0.6205 0.3929317358094554 -0.8723701087595104 -0.290817888611908 2.0853536522961784 0.6965602132871775 0.4888312084373449 -0.525212260826998 0.02419071439471354 0.6003403370248328 0.0038003947959234785 0.7997356042720025 -6.220838623619984
