id source target overlap t1 t2 t3 t4 t5 t6 t7 t8 t9 t10 t11 t12
25528382210000 p2at_met_065.pcd box_map.pcd 0.4554656894998431 0.9336254277933267 -0.14782316650492625 -0.32633092409727915 -0.11927932851652856 0.21018391731252264 0.9636715971520958 0.16480222615453652 0.012005639341013771 0.2901142559077199 -0.22245306086180341 0.9307783593489507 0.006409080495084073
25528382210001 p2at_met_065.pcd box_map.pcd 0.4554656894998431 0.9942198750893839 0.0969845955700273 -0.04605245052511568 -0.040694164150028696 -0.0916375511701392 0.990061635631305 0.10667950537289388 -0.049858796362660315 0.05594103317592644 -0.10184275071493022 0.9932263865474108 0.0035258371512169075
25528382210002 p2at_met_065.pcd box_map.pcd 0.4554656894998431 0.8780627671741223 0.3934174834116765 -0.27244900559287444 0.089595192607626 -0.4618683887945094 0.8456988156859446 -0.26734080231000007 -0.023122814055831387 0.1252332557066485 0.36057758789671585 0.9242837414840204 -0.11990136283404917
25528382210003 p2at_met_065.pcd box_map.pcd 0.4554656894998431 0.9759010068592104 -0.19149620692155242 0.10462517644351646 0.06736780314634684 0.20313055646655423 0.9723787942481318 -0.11496720195837229 -0.07750617959753765 -0.07971951982273223 0.13344917845834464 0.9878441754285063 0.07730841076454105
25528382210004 p2at_met_065.pcd box_map.pcd 0.4554656894998431 0.9598813451280466 0.2783782729628198 -0.033665121675256496 -0.008770847687906272 -0.27947778611979057 0.9595454550795565 -0.03412750652695907 0.0844380911182226 0.02280285817069041 0.04216701054621772 0.9988503255647678 0.16443917641158579
25528382210005 p2at_met_065.pcd box_map.pcd 0.4554656894998431 0.9702897437471508 -0.24140356515892214 -0.016190488184451207 0.0006701704121007826 0.2338022551212619 0.918313586640217 0.31943178002852735 0.08614089726633417 -0.062244025249827625 -0.31372675263761485 0.9474709525891314 -0.05434409529926935
25528382210006 p2at_met_065.pcd box_map.pcd 0.4554656894998431 0.9943107678198914 0.03840417209944229 0.09935399620938373 0.058614907728650606 -0.026303422924012887 0.9923822746645249 -0.12035593410440441 0.07220021247163107 -0.10321931476181351 0.11705785106954443 0.9877465426733123 -0.21034190082004228
25528382210007 p2at_met_065.pcd box_map.pcd 0.4554656894998431 0.9867786093881287 0.02476368429918612 -0.1601709586471947 -0.007875607550312483 -0.06094404247240807 0.9724234469454798 -0.22511877646654258 -0.15688038469853532 0.15017922539803044 0.2319038588954528 0.9610758557409741 0.046795756746843435
25528382210008 p2at_met_065.pcd box_map.pcd 0.4554656894998431 0.9901403667619693 0.13894544223800798 -0.01778252484202316 0.05731979794480553 -0.14007637822531482 0.9813755430031659 -0.13145589320574286 0.03248193278019002 -0.0008138622434565208 0.13265069798732881 0.9911625143999964 0.12298113382183279
25528382210009 p2at_met_065.pcd box_map.pcd 0.4554656894998431 0.9933362659483627 -0.0742672054956046 -0.08813310921349156 -0.09582849415561678 0.08234204293666682 0.9923644300546131 0.09182933043096331 0.07660143874949359 0.0806402549399474 -0.0984744644578307 0.9918668908341298 0.014573641572784013
25528382210011 p2at_met_065.pcd box_map.pcd 0.4554656894998431 0.7899494454747182 -0.39905761699222836 0.4655458000182888 1.048052271924919 0.1143383080428832 0.8417906122609502 0.5275559841601882 0.5904866153389208 -0.6024173179018639 -0.3635128380536485 0.7105996000998777 0.5203580861121461
25528382210012 p2at_met_065.pcd box_map.pcd 0.4554656894998431 0.9506924220319499 -0.16779043737882252 0.26082616397755826 0.6703091367366674 0.1658809219099215 0.9857049404022242 0.02948372793528885 0.6206661288837684 -0.26204472602466017 0.01523612781749491 0.9649354496399174 -0.3386702188651294
25528382210013 p2at_met_065.pcd box_map.pcd 0.4554656894998431 0.7728325099507075 0.5263494263888686 0.3545224857514659 -0.30082943468741014 -0.3535037670228166 0.8210060701343111 -0.44831252436586305 0.21252021698201162 -0.527034152843976 0.22114545924057166 0.8205666868654302 -0.34315755284156474
25528382210014 p2at_met_065.pcd box_map.pcd 0.4554656894998431 0.9925284201229814 -0.09964412327045585 -0.07041579329838117 0.3014540702045506 0.08918025672602439 0.9863117744841875 -0.13869378257201412 -0.12078153358291199 0.0832719464072897 0.13137782237316517 0.987828755771984 -0.912963391433716
25528382210015 p2at_met_065.pcd box_map.pcd 0.4554656894998431 0.9976902111815296 0.018714640851409014 -0.06529934708982842 1.0534881631583528 -0.010407490579796515 0.9920630632847497 0.12530986635500949 0.12358654996392825 0.06712619944840136 -0.1243408246871544 0.9899663795623224 0.031595905935864976
25528382210016 p2at_met_065.pcd box_map.pcd 0.4554656894998431 0.9778478016078548 -0.16272887994302968 0.13165480820377268 0.4802475351991453 0.16493935063375767 0.9862855296613185 -0.005988705470009202 -0.5732215719946541 -0.12887469690827397 0.027571101051267616 0.9912775327241211 -0.5737631430587199
25528382210017 p2at_met_065.pcd box_map.pcd 0.4554656894998431 0.5880642107966868 -0.6988522104934467 0.4071683581376294 0.350629674494308 0.7576632075071041 0.6521637070159813 0.02507913956299096 -0.40886339845717307 -0.28306703794351706 0.2937483398073874 0.9130087430524896 0.40971944075837524
25528382210018 p2at_met_065.pcd box_map.pcd 0.4554656894998431 0.8204111497371727 0.5055623546862982 -0.2670809819342745 -0.1021237585591116 -0.5539122967419781 0.8185877058752956 -0.1519714950503787 -0.16226177277150994 0.14179814140163244 0.272618549100875 0.9516156859684357 -0.06209807275391163
25528382210019 p2at_met_065.pcd box_map.pcd 0.4554656894998431 0.9753578935981023 0.0034960560780171804 -0.22060089978912673 0.6077350640842882 -0.08878735109623703 0.9215559599497395 -0.37795690093769635 -0.2193006651447084 0.2019747154501932 0.3882298163111811 0.899157285487806 0.8983370334620968
25528382210020 p2at_met_065.pcd box_map.pcd 0.4554656894998431 0.7886444484024604 -0.4559435731420036 0.41249896013745435 1.0508398808661434 0.27225372818823323 0.8604957979646016 0.43060990370969254 1.61137843046379 -0.5512874399907786 -0.22729373021657573 0.8027575715698033 -0.2360378459776097
25528382210022 p2at_met_065.pcd box_map.pcd 0.4554656894998431 0.734574785619561 0.6352533451690665 0.23843882188831217 1.114284747654035 -0.3001713273937259 0.6193901620556448 -0.7254329750978861 0.11421042248166959 -0.6085203846566392 0.46131227449547935 0.645673235357594 -0.14789717322354187
25528382210023 p2at_met_065.pcd box_map.pcd 0.4554656894998431 0.5438605398501687 0.7910125432227595 0.2802050493087965 -1.7131958090243034 -0.8231367555517155 0.43787848507516886 0.36153604795105887 -1.1908723490475936 0.16328378625472378 -0.42727226539121055 0.8892563277108487 0.9995674540040863
25528382210024 p2at_met_065.pcd box_map.pcd 0.4554656894998431 0.33646398901576524 0.8821130196920819 -0.3296492144466833 -0.8834606141806325 -0.8260625037272489 0.44454149098624285 0.3464153615641154 -1.3425145503208036 0.4521202539496186 0.1557545610293472 0.8782526929574924 0.9160905114600166
25528382210025 p2at_met_065.pcd box_map.pcd 0.4554656894998431 0.7209847549892919 0.2879903115077354 0.6302718171953334 0.1863303525084864 -0.43069810966379657 0.8987616938811205 0.08201558354344016 0.5090430751356375 -0.5428444725748458 -0.33058886564676715 0.7720303624245103 -0.13512428656202521
25528382210026 p2at_met_065.pcd box_map.pcd 0.4554656894998431 0.6968866812606245 -0.5681291198034187 -0.43769653495652106 -0.15239447693354902 0.6629855935348136 0.7430709681737557 0.09108039867396175 -0.24902954878121164 0.273494161266458 -0.35365921377607223 0.8944976826490088 0.28640139937712816
25528382210027 p2at_met_065.pcd box_map.pcd 0.4554656894998431 0.7934000819300168 0.5084720819782462 -0.3346228501494625 -0.9131293202166175 -0.392828177104698 0.007783672358178673 -0.9195789458862246 1.1567520302516174 -0.4649756265290064 0.8610432952490411 0.2059177273588405 -0.43292902259102617
25528382210028 p2at_met_065.pcd box_map.pcd 0.4554656894998431 0.757716677346445 -0.5421506319917697 -0.3632328854908216 1.2526113729197046 0.3662251212242427 0.8139622983610748 -0.45093739857218074 -0.12466643079213449 0.5401338699390665 0.20865777981585468 0.8153019891224149 0.43195771202763367
25528382210029 p2at_met_065.pcd box_map.pcd 0.4554656894998431 -0.16051977417723595 0.774684658012176 -0.6116347625328752 -2.494671302183256 0.1583462312334301 0.6318556396823977 0.7587390339607663 -1.7219365301711351 0.9742483631765865 0.024942558852401597 -0.2240937205850182 0.550783043146503
25528382210030 p2at_met_065.pcd box_map.pcd 0.4554656894998431 0.6926732662122086 -0.4823362896686298 0.5362419695842637 2.166863057183349 0.582299757741503 -0.0647332428980485 -0.8103928673168892 -0.31497449269997374 0.4255945704647766 0.8735910432992098 0.23602531783327899 -0.15021834047668822
25528382210031 p2at_met_065.pcd box_map.pcd 0.4554656894998431 0.9340833373264474 0.08443363668528292 -0.3469283498435723 -0.33414958920946103 -0.14778988239186688 0.9759252734059316 -0.1603995367516875 -1.2992634551876425 0.3250330284627773 0.20109903461641837 0.9240739735998738 0.38549396310613576
25528382210033 p2at_met_084.pcd box_map.pcd 0.3744341452899332 0.9678563435890287 0.09212237975344881 0.23402471092394705 0.09121788126261447 -0.05788211953081577 0.9871132859694953 -0.14918787115957285 -0.026585239792850903 -0.24475244311976946 0.1308465811974708 0.9607160942629396 -0.05279606049116708
25528382210034 p2at_met_084.pcd box_map.pcd 0.3744341452899332 0.9941133184590288 0.10820852476684455 0.005442906407476137 0.1425468866052128 -0.1057820390687025 0.980231441976169 -0.1672019149764379 0.021441545158266517 -0.02342798055413338 0.16564188881168815 0.9859076500352614 0.11732971134703346
25528382210035 p2at_met_084.pcd box_map.pcd 0.3744341452899332 0.8959851610320566 0.29129723843140815 -0.3351962262505285 0.1194797349741557 -0.3547743699010501 0.9235224183653036 -0.14574460277490442 0.12981996623943123 0.26710622918919924 0.24950403134806687 0.9308071769541694 0.04421533894686738
25528382210036 p2at_met_084.pcd box_map.pcd 0.3744341452899332 0.9726414857255553 -0.11360478791770358 -0.20263882255816126 -0.04944898371778718 0.0981463544842157 0.9915523987912258 -0.08480055160684108 0.023633253583370893 0.21056075927637383 0.06259227279416715 0.9755748941211113 0.20955713401608267
25528382210037 p2at_met_084.pcd box_map.pcd 0.3744341452899332 0.9902671443198224 -0.1351086862192821 -0.03341595111265318 -0.019247777564271453 0.12566627651637866 0.7647656807446618 0.6319346805656916 0.06671065607203823 -0.05982449186723378 -0.6299834096730272 0.7743009322670182 -0.10948873518211769
25528382210038 p2at_met_084.pcd box_map.pcd 0.3744341452899332 0.7809455642823744 -0.5924316750690166 0.1978603952351331 0.054598601831031136 0.5950688655313907 0.8019577357396374 0.052505574585349324 -0.10328290787683383 -0.18978164005737674 0.07673656535363729 0.9788229812559875 -0.0379167131822275
25528382210039 p2at_met_084.pcd box_map.pcd 0.3744341452899332 0.9828283199231702 -0.18451074412909477 -0.0020685400470938646 0.2109823771769379 0.18450965712574244 0.9825675908736389 0.022740180124936223 -0.05556788067211921 -0.0021633271457829717 -0.022731358641781493 0.9997392686845701 0.0173915292659372
25528382210040 p2at_met_084.pcd box_map.pcd 0.3744341452899332 0.8996763786708565 -0.3382017903509985 0.27604702980664964 0.14271377006390995 0.4052073957878438 0.882225375820119 -0.23976103240077198 -0.032003516725061736 -0.1624480842008542 0.3275636354396342 0.9307591980082942 0.13469823609143083
25528382210041 p2at_met_084.pcd box_map.pcd 0.3744341452899332 0.9987891527241638 -0.012822648509406556 0.04749534804327127 0.0946439651635535 0.0165637616126078 0.9967186129767805 -0.07923161204269179 -0.06679763691903515 -0.04632353831248168 0.07992237628378636 0.9957241302526344 0.08842159290949932
25528382210042 p2at_met_084.pcd box_map.pcd 0.3744341452899332 0.9960842485559984 0.02973128366380193 0.08325995766473811 -0.010058564390540689 -0.05295659211480892 0.954763696838626 0.29261217088601327 0.021137104784084607 -0.07079384952251992 -0.29587553797288174 0.9525995469760838 -0.18143372042608302
25528382210044 p2at_met_084.pcd box_map.pcd 0.3744341452899332 0.9887010672328006 0.007934253661917742 -0.1496905049478749 -0.46233578000997616 -0.0196289403860783 0.996852435526601 -0.07681097892882294 -0.49980357815543525 0.14860990664165424 0.07888136284010719 0.9857448078709046 -0.24167326799468544
25528382210045 p2at_met_084.pcd box_map.pcd 0.3744341452899332 0.9146735094338667 0.26405960322474126 0.3060145373748209 0.42082854095600974 -0.0972978100344244 0.87868042730464 -0.4673904607865245 0.7475025820263008 -0.39230792408825815 0.39773512871825495 0.8293981312259113 -0.12842854220521563
25528382210046 p2at_met_084.pcd box_map.pcd 0.3744341452899332 0.9758487122069379 0.1476145296739668 -0.16102559272735242 -0.5804112652886266 -0.16556338660479028 0.9806617192788322 -0.10436166612812582 0.6925462081145143 0.14250633635040352 0.1285011399568861 0.9814170373137849 0.3531711149966288
25528382210047 p2at_met_084.pcd box_map.pcd 0.3744341452899332 0.706573805142334 -0.6939081270326909 -0.138726238054184 -0.6955545946627806 0.6968489835369337 0.716402711882556 -0.034185502056602986 0.8729047816426215 0.12310545085505203 -0.07251665770912574 0.9897405631398928 -0.7861202233617401
25528382210048 p2at_met_084.pcd box_map.pcd 0.3744341452899332 0.8895007869288462 -0.1439208293496551 0.4336763135476393 -0.24148311079350113 0.2131740953178904 0.9701910741786789 -0.11526527954861196 0.06374154302051153 -0.4041598138587778 0.19497711266537962 0.8936659165472909 -0.4332556212499391
25528382210049 p2at_met_084.pcd box_map.pcd 0.3744341452899332 0.9524001884628513 -0.012355025217219838 0.3046001220745104 0.5957849459343026 0.044783252739074 0.9940086001004756 -0.0997063849530226 0.7485670670046127 -0.3015432660333058 0.10860136407142394 0.9472472762862887 -0.18145516202630502
25528382210050 p2at_met_084.pcd box_map.pcd 0.3744341452899332 0.6997488397075116 -0.4993204161659054 -0.510911619879504 -1.5003793743966125 0.4495347994114669 0.8635922700599734 -0.22831306403873297 0.49344634647358027 0.555220699763692 -0.06991075090835018 0.8287595920780326 1.0026977931313545
25528382210051 p2at_met_084.pcd box_map.pcd 0.3744341452899332 0.7331527100401384 -0.1265446886138364 -0.6681867594800331 -0.5557979768264497 0.24854100928367423 0.9644256958487322 0.09005800292556505 0.02509934432789893 0.6330201185310408 -0.2320980804968359 0.7385228571714155 -0.11719518159177937
25528382210052 p2at_met_084.pcd box_map.pcd 0.3744341452899332 0.9102937342834753 0.3996786679502094 0.10780667748238754 0.46814212767131885 -0.3998811306793279 0.9163336259781532 -0.020682534379321257 0.5051421702902543 -0.10705325147265504 -0.024282674631840064 0.9939567158895081 0.07087931997879827
25528382210053 p2at_met_084.pcd box_map.pcd 0.3744341452899332 0.9076207659306406 0.40427379681534253 0.11308069004027359 0.5654086910640049 -0.3105159710374709 0.8278171725483403 -0.46722431504013984 -0.4597688710692626 -0.2824966849046796 0.3889491304047078 0.8768775267819833 0.5101370906584
25528382210055 p2at_met_084.pcd box_map.pcd 0.3744341452899332 0.39742344275816593 0.6661923976021209 0.6310644155103222 1.1572451332406812 0.010128449379007531 0.6844806887712096 -0.7289606307699118 -0.33380477500470007 -0.9175794361576681 0.2960977475031318 0.265281175857142 0.5034470179245388
25528382210056 p2at_met_084.pcd box_map.pcd 0.3744341452899332 0.64909013492886 -0.5957953732443004 -0.47297977753675546 -0.5811613962084825 0.4951163607739965 0.8029180114554301 -0.3319374281010976 -0.5666977528857409 0.5775307663076901 -0.018722716179612686 0.8161541973591201 0.8551758117144858
25528382210057 p2at_met_084.pcd box_map.pcd 0.3744341452899332 0.3979100954143406 0.40009995329975356 0.8255831777215944 -1.491184142621867 0.05290227454823207 0.8883883234568694 -0.4560345777384832 -0.1596671734318265 -0.9158978683865217 0.225135990270388 0.33233248497551054 -0.6490229102667271
25528382210058 p2at_met_084.pcd box_map.pcd 0.3744341452899332 0.8274508294152182 0.023973626959093747 0.5610261937828694 -0.18861133145315467 -0.2276751622694478 0.9276071304224747 0.29615710708163456 1.8050917383033878 -0.5133119377003111 -0.3727871735988356 0.773007488847646 0.7581941179047229
25528382210059 p2at_met_084.pcd box_map.pcd 0.3744341452899332 0.916068509084333 -0.15913330686721772 0.36809655976321104 -1.0343414313432586 0.378166937907231 0.6482441119894149 -0.6608852686699284 0.4221484802073225 -0.13344756924678597 0.7446181316060997 0.6540149725698682 -1.3781469544944323
25528382210060 p2at_met_084.pcd box_map.pcd 0.3744341452899332 0.3870328402593701 -0.716092596246225 0.580876040272024 -0.493870604971963 0.8176745884821319 -0.02461468195980715 -0.5751542269536006 -1.9001317226256367 0.4261617626105624 0.6975711512335919 0.5760040286797483 -1.3862913467706381
25528382210061 p2at_met_084.pcd box_map.pcd 0.3744341452899332 0.8924435109872016 0.16333482447715855 -0.4205547702854552 0.8129063998752143 -0.23905714547922616 0.9617467739859596 -0.133771536295743 -0.8210417989760977 0.3826176432055378 0.2199201624240374 0.8973510245535046 -0.6538051906679163
25528382210062 p2at_met_084.pcd box_map.pcd 0.3744341452899332 0.8871091826311223 -0.45401807073609657 -0.08309566496884428 0.01791073247673753 0.4613327640633158 0.8665414827605412 0.19046768612251036 -0.18982588281344664 -0.01446993065783507 -0.20730038615553753 0.9781703179950422 0.8318651957513721
25528382210063 p2at_met_084.pcd box_map.pcd 0.3744341452899332 0.3448532630963171 0.7933502969892857 -0.5016687484773537 1.6752163736729786 0.019979195628220814 0.5281290015710336 0.8489290838707508 -1.0750220781301147 0.9384439560644373 -0.30277890277658925 0.16627650874231487 0.2251063145409285
25528382210064 p2at_met_084.pcd box_map.pcd 0.3744341452899332 0.15041749574353253 -0.16446310047220544 -0.9748468933926565 0.6018175807610753 -0.027526221949609908 0.9849867924029683 -0.17042102539561438 -0.20157413342581137 0.9882392848290463 0.052468155816467264 0.14363219884759032 -1.498265563126632
25528382210066 p2at_met_075.pcd box_map.pcd 0.3105405916861162 0.9802403671443152 -0.0820482930822677 0.17999138930255676 0.0872206952740496 0.08571732512852241 0.9962386918988827 -0.01268892967961812 0.038988265166177 -0.1782732812105881 0.02786658152499897 0.983586341324706 -0.024166735772402727
25528382210067 p2at_met_075.pcd box_map.pcd 0.3105405916861162 0.9630805779008584 0.04313887177947674 0.26573452581804663 0.0822125513710637 -0.024082860293719702 0.9969258666961978 -0.07455757608793291 -0.013995404112082234 -0.26813395217730523 0.0654053060051598 0.9611588472443823 0.183301064311435
25528382210068 p2at_met_075.pcd box_map.pcd 0.3105405916861162 0.995744998561673 0.08284306663451373 0.04035993248263971 -0.012874392590371694 -0.08624203082825165 0.9920732518821512 0.09139461154024596 0.09511563048593251 -0.03246859956993235 -0.09448644987808084 0.9949965330750676 0.00613920418251866
25528382210069 p2at_met_075.pcd box_map.pcd 0.3105405916861162 0.990882458049187 -0.13081283988565384 -0.03224833718894748 -0.04520269928649188 0.12707236431961028 0.9869446622393132 -0.09895881923079362 -0.08428137392318456 0.0447724084300364 0.09395868559307834 0.9945688497258476 0.09234280032914693
25528382210070 p2at_met_075.pcd box_map.pcd 0.3105405916861162 0.9703887762034864 0.20003327750802188 -0.13539686446775132 -0.07310677371146691 -0.2347198761177137 0.9132289237642013 -0.3330458114971027 -0.0212940139798362 0.057028087584847675 0.354964252692968 0.9331388838412734 -0.009435410997359003
25528382210071 p2at_met_075.pcd box_map.pcd 0.3105405916861162 0.9888436461232831 0.11948416517986452 -0.08894817475857525 0.12959864786279204 -0.10045297646400345 0.9758276175668308 0.194086733996338 0.23079727992124113 0.10998837684561749 -0.1829863248035594 0.9769434793752158 -0.05527743328538658
25528382210072 p2at_met_075.pcd box_map.pcd 0.3105405916861162 0.9774905803154319 -0.20374537430024167 -0.05477214479874211 -0.020809472653196198 0.19584313275487716 0.9728118238284517 -0.12362290553257853 0.0818972865879871 0.078470585236479 0.11011347724423061 0.9908165265990614 -0.03579681221405859
25528382210073 p2at_met_075.pcd box_map.pcd 0.3105405916861162 0.9973466208881759 0.0630379600951007 -0.03641336828673774 0.06689769706065395 -0.05740961835600923 0.9886198264146917 0.13905025904327648 -0.0657726387821239 0.04476442251559238 -0.13659082841403888 0.989615628448749 -0.07663233073554676
25528382210074 p2at_met_075.pcd box_map.pcd 0.3105405916861162 0.9867046886617256 -0.0720897787312927 -0.14566029375035533 -0.09447134770824718 0.09936188974025094 0.9768137431720314 0.18963682663842013 -0.04588436758940762 0.1286120998981541 -0.2015886280342154 0.9709896769827522 -0.07454408659263079
25528382210075 p2at_met_075.pcd box_map.pcd 0.3105405916861162 0.9409917082166115 0.3360415051150862 0.04013367548045799 -0.11833290389714884 -0.30828147330663297 0.900045326256834 -0.30802750510160753 0.08850732111354026 -0.13963215347288382 0.2774788595969368 0.950530559315853 -0.035241535557284286
25528382210077 p2at_met_075.pcd box_map.pcd 0.3105405916861162 0.913547521221141 0.4020893172758654 0.061278931153679016 -0.7351497878813046 -0.37950641144615993 0.8968623443883944 -0.22718454808681643 -0.5575448454119611 -0.1463072456919576 0.18428813350506723 0.9719218454727991 0.6608635310103238
25528382210078 p2at_met_075.pcd box_map.pcd 0.3105405916861162 0.9724425366159555 -0.01026660725770019 -0.2329165295880518 0.2710907779615509 -0.010159162733497722 0.9962150701453116 -0.08632685229941883 0.265140451652764 0.23292124074991527 0.08631414015552435 0.9686576096932972 0.2968961629480728
25528382210079 p2at_met_075.pcd box_map.pcd 0.3105405916861162 0.9578057737832701 0.2869664024988903 -0.016074313182078984 -0.28487342797596793 -0.28465337569941157 0.9393779324625319 -0.1911584570594463 0.41104515846276085 -0.039756199646851335 0.18766828138836736 0.9814275626608292 0.5802058851458515
25528382210080 p2at_met_075.pcd box_map.pcd 0.3105405916861162 0.870430983790879 -0.2630176251540276 -0.41613895673822426 0.8852982792833399 0.13117901387370523 0.9386686477476663 -0.31889376923152557 -0.41549096852866296 0.474491273656286 0.2229863192976256 0.8515486672117646 -0.7042304909165863
25528382210081 p2at_met_075.pcd box_map.pcd 0.3105405916861162 0.8563735678198034 0.4669209660111385 -0.22047476916601222 0.39076304224196046 -0.5112620874754968 0.826576169986773 -0.23533574552157482 0.8678495522341618 0.07235599664007503 0.314255702747338 0.9465769715353309 -0.23814650751764888
25528382210082 p2at_met_075.pcd box_map.pcd 0.3105405916861162 0.7340803217342612 0.2942239985607485 0.6120116991638707 0.2813664492344749 -0.46207958404343347 0.8768546519625886 0.1326965611529362 -0.6682678381536213 -0.4976027926496906 -0.3802080456835338 0.7796366478974271 0.2308038564138316
25528382210083 p2at_met_075.pcd box_map.pcd 0.3105405916861162 0.9251496985899527 0.3726564410611891 0.07228562882432406 0.4886480569771686 -0.37158369621436305 0.850102428871049 0.37316406195561613 0.7411692702576551 0.077611802624288 -0.3720927805845625 0.9249450636282444 -0.839215302731902
25528382210084 p2at_met_075.pcd box_map.pcd 0.3105405916861162 0.962206163356832 -0.0336054897385987 -0.2702405784806477 0.04687046074128292 0.02586386740273639 0.9991480879138364 -0.03215833921549448 0.35862287632792816 0.2710910540041848 0.02395348570780624 0.96225561622749 -0.52618804546858
25528382210085 p2at_met_075.pcd box_map.pcd 0.3105405916861162 0.9953034900654413 -0.05229882826569471 0.08146039053176111 -0.4781416264844342 0.07318772040908555 0.957319527869573 -0.27961201537290764 0.33212100946666917 -0.0633602418309241 0.2842607150515403 0.956651099217219 0.30289131414838694
25528382210086 p2at_met_075.pcd box_map.pcd 0.3105405916861162 0.96831043729514 0.22590098440902792 -0.10650653627044077 0.7036914984412866 -0.24703021563157793 0.9290701976558222 -0.2753264251625466 -0.12687192632835156 0.03675553822637757 0.29291178376911264 0.9554327382599394 -0.3831137077186181
25528382210088 p2at_met_075.pcd box_map.pcd 0.3105405916861162 0.9343581258386738 0.16799264529189106 0.3142504794062755 -0.10448353100990351 0.20970354899176535 0.45377578791446704 -0.8660900391084423 1.107063705294406 -0.2880960156258662 0.8751377065527675 0.3887604408245046 -0.13304938860232893
25528382210089 p2at_met_075.pcd box_map.pcd 0.3105405916861162 0.01689548957037368 0.5036691982354683 0.8637313709603339 0.7071977865204048 -0.5315492686656019 -0.7271427819376555 0.4344177133324917 0.3582445559111138 0.8468588533003839 -0.46645547850229796 0.25543956068305307 1.7728873579261637
25528382210090 p2at_met_075.pcd box_map.pcd 0.3105405916861162 0.7282767449676982 -0.5142679645965502 -0.45292542799999164 -0.07370996392066682 0.3891055132255317 0.8543782503976298 -0.3444338903548553 -1.6718323710269964 0.5641009504660933 0.0746074114093647 0.8223283114705732 0.12669917836334324
25528382210091 p2at_met_075.pcd box_map.pcd 0.3105405916861162 0.7870199176856446 -0.3054701106594516 0.5359922207082705 0.34839002762204474 0.2880793976177367 0.950239220044119 0.11855667572155548 1.3218553469442238 -0.5455363506076226 0.06110185090196929 0.835856838209792 -1.2195749238347655
25528382210092 p2at_met_075.pcd box_map.pcd 0.3105405916861162 0.5242206026516727 -0.5589453850616838 0.6424739810091636 0.08518090437164458 0.17303947083489382 0.8086234570840181 0.5623036956900347 1.5170295308228596 -0.8338165873192359 -0.18359782452887943 0.5206166896475426 -0.5072156701135524
25528382210093 p2at_met_075.pcd box_map.pcd 0.3105405916861162 0.2898997984694132 0.6190929679173361 -0.729850672345171 -0.3816477703223309 -0.30843549480596577 -0.6614757802949428 -0.6836061275522594 -0.34697709666771515 -0.9059942893811159 0.42328913186910544 -0.0008114495094243002 1.7516991242313775
25528382210094 p2at_met_075.pcd box_map.pcd 0.3105405916861162 0.7410006311106213 0.6714881152274906 -0.004666454959929123 0.3136077999077 -0.47093183431735347 0.5147038175759149 -0.7164518041007868 0.7079585831861537 -0.4786870294045511 0.5330888211930649 0.6976209834851836 -0.5818038465792219
25528382210095 p2at_met_075.pcd box_map.pcd 0.3105405916861162 0.6446514854224509 -0.001017486476914492 -0.7644759166016264 -0.34958863827554526 0.28731893764629435 0.927007252540203 0.24105057935559676 -0.8027911887847736 0.7084294533772804 -0.3750420222576843 0.5978889454810435 0.978318396269082
25528382210096 p2at_met_075.pcd box_map.pcd 0.3105405916861162 0.4194452997132793 0.37305390347497075 0.8275846939440847 1.0801294383672455 -0.5139106733540645 0.8490839404714343 -0.12227952341366857 0.8111748982431589 -0.7483057265324176 -0.37401503597527874 0.5478606506249574 -0.17958940788965763
25528382210097 p2at_met_075.pcd box_map.pcd 0.3105405916861162 0.914492226257681 -0.2543479467350305 0.3146602772927402 -0.30841185287324013 0.12306268367359521 0.9157085621173443 0.3825354952838209 0.842612733235576 -0.38543422785388787 -0.3111027985355638 0.8687091024859918 -1.0446368528062917
25528382210099 p2at_met_056.pcd box_map.pcd 0.5021382785191112 0.9672919625919245 -0.14695771099327673 -0.20675998230963255 -0.029648845693561007 0.1405326753977373 0.989029583636105 -0.04550878858140621 -0.081331305050108 0.21117960661630475 0.014963751942927877 0.9773327273130545 -0.021260037569440962
25528382210100 p2at_met_056.pcd box_map.pcd 0.5021382785191112 0.9966174784962442 -0.07685472999317489 -0.029102440335212077 0.0786895867170513 0.0768145596583486 0.9970422690209565 -0.002497440697349591 0.062069916901065184 0.029208303276335622 0.0002535019111537724 0.9995733143479265 -0.17089532964716458
25528382210101 p2at_met_056.pcd box_map.pcd 0.5021382785191112 0.9789159260343957 -0.15735639801565263 -0.13024044594426498 -0.038234513367858006 0.17935160933290537 0.9672969476175399 0.17935890097647023 0.03153776452632862 0.09775791520853125 -0.198936118222232 0.9751245104502049 0.0973827171491543
25528382210102 p2at_met_056.pcd box_map.pcd 0.5021382785191112 0.9532807126103412 0.30185464813330787 -0.01181754481426715 0.13134223169120313 -0.2947065148362713 0.9378758789206697 0.18313084352953762 0.05403920090468814 0.06636228656532964 -0.17109239357463635 0.9830175175360422 0.04097862453305123
25528382210103 p2at_met_056.pcd box_map.pcd 0.5021382785191112 0.9944627745621957 0.10151546186276823 -0.027173535155526802 0.053814882211363005 -0.10286679059837504 0.9932237721491264 -0.05408291624765214 0.02148803063633869 0.021499148868033408 0.05657870129871615 0.9981666379704848 0.0977060081224785
25528382210104 p2at_met_056.pcd box_map.pcd 0.5021382785191112 0.8543043990909063 0.5150077370271369 -0.07022125387739002 0.09976891607698041 -0.5167637519813444 0.8560879762053345 -0.008282610386725505 -0.1277948181408172 0.05584996268655086 0.04336366911185023 0.9974970545666132 -0.2486185161690857
25528382210105 p2at_met_056.pcd box_map.pcd 0.5021382785191112 0.9717394075530088 0.11516795885504116 0.2060554902488423 0.112576725254701 -0.19108789246997204 0.8962813016148267 0.40020650385396805 -0.009232842788161682 -0.13859271683573998 -0.4282711403174341 0.8929590635697097 0.03592678945186391
25528382210106 p2at_met_056.pcd box_map.pcd 0.5021382785191112 0.9836562571358143 0.17752988133467537 0.030058426952473582 0.14377831027280694 -0.17988463079249364 0.976220469942752 0.12097567387454825 -0.0796236534118108 -0.007866854657952702 -0.12440552760246987 0.9922002707617763 -0.06906040760330469
25528382210107 p2at_met_056.pcd box_map.pcd 0.5021382785191112 0.9500219976126144 0.2447499334510751 0.19379286397551282 0.028726357986362014 -0.26965395911485357 0.9561430937180987 0.11435526515586225 -0.09487948849564905 -0.15730526496536018 -0.1608970304600958 0.9743547604457529 -0.08792396627409199
25528382210108 p2at_met_056.pcd box_map.pcd 0.5021382785191112 0.9881823899575263 0.12487629879856987 -0.08889023667536515 -0.06881676067214125 -0.10833414522113877 0.9792388497302595 0.17133297452085522 0.09603492457599257 0.10844020083454915 -0.1596783804318202 0.981194953954429 0.015453406930165682
25528382210110 p2at_met_056.pcd box_map.pcd 0.5021382785191112 0.9678187131749572 -0.16348534337129694 -0.19130990808407908 -0.17856395112516793 0.11821314384794868 0.9664847589563627 -0.22788783058040948 0.012969818739351815 0.22215443063318327 0.1979387612566835 0.9547081521293381 -0.308788431158364
25528382210111 p2at_met_056.pcd box_map.pcd 0.5021382785191112 0.9426914052935438 -0.29502765833086997 0.15585761195875958 -0.004657159928878053 0.19564714038314446 0.8671262308909338 0.45805490518144354 -0.8058666910698903 -0.27028708967611087 -0.40131132618041887 0.8751537628518383 -0.6718194155687699
25528382210112 p2at_met_056.pcd box_map.pcd 0.5021382785191112 0.8727472691306157 0.35013834268421506 -0.340169583013243 -0.12138428396728689 -0.047603636796798215 0.7545428761090746 0.6545219185609938 -0.33765015738885795 0.48584575534707614 -0.5550389077311579 0.6751930930599277 0.2693906201955047
25528382210113 p2at_met_056.pcd box_map.pcd 0.5021382785191112 0.8345732971940896 0.5470524584981062 -0.06496937172055409 -0.33216874405910696 -0.5270415932897898 0.7585333963121256 -0.38321566463513945 -0.2594451936978839 -0.16035763328618194 0.35406312195761025 0.9213711169319803 -0.5687422639165812
25528382210114 p2at_met_056.pcd box_map.pcd 0.5021382785191112 0.8233435554618761 0.4676321201140373 0.3215984917829179 -0.39681203574794 -0.20983448833576931 0.7773194328815944 -0.5930800846171641 -0.4252704157260253 -0.5273280546152109 0.4208262105695025 0.738126292251841 -0.034008559812075845
25528382210115 p2at_met_056.pcd box_map.pcd 0.5021382785191112 0.9444866889404994 -0.3023763392613171 -0.12850464532124117 -0.44246034874464124 0.32769643362238526 0.8951584233093941 0.3021695626124673 0.5688665978850886 0.023663089514743947 -0.32750564366612833 0.9445528632964133 0.6443908071407679
25528382210116 p2at_met_056.pcd box_map.pcd 0.5021382785191112 0.9679276905324737 -0.09278373422354912 -0.233467694904468 0.5259829003677327 0.08583353360464512 0.9955150875496341 -0.03977832286540958 -0.3439862731550134 0.23611139406943538 0.0184631829481893 0.9715505753515921 -0.08018954964004135
25528382210117 p2at_met_056.pcd box_map.pcd 0.5021382785191112 0.9933463756342632 -0.10851388550742264 -0.03857090440156781 0.24709493843393907 0.1136710576365865 0.8700649513718179 0.47965182273200574 0.05924997336414824 -0.018489690912850316 -0.480844795174532 0.8766107541454812 -0.327673405757512
25528382210118 p2at_met_056.pcd box_map.pcd 0.5021382785191112 0.8690120730765066 -0.4625418944243426 0.17570717899281416 0.4400857618424024 0.10595162681374742 0.5208335788480127 0.8470576343554738 -0.3152160976309822 -0.48331384174549863 -0.7174868493893888 0.5016177342663393 0.17375984524802776
25528382210119 p2at_met_056.pcd box_map.pcd 0.5021382785191112 0.9293548953465445 -0.3686986674464409 0.018993975851089487 -0.03162309161978952 0.3522917631913884 0.9010345450233335 0.2530360888531453 0.052089253313761685 -0.11040829716518454 -0.2284689066324189 0.9672703689348036 -0.09105160694821944
25528382210121 p2at_met_056.pcd box_map.pcd 0.5021382785191112 0.6841076082742539 -0.6776494905178018 0.269792417058456 1.0076227640458824 0.6474103511901513 0.39379072829132766 -0.6525248650309281 0.714579957598745 0.3359413899374788 0.6210636282320432 0.7081125279319138 1.4410550962715727
25528382210122 p2at_met_056.pcd box_map.pcd 0.5021382785191112 0.9512611019230324 0.12830525476317678 -0.28042838224462036 0.10285349716904843 -0.29047528167970926 0.6781808257794741 -0.6750517597030353 0.07693234602028229 0.1035684638356299 0.7236079941136825 0.6823965446523751 0.16973457937075778
25528382210123 p2at_met_056.pcd box_map.pcd 0.5021382785191112 0.5515242747692315 0.09055316645786421 -0.829229219447028 1.5412223391532396 -0.8316225248593248 0.13715122593048568 -0.5381389387252762 -0.4357936772165366 0.06499961912869134 0.9864023850692063 0.15094828333871796 0.08120944489239382
25528382210124 p2at_met_056.pcd box_map.pcd 0.5021382785191112 0.5336482248314555 0.8122352063991043 -0.23557067224092354 -0.41868193749585014 -0.06597593088420778 0.31768373592352095 0.945898631182875 1.1882943158570405 0.8431291411629646 -0.48923513101113136 0.22311933557251945 -1.4955004611227658
25528382210125 p2at_met_056.pcd box_map.pcd 0.5021382785191112 0.4248339079610639 0.846492538446789 -0.3208839868245881 1.8748726961982671 -0.8855081222628827 0.31491579772524286 -0.3416188018091775 -0.3102774664141182 -0.1881263300364796 0.42927662724283744 0.8833629272558476 0.41631749904441034
25528382210126 p2at_met_056.pcd box_map.pcd 0.5021382785191112 -0.018572470818021658 0.9200294142310541 -0.3914089169620143 1.0438590700221806 -0.19232292946872293 0.3808782937561537 0.9044023530188152 0.5964633078405227 0.9811559275305237 0.09207389583950687 0.16986890114630546 1.0797846953037742
25528382210127 p2at_met_056.pcd box_map.pcd 0.5021382785191112 0.04367382814139242 -0.19737856438844475 0.9793540213096759 0.7643676844040901 0.03353186568484552 0.9800266568739375 0.19601878940598358 0.20964033392080672 -0.9984829546462823 0.024278676579468667 0.04941998729643671 -0.10548979807048389
25528382210128 p2at_met_056.pcd box_map.pcd 0.5021382785191112 0.5303760162450816 -0.8434557091253669 -0.0853448776191145 0.5735110127369567 0.6803427401837443 0.4835360559247505 -0.5507509768488941 -0.262592180522319 0.5058013812468996 0.23404134114416889 0.8302948954222034 0.18723597700457092
25528382210129 p2at_met_056.pcd box_map.pcd 0.5021382785191112 0.6239937892746263 0.36848597065014776 -0.6890934917561709 0.23542484860467822 -0.0678674749496416 0.9040605902979811 0.42198158124973395 -2.0002669444566887 0.7784765614908731 -0.21654685059839707 0.5891364058562859 -1.3851222027870305
25528382210130 p2at_met_056.pcd box_map.pcd 0.5021382785191112 0.24438188719138393 0.6244426765755102 0.7418549972090169 0.4165482061677874 -0.6132187845291974 0.6921679541436003 -0.38061298658505677 0.06585097029814943 -0.7511592477719431 -0.3619044997342195 0.5520732900248054 0.46645106481699516
25528382210132 p2at_met_020.pcd box_map.pcd 0.44370860927152317 0.9984759386886074 0.00853459048606702 -0.05452486244952932 -0.1302508074313152 -0.013132594084553027 0.9963339367335877 -0.08453532684956178 -0.009818481625375722 0.05360349645793006 0.08512254271453015 0.9949275440399157 -0.12699346115265361
25528382210133 p2at_met_020.pcd box_map.pcd 0.44370860927152317 0.9894233086328682 0.12821235511626222 -0.0678462108708307 0.007200567371952054 -0.12508276268514118 0.9909581887888349 0.04854040122829842 0.05116700923909975 0.07345623740051221 -0.03954061289222781 0.9965142854565942 0.07246769208670793
25528382210134 p2at_met_020.pcd box_map.pcd 0.44370860927152317 0.9555871458997754 0.02399715859596632 -0.2937300511872104 0.06361863226343094 0.043122131809270076 0.9745669032282342 0.21990869214370176 0.004922691124064858 0.2915367701325944 -0.22280818546779088 0.9302487969082278 -0.06406137130883031
25528382210135 p2at_met_020.pcd box_map.pcd 0.44370860927152317 0.9081483997928267 -0.33999416541034166 0.24427535987211996 -0.14201668747779858 0.2710786183377836 0.9222062321824753 0.2757753578619396 -0.010838626789608667 -0.3190342718796944 -0.1842271228965154 0.9296652626378301 -0.005756498462930679
25528382210136 p2at_met_020.pcd box_map.pcd 0.44370860927152317 0.9671568240581264 -0.24284537406527892 -0.07505865688175582 -0.026833912161213943 0.2279368560585819 0.9593018726214727 -0.16668745254237044 -0.009856437761635192 0.11248318686776133 0.14410427294161138 0.9831487635104068 0.06636127719747051
25528382210137 p2at_met_020.pcd box_map.pcd 0.44370860927152317 0.8717621006024807 0.48460748602265336 0.07201683444830392 -0.1858667615301393 -0.48151441988193744 0.8746088277710634 -0.05659736593418316 -0.07559181732342346 -0.09041406637748248 0.014662294354242197 0.9957963214058173 -0.02219051277337968
25528382210138 p2at_met_020.pcd box_map.pcd 0.44370860927152317 0.9608267626726508 -0.11423526339796165 -0.25251185462942544 0.029819972360747557 0.14943557171600103 0.9808537425045125 0.12487972501892945 0.16640605960487417 0.23341152935942494 -0.15772203527500472 0.9595013379619669 -0.04717261946367926
25528382210139 p2at_met_020.pcd box_map.pcd 0.44370860927152317 0.9621881098828025 0.2669057979367589 -0.05436300422072176 -0.04612097828886166 -0.2690548768065058 0.9624172487173906 -0.0369122288392937 -0.16773705986981358 0.042467805062143 0.05014313910187932 0.9978387400448098 0.006388028362189899
25528382210140 p2at_met_020.pcd box_map.pcd 0.44370860927152317 0.9828440074117955 0.13698258661399412 -0.12350476937860375 0.07238493686403934 -0.15288916913806547 0.9796367941460878 -0.13014089870385678 0.17607148992620733 0.10316277940708318 0.14679074398515427 0.9837733064203817 -0.12352405894184293
25528382210141 p2at_met_020.pcd box_map.pcd 0.44370860927152317 0.9710446505279164 0.13042830786716036 -0.20015180036168956 -0.08821391695763156 -0.1840576007878218 0.9425624668188903 -0.27874503715137045 -0.25320888388565804 0.15229933116513417 0.3075133373549793 0.9392765626137252 0.04476661383474735
25528382210143 p2at_met_020.pcd box_map.pcd 0.44370860927152317 0.9869200848683057 0.14596969084086847 0.06842218528632989 -0.3625199089123814 -0.160429979162668 0.8475848800085457 0.5058281259150824 -0.6261197256207259 0.015841965452604093 -0.5101889067166395 0.8599164561711086 -0.4791313734735078
25528382210144 p2at_met_020.pcd box_map.pcd 0.44370860927152317 0.6141105443322925 -0.5447395701405444 -0.5710753365914082 0.8264857271838001 0.631345026957695 0.7732776643706089 -0.05869506556196463 -0.11732809635848011 0.4735733272426591 -0.3245003151132997 0.8187965859819436 0.1260810333549802
