id source target overlap t1 t2 t3 t4 t5 t6 t7 t8 t9 t10 t11 t12
25528382210030 p2at_met_062.pcd box_map.pcd 0.4479295441259619 -0.9119395921500337 -0.2871226652865111 -0.29313265827607754 1.8561918659683778 -0.08329736051826783 0.8290590319694742 -0.5529219395543347 12.688635822470149 0.40178069888923146 -0.47981423133188505 -0.7799683156458808 -10.483374086342959
25528382210061 p2at_met_054.pcd box_map.pcd 0.49217284330309086 -0.4756221314299315 0.8613421686452531 0.17853082817133048 -0.15846664604646976 -0.8755821672009907 -0.4830649607021168 -0.002027861306570053 0.07672155399642022 0.08449530503918729 -0.15728290515931637 0.9839322289522688 16.107320750109135
25528382210092 p2at_met_078.pcd box_map.pcd 0.3240315749794896 0.3742034121459349 0.27836827235522704 -0.8845806414817732 -0.045669776493530795 0.225660283718722 0.8978771054227767 0.37801341234088714 -0.842465514171835 0.8994716464071144 -0.3410686272637543 0.27317201321894735 -16.091284448214335
25528382210123 p2at_met_101.pcd box_map.pcd 0.3365570599613153 0.5975733255603635 -0.7812600793159343 -0.18038516858652226 -5.14534149756028 0.7993342955476441 0.562773468376403 0.21059607606255487 -11.157645599470852 -0.06301432011915685 -0.270034649182015 0.9607863881743259 -5.60545559156652
25528382210154 p2at_met_084.pcd box_map.pcd 0.3744341452899332 0.25840432219352033 -0.9434177001181021 0.20782263922772723 5.313172133081896 0.6987288979366904 0.33108139586102064 0.6341632569795387 -8.763092011546503 -0.6670870508860786 -0.018658842905948658 0.7447460735858402 -11.768954022715592
25528382210185 p2at_met_048.pcd box_map.pcd 0.45108743700822207 -0.5674409129127247 0.5803159311526296 -0.5841611339375721 9.795022957106994 0.8029685486732681 0.5470953920741908 -0.23649131445516794 13.9073275552701 0.18235218724851968 -0.6032578652795535 -0.776419749738527 -7.9344249224528145
25528382210216 p2at_met_057.pcd box_map.pcd 0.48241819300299643 -0.034460261561508165 0.47821118398717777 0.8775685465436269 -2.6447978011693234 -0.6268480637026684 0.6735508415063427 -0.3916513359332671 -6.300897153595028 -0.7783790820707657 -0.5635985516444122 0.27655501655004044 -17.515014191042532
25528382210247 p2at_met_031.pcd box_map.pcd 0.1869715541290135 -0.3646631418622508 -0.8738126240614937 -0.3216710913307539 -0.13829043317946127 0.48382746981184577 -0.4729785021804678 0.7363438842895269 0.47747979200211277 -0.7955700927150411 0.11288416410589869 0.595252377627753 -19.499823755989798
25528382210278 p2at_met_095.pcd box_map.pcd 0.4003804643217641 0.8675637280925379 0.4276622815243092 -0.2538467070095642 -0.8391109196625464 -0.10379094019529814 0.6548803805421698 0.7485713913277203 1.3374716246673377 0.4863749771848394 -0.623086398617692 0.6125379346832991 17.59679223269074
25528382210309 p2at_met_020.pcd box_map.pcd 0.44370860927152317 0.8781851190494179 0.414364949900294 0.23894054694481343 -3.916945495374353 0.20469022326155412 0.12593193916008355 -0.9706920516829814 0.34538240378736096 -0.43231100978496356 0.9013561088679144 0.025775100876568147 14.061242085647091
25528382210340 p2at_met_026.pcd box_map.pcd 0.33918451460955323 -0.6311357989004314 -0.5878929329818732 0.5060133424093534 -1.6825801130591755 -0.6719532180015517 0.7402683699128063 0.02194569032853924 6.6696907374113605 -0.38748738839305946 -0.32616658298576184 -0.8622464172031792 -13.788932389120657
25528382210371 p2at_met_077.pcd box_map.pcd 0.16045348094528422 0.22508023694373458 -0.5235102582561921 0.8217517243291231 14.228010399911216 0.30192440489592 0.8393535286071476 0.4520257821662108 9.04759019338515 -0.9263803434149479 0.146364830185619 0.3469824142793667 8.970826201497575
25528382210402 p2at_met_002.pcd box_map.pcd 0.46858697153542933 0.22951029595497857 0.966318230094188 0.11642208655703541 -5.034049415491153 -0.9720752846122075 0.23358824688851226 -0.02249826574754285 -1.2602104247139203 -0.04893531543531483 -0.10800744929488496 0.9929449762197595 11.687220158154943
25528382210433 p2at_met_003.pcd box_map.pcd 0.53547923522306 0.07578347426056936 0.8694617938340645 -0.48815269546715434 -5.979665457286708 -0.9890250710498854 0.12781497104250278 0.07411303537282429 0.7246115107926796 0.1268316753171973 0.4771787110090462 0.8696057749900112 -11.781244540727545
25528382210464 p2at_met_066.pcd box_map.pcd 0.39139809651735136 0.5280326888792143 0.8097849569316078 -0.2557924998944671 12.781981465363524 -0.3784458871492679 0.49402778645438655 0.7827613025123193 -2.4534189915286166 0.7602369301571652 -0.3165199357674854 0.5673226068886701 4.024986354978603
25528382210495 p2at_met_006.pcd box_map.pcd 0.45968021662023206 -0.5103525268857352 0.319554872596785 0.7983889914703218 -8.781771657413154 -0.7336920316710782 -0.646086357940161 -0.21040061964258544 -5.5185644325376275 0.4485936925144075 -0.6931501291086013 0.5641866690670904 2.2198301085740684
25528382210526 p2at_met_040.pcd box_map.pcd 0.3794948513272983 0.7020386586445905 0.7061801991563428 0.09193067000741399 2.2588828711974998 -0.6958744366208358 0.6528332195077938 0.29927839207788287 15.841920639724563 0.1513290792483007 -0.27407720413525194 0.9497269059825908 5.634825729041694
25528382210557 p2at_met_100.pcd box_map.pcd 0.4114338752217025 -0.25035992441440935 -0.09296739361715933 0.9636788738844717 -7.533984704216935 -0.8893159653661614 0.4155155229394828 -0.1909553977796402 2.404754781149984 -0.3826709055991371 -0.9048225869861785 -0.18670582231836272 9.25638947957916
25528382210588 p2at_met_004.pcd box_map.pcd 0.4551958484067452 0.09592906177812541 0.804417270921992 0.5862682571560422 -10.14351021970102 -0.22401896243862074 -0.5564270938645274 0.8001277358530952 3.7936735193285447 0.9698521122182973 -0.2080907096818383 0.1268271933372986 2.2480655754413483
25528382210619 p2at_met_033.pcd box_map.pcd 0.34683168198210074 -0.8946232395635629 0.43128195708929973 -0.11681238257144942 -2.6806359797299133 -0.42279644626408064 -0.9016508168796542 -0.09093387403336492 10.833068495877946 -0.1445421193260276 -0.031963696742944844 0.9889822535471832 -2.6537797894390973
25528382210650 p2at_met_055.pcd box_map.pcd 0.38291162790697675 0.20253913420868014 -0.9792740731534885 -0.0004344690720482408 -2.358896177794952 0.9792735607656281 0.20253849366509774 0.0012048938877984227 -2.3877465911055324 -0.0010919246338253804 -0.0006695022400752421 0.9999991797333359 -9.598549586945362
25528382210681 p2at_met_051.pcd box_map.pcd 0.49524587417274024 -0.3897988177712351 -0.4485814446609604 0.8042583970155567 0.9715125471311045 0.2468444409352235 -0.8922759979653649 -0.3780361959314066 10.10527678040832 0.8872004867241249 0.051168652129966824 0.4585379650537979 10.040028145738862
25528382210712 p2at_met_039.pcd box_map.pcd 0.2551056595114421 0.3492572381609885 -0.8711921540888578 0.34502697321539166 -13.55582716759668 0.9351282117882626 0.3006322252677798 -0.18749798038440102 -13.600425887023379 0.059620542683246874 0.38812948327144503 0.9196743418762949 3.865571651404795
25528382210743 p2at_met_092.pcd box_map.pcd 0.34623217922606925 0.8330322167597056 0.5391699512928196 -0.1239075843655643 -12.67222737111055 -0.5261618765738387 0.702960280001288 -0.4785399924570645 7.146278103575954 -0.17091227422484148 0.46383467783619775 0.8692792337079516 -0.15698632579130237
25528382210774 p2at_met_098.pcd box_map.pcd 0.4470844584380245 0.7189213395212961 0.2643900505460386 -0.6428452447931527 -0.18859787709064957 -0.3083082148974461 -0.707592458942454 -0.6358136178743907 -4.119526365844191 -0.6229752420503205 0.6552944477256271 -0.42718969389758193 14.486032302865864
25528382210805 p2at_met_011.pcd box_map.pcd 0.3640758985586572 -0.9484315947143005 0.31501255669872597 -0.03527887852271486 -4.9570325266892805 -0.3169717258190856 -0.941618381080138 0.11350660528484836 18.75974097588633 0.0025367654520916 0.11883565767122221 0.9929106965316109 1.8699711777222408
25528382210836 p2at_met_028.pcd box_map.pcd 0.2686433155462142 0.7182058177397813 -0.5884669665899436 -0.37133143227736876 12.612577337710128 0.6957961136675288 0.6126823769782108 0.3748173863970199 -5.171098683546658 0.006940574176196673 -0.5275669949615497 0.8494850759473912 -10.903406096357438
25528382210867 p2at_met_097.pcd box_map.pcd 0.5009207327980807 -0.45027352444810254 -0.8928682970922255 0.006321173048860096 7.4825764022421675 0.539825770316883 -0.27785960072434285 -0.7945956078327474 8.901378111833159 0.7112256258620526 -0.35437303273942616 0.6071061379892264 -8.571830595418124
25528382210898 p2at_met_037.pcd box_map.pcd 0.31060046696334137 -0.9871941490470784 0.07989348733678514 -0.13807513450430564 10.977093185290945 -0.08217039975772761 -0.996559118460276 0.010860424362487783 11.95359517301611 -0.1367323571466183 0.022067036385637083 0.9903622107160012 -1.8274553282565376
25528382210929 p2at_met_009.pcd box_map.pcd 0.46041982168109197 -0.32066579306019555 -0.2584833604760491 0.9112408032556953 1.8594725510938888 0.1280850434849125 -0.9650407872991463 -0.22867116233690665 14.900505338130605 0.9384922326777905 0.043389298289471454 0.34256342186141725 5.277886030881958
25528382210960 p2at_met_024.pcd box_map.pcd 0.46455593501764186 0.6332191493658503 -0.7593575120313848 0.1496986232331287 -1.029938342542097 0.7739272496869621 0.6191329928825992 -0.1330824906447498 -6.365644211386733 0.008373832358205643 0.2001262252822973 0.9797343379130364 -7.781633963032861
25528382210991 p2at_met_013.pcd box_map.pcd 0.39539401749453296 0.35783452632566615 -0.8252543466117813 -0.43693216311877076 -1.4145240125252967 0.8874155611730506 0.15492269747305432 0.43415732125070994 -1.0950832969805804 -0.2905995071523793 -0.5430968801291667 0.787780239176358 13.469882848768522
25528382211022 p2at_met_001.pcd box_map.pcd 0.5532348811707677 -0.3603046555944048 -0.028770267975613995 -0.9323909195383707 6.540397043135532 -0.9312809371109236 -0.04657154037934774 0.3613127562105918 13.951489854816506 -0.053817946177804776 0.9985005574897321 -0.01001325930438035 5.07956832757874
25528382211053 p2at_met_019.pcd box_map.pcd 0.433741559855025 -0.2615896536096766 0.9450506011483475 -0.19608726219088382 7.406655204900636 -0.952500282560103 -0.28559139427888297 -0.10573914713467064 -5.234083331145601 -0.15592967917395748 0.1591129057713127 0.9748687185307139 10.357272485675017
25528382211084 p2at_met_000.pcd box_map.pcd 0.46338681228149853 -0.10554682632618861 -0.46913471018303454 -0.8767967216829391 -1.3938273885600982 0.15629164620777178 0.8629372950932408 -0.48053318934577804 -0.7526930993245937 0.9820553898727575 -0.1877547561012524 -0.01775845666788478 -12.64608508778834
25528382211115 p2at_met_059.pcd box_map.pcd 0.2851664262793636 0.16670821179951112 0.4828986198048143 -0.8596611513318574 -5.079999130605469 -0.10955832461223158 0.8755348795547443 0.47056949347702104 -0.7273489670632368 0.9799006815115346 0.0157352366891845 0.19886441788204623 -15.004849251152763
25528382211146 p2at_met_041.pcd box_map.pcd 0.4535672437410262 -0.9280590611984787 -0.015858576926651775 0.37209526262136056 -11.780468841709355 0.0459888535202493 -0.9963264777790963 0.07223970534403151 4.965095265919176 0.3695827434814711 0.08415494765110909 0.9253791333861747 -7.955530523025856
25528382211177 p2at_met_025.pcd box_map.pcd 0.4126994744386049 -0.6368779779185731 -0.4924404707804585 -0.5932021779965664 4.132711059373514 0.5698978364104402 -0.8189016866112917 0.06794471075721217 12.217361003166669 -0.5192329894152035 -0.29479214779688845 0.8021812091418302 14.955351699953262
25528382211208 p2at_met_014.pcd box_map.pcd 0.4462980356924082 -0.8695396695868691 0.3063009871446802 -0.3874022048065193 -1.4828629405305451 -0.47656485599336057 -0.3146177400537691 0.8209151086899825 1.275797170155143 0.12956350198564956 0.8984405283142857 0.4195448915617507 14.343846274255425
25528382211239 p2at_met_099.pcd box_map.pcd 0.4607900796459295 -0.5292593047901037 -0.6051749985075922 -0.5946829486999202 -8.302382196290875 0.6602817416904591 0.1463887222528057 -0.736612763660395 -4.94714327132661 0.532834505154565 -0.7825174523156189 0.3221084086734824 2.5774168097649275
25528382211270 p2at_met_096.pcd box_map.pcd 0.45988563507191127 0.1250568353884826 -0.9883392177731867 -0.0868698942908484 9.794423781100742 0.810985032514961 0.15226802870304995 -0.5649050579270775 8.235335693499792 0.5715453306250744 0.00019505479327286412 0.8205704704620451 -13.476364255221373
25528382211301 p2at_met_032.pcd box_map.pcd 0.36737001163182553 0.9941194989299823 -0.1079592904726531 0.008438806067326119 -6.926392113884258 -0.10699730814862626 -0.9912766535329333 -0.07695565092633834 12.512948205415668 0.01667326891010111 0.07560018360552993 -0.996998803581359 -0.6891120358255642
25528382211332 p2at_met_070.pcd box_map.pcd 0.4237352346907056 0.7080957125063744 -0.3244115362003003 -0.6271822837981404 6.1722156379390345 -0.254996408089029 0.7107931096710858 -0.6555531916677709 -10.831510573563598 0.6584658638014451 0.624123633925418 0.4205857769634484 -12.9920881401811
25528382211363 p2at_met_045.pcd box_map.pcd 0.20926594250564454 -0.45957272174203356 0.19173984770005872 0.8671959087971862 10.3742211688899 -0.10159293581044912 0.9586595177841393 -0.2658021902755802 3.100106713391975 -0.8823104832336707 -0.2102564143274589 -0.421094349772265 -14.891179310635787
25528382211394 p2at_met_042.pcd box_map.pcd 0.15773273519106715 0.7271966037395861 0.5880752438892087 0.3540517010752231 1.9859350439956736 -0.5407070360829089 0.17299509132764002 0.8232305870817589 1.1712797891069895 0.4228723219129473 -0.7900887329288966 0.4437778649941472 12.524990007878955
25528382211425 p2at_met_047.pcd box_map.pcd 0.4484649582686742 0.48337050377520707 -0.26497302148831503 -0.8343513971723517 9.487245761474902 0.6293294412396448 0.7676941473234546 0.12078969556344737 5.613440160283847 0.6085206738222613 -0.5834680745753507 0.5378360302938381 -7.704007580245073
25528382211456 p2at_met_069.pcd box_map.pcd 0.40735211239754404 0.4663031455953922 0.873519385838873 -0.13973281279470526 -6.825589586385396 0.8790246401267019 -0.47527989572357277 -0.037745235078242505 14.719464596081314 -0.09938339125811932 -0.10522786363253558 -0.989469574194865 10.016342244951185
25528382211487 p2at_met_038.pcd box_map.pcd 0.24921577584894167 -0.14966537675045133 -0.07733901611589594 0.9857073356673219 9.629212129138477 -0.9885078245067336 -0.009745656725524743 -0.15085523876867124 1.6285016989230465 0.021273361067542962 -0.9969572201259256 -0.07499163518470925 11.20190789439218
25528382211518 p2at_met_089.pcd box_map.pcd 0.48119888949744094 -0.7548380223835951 0.20242408648856927 0.6238942612120196 11.147479969887005 -0.5348891384951105 -0.7404914535104385 -0.40689804226360793 11.938278574363133 0.3796224038225115 -0.6408563774257587 0.6672255495923038 2.380882043699126
25528382211549 p2at_met_010.pcd box_map.pcd 0.5118004045853001 0.6998491469821069 -0.6186193637663573 0.35710118207830777 -0.15383736035384518 0.6920085004660455 0.4633080645680993 -0.5535972115075157 0.2735850277332693 0.1770180972419277 0.6345515897698698 0.7523356120571312 -13.89042960704496
25528382211580 p2at_met_005.pcd box_map.pcd 0.37468410881522224 0.18139215948697546 0.9815809795048482 0.05996386537702972 -0.4670964144123954 -0.9764549811086838 0.17253450726716463 0.12948943458876055 -7.12257111023098 0.11675853007250414 -0.08204038320473393 0.989766043658262 12.765377952988509
25528382211611 p2at_met_086.pcd box_map.pcd 0.3788713072239345 -0.4406626000293143 0.8948961822441582 0.07054995350980178 8.1767939193843 -0.8976338036642969 -0.4385478336123571 -0.04392439132276302 7.758292718939096 -0.00836824082896297 -0.08268385960233646 0.9965406925493259 14.799190366858443
25528382211642 p2at_met_080.pcd box_map.pcd 0.09382013592539909 0.6742032822854709 0.7203794942264081 -0.1627983981911442 17.29166256050123 -0.6448277038649828 0.6816380647707561 0.34578429834767327 0.497959655359989 0.3600655030459208 -0.12815199161028717 0.9240832757725924 3.051831751904418
25528382211673 p2at_met_008.pcd box_map.pcd 0.31190471533903114 0.8708646900172035 0.3285148569490484 0.36561274655704556 -0.5860605835102982 -0.4261264210757752 0.13388831151530312 0.8947011754215662 -1.3065521764660153 0.24497135535076608 -0.934960912981568 0.2565874631666194 17.636169933765885
25528382211704 p2at_met_064.pcd box_map.pcd 0.44091917200591424 0.5894649055461292 0.8076670906266388 -0.014317676075175097 1.3249141988282263 -0.8057796242184507 0.5891535475276262 0.06014394923835098 1.0964850282412621 0.05701159815217601 -0.023915855709419665 0.9980870250242815 17.940999204794092
25528382211735 p2at_met_027.pcd box_map.pcd 0.2785457163426926 -0.8894391274303061 0.3338642645844992 0.3121421013408268 1.1113909149717849 -0.3555603415225094 -0.934554857662728 -0.013566928738460896 -0.04238417649396269 0.28718440440318466 -0.12305230941534394 0.9499385490731168 17.807864776091556
25528382211766 p2at_met_071.pcd box_map.pcd 0.3889800953944492 -0.6706069357840109 0.08720473678206059 0.7366693095013198 6.163268316758469 -0.6933520796023576 -0.4267289608703388 -0.5806593559614854 0.8146530817232643 0.263721882651906 -0.9001653891576218 0.3466309864585709 -10.279878762469911
25528382211797 p2at_met_017.pcd box_map.pcd 0.40879514917104814 -0.26502716482943584 -0.908989217885437 -0.32171292120537043 -7.571997744608335 0.9605646232086921 -0.2779953628088541 -0.005846614124198013 -6.9169713849145635 -0.08412019105075054 -0.31057556250419216 0.9468192084198495 -12.121858097271755
25528382211828 p2at_met_058.pcd box_map.pcd 0.47948009174851497 0.747350688281962 -0.25827629357099774 -0.6121766941853515 10.786659002977414 -0.5346777955850546 0.3131938762254306 -0.7848753090798537 -0.09569855668526814 0.3944446775313162 0.9138943878119163 0.09597105966435171 -2.693521854105734
25528382211859 p2at_met_061.pcd box_map.pcd 0.4686344990049145 0.358288630754739 0.9067713560444641 0.22224978049298066 -4.421439225631988 -0.03681482958567445 -0.2241466859211963 0.9738598110165151 1.959823776438462 0.9328847331768659 -0.3571049860304787 -0.04692657624097002 -11.719026967777152
25528382211890 p2at_met_083.pcd box_map.pcd 0.3046454873334341 0.5598412560253785 -0.10814104993710771 0.8215128004909156 4.744997081444976 0.805486695521992 0.3035641036773805 -0.5089597413308938 -4.999846037321615 -0.1943423561372779 0.9466542918494844 0.2570538860510825 10.677867392601128
25528382211921 p2at_met_046.pcd box_map.pcd 0.300988101686684 0.5332592098941784 0.7192789555870854 -0.44527788976389576 -0.8519758289809511 -0.8243708236362589 0.5599764358110739 -0.08269907178198832 0.8388290824737483 0.18986142367609266 0.41117414240912303 0.891565176761525 -15.31773485699612
25528382211952 p2at_met_090.pcd box_map.pcd 0.3410514257814334 0.043539021388832144 -0.9865389765013635 0.1576236069253105 -13.89497390974213 0.8970531170981939 -0.03084596766407005 -0.4408449062689517 -4.9824546427893015 0.4397727353087233 0.1605907037238119 0.8836348607635249 -5.793564327886365
25528382211983 p2at_met_016.pcd box_map.pcd 0.5648808147425779 0.7378068279004125 -0.5319532045895486 0.41553203586539605 -4.729624106137266 0.4022549275598684 0.8408393299726304 0.3621880649952218 4.466587601777124 -0.5420627804575187 -0.10007501835167351 0.8343577965984235 -10.946880742820504
25528382212014 p2at_met_015.pcd box_map.pcd 0.49113345521023766 -0.37053176069630295 0.44125480467098527 0.8173129215117475 -0.8337168650934184 -0.6974957665393795 -0.7132715283263039 0.06887221891809467 0.45846091484323265 0.6133562341534818 -0.5445529581535933 0.5720631134684614 -14.521796869870517
25528382212045 p2at_met_052.pcd box_map.pcd 0.4697038255861785 0.13957478077621105 -0.5099400076141516 -0.8488109737778791 12.400974228533212 -0.0653008981565853 -0.8600757969627268 0.5059697779303355 -8.4876620113651 -0.9880560071530438 -0.01519250188115348 -0.15334443131517767 12.755741674011075
25528382212076 p2at_met_050.pcd box_map.pcd 0.3016772387638547 0.4847161198615484 0.5094794287979784 -0.7109718663759139 -5.656285216669508 0.6961743968771129 -0.7168105899245396 -0.039035718320806934 -10.922204842043383 -0.5295200584294733 -0.47603916835037735 -0.7021361818886189 9.165402219709422
25528382212107 p2at_met_043.pcd box_map.pcd 0.224818537416712 0.9808366764816192 0.09292008977710281 0.1712462291097435 -1.674177488243312 -0.18544493500403048 0.1757155882256533 0.9668165328209193 -1.7464722549060572 0.0597460471482635 -0.9800458606464943 0.18957985357054602 -17.70810481510676
25528382212138 p2at_met_021.pcd box_map.pcd 0.4198103224115863 -0.6027647251098505 0.5039050578109224 -0.6186714627941212 6.273542086566238 -0.7322220259297397 -0.6574109146269793 0.1779376128666073 -8.966450426170077 -0.317057709110809 0.5602593881782705 0.7652344915459026 -11.600331904503085
25528382212169 p2at_met_063.pcd box_map.pcd 0.42453897271203217 -0.10775221648023353 0.8675126065668933 -0.48560409521657805 2.1672971334630637 -0.9882155511084493 -0.04004615578975507 0.1477373681702992 -1.5154620590292804 0.1087174520995629 0.4958005474522766 0.8616045106398886 -16.75486592166224
25528382212200 p2at_met_091.pcd box_map.pcd 0.443665181656448 -0.02448997098665681 -0.9847741130973167 0.17210516405519588 15.380874861953021 0.046927631445313034 -0.17309945470243612 -0.9837857369308889 -2.8993410324388207 0.998598036613334 -0.01601639644590691 0.050452317259784746 -9.687965933132736
25528382212231 p2at_met_072.pcd box_map.pcd 0.34896081899254183 -0.22655720214012193 -0.9484266003079576 -0.2217178792671659 0.5566729540251544 0.5565959828492992 0.060738228551396656 -0.8285600638870189 -1.0913626536348833 0.7992951557681696 -0.3111235308052541 0.5141297526352755 17.18138136395659
25528382212262 p2at_met_076.pcd box_map.pcd 0.25742180134503784 -0.07765878487973976 0.2668633907455453 -0.9606003559289331 -4.418791046434297 0.7030033507804925 0.6978588133611635 0.13703782472568976 -2.5064883379873124 0.7069338030695678 -0.6646630780282137 -0.24180072535800734 12.812671209333319
25528382212293 p2at_met_068.pcd box_map.pcd 0.39907022981112217 0.5019335226643591 0.32198486597953746 -0.8027381172623402 -0.15343804375804343 -0.8130758041470334 0.4921228846545382 -0.3110028988770861 7.571980645016716 0.2949075711751095 0.8087897208047561 0.5088110769078856 7.84130084611029
25528382212324 p2at_met_085.pcd box_map.pcd 0.3699822416783679 -0.8435830727523195 0.5348199443521373 -0.04832418120291053 -9.224495330507647 -0.5009223756229095 -0.7512899368178447 0.42969780594801693 14.270271479291376 0.1935054856226452 0.38669245914475187 0.9016787504840782 2.53143655809858
25528382212355 p2at_met_053.pcd box_map.pcd 0.46580694406781364 -0.8400502789667817 -0.2244616882094263 0.4938952108838538 7.226628847018134 -0.5250574030517536 0.10733810548401924 -0.8442708419764654 -9.368255387253956 0.13649268225212818 -0.9685532931322239 -0.20802467655147 5.11922603982763
25528382212386 p2at_met_065.pcd box_map.pcd 0.4554656894998431 -0.7598250253995629 -0.6341617538147152 -0.1431949746855612 4.396595561589183 -0.42745806192056107 0.32136147138329835 0.8449889999340107 3.959984408321679 -0.48984235839264834 0.7032536346930646 -0.5152560423860375 18.486768864783635
25528382212417 p2at_met_075.pcd box_map.pcd 0.3105405916861162 -0.953465728720812 -0.12660769888540602 0.27363039805151956 8.086651267535675 -0.2778754556632811 0.01683179631082535 -0.960469636049404 -1.394722094109299 0.11699715934506522 -0.9918100529919491 -0.05122971295344305 6.648350194478555
25528382212448 p2at_met_094.pcd box_map.pcd 0.20888849672049178 -0.17706911426123675 0.21511122987072168 0.9604028777332179 9.825632781199653 -0.9427294819419076 -0.3173441111745321 -0.10273187908525877 -8.138195755390807 0.2826794167467506 -0.9235907502169731 0.25898353897760595 2.6601256823357775
25528382212479 p2at_met_030.pcd box_map.pcd 0.29217182108828466 0.17371934876762474 0.9528607251820161 0.2487529422325585 1.2638305660749711 -0.7505318758097331 -0.0354364897565701 0.6598834431831547 -0.2849191626976647 0.6375919472964473 -0.3013315343593078 0.7089963435331592 19.461415489710674
25528382212510 p2at_met_067.pcd box_map.pcd 0.4902192193078217 -0.4496041622599908 -0.8850438509348971 -0.12063780170750783 -3.1221351957630423 0.8743961311285345 -0.46367933543766837 0.1429436243962401 1.484665593275034 -0.18244863152663826 -0.04121717858381784 0.9823510783032954 -16.632093131292972
25528382212541 p2at_met_074.pcd box_map.pcd 0.36667545942143676 0.018617747923598032 0.9542348150000756 -0.2984783029032839 2.066858947849271 0.9742278061673321 0.04980636252553426 0.21999888168434345 -2.6573791944808045 0.22479671072469024 -0.2948817459486873 -0.9287148080835221 17.957910692687438
25528382212572 p2at_met_023.pcd box_map.pcd 0.40764163105376955 0.3995165761959297 -0.22405702775841918 0.888923480203299 -12.06730957260805 0.3164610819728003 0.9437707044488326 0.09565166501822676 -7.435015279207065 -0.8603713668767032 0.24309526062064124 0.4479573699834573 9.068274527378259
25528382212603 p2at_met_035.pcd box_map.pcd 0.3175146073820721 -0.6538452765208393 0.7430646976089663 -0.14262261229792156 -9.791332861977192 -0.6766000258698923 -0.6585798383385715 -0.32937061424298736 7.237065832007302 -0.33867205282433477 -0.11885895717713939 0.9333669101347629 0.36762268216240523
25528382212634 p2at_met_081.pcd box_map.pcd 0.24314974291699287 0.6817292088811662 -0.19666291400166655 0.7046765101907625 -11.652000544875511 0.29208841308024 -0.8099349739032897 -0.5086154706578871 9.771110623139146 0.6707679514575259 0.552565866032865 -0.4947133705417954 -9.358627366489157
25528382212665 p2at_met_073.pcd box_map.pcd 0.3735359125637411 0.09734838506444488 0.9572293776340254 0.2724613927141258 12.818952624385084 0.2694463328599871 -0.28888645393597634 0.9186638615078979 1.9763257459988717 0.9580824419817169 -0.0160167202221147 -0.28604457526699734 -4.584656240509341
25528382212696 p2at_met_036.pcd box_map.pcd 0.19726554977854804 0.7325911604558276 0.2713999595162332 -0.6242213178004825 -12.797640390567937 -0.5430936529335215 0.7858857969737666 -0.29569037566047285 13.502322269417737 0.4103163118440549 0.5556307911639661 0.7231285834104455 -4.285743888150251
25528382212727 p2at_met_088.pcd box_map.pcd 0.44055383236428397 0.8790673176431395 0.1714443161208999 -0.4448005142999867 -2.441190192222744 -0.4112324926148541 0.7446644628796187 -0.5257020779319624 5.8135914506279525 0.24109850283539638 0.6450439397390274 0.7251136653908024 17.301090190648694
25528382212758 p2at_met_029.pcd box_map.pcd 0.11711327413037577 0.7584373009973431 0.5777205189661968 -0.3016817237110886 9.731081459374904 -0.47920768848601375 0.18058479968087743 -0.8589232337177223 -6.543897824004566 -0.44173844269177776 0.7960076206228465 0.41381036255584197 11.855947501755534
25528382212789 p2at_met_044.pcd box_map.pcd 0.3968986523906221 0.26872546866601377 0.4220260293368485 -0.8658410091075641 7.97060802040648 -0.7714783131332255 0.6325182052553541 0.06886169026141387 -1.970185997449495 0.5767216268316495 0.6494726711592409 0.49555768035813585 6.518918237212971
25528382212820 p2at_met_049.pcd box_map.pcd 0.15090752326841023 0.13027472169108853 0.9475989689492947 -0.29169280233585276 0.07177070341368036 0.1137958852760918 0.27796538476871424 0.9538268927665078 -4.697175639647539 0.9849258821772022 -0.15745297366710498 -0.07162100041779623 -13.58774099843158
25528382212851 p2at_met_082.pcd box_map.pcd 0.24323464202743272 0.9071308564571584 -0.3586479365432522 -0.22019370308110414 -9.339081233355571 0.09553499997331114 0.6850427656361588 -0.7222115154368989 7.265079399432134 0.4098617730935657 0.6341041451235199 0.6556868613093969 6.524993545158296
25528382212882 p2at_met_093.pcd box_map.pcd 0.4797865984676177 0.16231322870461048 -0.7104464981569516 -0.6847774741067415 2.86987414139434 -0.712290450177373 0.39589913687343337 -0.5795741436684227 -1.1665736762601266 0.6828592317407739 0.5818330058353469 -0.4417845888518578 11.981835149329916
25528382212913 p2at_met_007.pcd box_map.pcd 0.4469853998889984 -0.9429520037022816 -0.32959689067342424 -0.046983064738930186 0.13777143469948774 0.32785861888424994 -0.9438335878774424 0.04107169850037504 0.17784750783703826 -0.0578812986824226 0.02332483768012969 0.9980509542152801 -13.249499644388278
25528382212944 p2at_met_087.pcd box_map.pcd 0.34434444293963384 0.1862544212187443 -0.432383911046147 -0.882243415416011 12.026872443149285 0.5383114715451527 0.7960904708421881 -0.27651531935347745 4.453328669708985 0.8219063512221834 -0.42341955044931606 0.38103258931216916 -2.0105088847024435
25528382212975 p2at_met_022.pcd box_map.pcd 0.4087148980491127 -0.1672036192484514 0.9482552860115165 -0.2699163986523155 -7.858252507645866 -0.03404911401245042 0.2680533098387521 0.9628022023860647 7.189588055417124 0.9853342618346252 0.17017442709087272 -0.012532231210250933 -7.532164117691642
25528382213006 p2at_met_056.pcd box_map.pcd 0.5021382785191112 0.583487044448284 0.8118236868542394 0.022026584469582167 8.469622182622182 -0.8121203655140468 0.5833323058907409 0.013562183508635233 4.123096394618377 -0.0018387164917645256 -0.02580159620218193 0.9996653923964169 3.643671192470448
25528382213037 p2at_met_060.pcd box_map.pcd 0.44775434968304634 -0.8749849821533171 -0.18076252423633096 0.4491393890963797 7.051907095591447 0.48278372682776705 -0.39540918879697146 0.7813907131040225 5.044391681459269 0.036347683783857 0.9005423272931876 0.4332463071243861 -5.260002121638131
25528382213068 p2at_met_079.pcd box_map.pcd 0.07147833062422157 0.552063430606925 -0.8327791535865936 0.04128982850666735 -0.22024215104564215 -0.5819887129906804 -0.34940268425835275 0.7343070898367451 0.8271727274617106 -0.5970888598340827 -0.4294143052864622 -0.677560512336264 -13.08603212766546
25528382213099 p2at_met_034.pcd box_map.pcd 0.26317551410808226 0.11946958424135734 0.9505370588892987 0.2867164420107062 0.26686661596049155 -0.8682675478162138 0.24008020055186108 -0.43413472875617365 -0.16294347529321335 -0.48149608913304326 -0.19708068647399113 0.8540027629747602 -15.27576666162557
25528382213130 p2at_met_012.pcd box_map.pcd 0.3766865249617953 0.27753083328192346 -0.3542564610564392 0.8930167951262782 12.700363663090236 0.9003539497592927 0.4201983395999649 -0.11311993878301868 -3.1846669737373414 -0.33517070535875076 0.8354254695645809 0.43557419927277297 -0.7840034103294532
25528382213161 p2at_met_018.pcd box_map.pcd 0.4346350419292413 -0.5409305867498746 -0.7910335794376979 0.28576209776739114 0.9142080906225913 -0.6760956235433679 0.6110610629070294 0.4117026660399909 11.11988427379293 -0.5002887247819415 0.029500061032394775 -0.8653559604319738 -8.487182881571687
