id source target overlap t1 t2 t3 t4 t5 t6 t7 t8 t9 t10 t11 t12
25528382210010 p2at_met_065.pcd box_map.pcd 0.4554656894998431 0.0014519366899987673 -0.8569189135582298 -0.5154491899945439 7.389351341283897 -0.12223461533946417 0.5114324043670595 -0.8505854422550047 3.6338295336374165 0.9925001716335677 0.0642407296776103 -0.10400258630354697 -4.589368862459031
25528382210021 p2at_met_065.pcd box_map.pcd 0.4554656894998431 0.08261799146947818 -0.13770368607401445 0.987021763856896 -0.3284117464714126 0.06078724517703232 0.9892598829553245 0.13292778038846736 -11.590454899769398 -0.9947256799285601 0.04901610772844498 0.09010129229826219 5.366355598221405
25528382210032 p2at_met_065.pcd box_map.pcd 0.4554656894998431 0.5306608828177448 -0.6123902287997914 -0.5859839887894813 20.32530335341275 0.38740087179991795 0.7901595576146534 -0.4749404573616347 -6.8815313748373805 0.7538697447011355 0.025021614271550113 0.6565472769294611 10.357781346032962
25528382210043 p2at_met_084.pcd box_map.pcd 0.3744341452899332 -0.007472101596682046 -0.8391945559446898 -0.5437799784568423 11.21789808573227 0.06697678981210503 -0.5429940219626307 0.8370612891176555 4.773064180755872 -0.997726554384614 -0.030166030326198134 0.06026386388346611 12.346628649450661
25528382210054 p2at_met_084.pcd box_map.pcd 0.3744341452899332 -0.8648845075569831 -0.4005541630598392 -0.30254115594964415 7.112652657811003 0.1665698151172324 0.339544201411987 -0.9257236261321773 8.418396071979005 0.47352854748127504 -0.8510382469330788 -0.22694628654672017 -2.871940440819048
25528382210065 p2at_met_084.pcd box_map.pcd 0.3744341452899332 -0.7040720209967692 -0.34420426653949376 0.6211328458112111 -6.172943698343325 0.053619157521110405 -0.8979476044318422 -0.4368238611177758 -23.8974585506538 0.7081013876531037 -0.27425083881571755 0.6506757273885541 5.876704644887
25528382210076 p2at_met_075.pcd box_map.pcd 0.3105405916861162 0.8306550201738854 0.5022570926778941 0.24031240149994582 9.57037625263686 -0.3696881700575796 0.8202501141050204 -0.43648643418802724 -7.392169544568804 -0.4163446821798016 0.2737289958434257 0.8670233805700684 4.469674582683626
25528382210087 p2at_met_075.pcd box_map.pcd 0.3105405916861162 0.7902553459890718 -0.5909158351266219 -0.16221887662137044 6.802613618581698 -0.004810482116779313 0.25873656695036223 -0.9659359441415072 -8.265038994949963 0.6127588003427585 0.7641163947458187 0.20162536517798485 1.5586270552927253
25528382210098 p2at_met_075.pcd box_map.pcd 0.3105405916861162 0.4842240390528514 0.14700270843359364 -0.8625063963336915 -6.808157970732397 -0.6090600489236518 -0.6510932104304605 -0.4529056062100305 3.5625580793439204 -0.6281504093833433 0.7446259698966617 -0.22574150736405174 -4.047448244976978
25528382210109 p2at_met_056.pcd box_map.pcd 0.5021382785191112 -0.15076360515944565 0.6773723291216758 0.7200257378035892 -7.462439334892385 -0.7645178836003095 0.381861939559754 -0.5193205799609394 1.5888433447976222 -0.6267238155795825 -0.6287671960717568 0.46029237678830903 10.176650942502024
25528382210120 p2at_met_056.pcd box_map.pcd 0.5021382785191112 0.034118392500051054 0.878504742341351 0.47651374899048754 4.787348088837921 -0.04511845234298367 -0.474951309286226 0.8788546973564368 6.8960812431522385 0.9983988484325224 -0.051484672389524255 0.023432199161772804 10.165703130257155
25528382210131 p2at_met_056.pcd box_map.pcd 0.5021382785191112 0.009069008983281224 -0.7732441374333936 0.6340435765788878 -5.399598859910991 -0.03221263180423961 -0.6339664789834223 -0.7726893618250519 -9.949246111342937 0.9994398928541451 -0.013416685516501714 -0.030657676386928623 -8.012455576940678
25528382210142 p2at_met_020.pcd box_map.pcd 0.44370860927152317 0.18518024212582906 -0.9791587972044975 0.08340460289013246 2.307965276519805 -0.007333900582452313 0.08349313640754513 0.9964813646401409 8.35204684381036 -0.9826772063238598 -0.185140341443653 0.0082802259426627 -13.048641666586466
25528382210153 p2at_met_020.pcd box_map.pcd 0.44370860927152317 0.1579640036122937 -0.9619708931963253 -0.22284383367246052 4.718213230294831 0.12007176459564456 0.24271522217258193 -0.9626380899759797 14.800192120979725 0.9801174138385988 0.12530491438398644 0.15384581086775947 4.777213262324662
25528382210164 p2at_met_020.pcd box_map.pcd 0.44370860927152317 -0.2578799925661189 0.8292507643467238 0.4958236372587263 -1.4774347350863342 0.7661624178917746 -0.13713825234858287 0.6278441280708184 -4.481344936083874 0.5886366101801079 0.5417898758496239 -0.599975559154305 25.936039070095926
25528382210175 p2at_met_032.pcd box_map.pcd 0.36737001163182553 0.23655501177741128 -0.1655155042664503 -0.9574164946617598 3.421700089569168 -0.9168633977457246 -0.3641458280267258 -0.16358277967101437 -2.2035672506890878 -0.3215637359484962 0.916516466725041 -0.23789562825889196 -0.16040412077841104
25528382210186 p2at_met_032.pcd box_map.pcd 0.36737001163182553 0.7039907966074975 0.6456702254488892 0.2958156829188088 4.017271369584642 -0.6709968993986347 0.4681941293831452 0.5749412302214694 -7.986687063153076 0.23272326761490567 -0.6032447406981174 0.7628470774216165 8.32460779891354
25528382210197 p2at_met_032.pcd box_map.pcd 0.36737001163182553 0.9528020473148892 0.1877623927705838 0.23856559369200844 4.355080048262662 -0.29707982146410605 0.738526568920538 0.6052454763790577 20.50036099173848 -0.06254469051334641 -0.6475521530035421 0.7594500449858876 -4.2067009865889355
25528382210208 p2at_met_042.pcd box_map.pcd 0.15773273519106715 0.38243639686006725 -0.3532910119272835 0.8537727234153623 3.0706470671012145 0.8773689157622787 0.4286299093363 -0.21563901891002457 10.132561187518158 -0.2897691978296036 0.8315418580647342 0.4738902301962311 -6.168992962952265
25528382210219 p2at_met_042.pcd box_map.pcd 0.15773273519106715 0.8513431768724604 -0.3238081081373363 -0.41275065632561475 -21.67848272331611 -0.40458201881123146 0.09559685476690444 -0.9094914136006474 -5.11078834212602 0.33395835855288153 0.941280803194878 -0.04962120806137732 -1.7502119766824966
25528382210230 p2at_met_042.pcd box_map.pcd 0.15773273519106715 0.33273928904100847 -0.5029022858785629 0.7977304409301433 -11.153457461090149 0.7097863973294368 0.6905152700635266 0.13925491723883335 -9.003089538101026 -0.6208766670560133 0.5198826335503156 0.5867147617353814 6.5935251218371
25528382210241 p2at_met_054.pcd box_map.pcd 0.49217284330309086 0.04860121175755573 -0.4357885679501943 -0.8987359157503478 13.605404306341624 -0.5907564960501404 -0.7380837972867652 0.32594335482919423 14.384873704443883 -0.8053848052889114 0.5150928384540678 -0.29331669434772023 18.003371996708342
25528382210252 p2at_met_054.pcd box_map.pcd 0.49217284330309086 0.611698638264966 -0.3232749327372702 -0.7220236102846637 5.434859202886292 -0.3761965026963055 -0.9217602956379628 0.09399015238036407 2.8985906023833063 -0.6959173566623088 0.21412910883186537 -0.6854544167535986 -1.1033792214889668
25528382210263 p2at_met_054.pcd box_map.pcd 0.49217284330309086 0.4622329060680076 -0.46816083714853163 0.7531043560545317 -14.53411597616293 -0.8794217074847787 -0.3510376846074561 0.3215431610064083 4.895253864229506 0.11383409398102684 -0.8109241484539862 -0.573971971878154 0.10480790438769783
25528382210274 p2at_met_062.pcd box_map.pcd 0.4479295441259619 -0.4068120512816693 0.4139425243179824 -0.8143436261758648 0.4485042577729341 -0.9082250752551695 -0.08750555421663908 0.4092309747061924 0.7469842520743254 0.09813851236768306 0.9060873934353657 0.41155129430942466 0.19231504717087028
25528382210285 p2at_met_062.pcd box_map.pcd 0.4479295441259619 0.28414816501254825 -0.7890373474576446 0.5446832883768384 -4.5893489080586605 0.18440732349319794 -0.5125171603885955 -0.838641818268852 -8.293144229453967 0.9408792480239305 0.33874212112492774 -0.00012654528102459817 -0.02454677620718386
25528382210296 p2at_met_062.pcd box_map.pcd 0.4479295441259619 0.03480389440326109 -0.6290637300517521 -0.7765742156856245 -8.775161125615348 0.016011771738553615 0.7772962292739387 -0.628930993927242 15.323491082745404 0.9992658865888292 0.009454918819977232 0.03712536073829503 14.359405767352882
25528382210307 p2at_met_053.pcd box_map.pcd 0.46580694406781364 0.9811539714997266 -0.19117019584902678 -0.028121885238333366 5.3137591751300395 -0.0822184424777278 -0.28133109675188867 -0.9560820789644138 7.4166991061761465 0.17486283746654063 0.9403758664594832 -0.2917468386353585 18.516216151492067
25528382210318 p2at_met_053.pcd box_map.pcd 0.46580694406781364 0.8776135976922137 -0.21192186694426968 0.42998080824216417 2.517901179342819 0.3717588563757563 0.86716775006482 -0.33138413654504917 -9.367007619173688 -0.3026379451620687 0.4506763978270587 0.8398220398332659 -1.5100814532763418
25528382210329 p2at_met_053.pcd box_map.pcd 0.46580694406781364 -0.0006295088951953631 -0.16779783669657733 0.9858212260437994 -3.622820052594621 0.5685107178680584 0.8109513527856247 0.1383960515488443 -1.7476228953278172 -0.8226756149222462 0.5605370544532398 0.09488436750692913 -7.697824247934029
25528382210340 p2at_met_052.pcd box_map.pcd 0.4697038255861785 0.025957393211393648 0.5619987832302729 -0.8267306583073848 -2.8871393805461416 -0.013141847404405993 -0.8267460093098503 -0.5624218416251596 2.31301431118976 -0.9995766631852048 0.02546377304976022 -0.014074468998932249 2.09438570278795
25528382210351 p2at_met_052.pcd box_map.pcd 0.4697038255861785 0.7363451389273081 -0.292771512455169 0.6099841619852409 6.934243140703606 0.48061797540445944 0.8608846429190291 -0.16698500922027304 4.889218385152444 -0.4762375437701675 0.416127952775212 0.7746194735629031 16.823883611389427
25528382210362 p2at_met_052.pcd box_map.pcd 0.4697038255861785 -0.2020270317226575 -0.7225614019765942 0.6611278989930398 -5.500411280544886 0.20058859490545128 0.6302100540398301 0.7500663326539669 -6.5756585879463 -0.9586184298495357 0.2841483910929874 0.017618109775955515 6.921911871468355
25528382210373 p2at_met_091.pcd box_map.pcd 0.443665181656448 0.44051169478073493 0.8034500599843304 -0.40052146992711934 1.3415987602690524 0.23478922584488843 0.32750612989856237 0.9152124093924994 9.51265751083325 0.8665007017819215 -0.4971998954042949 -0.04437113725605479 3.198688413167971
25528382210384 p2at_met_091.pcd box_map.pcd 0.443665181656448 0.12118008672740584 0.8730717303468466 -0.47229348952732914 2.4083452512871135 0.1943625130458545 -0.4874595090551647 -0.851238180860209 -7.2400509861761 -0.973415944035867 0.01135696706259165 -0.2287628011629093 3.006267141846954
25528382210395 p2at_met_091.pcd box_map.pcd 0.443665181656448 -0.04391905013192343 -0.9103903490281201 0.41141284548731305 -2.7853734512358788 -0.04822739450832014 0.4132621134145055 0.9093341212310884 -2.232419783673238 -0.9978703500227116 0.020095721251909504 -0.06205583399582276 10.982568162140334
25528382210406 p2at_met_009.pcd box_map.pcd 0.46041982168109197 0.8584138200798941 0.4175990360776867 0.2978871574318529 9.945619667226316 -0.5111667690945942 0.7448809102015376 0.42879011624654073 3.6756792035741803 -0.04282811774099268 -0.5203493775189081 0.8528788176795388 16.603875862096068
25528382210417 p2at_met_009.pcd box_map.pcd 0.46041982168109197 0.0316133354948603 0.8764913754315085 0.4803784610211741 8.08648222142545 0.8346728947394866 0.24124360347231183 -0.4950986594315317 5.464115527154524 -0.5498379359466707 0.41661060065470773 -0.7239570785730521 -0.33441830665776207
25528382210428 p2at_met_009.pcd box_map.pcd 0.46041982168109197 0.13292625367396443 -0.35852987206308207 -0.9240059209348364 4.499471693886989 -0.361133466194389 0.8506694709033595 -0.3820262698656006 -0.6180107151002302 0.9229914575328588 0.38447078186960915 -0.01640082955037453 6.04662371308396
25528382210439 p2at_met_099.pcd box_map.pcd 0.4607900796459295 -0.4528292557242851 0.6430849424428051 0.6175657227886954 10.608944381247474 -0.03945551309121542 0.677518950631941 -0.7344462771512306 0.34412847805567365 -0.8907238223191848 -0.356945133512039 -0.2814271557884448 -22.730570507999172
25528382210450 p2at_met_099.pcd box_map.pcd 0.4607900796459295 -0.33653822038758724 -0.14780213274501325 0.9299981482639528 10.228015075589909 0.7915238637743802 0.4906141112324875 0.36440055836295415 13.356792229237069 -0.5101293946578966 0.8587504430366146 -0.04812148470679234 10.736758466678095
25528382210461 p2at_met_099.pcd box_map.pcd 0.4607900796459295 -0.0924558861639513 -0.33018444260700175 0.9393775295236427 1.5867018936476107 -0.34119317210898625 -0.8757974885513522 -0.34141760111826697 21.814207436721276 0.9354352614798346 -0.35207526596943434 -0.03168404444994213 -6.9062664149619
25528382210472 p2at_met_033.pcd box_map.pcd 0.34683168198210074 -0.8762343443153312 -0.3015231762749075 0.375895129007244 11.131988325249619 -0.23480899243776612 -0.41402185905508937 -0.8794604239503497 -3.1957516236941648 0.420806500558918 -0.8588769844358729 0.2919798189836047 6.57083314855326
25528382210483 p2at_met_033.pcd box_map.pcd 0.34683168198210074 -0.3144396473825986 -0.07117195650558729 -0.9466056521915941 -8.568730551572735 0.28218174913350236 0.9451014626659706 -0.16479285701328084 3.5407115440554677 0.9063670165059315 -0.3189322465255109 -0.27709394348546607 -10.330858785456261
25528382210494 p2at_met_033.pcd box_map.pcd 0.34683168198210074 0.7966773224649839 0.5597815596802116 0.22792509583635912 -7.710143491598301 0.11994579210831632 0.22317614369540034 -0.967370361258168 1.1012743328135426 -0.5923835335536702 0.7980206854005977 0.11065593001384028 15.625126181021095
25528382210505 p2at_met_023.pcd box_map.pcd 0.40764163105376955 0.9097027131198208 0.17055829540090034 0.37861701178417256 -0.7370385998899941 -0.3660369378139546 -0.10122945866192001 0.9250781355403433 9.51552648049949 0.1961069450535095 -0.980133901346624 -0.029658077025085883 -10.195023657621775
25528382210516 p2at_met_023.pcd box_map.pcd 0.40764163105376955 0.5972623108512797 -0.7562173943290824 -0.267232079943113 -2.9145350907573304 0.43784721671903193 0.5865815127160521 -0.6813310089458317 -3.5391123420261437 0.6719877579599098 0.28992651043649154 0.681450711128936 -10.415851930316098
25528382210527 p2at_met_023.pcd box_map.pcd 0.40764163105376955 -0.5577459957775291 -0.6428814520479877 -0.5249979455262686 2.89065700346271 -0.10439594945246228 -0.5731602915084891 0.8127661200959488 3.086893967685118 -0.823420238961887 0.5081247079709608 0.2525636379556139 -3.09252253912308
25528382210538 p2at_met_072.pcd box_map.pcd 0.34896081899254183 0.15238175666689632 -0.7726907813876539 0.6162213535683809 2.6174259402179825 -0.5143079203820954 -0.5944250207774322 -0.6181797939968545 1.8730777690804368 0.8439592189598708 -0.22272819990357312 -0.487980517746722 22.304325322345445
25528382210549 p2at_met_072.pcd box_map.pcd 0.34896081899254183 0.9356514819215467 -0.08317404434478032 0.3429845225740453 2.1621272784176795 0.26200894489227344 0.8147962868293128 -0.5171637301335058 18.680295540558816 -0.2364479164096206 0.5737500233694953 0.7841576968372193 13.146178383547472
25528382210560 p2at_met_072.pcd box_map.pcd 0.34896081899254183 0.09540077498092825 0.42278201826616296 -0.9011959038765255 18.328010749524953 -0.0013800977753735122 0.9053804478130838 0.42459903444062375 7.40914765717171 0.9954379877537166 -0.03926333847967367 0.0869574768968252 0.7226551992883339
25528382210571 p2at_met_078.pcd box_map.pcd 0.3240315749794896 -0.21108550332721135 0.22278972506361977 0.9517392755850594 -14.344811626850653 0.8539995335478112 -0.43165099740022483 0.290451739783929 -6.938458805643886 0.47552887082197015 0.8740950490933277 -0.09914705323565723 -10.997999257404578
25528382210582 p2at_met_078.pcd box_map.pcd 0.3240315749794896 0.13890890157815544 -0.16766332680034401 0.9760088759374024 11.9836054067293 -0.020312009250176385 -0.9858387954224987 -0.16646108169820847 -7.393828817294955 0.9900968333161011 0.0032982246979149643 -0.140347363250155 -6.145775571520218
25528382210593 p2at_met_078.pcd box_map.pcd 0.3240315749794896 -0.0024636827573591286 -0.7881807796769804 -0.6154388587138924 0.9147235594966618 0.0002025113834744352 -0.6154411071216727 0.7881828484901137 -2.451927950319061 -0.9999969446235377 0.0018171991187492242 0.0016758672239060718 -7.460953715377356
25528382210604 p2at_met_067.pcd box_map.pcd 0.4902192193078217 -0.44972602835553643 0.8665203533302777 -0.21653862630931775 6.496427437115595 -0.8796423359795906 -0.4717324496966575 -0.060810004567997 14.523333596445916 -0.1548414032871201 0.16312870123789258 0.9743783488258112 6.214842948456605
25528382210615 p2at_met_067.pcd box_map.pcd 0.4902192193078217 0.24049138940071452 0.9447228474905613 -0.22285114550623147 1.212105397400915 -0.4585023702145757 0.3129259771138031 0.8317769588988311 -3.0905480592572765 0.8555346095464111 -0.09785741809744042 0.5084136677859601 -10.172201634525484
25528382210626 p2at_met_067.pcd box_map.pcd 0.4902192193078217 0.13554559322082899 0.38175350082103804 0.9142711068218744 -7.170918611500139 0.061293131979815674 0.9177889139223989 -0.39230939506115353 -9.811700419144653 -0.9888733711302568 0.10921434929543389 0.10100337507953133 -24.85498058689164
25528382210637 p2at_met_061.pcd box_map.pcd 0.4686344990049145 0.3779993957663702 0.764804227214876 -0.5217192260541255 -9.96741931689758 -0.898337158480028 0.16674602568165442 -0.40643094445846767 9.086324945771281 -0.22384549692653646 0.6223104184839183 0.7500819532238343 1.4049020791560527
25528382210648 p2at_met_061.pcd box_map.pcd 0.4686344990049145 0.6039032854604953 -0.7600846296486283 -0.23994202962784006 3.4899631452834443 0.2616824308595793 0.4734191492434523 -0.8410687335224319 13.047134177640293 0.7528765683625978 0.4451355578938999 0.4848001731734895 10.170282449681732
25528382210659 p2at_met_061.pcd box_map.pcd 0.4686344990049145 0.3873598916812919 -0.582602452817023 -0.7145115088563975 3.791579757411401 -0.7311324026894586 0.27798269894012495 -0.6230337300881091 -0.21741316540034472 0.5616028169927539 0.7637407944201696 -0.3182801829901621 -6.842372590218226
25528382210670 p2at_met_001.pcd box_map.pcd 0.5532348811707677 -0.7312856245730178 0.4984776178536684 0.4655549374582806 -1.5112867915097357 0.13073009790470344 0.7723409582369941 -0.6216100753136073 -8.409580353235018 -0.6694258560846587 -0.3937124696126528 -0.6299678678129766 7.700572176413517
25528382210681 p2at_met_001.pcd box_map.pcd 0.5532348811707677 0.509069094547844 -0.11227719028606958 0.8533712495260806 2.221648727002938 0.18032603510437428 0.9833650870918218 0.021808864079303103 -1.8995142510501763 -0.841624131094026 0.14278283520913593 0.5208472750527418 16.53828100055061
25528382210692 p2at_met_001.pcd box_map.pcd 0.5532348811707677 0.5588717130929927 0.5547427194213599 -0.6163788798730034 -0.4872290643435573 -0.1553054873915128 -0.660122337548841 -0.7349276869564371 9.267565657925811 -0.814581250637767 0.5064573177653261 -0.2827691132202441 5.831765953786316
25528382210703 p2at_met_087.pcd box_map.pcd 0.34434444293963384 0.18017758909911818 0.6187141040296311 0.764675678873887 2.8832346926149857 -0.7293840553168218 0.6056196483076484 -0.3181567875015519 3.2331527963761726 -0.6599507074289842 -0.5004175247316295 0.5603992904219742 0.35793888831827203
25528382210714 p2at_met_087.pcd box_map.pcd 0.34434444293963384 0.48241509417017603 0.754430912613943 -0.4450951302915742 5.783661756818294 -0.03914996026381634 -0.48905454332476395 -0.8713741643316884 -1.5367559370707085 -0.8750674017057898 0.437789506208063 -0.20639135332173777 7.867892294660594
25528382210725 p2at_met_087.pcd box_map.pcd 0.34434444293963384 0.06660010750895046 0.3999799946809639 -0.9141008858626123 10.495885099024711 0.18689351205478943 0.8949194521283297 0.40520363936440246 3.5283730330940406 0.9801200134838706 -0.19782613087594497 -0.015151934233983533 5.951041139024009
25528382210736 p2at_met_028.pcd box_map.pcd 0.2686433155462142 -0.7199171511752707 -0.3674367299761641 -0.5888204691653527 -2.683560682233464 -0.690844714343642 0.4609259538004586 0.5570285861395171 -7.677612577441435 0.06672987417292348 0.8077979416769773 -0.5856702223225156 -0.1694842778594766
25528382210747 p2at_met_028.pcd box_map.pcd 0.2686433155462142 0.49077851451043303 -0.3516526392634859 0.7971680318439505 13.011759997086294 -0.08652321558368503 0.8907415179047169 0.4461987017527733 -21.175758079788125 -0.8669776138170997 -0.2879582774983658 0.40673068185247874 14.373811474044322
25528382210758 p2at_met_028.pcd box_map.pcd 0.2686433155462142 0.3420929907401985 0.8553137847555697 0.38911529820032675 -9.026676163040829 -0.02633282220997768 0.42266299915353456 -0.9059042839180069 2.478737499428184 -0.9392970606580668 0.2996570018431773 0.1671128752833662 1.4538274201732495
25528382210769 p2at_met_046.pcd box_map.pcd 0.300988101686684 0.3015653016046844 0.1826521333867897 -0.9357866033649606 2.748167787637193 -0.6914467137014588 0.7176731013077805 -0.08274516161519552 -1.010898173779964 0.656475293502755 0.6719996412413674 0.34271952263030636 7.27021010763055
25528382210780 p2at_met_046.pcd box_map.pcd 0.300988101686684 -0.24225408136651244 -0.1737427480612896 -0.9545294220490945 -7.959756285989346 -0.5327575632572192 0.8460593234897806 -0.018788292318482752 -13.919499952870172 0.8108528466087401 0.5039812284521379 -0.29752408728433527 1.1082938580142319
25528382210791 p2at_met_046.pcd box_map.pcd 0.300988101686684 0.6842077146234379 -0.37350648045117063 0.6263806449043197 11.984823887844382 0.4101079708510661 -0.5131696390799118 -0.7539684169585712 -5.514977416001732 0.6030516192617288 0.7727547027275681 -0.19793664117144796 9.211237737090766
25528382210802 p2at_met_017.pcd box_map.pcd 0.40879514917104814 -0.33797690497843486 -0.015969987105358685 -0.9410189005610105 -8.839644165400035 -0.7038530471003565 -0.6594703648824507 0.2639881170230033 -11.629969709881989 -0.6247899645390774 0.7515609072814139 0.21164522876170971 12.861231487311409
25528382210813 p2at_met_017.pcd box_map.pcd 0.40879514917104814 0.018602240568499406 -0.9998079998111429 -0.0061579346759413345 24.83428453982397 0.05746562613563472 0.00721797317447187 -0.9983213924764369 -9.237621044427298 0.9981741623878426 0.018217145135670743 0.057588863197972406 2.184913410122854
25528382210824 p2at_met_017.pcd box_map.pcd 0.40879514917104814 -0.08210007141368647 -0.6196200056492668 0.7805963277348094 16.334530405304907 -0.3553970747227616 0.7499497851204661 0.5579141861220865 -7.816593492387293 -0.9311028394073186 -0.23161685689294922 -0.28178206836251957 25.136552939289928
25528382210835 p2at_met_100.pcd box_map.pcd 0.4114338752217025 -0.40430590703279357 -0.08039332226452883 0.911083776210323 -15.454039260714987 -0.8735902994574909 0.3289638791693651 -0.3586401467984521 -9.152508491850996 -0.27088138037185566 -0.9409142787401599 -0.20323286602004872 7.575853437825462
25528382210846 p2at_met_100.pcd box_map.pcd 0.4114338752217025 -0.5336229730393783 0.7653535305907614 0.35983398374371456 -1.6986755488243552 0.5999939551945738 0.042742199234571954 0.7988619143097037 1.5263399421703763 0.5960316907468823 0.6421892848816843 -0.48201571137107574 11.11636652532238
25528382210857 p2at_met_100.pcd box_map.pcd 0.4114338752217025 -0.10834243737701757 0.2108347134914044 0.9714991713070084 0.9820321275398826 0.6014737226906431 -0.7641842586109618 0.23292011463992038 -6.521530086238324 0.7915120196029027 0.6095663560911246 -0.044017954813029475 10.13050855839637
25528382210868 p2at_met_044.pcd box_map.pcd 0.3968986523906221 -0.3284834661929804 -0.8646261092163439 0.3801582613849821 -5.734187408855284 -0.7029177734261594 0.4926275909257759 0.5130542470931091 -13.459914547421345 -0.6308765459576506 -0.09869016121211724 -0.769581078146072 -3.017933043678485
25528382210879 p2at_met_044.pcd box_map.pcd 0.3968986523906221 -0.5168622047182792 0.8303808477648842 0.20813723597432596 4.511601187342327 -0.7306094721808225 -0.3011632440722059 -0.6127891150955318 0.8267038635480257 -0.4461650596958706 -0.46879456917201745 0.7623440112058355 -10.953489008309614
25528382210890 p2at_met_044.pcd box_map.pcd 0.3968986523906221 -0.8318660122602275 -0.24921223368350837 -0.49587518613935827 9.196491784066302 -0.19547208736258614 0.967819710187648 -0.15847924669940372 5.1547353729552565 0.5194127460010779 -0.03490374127186649 -0.8538103584150558 0.64171273758776
25528382210901 p2at_met_098.pcd box_map.pcd 0.4470844584380245 -0.17278338222203535 0.3019708448839287 -0.9375284057925926 3.0097995980876706 0.8682272141064451 -0.4027782879945147 -0.28974325773893156 -5.532439796598158 -0.4651101025702142 -0.864050495955123 -0.19258591050964968 -4.328516966213351
25528382210912 p2at_met_098.pcd box_map.pcd 0.4470844584380245 -0.8938360394715571 -0.3554787881896926 -0.27329830897572066 -1.0995955598912541 0.4249646520827618 -0.4771475211152421 -0.7692433214359138 9.518513495955656 0.14304607307430017 -0.8037195246108975 0.5775575700631537 10.109069091880396
25528382210923 p2at_met_098.pcd box_map.pcd 0.4470844584380245 -0.23226220731267766 0.9635439227337212 0.1328057830712037 -0.4529243785023306 -0.8517383718064453 -0.13555131089610795 -0.5061300110711203 -14.841786454453104 -0.4696764982908431 -0.23067065499811537 0.852170778586072 3.3346607859289485
25528382210934 p2at_met_004.pcd box_map.pcd 0.4551958484067452 -0.014296494844568242 -0.48152728204683837 -0.8763144908534516 -1.9669380122424456 -0.6015214044242636 0.7042224755216544 -0.37715077222460347 -0.051789946808452225 0.7987287463554952 0.5217299891847677 -0.2997168799561372 2.6667838812935605
25528382210945 p2at_met_004.pcd box_map.pcd 0.4551958484067452 -0.2353866553227183 0.9247207450725018 -0.2991398771955039 5.957962541463882 -0.5925676442145226 -0.38051112848371804 -0.7099823012794746 -2.030128508743002 -0.7703614148735871 0.010140253083859296 0.6375268353107659 8.617800205050326
25528382210956 p2at_met_004.pcd box_map.pcd 0.4551958484067452 0.3915563553055227 -0.33557450131634925 -0.8567808206806093 -7.431436985190503 -0.8695986881083898 0.16943656654668282 -0.46377728659027573 0.022173527934865638 0.300801832208553 0.9266504216710608 -0.22547118165482355 -9.583894691939673
25528382210967 p2at_met_043.pcd box_map.pcd 0.224818537416712 0.06615217876421331 0.5311117037298381 -0.8447154831101041 -25.102034517076994 0.9362816230464144 -0.32571786307882133 -0.1314708941817102 11.230511639526565 -0.34496465266795073 -0.7821944974445647 -0.5188170742922068 8.50614517001879
25528382210978 p2at_met_043.pcd box_map.pcd 0.224818537416712 0.24052984282404408 0.1730617341063064 0.9550890172644424 4.325289160284672 -0.23730642481605155 -0.9436315905400358 0.23074895899203035 8.232048524223169 0.9411859834549514 -0.2821507709062659 -0.18590289676316388 -7.410838163163573
25528382210989 p2at_met_043.pcd box_map.pcd 0.224818537416712 -0.884542748353101 -0.4499054210739852 0.12316346221255263 -8.150955745872093 -0.45399426849311647 0.8909855262683024 -0.005830622247778826 -7.3310086469565245 -0.1071136336389671 -0.06107294055992644 -0.9923692686797696 0.6890651814347455
25528382211000 p2at_met_093.pcd box_map.pcd 0.4797865984676177 -0.011418101289715595 -0.059182159665345194 0.998181896720374 -0.6340267037850221 0.015566308530063213 -0.9981365256665192 -0.05900140819604943 -1.8812797475865768 0.9998136411360293 0.014864323318454692 0.012318071707851323 6.820475058250068
25528382211011 p2at_met_093.pcd box_map.pcd 0.4797865984676177 -0.4366382052028095 0.8260005517175653 0.3564690257505507 3.5622518912244683 0.5541843927285952 -0.0651738813186241 0.8298385530028742 19.69622024710967 0.7086795725949122 0.5598887869533944 -0.4292992075820186 18.032648419021037
25528382211022 p2at_met_093.pcd box_map.pcd 0.4797865984676177 -0.13522008590258655 0.6476222689410085 -0.7498672716822606 0.5226666943711433 -0.12841732584565513 0.7389795519870717 0.6613759990864787 -5.208591363909232 0.9824584056290363 0.1857272691789959 -0.016758958564446702 5.563527993208494
25528382211033 p2at_met_057.pcd box_map.pcd 0.48241819300299643 -0.13275462285538553 -0.3471316474369455 0.9283726781084398 2.00486927951693 0.8198603772515412 -0.5648029205589589 -0.09395010772229906 -8.03290848880846 0.5569606556333091 0.7486636629861122 0.3595796821300279 13.869058539261207
25528382211044 p2at_met_057.pcd box_map.pcd 0.48241819300299643 -0.49619736501693934 -0.8652161026514277 0.07203659252712885 -9.803533162482553 -0.31038198820088125 0.254265399871787 0.9159760519950877 -14.96609038131556 -0.810833642833543 0.43214604260679473 -0.3947133155957272 15.48189930858021
25528382211055 p2at_met_057.pcd box_map.pcd 0.48241819300299643 -0.2775938040109387 0.23439710265101338 0.9316650032299953 8.174424935406332 -0.37842040859170495 -0.9180533282894109 0.11822047529096927 15.792706545243053 0.8830286939482908 -0.31974377974488555 0.34354656304266895 2.4315589565920557
25528382211066 p2at_met_080.pcd box_map.pcd 0.09382013592539909 0.004485585586698662 -0.7390667088685281 -0.6736173092818998 2.0551635389493463 -0.00038792389286290696 -0.6736253214997423 0.739072916395549 19.897928725602917 -0.9999898644671343 -0.0030538625723867674 -0.0033083056677441353 12.427005177087771
25528382211077 p2at_met_080.pcd box_map.pcd 0.09382013592539909 0.7646279775467919 0.5873700521472085 -0.26521779313102045 0.01609257788302282 0.4223298566878113 -0.14582270389963214 0.8946358092416452 11.959276756249821 0.4868075062103664 -0.796072962025458 -0.359564029109223 6.012241389983193
25528382211088 p2at_met_080.pcd box_map.pcd 0.09382013592539909 0.22112389444591957 0.9576514861814311 0.18441218593022973 2.574135341497179 0.01114454214935151 0.1865994118429284 -0.9823728715106876 4.38756952880547 -0.97518204581778 0.21928130452541778 0.030589001295888207 2.979358125807858
25528382211099 p2at_met_073.pcd box_map.pcd 0.3735359125637411 0.3278034684691129 0.293637958458932 0.8979541388131634 -4.684380717487379 0.3842720774510188 -0.9097362187908633 0.15720999558418916 -15.71978765830794 0.8630642250441724 0.29352472054696366 -0.4110515562271104 -13.821879205643661
25528382211110 p2at_met_073.pcd box_map.pcd 0.3735359125637411 -0.044018217914523594 0.9198302388498201 -0.38983936203148123 -12.166475687248354 0.07898123318243161 0.39220032120750814 0.9164828819185384 -20.398280761153046 0.9959037911849777 0.009551949654922065 -0.08991328578790764 -0.021397158212970963
25528382211121 p2at_met_073.pcd box_map.pcd 0.3735359125637411 0.058965303870264635 0.7580177156769974 0.6495631113751107 10.888765293091316 -0.012824453506609601 -0.6500663908839162 0.7597691891853846 -9.656770667033683 0.998177652691015 -0.05313031303301957 -0.028610199322430224 0.3424567886014178
25528382211132 p2at_met_011.pcd box_map.pcd 0.3640758985586572 0.46472307597950113 -0.8774966915106012 0.11845682352697107 -18.834912073104306 -0.49053957339538157 -0.3665155622547229 -0.7905929860289564 4.418035103394936 0.7371589988497924 0.30929904463650293 -0.60077509219484 4.09767088392816
25528382211143 p2at_met_011.pcd box_map.pcd 0.3640758985586572 0.7214227128856674 0.32306190105499666 0.6125196139058864 16.341175822860187 -0.6854750882074052 0.20752193467291058 0.6978958017330831 16.480572479022207 0.0983522891433371 -0.9233448189687016 0.37116192221713906 -6.250827774275946
25528382211154 p2at_met_011.pcd box_map.pcd 0.3640758985586572 -0.49448427478959434 -0.6952036551560425 0.5217060281839644 14.882814516102698 -0.06950654953227509 -0.5666736130975836 -0.821005393277686 12.358222588656577 0.8664029902752682 -0.44223624238251746 0.23188998332283553 -0.6586298652532927
25528382211165 p2at_met_038.pcd box_map.pcd 0.24921577584894167 -0.016016378751048665 0.6270669922609355 -0.778800656669296 -19.916169330488525 0.18149635791696198 0.7677842379529646 0.6144643488550521 3.9977012854001344 0.9832611797862156 -0.13150798898853652 -0.12610749841944358 6.982413018452945
25528382211176 p2at_met_038.pcd box_map.pcd 0.24921577584894167 -0.17362984092704245 -0.806330856466366 0.5654053663079844 -15.380412226894846 -0.952402577580417 -0.008589520261239695 -0.3047220870889718 2.775656110238561 0.2505633823163853 -0.5914023757577389 -0.7664601890445939 -8.740851145345847
25528382211187 p2at_met_038.pcd box_map.pcd 0.24921577584894167 0.5283399061020468 0.5671159891304927 0.6318515636544895 20.868392502851915 -0.5214105166054288 -0.3706030900201108 0.7686250209567768 3.056063399495217 0.6700656809547407 -0.7355493216230226 0.0998958390853752 -19.06608550876971
25528382211198 p2at_met_025.pcd box_map.pcd 0.4126994744386049 -0.7454172335621445 0.32214733682992597 0.5835873895844095 -10.896481887973161 0.2700299476702294 -0.6544965200987023 0.7061997823136892 4.311242396432642 0.6094562947987101 0.6839995603449429 0.40088355688173655 -9.613126482360556
25528382211209 p2at_met_025.pcd box_map.pcd 0.4126994744386049 -0.011639650838312754 0.8951871397825133 -0.44553844199615966 1.0658779570547177 -0.325983147659375 0.41782920954161196 0.8480293267900103 -4.178510721279502 0.9453039225404962 0.15510878898964714 0.286952535461384 -5.500636703477011
25528382211220 p2at_met_025.pcd box_map.pcd 0.4126994744386049 0.6545261007727258 -0.07876055510009448 0.7519257665272396 -7.887346154586282 -0.12928593030161453 0.968249413482811 0.21395845745433584 -15.566372828849897 -0.7449031693000763 -0.23725481712816232 0.6235618815451957 -11.52150991758828
25528382211231 p2at_met_059.pcd box_map.pcd 0.2851664262793636 -0.8335642863936725 -0.5105477353477359 0.21097770114470862 -19.656299384597517 0.4173858512181836 -0.8322494718335347 -0.36489706471233135 -3.5145221691094304 0.36188345037025405 -0.21610605397374044 0.9068288381960616 -13.118176027857082
25528382211242 p2at_met_059.pcd box_map.pcd 0.2851664262793636 -0.5653424875030093 0.4126691510986569 -0.7142072833256631 11.658056486076074 0.11580643292106699 0.8969897921758005 0.4266124503885379 -40.34366866770956 0.8166864403906854 0.15847234605421923 -0.5548961827387746 -11.590417556213893
25528382211253 p2at_met_059.pcd box_map.pcd 0.2851664262793636 -0.01502191519981727 -0.7661858211166936 0.6424434835714868 3.345227276991585 -0.0035503730474667483 0.6425528041656645 0.7662331816817025 -3.102126299240479 -0.9998808613604689 0.0092293758499159 -0.012372619224225279 -4.001997052118154
25528382211264 p2at_met_035.pcd box_map.pcd 0.3175146073820721 0.44221839901607146 -0.8548970872114211 -0.27128187895451167 -7.011579521112203 -0.8142807457211624 -0.2558700998935464 -0.5210348924287643 -4.457915425290619 0.3760182904054669 0.45131082665707706 -0.809276703620372 6.174638049032993
25528382211275 p2at_met_035.pcd box_map.pcd 0.3175146073820721 -0.6421805262402661 0.5739424501873941 0.5081281684680208 0.24054886695882824 -0.7621488842900993 -0.5490157223220605 -0.3430900972318245 -2.1640170595601096 0.0820563824033915 -0.6075950958624309 0.7899968035320091 -5.0008428684246455
25528382211286 p2at_met_035.pcd box_map.pcd 0.3175146073820721 0.7250559595905963 0.6670618422004503 0.17123771238340363 -6.051661921334462 0.5766588890233885 -0.7239764798470301 0.3785796908691938 5.1041749928231175 0.37650814223927614 -0.17574571206275452 -0.9095906021497169 -0.5157066160677088
25528382211297 p2at_met_007.pcd box_map.pcd 0.4469853998889984 -0.8311697213047906 0.5275812179618493 0.17554188343528918 -12.22375754523225 -0.5558835450036392 -0.7815047491718488 -0.28327338635324156 24.475338508807297 -0.0122629026051711 -0.33302910604891217 0.942836802285506 3.736404106488817
25528382211308 p2at_met_007.pcd box_map.pcd 0.4469853998889984 -0.8602837171316334 0.40353340181449726 0.3115649525511483 3.4065634482174536 -0.23704470881324302 0.22444411842931344 -0.9452167178621701 21.325909134260126 -0.4513554387196687 -0.8870093749913289 -0.09743016276116746 -5.492614683615685
25528382211319 p2at_met_007.pcd box_map.pcd 0.4469853998889984 0.9764223355882946 0.14121815988236758 -0.16326926803210223 -1.9696425934457842 0.09211590518025735 0.4114439154776729 0.9067681977381121 6.643906979773777 0.19522828324072877 -0.9004284178855309 0.3887345902888475 -15.321797433765187
25528382211330 p2at_met_088.pcd box_map.pcd 0.44055383236428397 0.9852176711007998 0.01680333390300423 -0.17048105032659916 -0.5135362011304654 -0.1712402346229745 0.06878760013168389 -0.9828250343343886 18.629286208873264 -0.004787754900256749 0.997489806483188 0.0706481660423493 -8.042612350383624
25528382211341 p2at_met_088.pcd box_map.pcd 0.44055383236428397 -0.0047612440549358315 -0.7951972385494023 -0.6063321551414327 -0.7123813450461174 0.638222684024735 0.4643711125295089 -0.6140287252599583 0.24860033100209283 0.7698370841621704 -0.389898476082571 0.505301931717242 -14.989064577746978
25528382211352 p2at_met_088.pcd box_map.pcd 0.44055383236428397 -0.09997524757548461 -0.596196754348273 0.7965892165833061 -7.015494743569935 -0.2055698653620943 -0.7709502047705399 -0.6028074420735636 6.541883795744539 0.9735224601041471 -0.22402056126357556 -0.04548414893038684 -5.135065400010359
25528382211363 p2at_met_039.pcd box_map.pcd 0.2551056595114421 -0.39151045958691605 0.8208721026338652 -0.41579869065630626 18.9603026880347 -0.6581093057903942 0.06602892315581291 0.7500215483164261 -3.921157916200711 0.6431265051808448 0.5672822687378309 0.5143725555563128 8.492418949778685
25528382211374 p2at_met_039.pcd box_map.pcd 0.2551056595114421 0.27470112350893194 -0.5219449229867118 0.8075350085979718 5.316745027684338 -0.9597605124754706 -0.1997641155196318 0.19736782119555724 6.571284299134405 0.058301384509741816 -0.8292573759208024 -0.5558175537397073 -2.06028086770376
25528382211385 p2at_met_039.pcd box_map.pcd 0.2551056595114421 0.010310632735923364 -0.1801759611227463 0.9835803545649332 20.25660449850698 -0.019905795913414334 0.9834007393585009 0.1803517261303798 1.0817661697980179 -0.9997486934933392 -0.02143849021383344 0.006552937945148329 -14.545977397994452
25528382211396 p2at_met_068.pcd box_map.pcd 0.39907022981112217 0.42829818228546834 -0.27730181440012674 -0.8600374240586055 2.417414426979582 -0.9026348204871639 -0.1761095266981502 -0.3927286791797349 -9.216480799129412 -0.04255640839015151 0.9445047053014355 -0.32572966362979505 10.509864301676828
25528382211407 p2at_met_068.pcd box_map.pcd 0.39907022981112217 0.0062417510876455334 0.960139712732798 0.2794508410735957 2.3349544168989538 0.3770790196344577 -0.26108619590089005 0.8886199475937496 4.7230713413094865 0.9261600582485061 0.09982850466365933 -0.3636781766366269 7.07281856636429
25528382211418 p2at_met_068.pcd box_map.pcd 0.39907022981112217 -0.9819730202855781 0.026813963211865542 0.18710959036910046 7.985425872776752 0.027506219117698634 -0.9590794352637599 0.28179787927519345 7.530734860895933 0.1870090782316971 0.2818645920136477 0.9410525789922214 5.3877028409347885
25528382211429 p2at_met_097.pcd box_map.pcd 0.5009207327980807 0.4566990673849912 0.2579437803112317 0.8514052901224132 10.69849204066157 0.3271242580822021 0.8412998421265079 -0.43035368641627986 0.6812883350357507 -0.8272941929107493 0.47505745109056435 0.29984118552908623 -18.49604882937242
25528382211440 p2at_met_097.pcd box_map.pcd 0.5009207327980807 -0.008192379269743533 -0.9990652366158641 -0.0424445274162385 15.290661928096672 0.07773537587720408 -0.042953787994903625 0.9960482836861467 0.2476934819253335 -0.9969403674539067 0.004860564018302482 0.07801460541650851 5.90275308067879
25528382211451 p2at_met_097.pcd box_map.pcd 0.5009207327980807 0.4636096931681899 -0.09917514347631923 0.8804716595762455 21.31377051495514 -0.8817236226867124 -0.14960139277257484 0.4474180108988967 13.317181856156681 0.08734704114459924 -0.9837599881053085 -0.15680172258724195 16.2115245975848
25528382211462 p2at_met_092.pcd box_map.pcd 0.34623217922606925 -0.8873276246186439 0.018386373663405196 -0.4607728592833403 9.095119661679679 0.03650032828846475 -0.9932694800924267 -0.10992481954388193 -1.803496014357123 -0.4596927371880804 -0.11435768964276231 0.8806843397018596 2.5076153636702223
