id source target overlap scale t1 t2 t3 t4 t5 t6 t7 t8 t9 t10 t11 t12
25528382210000 p2at_met_062.pcd box_map.pcd 0.4479 0.9991690196798311 0.04032034803582166 0.005961513760387955 3.075051585321237 -0.0401728241006874 0.9989260949679709 -0.023082482444819676 1.7536912071736677 -0.006885805386468037 0.022823810512497496 0.999715789291071 -0.9417722094188166
25528382210001 p2at_met_062.pcd box_map.pcd 0.4479 0.9995622630969503 -0.028354524886746675 0.00844411694317443 -0.24730493684261567 0.029363097243956048 0.985698058216574 -0.16594320277829266 0.29685100026095323 -0.00361810900127716 0.16611850874156814 0.9860991584727838 9.289037771516252
25528382210002 p2at_met_062.pcd box_map.pcd 0.4479 0.9393320609684447 -0.2594856729957579 -0.22432669200679767 -14.19908864311378 0.3175728735981809 0.9050564865475782 0.2828784652686507 -6.243424202832525 0.12962541877027 -0.3369568839897651 0.9325541856324169 -18.454594919610187
25528382210003 p2at_met_062.pcd box_map.pcd 0.4479 0.9999718022907408 -0.005664910808521331 -0.004929848774456347 0.34949698153038966 0.005676118979380146 0.999981331167181 0.0022625186063971498 -0.35927268681517915 0.004916939773825894 -0.0022904372167494584 0.999985288692097 -1.307268243551525
25528382210004 p2at_met_062.pcd box_map.pcd 0.4479 0.9631168281871718 0.09279362807825593 -0.2525773502330646 3.714942879446455 -0.12583079274373565 0.9850173349650742 -0.11792990043151078 -1.217210296996764 0.23784992507916605 0.1453622798609643 0.9603630671435974 6.355292498947316
25528382210005 p2at_met_062.pcd box_map.pcd 0.4479 0.9616725353961154 -0.2504433186156848 -0.1116426389224551 -12.121695058004754 0.27374928977120805 0.9002552023634283 0.33852901938732244 -6.4540650792940255 0.015724535432447423 -0.3561161534925726 0.9343093835593691 -18.456300415606083
25528382210006 p2at_met_062.pcd box_map.pcd 0.4479 0.9922734657543724 0.10045473046802722 0.07281631881935609 5.563277857660883 -0.10168939733765733 0.9947253742071077 0.013442335274548143 0.026477474829521785 -0.07108189381910247 -0.02074312018779518 0.9972547755393124 0.8946131714213128
25528382210007 p2at_met_062.pcd box_map.pcd 0.4479 0.9990068353051382 0.04027449826876533 0.019060634900539074 0.3608010945970168 -0.041058752087026994 0.9982431312113735 0.04271802741663709 0.529535139593019 -0.01730670074475449 -0.04345820726297532 0.9989053320164127 -1.742141549698806
25528382210008 p2at_met_062.pcd box_map.pcd 0.4479 0.9280335481195071 -0.3564229102711894 -0.10824251751753568 -17.658566875332017 0.36121032557997806 0.9320713757762507 0.02774979554831769 -5.1917427181702145 0.09099908933129251 -0.06485105621640172 0.993737141425484 -3.8338172537258797
25528382210009 p2at_met_062.pcd box_map.pcd 0.4479 0.9588829145651945 -0.1680442272534792 0.22870219465877306 -7.797382553398728 0.18995228882574847 0.9787489198628856 -0.07725723161681719 -2.8059068169565093 -0.2108593942057544 0.11752314475887773 0.9704260024964121 7.061396350148074
25528382210010 p2at_met_062.pcd box_map.pcd 0.4479 0.9835293795874673 0.0987250177601576 0.15140452554843917 4.505828026773075 -0.15316853218858809 0.8999736322995215 0.4081505382978184 -2.264190464807878 -0.09596541166214449 -0.4246184546553082 0.9002720742812436 -18.926081765243335
25528382210011 p2at_met_062.pcd box_map.pcd 0.4479 0.9978639227863717 0.06521778568659864 0.003772536485035144 4.376305306291858 -0.0641741706054775 0.9894218015044491 -0.1301006323381623 -1.9339037057280146 -0.012217505002785966 0.12958062794194006 0.9914936174447516 7.816414712360378
25528382210012 p2at_met_062.pcd box_map.pcd 0.4479 0.9964422543495567 0.0384342676416864 0.07500427199580405 1.5371012389530883 -0.04265547891849825 0.9975463646663546 0.05551360607250945 0.7695711140817842 -0.07268661407031483 -0.05851544592487888 0.9956367805194852 -3.1486240497280615
25528382210013 p2at_met_062.pcd box_map.pcd 0.4479 0.9987950092818318 0.04907544791673862 -0.0003603407790694371 1.5551158679463555 -0.04907599629401039 0.9987935741887086 -0.001715443702126187 -0.5534878953914123 0.00027571988659491587 0.001731060691125777 0.9999984637025339 -0.7108097871755392
25528382210014 p2at_met_062.pcd box_map.pcd 0.4479 0.950788120280026 -0.25356278275089283 -0.1780670254089692 -14.728354163139734 0.18381178774808993 0.9242455451306647 -0.33463920719331697 -4.793926645336775 0.2494297035623987 0.2854401644999248 0.9253695129357946 10.98520017331601
25528382210015 p2at_met_062.pcd box_map.pcd 0.4479 0.887166194313873 -0.4510097821269392 -0.09760286928390094 -20.46464686347393 0.46021450641716866 0.8802402608221986 0.1156706155895687 -8.162393400350194 0.0337453959799156 -0.1475373161389305 0.9884806465463449 -8.173469455071684
25528382210016 p2at_met_062.pcd box_map.pcd 0.4479 0.982840637798619 0.143663395105839 0.1156940344108876 7.156459593307859 -0.12159255657177329 0.9762493886428434 -0.17931085120765763 -0.46808263142843665 -0.13870663602706312 0.16216645794102494 0.9769659712809438 9.450479712360837
25528382210017 p2at_met_062.pcd box_map.pcd 0.4479 0.8930933873961494 0.3244156379991819 0.3116708122536584 16.514925411399442 -0.2485895740605591 0.9333023785889109 -0.25913296546111464 -0.3883085561236628 -0.3749498967297647 0.1539518234444308 0.9141725280276549 9.247908422748669
25528382210018 p2at_met_062.pcd box_map.pcd 0.4479 0.9962575119246261 -0.0858307420933061 0.010200668873453458 -2.161766545345417 0.08351247823535474 0.9254202402762816 -0.3696255468254038 -4.587036081765676 0.02228532954081839 0.3690941107613365 0.9291248040433295 16.090604398143174
25528382210019 p2at_met_062.pcd box_map.pcd 0.4479 0.991763553904449 -0.08758749287754172 -0.09345311251233673 -6.266967203260272 0.08999781064922188 0.995701402371527 0.021888613334815364 -1.8962846177469093 0.09113422641995539 -0.030118904475442514 0.9953830440428626 -1.6485994520299385
25528382210020 p2at_met_062.pcd box_map.pcd 0.4479 0.960602202354156 0.2261804792961037 -0.16151098915470055 11.413514124983909 -0.18576018632218005 0.9547597520466832 0.23222181002073217 -0.6517400344160831 0.20672823225165435 -0.19307047070212696 0.959159648511636 -11.0547068079818
25528382210021 p2at_met_062.pcd box_map.pcd 0.4479 0.9854716743422823 -0.16965641907279386 0.007891675133668417 -9.793982235452626 0.16983701085550332 0.984660019117147 -0.040000456195992684 -1.8259494977436712 -0.000984282828493989 0.04075961505726498 0.9991684967850504 1.0405033748922081
25528382210022 p2at_met_062.pcd box_map.pcd 0.4479 0.8813958802022983 -0.020252803664090654 0.4719439864074544 0.31493501788236866 -0.02528667074625041 0.9956251437492951 0.08995086112298233 -2.6828667176168 -0.47170105643827687 -0.0912162106094039 0.8770277739485074 -2.156574857646971
25528382210023 p2at_met_062.pcd box_map.pcd 0.4479 0.890263435550794 -0.05704325472868608 0.4518595826263459 -0.37641503603480864 0.017892700603572655 0.9957401823979422 0.09045076242477985 -0.2464899722497269 -0.4550943491040162 -0.07244001827768466 0.88749173357588 -0.6673077181160352
25528382210024 p2at_met_062.pcd box_map.pcd 0.4479 0.9154044106651348 0.4001248451387819 -0.04398719401692673 21.545024729397117 -0.4008917260287761 0.9160721019706828 -0.009885746946151307 -1.8846986718110683 0.036339908316968345 0.026683558489834707 0.9989831824259273 1.688017992840716
25528382210025 p2at_met_062.pcd box_map.pcd 0.4479 0.9997871587962557 0.015356719113936882 0.013777092732724754 -1.4872532810962866 -0.015238162574249803 0.9998463078189438 -0.008669437247383978 -0.44791977210834555 -0.013908109413978027 0.008457654455062686 0.9998675075096937 0.446561541013169
25528382210026 p2at_met_062.pcd box_map.pcd 0.4479 0.988448735119594 -0.12896933130168162 -0.0795990554219834 -6.06218463602835 0.1297672709896072 0.9915323101361091 0.0049125691914331145 -1.9906441925991856 0.07829146454361902 -0.015185174998920827 0.9968148559486197 0.16940799665051165
25528382210027 p2at_met_062.pcd box_map.pcd 0.4479 0.9917411189067871 0.10798392135492524 -0.06920278750402523 7.265948996235377 -0.10683051194544113 0.9940726879019779 0.020167619711106047 0.3062435398507465 0.07097037964523589 -0.012608088520872293 0.9973987373748079 -2.5857812900264716
25528382210028 p2at_met_062.pcd box_map.pcd 0.4479 0.9499053631897563 -0.20612613422438927 0.234929388908766 -9.937161616237496 0.18613509342499415 0.9769451543296861 0.10455569055491104 -2.467203371259796 -0.2510647884092986 -0.05558940745730861 0.9663727488912026 -0.36165550055921525
25528382210029 p2at_met_062.pcd box_map.pcd 0.4479 0.9312065358172099 0.27694293249980995 0.23697468174831915 14.560281719182333 -0.3329237938689128 0.9109220082116882 0.2436859504188016 -1.7233407918092971 -0.1483783512755184 -0.3058164598153452 0.9404574194394812 -14.212231706570476
25528382210031 p2at_met_054.pcd box_map.pcd 0.4922 0.9962225796456289 -0.0851800414939444 0.016879938841660905 -3.012618627270683 0.08602487322418603 0.9946006807992757 -0.05804487006084065 -0.15189124349579763 -0.011844534223473056 0.0592777047860919 0.9981712582139007 3.3719598918400604
25528382210032 p2at_met_054.pcd box_map.pcd 0.4922 0.986002297964951 -0.1667192030161722 -0.0020434660477304384 -4.541087981552383 0.16525764518383596 0.9788377415048884 -0.12069211454731663 -2.1707283027619106 0.02212191483866758 0.11866500390284224 0.9926878853560211 3.3810082347327954
25528382210033 p2at_met_054.pcd box_map.pcd 0.4922 0.9770161684539376 -0.2030569548059211 -0.06486354665397942 -6.294498885291408 0.2028702126023111 0.9791593368656306 -0.009522072649976189 -2.5740414588573115 0.0654452704042083 -0.0038556625636129633 0.997848711202212 -0.28329682651605903
25528382210034 p2at_met_054.pcd box_map.pcd 0.4922 0.918222529219544 -0.3957977443899142 0.014544152416685066 -12.57753792493324 0.39078951040106114 0.9113547530161897 0.1292906520801046 -6.897212508649865 -0.06442783089754442 -0.11303388735532298 0.9915000730787574 -1.893572923165301
25528382210035 p2at_met_054.pcd box_map.pcd 0.4922 0.9919913059027656 -0.10090220818448052 0.07597363619586266 -3.46174625162503 0.10471735926664376 0.993341976432594 -0.04802075098546833 -1.1293288306839036 -0.07062240212245825 0.0555919260368217 0.9959528171946552 3.4797115723845646
25528382210036 p2at_met_054.pcd box_map.pcd 0.4922 0.9933030157701399 -0.10301215884412969 -0.05232221318156439 -3.086641253439545 0.09590585286518209 0.9876615032880626 -0.12380154404920143 -1.579451177098216 0.06442970004700722 0.1179544405820998 0.9909266187255323 2.4231548581544007
25528382210037 p2at_met_054.pcd box_map.pcd 0.4922 0.9317024230629679 -0.15763748410937617 0.3272323615754719 -4.048117858219421 0.1850518915858556 0.9812332896277391 -0.05419436083968586 -2.2283452073987675 -0.31254822392567033 0.11104798480833188 0.9433885481554869 6.422708547595935
25528382210038 p2at_met_054.pcd box_map.pcd 0.4922 0.995199857418689 -0.005177333323682186 0.09772634759099874 -1.36770675021077 0.003322938180960116 0.9998115092889077 0.019128616658871223 1.1302703084879544 -0.09780696230671276 -0.01871205795982949 0.995029475448462 -1.3680979788863383
25528382210039 p2at_met_054.pcd box_map.pcd 0.4922 0.8667374681573876 -0.4973352830862346 -0.03773297615688833 -14.869901580257668 0.49649046624757237 0.8675291276088947 -0.029840068287761437 -7.3918035711206995 0.047574974696678964 0.007129442312335886 0.9988422261973736 -1.019039938029541
25528382210040 p2at_met_054.pcd box_map.pcd 0.4922 0.9832173529971754 0.16063473905465966 0.08648767180395928 5.872345213685602 -0.16343179536742583 0.9862053993126573 0.02624802144052366 0.15384282261773108 -0.08107826483224606 -0.039942345642234534 0.9959070860257941 -0.2331418186476455
25528382210041 p2at_met_054.pcd box_map.pcd 0.4922 0.8888070389410813 0.17886929903758322 -0.42193343241628894 7.293428050550242 -0.23771081510899442 0.967085913150882 -0.09076565961497943 0.4861038507697206 0.3918106888651775 0.1809712973013358 0.9020719337414654 0.8310442614283948
25528382210042 p2at_met_054.pcd box_map.pcd 0.4922 0.952805697510284 -0.26321343958410287 -0.1512613235901605 -7.570408602864662 0.30043440549342953 0.88909842995644 0.3453160144632786 -5.767714653127631 0.04359438940679134 -0.37446317184911454 0.9262164229492746 -12.275275224779362
25528382210043 p2at_met_054.pcd box_map.pcd 0.4922 0.9829118004849808 0.18376559735852038 -0.010705031286251596 5.571246682581686 -0.18117008792482125 0.9554572934473546 -0.23297802394124717 -0.14483903120520836 -0.032585145521939744 0.23093628044489234 0.9724230780198464 7.752063958395016
25528382210044 p2at_met_054.pcd box_map.pcd 0.4922 0.8855042415456519 -0.22085102951700464 -0.40878730528960744 -6.274121622866313 0.18368152149811556 0.9745353560666411 -0.1286154673287866 -2.4823015292858965 0.4267825404873035 0.038802867643307 0.9035214444593216 -2.60139311247931
25528382210045 p2at_met_054.pcd box_map.pcd 0.4922 0.998823519282725 -0.03556370030018678 0.03296665813561662 -0.1830827401773636 0.03420830920768421 0.9985813891033355 0.040804422770141804 -1.1717879950419614 -0.03437104753747825 -0.039628683518526 0.9986231514108638 -0.5760522605186806
25528382210046 p2at_met_054.pcd box_map.pcd 0.4922 0.9961786645915267 -0.007428242856893943 -0.08702235012168827 0.2840693221707493 -0.0299862475092063 0.9067216673195574 -0.42066214825386744 -2.3824536085934533 0.08202983099433592 0.4216641308213222 0.9030340345777339 14.885424946270582
25528382210047 p2at_met_054.pcd box_map.pcd 0.4922 0.9548607120709769 -0.1318759413050217 0.2661761759591215 -2.855921870897178 0.03772691536929134 0.9426351311123996 0.3316861309271573 0.3581178851533996 -0.2946484352580632 -0.30667204909744133 0.9050605249939648 -8.832310729173184
25528382210048 p2at_met_054.pcd box_map.pcd 0.4922 0.9997097348095914 -0.014371083021279119 0.01933696200886329 -0.4261782098946325 0.014270034533172072 0.9998838460814172 0.005353546474534468 -0.14557273795306458 -0.019411652205796284 -0.00507605341071456 0.9997986904574405 0.06138452892974855
25528382210049 p2at_met_054.pcd box_map.pcd 0.4922 0.9597900452225336 -0.2770339500436205 -0.04533497121379661 -7.969919325623433 0.26243793804909143 0.942834475289769 -0.2054007811027196 -4.016027542484373 0.09964636352756816 0.18524400861645923 0.9776273622947739 4.377527549178147
25528382210050 p2at_met_054.pcd box_map.pcd 0.4922 0.9995802956978976 0.013074934801262476 -0.025851083777017173 0.7949061659832601 -0.012089915235347946 0.9992084165900212 0.03789952724328957 -0.35865766230774593 0.026326154335673996 -0.0375710832370519 0.9989471193723364 -3.182802684456967
25528382210051 p2at_met_054.pcd box_map.pcd 0.4922 0.8941849083737663 -0.44657118100952914 0.03174161193690947 -13.411876522602746 0.447697807050413 0.891958720611109 -0.06305802318535289 -7.048284299542683 -0.0001523116873707632 0.07059618274062521 0.9975049652927056 2.0910344439553885
25528382210052 p2at_met_054.pcd box_map.pcd 0.4922 0.8970456540038556 0.3088911807740338 0.31606222974727305 10.695601414175576 -0.27334846434948695 0.9497655500692178 -0.15240084297500878 0.37197089051212906 -0.34726029382953083 0.05031538871696385 0.9364179889278551 4.353753779928654
25528382210053 p2at_met_054.pcd box_map.pcd 0.4922 0.9962107277128854 0.016731447311406033 -0.08534778650105113 0.26474837709992727 -0.005123181821588835 0.9909063113916894 0.13445607108695176 -0.04503920716540949 0.08682130497629198 -0.13350932819463265 0.9872372158135205 -4.8006999723587365
25528382210054 p2at_met_054.pcd box_map.pcd 0.4922 0.9908496613394211 0.12283436088697997 -0.05593450106188064 2.113441344270772 -0.12131387984760952 0.9921660124087133 0.029825264077836165 -0.001999994165886587 0.059159878125923465 -0.022766721469725797 0.9979888702854585 -2.8665947039205824
25528382210055 p2at_met_054.pcd box_map.pcd 0.4922 0.9335160297739621 -0.3525648283836434 0.06516029421259047 -10.597787867204492 0.35396741671017934 0.9351928113185052 -0.011021504693692891 -5.388036756059774 -0.05705164382015205 0.03335337231829717 0.9978139418210269 1.3118457293464767
25528382210056 p2at_met_054.pcd box_map.pcd 0.4922 0.977465407050658 -0.1790393908202333 0.11183145601310604 -3.5612197016954408 0.199510294709197 0.9566222609724282 -0.21229576565972486 -1.840278939932884 -0.06897115574166401 0.22982329374264743 0.9707853693422351 8.703648183060562
25528382210057 p2at_met_054.pcd box_map.pcd 0.4922 0.9722439671235054 0.23396928148825719 -0.00020907371091503913 9.711151790451886 -0.23396913108251033 0.9722438558352349 0.0005748835794707882 1.6957272340240996 0.00033777572888199665 -0.0005100102974638526 0.999999812898509 -0.6237677382878236
25528382210058 p2at_met_054.pcd box_map.pcd 0.4922 0.9441335248113225 0.06853745913552618 0.3223577267921368 3.2892981839752853 0.06110685093318281 0.9247691933480285 -0.3755900581797479 -2.605912929548823 -0.32384848323927284 0.3743054310715819 0.8689174898538639 14.04548204587146
25528382210059 p2at_met_054.pcd box_map.pcd 0.4922 0.9890736953335134 -0.13908807019315353 0.04886444442795456 -4.35879982939946 0.14315306723973384 0.9853264053207008 -0.0929466207973282 -1.8006129502002053 -0.03521966125851441 0.09892615279960341 0.9944713126848381 4.015598345625927
25528382210060 p2at_met_054.pcd box_map.pcd 0.4922 0.9104666846924429 0.26044541406705746 0.3212765200829205 9.22687296124263 -0.3230673051120295 0.9328722658484356 0.15930113614929647 0.6044633549343299 -0.2582207048878983 -0.24883231683654933 0.9334905171799831 -6.880694263208934
25528382210062 p2at_met_078.pcd box_map.pcd 0.3240 0.9943581315122683 -0.07557242436662248 0.07443597900734497 -6.484084473340015 0.07881025226911967 0.9960228372747321 -0.041562624609983646 0.4848952967919229 -0.0709989467014018 0.047194452031396904 0.996359289244973 2.048243431174223
25528382210063 p2at_met_078.pcd box_map.pcd 0.3240 0.9984571811064408 0.05532416346227606 -0.004742829764973514 3.5721188793650818 -0.05500711135486472 0.9971544096053123 0.05154901652868436 -0.7594718461601935 0.007581239830903169 -0.05120859636702045 0.9986592033625614 -3.1250565335956044
25528382210064 p2at_met_078.pcd box_map.pcd 0.3240 0.9620004824541082 -0.2003068473432647 -0.18555925917470423 -21.069188926151362 0.23287780555728782 0.9567095925246202 0.17456999527466704 2.1997228275158056 0.1425587578400045 -0.21114905275368223 0.967002108624556 -17.030113091939537
25528382210065 p2at_met_078.pcd box_map.pcd 0.3240 0.9742330439390663 -0.20603792683951463 0.09175156020960315 -21.358303475092836 0.21795894578201783 0.9646586535019048 -0.14807964133358587 2.088393066518103 -0.05799891422098378 0.16426215305896497 0.9847101456883748 12.963724519307622
25528382210066 p2at_met_078.pcd box_map.pcd 0.3240 0.999791371294883 -0.013360777883426623 -0.015450032318646424 -1.9482345846411064 0.013069474547706244 0.9997377601184607 -0.018804250274076822 1.2932087440819942 0.01569722011517771 0.018598403363541658 0.9997038044705956 0.34232686189311945
25528382210067 p2at_met_078.pcd box_map.pcd 0.3240 0.9946843259511565 0.01673525323759323 0.10160227854810593 2.366322384892154 -0.026390053452451913 0.9951808533123494 0.09443852116207982 -0.37428963184074326 -0.09953218969695186 -0.09661780632770284 0.9903324405039715 -12.393281372990131
25528382210068 p2at_met_078.pcd box_map.pcd 0.3240 0.9984587652110383 0.0015070109933429073 0.05547813164765482 0.7040800293730562 0.001178470088119875 0.9988301660454953 -0.04834160326033198 -1.2940467063215404 -0.05548608277307006 0.04833247681832451 0.9972889582779436 1.3976682404185972
25528382210069 p2at_met_078.pcd box_map.pcd 0.3240 0.9813908561239689 -0.05321422599815861 0.1844999557389658 -5.774085416257208 0.00839669215626726 0.9718068436487268 0.23562884840004616 -2.054344329088037 -0.19183712643046005 -0.22969480792764113 0.9541691737495965 -25.046056189479295
25528382210070 p2at_met_078.pcd box_map.pcd 0.3240 0.9994959897204387 0.03174182425585949 0.0004723618008518673 4.4884414935092 -0.03174065153385418 0.9994934650793418 -0.002311775053340804 -0.7725958470835395 -0.0005455024905667748 0.002295616823631144 0.9999972162813415 -2.2162181140598274
25528382210071 p2at_met_078.pcd box_map.pcd 0.3240 0.9710200686521442 0.23875991064902052 0.010664489751353312 24.55101038819252 -0.21888268841222652 0.8704902921304415 0.4408367271678877 -16.994807066850697 0.09597080279033386 -0.43039558126626976 0.897523954353447 -39.96402494811571
25528382210072 p2at_met_078.pcd box_map.pcd 0.3240 0.9940406027386327 0.09866588717555323 0.046350003396730004 10.51917959807533 -0.10868132082007441 0.9300103005887049 0.35109715365367306 -10.623493032878613 -0.00846466844122918 -0.354042205826887 0.9351911386884567 -35.38447215749336
25528382210073 p2at_met_078.pcd box_map.pcd 0.3240 0.9592318620645941 -0.28154974286146606 0.024575945449439307 -28.863888428389007 0.2820537481741635 0.9591859761188688 -0.02019768199072636 2.7427957758893635 -0.017886250054077846 0.0263059976342911 0.9994939102102962 -0.456985716100756
25528382210074 p2at_met_078.pcd box_map.pcd 0.3240 0.9728143186836861 0.1871602040157276 -0.13639413255997113 17.65821111773214 -0.19272028973461078 0.9808353896644106 -0.028650101334403072 -6.70365555524732 0.12841803334658042 0.05415714555490443 0.9902402800819312 10.063554413081956
25528382210075 p2at_met_078.pcd box_map.pcd 0.3240 0.9665083491554345 -0.08380697497941407 0.2425654591190522 -8.451781024724589 0.04309751333972549 0.9847568427362559 0.1685128037510896 0.08049158526711464 -0.2529905440066267 -0.1524150636548793 0.9553875826146738 -21.170355447458995
25528382210076 p2at_met_078.pcd box_map.pcd 0.3240 0.9998375697899854 0.017638139689864895 0.003705410198159644 2.557009731763433 -0.01730291762250653 0.9969158955580731 -0.07654610522680819 0.3203841445607629 -0.00504411322281388 0.07646955741944406 0.9970591575778588 5.534139188480673
25528382210077 p2at_met_078.pcd box_map.pcd 0.3240 0.9868847410942908 -0.1614144592633123 0.001969806078492508 -15.685397459334002 0.16131570566320122 0.9856821272894674 -0.049071244619362575 2.5253794986858837 0.005979205769815915 0.04874542319892593 0.9987933383916412 6.7870714953695215
25528382210078 p2at_met_078.pcd box_map.pcd 0.3240 0.9853474950409163 0.16891035862912349 -0.023655966781601794 16.576096980734707 -0.1698762850899592 0.9843147452288632 -0.04760808848371341 -7.8240267483408905 0.015243417616343746 0.05092909848818329 0.9985859327802263 4.242870542568388
25528382210079 p2at_met_078.pcd box_map.pcd 0.3240 0.9676129699430924 -0.04972680759937171 0.24749219180386914 -4.694512361022202 0.02284507323148654 0.9936327899914944 0.11032670249203781 0.5481940798257967 -0.2514025517510833 -0.10109957101636817 0.9625879875176867 -16.282781977511142
25528382210080 p2at_met_078.pcd box_map.pcd 0.3240 0.9995931560386635 -0.028483672285535618 0.001484187924180364 -2.923126614997205 0.028476590184630488 0.9995839106084088 0.004592326671430926 0.6889828727671908 -0.0016143766972671481 -0.004548193699782308 0.9999883537931572 -1.213036628868179
25528382210081 p2at_met_078.pcd box_map.pcd 0.3240 0.951610731240507 0.3059105787766865 -0.029252931142367905 27.10766348786165 -0.30456198726753403 0.9515233678836181 0.042956679143840173 -12.694052754016155 0.04097575014027005 -0.031968706009613684 0.998648581702549 -2.307346711583309
25528382210082 p2at_met_078.pcd box_map.pcd 0.3240 0.9562799799514103 -0.05516123792813517 -0.2872034779983794 -7.3302741107638525 0.015966767066245346 0.9904336989138793 -0.1370625784276041 -0.876011228998847 0.2920165445545547 0.12648448871702223 0.9480126643776501 17.568869741234636
25528382210083 p2at_met_078.pcd box_map.pcd 0.3240 0.9777018544338487 0.10310864124314242 0.18294177198662523 10.218788484443026 -0.13945011054789203 0.9701321838042475 0.1984873109681888 -5.745811075281323 -0.15701194382846842 -0.21957266234254832 0.9628785465711712 -26.98423788122561
25528382210084 p2at_met_078.pcd box_map.pcd 0.3240 0.9976277925146017 -0.0587768424422092 0.03583392798684787 -4.537527135544355 0.05328089699732618 0.9889008965402838 0.1386944946167056 1.9312260591094539 -0.04358822797044176 -0.13645621867231547 0.9896867013191852 -13.341769797166277
25528382210085 p2at_met_078.pcd box_map.pcd 0.3240 0.9733501814625874 -0.2083243393062273 0.09586654212691864 -21.11375167103649 0.22720851263403974 0.932712088215666 -0.2800436613869333 -1.7462575721036169 -0.031075971961883685 0.2943622430764446 0.9551885435963041 28.69381445812301
25528382210086 p2at_met_078.pcd box_map.pcd 0.3240 0.9966554650523333 -0.03905871741229079 0.07177952755085704 -4.274350208442506 0.03691735268214601 0.9988398161828783 0.03092136282080879 -0.6056958903287748 -0.07290399887701277 -0.02816803510827231 0.9969411059565554 -5.54540741250456
25528382210087 p2at_met_078.pcd box_map.pcd 0.3240 0.9359643748113494 0.036395945636607495 -0.35020854390665124 1.1542650989316598 -0.004772644137819096 0.9958630686322651 0.09074122768765092 -0.26318525297710205 0.35206236798603385 -0.08325913568819626 0.9322660593266929 0.15424530180481355
25528382210088 p2at_met_078.pcd box_map.pcd 0.3240 0.9999176794278442 0.01275429448164448 0.0014008354331495985 1.357124611608306 -0.012755598487184518 0.9999182153443956 0.0009259210078113147 -0.4180598511077871 -0.0013889113971057734 -0.000943713279796058 0.9999985901641946 0.03816803519229284
25528382210089 p2at_met_078.pcd box_map.pcd 0.3240 0.9945541058139411 0.10181773616021678 -0.022254869396169406 12.167484580522425 -0.1012041907801281 0.9944951637333626 0.027149237180663414 -3.2533185410763825 0.024896633852220025 -0.02474909925958854 0.9993836298982827 -1.3662067160060296
25528382210090 p2at_met_078.pcd box_map.pcd 0.3240 0.9989713813226643 -0.045124365850076883 -0.004468881841864158 -4.439816009923248 0.04525057507246763 0.9983962086001058 0.03402052481289878 1.058865259968678 0.0029265600795301697 -0.03418775013893873 0.9994111431170549 -6.030455448266735
25528382210091 p2at_met_078.pcd box_map.pcd 0.3240 0.881378600388755 0.4722586793615111 -0.011979254754810126 44.01313981061068 -0.46982239357243416 0.8789186795141423 0.08227316268981733 -23.567857241278794 0.04938300592944911 -0.06688568283898869 0.9965378187286893 -6.250500990985344
25528382210093 p2at_met_101.pcd box_map.pcd 0.3366 0.9801456856464261 0.06976431458837466 0.18560004126807608 0.6786761614849546 -0.04524272097957259 0.9900530923469182 -0.13322150927184834 -0.4311151265619415 -0.19304800207995368 0.12217943666721877 0.9735525944439876 -4.065775452376276
25528382210094 p2at_met_101.pcd box_map.pcd 0.3366 0.9970225249176374 0.059962093113029205 0.04848331874329193 0.7265659679847829 -0.03947439237257509 0.9370028467694357 -0.34708419366601745 -2.1087321855119288 -0.06624090242195688 0.3441369095802976 0.9365799113321014 1.7830805893493096
25528382210095 p2at_met_101.pcd box_map.pcd 0.3366 0.8858318170800824 -0.3754954403816207 -0.2725897395376649 -4.073204358590052 0.3576832034078949 0.9268165076446034 -0.11434110003549536 5.024396874775954 0.29557523212959796 0.003786213157422641 0.9553119630473915 4.337457147634217
25528382210096 p2at_met_101.pcd box_map.pcd 0.3366 0.9202189654177633 -0.3030919680017399 -0.24765361822168752 -4.330847217639349 0.20669791604189772 0.9136216503793368 -0.3501020586372966 1.7092131591655724 0.3323748293559512 0.27098106740318373 0.9033804480503401 7.195358252199981
25528382210097 p2at_met_101.pcd box_map.pcd 0.3366 0.992070657056361 -0.06318692734498575 -0.10864264181462002 -0.7779071055013898 0.049554004032270046 0.9910566837108332 -0.12389935575480303 2.0843891154155023 0.1154998358965505 0.11753323736196909 0.9863294206415446 4.028280103392291
25528382210098 p2at_met_101.pcd box_map.pcd 0.3366 0.9996968943721748 -0.016226124528101987 -0.01851573021588205 -0.4669037213391807 0.01696784518781038 0.9990301319375088 0.0406311175160893 1.1724641138406349 0.01783848682795995 -0.04093297403954769 0.9990026426511425 0.6773501159268025
25528382210099 p2at_met_101.pcd box_map.pcd 0.3366 0.9223623238266433 0.24083571619029248 0.30206936519982197 0.973916203498586 -0.2766007585646478 0.9575523437514102 0.08115127440553602 -4.717780441662016 -0.2697031033313779 -0.15840349359559616 0.9498255467558946 -5.498637102869201
25528382210100 p2at_met_101.pcd box_map.pcd 0.3366 0.9215493105652427 -0.3878450280219026 -0.01797505035919006 -4.668729734268711 0.38555464794273614 0.9196007372388721 -0.07537968903806586 3.713799809735524 0.04576550716946799 0.0625357362506615 0.9969928786330969 0.5848615222384725
25528382210101 p2at_met_101.pcd box_map.pcd 0.3366 0.9049644911768994 0.4254704974891361 0.003758387324738596 1.2116224211052717 -0.4253725567054847 0.9048905254633843 -0.015209369758132597 -7.400744365472239 -0.00987206719866653 0.012165224738876242 0.999877267266477 -0.5594287136542511
25528382210102 p2at_met_101.pcd box_map.pcd 0.3366 0.9999588349477805 0.0077003581871242285 0.004799259699936209 0.8059332482633845 -0.0076572228236728105 0.9999306977689997 -0.008942404476988915 1.6887939417931834 -0.0048677868180588115 0.008905287361530567 0.999948498928071 1.2104556215960987
25528382210103 p2at_met_101.pcd box_map.pcd 0.3366 0.8913056434359371 -0.4533824439857985 -0.004313868880078654 -4.8339437368395295 0.4533982599192804 0.8912993999121867 0.003923979911349245 6.291461329531215 0.002065885141755263 -0.005453366083462427 0.9999829963139077 -0.509302571724195
25528382210104 p2at_met_101.pcd box_map.pcd 0.3366 0.9357167975897154 -0.3208651381417668 0.14655933212768296 -3.1663624615317385 0.3354966263380856 0.9378524573167855 -0.08873996856338251 3.2289484105637447 -0.1089774675068686 0.13220564068954094 0.9852134693281742 -3.271204259486317
25528382210105 p2at_met_101.pcd box_map.pcd 0.3366 0.9826939232359007 0.02500246739618914 -0.183541629771931 -0.7125610585631197 0.06215249279641752 0.8889042560608411 0.4538571264132734 2.5015488223232305 0.17449848387428862 -0.4574102099658744 0.8719668450947832 -0.1117360516961341
25528382210106 p2at_met_101.pcd box_map.pcd 0.3366 0.9949136777462599 -0.028422442388486777 0.09663818397550974 -0.2534919531637865 -0.009338760486136237 0.9292091288561106 0.3694363035802663 0.22766007289406442 -0.10029736480084558 -0.368459712341989 0.9242174414037343 -2.0556641114414633
25528382210107 p2at_met_101.pcd box_map.pcd 0.3366 0.9985803382022624 0.0030739271290926053 -0.05317761867421328 1.7694981184578946 -0.007211349663200946 0.9969438436648953 -0.07778797474352664 -0.39375961901484835 0.05277598499213501 0.07806102452997601 0.9955506877389217 3.3573363126654225
25528382210108 p2at_met_101.pcd box_map.pcd 0.3366 0.9764899597738326 0.17121972981538325 0.13096244722379816 0.304975657473987 -0.15592115215224633 0.9805320198815168 -0.11935473303806926 -0.9729094488969734 -0.14884875804794276 0.09612888280334841 0.984176450195068 -0.4553562391425029
25528382210109 p2at_met_101.pcd box_map.pcd 0.3366 0.9958407025524817 -0.04759653967848157 -0.07769082668123843 -1.175777966293813 0.05582370095380615 0.9926460522651056 0.1074128918441411 0.9643011207556964 0.07200701043370376 -0.11130311915277066 0.9911743570710778 1.594437070825275
25528382210110 p2at_met_101.pcd box_map.pcd 0.3366 0.9732692299421404 -0.21903376905050653 0.06907397529722885 -1.000940221784365 0.22790535805626322 0.8839059062785328 -0.40837421149623515 0.7270183573554068 0.02839284799169102 0.413200383423654 0.9101973903068861 2.060905838768378
25528382210111 p2at_met_101.pcd box_map.pcd 0.3366 0.9849485661656558 0.06155503970340693 0.1615156311176439 0.3821883019795962 -0.06678108244953963 0.9973988960913447 0.027124326768327062 -0.9094175443201193 -0.1594258731670823 -0.037502255437229265 0.9864973247819958 -3.020664778387547
25528382210112 p2at_met_101.pcd box_map.pcd 0.3366 0.9146699779067111 -0.38493281813582525 -0.12331081476556893 -4.657934867232978 0.3475688321395537 0.9047549652788395 -0.24619983697889178 6.082296661845896 0.2063364690045933 0.18233260357187317 0.9613428541542391 2.823683001251743
25528382210113 p2at_met_101.pcd box_map.pcd 0.3366 0.9693353743867391 -0.24505745423517955 -0.018324194014837633 -2.1068139725774273 0.24455745128443707 0.9692902627135268 -0.025846462620687446 3.528380011524153 0.024095331161465998 0.02057257233588669 0.9994979661228451 0.2500724784697659
25528382210114 p2at_met_101.pcd box_map.pcd 0.3366 0.93729004904523 0.11163077849293285 -0.33019075282910626 -0.5951964156944918 -0.016614487183234446 0.9605580601480485 0.2775827298306869 0.8905829986316082 0.34815416524354315 -0.2546895804262116 0.9021761994454807 5.908236215535601
25528382210115 p2at_met_101.pcd box_map.pcd 0.3366 0.9972752606739423 0.03579324780218276 0.06450502197109971 0.3136377993313957 -0.03521290258979789 0.9993286760877698 -0.010111806953606958 -0.8316278449086093 -0.06482365261940985 0.007812845860321854 0.9978661500926069 -2.9778650639838946
25528382210116 p2at_met_101.pcd box_map.pcd 0.3366 0.992101557552756 0.1211331772055111 0.0325768764846108 0.7240434746624071 -0.1069579992357405 0.9525989243374097 -0.28480743626299004 -2.496153166497457 -0.06553232714380498 0.2790735435889759 0.9580310388331941 0.5774848505280685
25528382210117 p2at_met_101.pcd box_map.pcd 0.3366 0.9422299648755521 -0.2521854208666178 -0.22046588578041457 -2.938362094380791 0.2134095918015732 0.9592502804529305 -0.1851897555969554 2.749343812780681 0.2581841192205707 0.12744180222086085 0.957653145783481 4.9638934010687095
25528382210118 p2at_met_101.pcd box_map.pcd 0.3366 0.9970064554999482 0.02820253533716933 -0.07199128205543726 0.023618381010864553 -0.031197383077094003 0.9986793427540245 -0.0408202602334985 -0.41249323742890387 0.07074497141543598 0.042944002572480426 0.9965695969988668 2.369169604582004
25528382210119 p2at_met_101.pcd box_map.pcd 0.3366 0.9828630391371467 -0.12446025572916126 -0.1359775387404966 -0.3326904551944967 0.14692752693587757 0.9744051676832808 0.17013780009340787 3.4909802357715862 0.11132182232877094 -0.18720099875788385 0.975993462036223 -0.10762866015640338
25528382210120 p2at_met_101.pcd box_map.pcd 0.3366 0.9997221165568357 -0.020247438425541674 -0.012071905579676523 -0.5242311854442967 0.02040066783036532 0.9997111182962536 0.012707978081872611 -0.41949208849398295 0.011811114223299349 -0.012950721680978078 0.999846376394267 -0.7576872559069914
25528382210121 p2at_met_101.pcd box_map.pcd 0.3366 0.9999921106564129 -0.0035011605250353417 -0.001876299525752837 -0.297235143891152 0.0033224420605244367 0.9961137988294982 -0.08801284656355812 -1.98061956346795 0.0021771549524239667 0.08800591830350901 0.9961175725484764 1.3351458178237983
25528382210122 p2at_met_101.pcd box_map.pcd 0.3366 0.9814344212816081 -0.17264057056383014 0.08355662821721628 -0.9050470628424403 0.1686466726328869 0.9842636850991374 0.05275697115000012 2.5151365630419886 -0.09134974840409142 -0.03768596012391415 0.9951055179608079 -0.23719841008493603
25528382210124 p2at_met_084.pcd box_map.pcd 0.3744 0.8803924002211143 -0.47414114599325885 0.00996971961012876 -38.00607582401773 0.474021803223862 0.8804280853255348 0.01223587505702726 -6.706454475859687 -0.014579152969347338 -0.006046506943032359 0.9998754362681805 1.0990412493850124
25528382210125 p2at_met_084.pcd box_map.pcd 0.3744 0.9564374529132982 0.2616641577296414 0.12945758851593017 20.493036140987456 -0.2760359704007927 0.9549180346128483 0.1092505845111488 -4.932404478991134 -0.09503442381377014 -0.14022630185087348 0.985548092464093 -12.366425361011972
25528382210126 p2at_met_084.pcd box_map.pcd 0.3744 0.9383214831362178 -0.14650498648854848 0.31319176748286165 -11.259666163958348 0.15478614864921614 0.9879467085725357 -0.0015966236362762176 0.12860943557559434 -0.30918286251244814 0.049975893735714 0.9496885634637944 1.9600885841684057
25528382210127 p2at_met_084.pcd box_map.pcd 0.3744 0.8920866148966033 0.4492331318173056 0.0486935806850835 35.674971284279664 -0.45034889752335416 0.892735667581635 0.014453315435292534 -11.055882977292812 -0.03697758810169836 -0.03482270961869479 0.9987091853352473 -3.3049198153378025
25528382210128 p2at_met_084.pcd box_map.pcd 0.3744 0.8813087140435552 0.4723818531828874 -0.012261131040667318 34.413689879044135 -0.4725182677270331 0.8807154629371627 -0.032661292191571926 -12.398939744891814 -0.004630034032187983 0.03457828982006534 0.9993912670510887 4.2284557904497335
25528382210129 p2at_met_084.pcd box_map.pcd 0.3744 0.9830122488257743 -0.07381328107071858 -0.1680432033617217 -4.833149353130206 0.0767472356478344 0.9969896428641878 0.011023331708467261 -1.4927327375195167 0.16672366502362415 -0.02373292141971188 0.9857179961642052 -1.9628383914623453
25528382210130 p2at_met_084.pcd box_map.pcd 0.3744 0.9993497385145478 -0.014659145943864598 -0.03294251919785959 -1.147115082463257 0.011988729897103234 0.996735059522163 -0.07984667478864826 -0.2536281444342927 0.034005447892347676 0.0793998146064985 0.9962626656429991 5.1871339261406435
25528382210131 p2at_met_084.pcd box_map.pcd 0.3744 0.979565505272284 -0.0822404159368096 0.18354273308195992 -6.549247491277645 -0.009435648139498015 0.8927825311269221 0.45038907697544606 -10.029183498836908 -0.20090393083472166 -0.44291744840449354 0.8737629795739863 -34.61309508782439
25528382210132 p2at_met_084.pcd box_map.pcd 0.3744 0.9984033612963883 -0.05268635949997704 0.02036849711473318 -4.08882830330127 0.051882667311782045 0.9979240458720436 0.03815478348760861 0.3329171298065621 -0.02233644968853952 -0.037037092124119673 0.9990642305789458 -2.9895256188456543
25528382210133 p2at_met_084.pcd box_map.pcd 0.3744 0.9717250260036123 0.23528687485739333 0.019762599983817953 18.817315196647122 -0.23511216015668487 0.9719085169715399 -0.010775285826346235 -4.784317752779526 -0.02174272256955045 0.005824187327294747 0.9997466343315392 -1.6723238160649125
25528382210134 p2at_met_084.pcd box_map.pcd 0.3744 0.9617556547995327 0.27390830921999265 0.0005464442944196575 22.677098519532528 -0.27390873778773384 0.9617514917939868 0.0028410201638527444 -4.40827410555864 0.00025263541420039357 -0.002882043074940669 0.9999958149927737 -1.1847781676074107
25528382210135 p2at_met_084.pcd box_map.pcd 0.3744 0.9098021266292502 -0.41307480663116114 -0.040364520404962155 -32.4844763572988 0.41395451505622094 0.9101526746028 0.016240947568980764 -4.719248950712409 0.030029149929072053 -0.0314851241064459 0.999053020171872 -2.8317677879660614
25528382210136 p2at_met_084.pcd box_map.pcd 0.3744 0.9391654009497296 0.05050707676975012 -0.3397313421736479 4.134657035862292 0.006313316148773753 0.9864231696921766 0.16410201806694819 -2.0554973849739744 0.34340718061528547 -0.15626376896329464 0.9260956445266584 -10.79374707237624
25528382210137 p2at_met_084.pcd box_map.pcd 0.3744 0.8784913180824726 0.4772825489747571 -0.021316015056259466 36.864541255585806 -0.4771287911222246 0.8787497585551656 0.01212346986150389 -12.247260177899175 0.0245177636819635 -0.0004798785230294674 0.9996992792738417 0.1571509247984233
25528382210138 p2at_met_084.pcd box_map.pcd 0.3744 0.9170640328322311 0.3984874107051436 -0.014189545270891278 31.844854636391865 -0.3975400823863079 0.9164839297923784 0.044934277880104234 -9.428563939731731 0.03091023425618144 -0.03556669708911814 0.9988891667629592 -2.2701506950094292
25528382210139 p2at_met_084.pcd box_map.pcd 0.3744 0.9943728287156905 0.09454169255724756 -0.04779692333578466 7.26686725432781 -0.09269871258445339 0.9949138953064063 0.039411795333608945 -0.6925172923483327 0.05127988101722641 -0.03475930515191952 0.9980792375899896 -2.6753808101740493
25528382210140 p2at_met_084.pcd box_map.pcd 0.3744 0.9995403093628151 0.019965092531195272 -0.022815894440252865 3.1590894602023782 -0.017091338640331008 0.9926435423901526 0.11986110250874091 -0.8885700884998714 0.025041088282450483 -0.11941604930389457 0.9925284636050901 -8.237531126595412
25528382210141 p2at_met_084.pcd box_map.pcd 0.3744 0.96107980938225 -0.13799132544369988 -0.23934074893354224 -11.397710724063746 0.12987241924798762 0.9902970097397051 -0.04944681202335925 -0.0955748792549368 0.2438416591078172 0.016438570585345716 0.9696757286230576 2.63988534654111
