id source target overlap scale t1 t2 t3 t4 t5 t6 t7 t8 t9 t10 t11 t12
25528382210030 p2at_met_062.pcd box_map.pcd 0.4479 -0.14135804012928757 -0.9839061293919314 -0.10930065432463987 -54.16674247648096 -0.8187489149721562 0.05413232276592203 0.5715941793474483 -37.20600733517707 -0.5564783182862775 0.1702892250759094 -0.8132241149279346 14.159865637222833
25528382210061 p2at_met_054.pcd box_map.pcd 0.4922 0.8399039371837532 -0.09673025432527105 0.5340455357002795 -1.8652932851935953 -0.3980753771862843 0.5590531596450274 0.7273208087006098 -14.429592958980532 -0.3689137709292343 -0.8234699888818535 0.43104501740501844 -14.257220562312028
25528382210092 p2at_met_078.pcd box_map.pcd 0.3240 0.6766476929122329 -0.5893470308914898 -0.4413818945719656 -76.36818784024557 0.7205621317109755 0.6533175752956517 0.23230660807205894 -4.124792799598648 0.15145333941741662 -0.4752328092516296 0.8667269829595228 -41.87519216757232
25528382210123 p2at_met_101.pcd box_map.pcd 0.3366 0.43821853783738174 -0.6256692980519977 -0.6453700043934392 -15.0399211960551 -0.8527788507977264 -0.06243163824880574 -0.5185272627140056 -14.288338229467113 0.28413508183217434 0.7775861495813121 -0.5609162462003867 8.59402587331991
25528382210154 p2at_met_084.pcd box_map.pcd 0.3744 0.808132732264398 -0.17015864889906754 -0.5638860888936017 -15.905285062439981 0.5608731579560218 0.5146292478270726 0.6485198824749948 -32.48793793800243 0.17984100680133686 -0.8403587159575282 0.5113261589112141 -48.33822823134345
25528382210185 p2at_met_048.pcd box_map.pcd 0.4511 -0.2376811111031152 -0.9041701803579191 0.354942212728095 -69.10007577871978 -0.6105212606716405 -0.14515325775184032 -0.7785848200626174 -71.28212836348187 0.7554941956710846 -0.40175467230084017 -0.5175149307911272 -22.33130466959301
25528382210216 p2at_met_057.pcd box_map.pcd 0.4824 0.7831553445901931 0.5722534835543472 -0.24329746566647636 18.903890858497782 -0.4865459436886635 0.32028012226136604 -0.8128306637697376 -34.833819936604556 -0.3872218368324851 0.7549480736078202 0.5292567007000643 8.038213640474687
25528382210247 p2at_met_031.pcd box_map.pcd 0.1870 0.0011018594319335828 0.8803057597032073 -0.4744054756631201 69.25813782114645 -0.2477525990358755 0.4598556683429641 0.8527317362241273 -51.868214448132356 0.9688227059564413 0.11659559908592104 0.21860473621821233 18.552160686065314
25528382210278 p2at_met_095.pcd box_map.pcd 0.4004 0.8877776273345517 -0.4479877899128941 -0.10563060396113796 -27.379125759383847 0.1263530646566596 0.016527142100622172 0.9918476478904691 -53.123876758887214 -0.44258986370691333 -0.8938869020535801 0.0712770571849693 -39.338667330953115
25528382210309 p2at_met_020.pcd box_map.pcd 0.4437 -0.5662497853948208 -0.8226830877434255 -0.050534321814608714 -57.32378213427053 0.823601201049396 -0.5623493813296113 -0.0737850591122322 -28.17796378643597 0.03228377565142566 -0.0834009020283741 0.9959929956433137 -13.33311556779978
25528382210340 p2at_met_026.pcd box_map.pcd 0.3392 0.6451326714508487 0.5864089638847688 0.4898248292015045 58.89368134097042 -0.7406240952019839 0.6375258708963765 0.2122185513664142 -23.505063974721736 -0.18782913999945242 -0.4996851919092745 0.8455973765058981 -33.021732376959044
25528382210371 p2at_met_077.pcd box_map.pcd 0.1605 -0.29322321780841754 0.9558456062870095 0.019476177240321302 61.02240125201343 -0.7532703286677724 -0.21843879930421517 -0.620377548680865 -130.5294492982787 -0.5887308013742985 -0.19657992751131012 0.784061461629651 -40.67018388002874
25528382210402 p2at_met_002.pcd box_map.pcd 0.4686 0.874518513927847 -0.4848979107112085 -0.009559549431593428 -8.269680936826026 0.3725230650606071 0.6842096092126103 -0.626963935692459 -4.224217035800702 0.31055423808938903 0.5447304166732678 0.7789896266033889 -2.0368859055509865
25528382210433 p2at_met_003.pcd box_map.pcd 0.5355 -0.15889485806783787 -0.9551939686059974 0.24971364884268274 7.355393949071429 0.9758421517550704 -0.1135310680033802 0.18666223896665937 -20.48702828353612 -0.14994838757931359 0.2733407743764857 0.9501580406046286 -1.3782702189200924
25528382210464 p2at_met_066.pcd box_map.pcd 0.3914 -0.5196640021043052 -0.836683613503519 -0.1729446611249699 -36.86537866899463 0.6997535058869649 -0.3006670340177534 -0.6480311455893678 -101.79325834640737 0.49019828224488715 -0.45777709155183927 0.7417181260657588 -40.796140926181906
25528382210495 p2at_met_006.pcd box_map.pcd 0.4597 -0.08589520299745299 -0.8914677265043972 -0.4448677406860464 -11.742273598635366 -0.9822629247012667 0.15047449467905177 -0.11187927962047947 -32.45527688087131 0.16667801552496286 0.42736719463731077 -0.8885807335793944 9.706671428608907
25528382210526 p2at_met_040.pcd box_map.pcd 0.3795 0.5042191227719153 0.5355196229397681 -0.6774819626215665 15.752848870533262 0.780878575422296 -0.6177399408736644 0.09287634734337744 -128.77292718385607 -0.368770561023472 -0.5758611802299672 -0.7296520913603848 -69.26945669021578
25528382210557 p2at_met_100.pcd box_map.pcd 0.4114 -0.5432987248384373 0.46385585280087244 -0.699760132767867 -25.215236765422375 -0.0932476957637442 0.7950065940482933 0.5993908429851794 3.233213347701086 0.8343448704364879 0.3908993006416194 -0.38867257934437927 29.062907935252568
25528382210588 p2at_met_004.pcd box_map.pcd 0.4552 0.03142657199669535 0.9640737861516671 -0.2637690380384442 -6.052328967303769 -0.998544562505788 0.041855948799243536 0.03401229542738321 -10.380324451954271 0.04383066577934924 0.26231624883964927 0.9639860260045443 18.494668562158903
25528382210619 p2at_met_033.pcd box_map.pcd 0.3468 0.02581796119727614 0.9993453171757825 -0.02534501762577157 93.21068900328231 -0.3858522927102533 0.0333507841908543 0.9219575550989839 -76.53121031551339 0.9221992415361535 -0.01402363122339545 0.3864607310936692 -7.574150890808222
25528382210650 p2at_met_055.pcd box_map.pcd 0.3829 -0.874090656754156 0.20372908012792532 0.44097617360274477 23.347698293429758 -0.4851249533534209 -0.31960550645251923 -0.8139447769222862 -52.32969030035161 -0.024885807379507435 -0.9253900702706176 0.37819824753112213 -44.94911182024273
25528382210681 p2at_met_051.pcd box_map.pcd 0.4952 0.8567582373079518 0.4821476039001665 0.18302735002807602 4.976978455794967 -0.4174667635646299 0.4400138937524837 0.7950530011412142 -13.111679661714366 0.3027983225248203 -0.7575760432841752 0.5782661277630298 -12.759523354794483
25528382210712 p2at_met_039.pcd box_map.pcd 0.2551 0.19213984418189534 0.909286870088185 -0.3691607619493021 52.983422586511516 -0.7771211231861234 0.37069570211387237 0.5085936062636272 -62.41193070867975 0.5993037962300047 0.1891615297028852 0.7778514482243827 33.045882861640656
25528382210743 p2at_met_092.pcd box_map.pcd 0.3462 -0.19479210248865036 -0.5097176079897426 -0.8379999981582735 -19.58226007317363 0.6534603255536128 0.5697057966028471 -0.4984224194841982 0.7922506585452505 0.7314681399318892 -0.6446885026292393 0.2221060441371459 1.5918297249288376
25528382210774 p2at_met_098.pcd box_map.pcd 0.4471 -0.2181564141692572 0.9610564836527579 -0.16964142827094952 40.07558488891693 0.9129224225980065 0.13952906018113567 -0.38354177306097414 -21.278511939603348 -0.3449353986974928 -0.23854156156520231 -0.9078091727513202 15.97413394827914
25528382210805 p2at_met_011.pcd box_map.pcd 0.3641 0.05459951503213667 0.12750908123905702 -0.9903334424121135 -23.47238711818816 -0.9780364258556863 -0.19297754501672415 -0.07876812057395377 -8.903118729365696 -0.20115576714996308 0.9728828816054323 0.11417204570918427 -1.899910171498287
25528382210836 p2at_met_028.pcd box_map.pcd 0.2686 -0.2973622776981688 -0.7206918982939005 0.6262418570613842 -59.57536166648645 0.035712643365210406 0.6470573697442328 0.7616044691068615 -41.90115415956366 -0.9540965794436255 0.24883719174032132 -0.16667264052856479 21.781298351487045
25528382210867 p2at_met_097.pcd box_map.pcd 0.5009 -0.16031331964258988 -0.9824818597626351 -0.09502123332459314 -1.7983449019883224 0.9828621417727971 -0.16776451119373315 0.07640077914339824 -45.93795900380162 -0.09100357034184628 -0.08114471037154378 0.992539110646908 -5.584613863391264
25528382210898 p2at_met_037.pcd box_map.pcd 0.3106 0.3263772250998549 -0.8548609175094134 -0.40334937541922944 -120.6279776716594 0.9161284410979605 0.3911658989239756 -0.08773778507814409 -5.923838159722415 0.232780124468433 -0.3408842196904426 0.9108300403579687 -27.22053934126808
25528382210929 p2at_met_009.pcd box_map.pcd 0.4604 -0.26697785413747144 -0.6887460506108676 -0.6740561572807441 -40.9947850295126 -0.13187504455187182 0.7189746002376227 -0.6824107977146849 -4.564745335420385 0.954636998038832 -0.09329738464224502 -0.2827787120600207 23.73294470080799
25528382210960 p2at_met_024.pcd box_map.pcd 0.4646 -0.6066359776068219 -0.4390635810202349 -0.6627337040582014 -53.146892274867255 0.5058521050500078 0.429915547333107 -0.7478544443792198 -14.914328801192513 0.6132751735473171 -0.7889206512590244 -0.03870100163491086 -15.684441899144957
25528382210991 p2at_met_013.pcd box_map.pcd 0.3954 0.5843454671216808 0.759859884071675 -0.2848742382752873 -16.46098778818667 -0.15532423067868667 0.44928141223706963 0.8797844031251851 -7.105712602336257 0.7965015746490516 -0.46985015611026965 0.3805602086197879 28.434788504496762
25528382211022 p2at_met_001.pcd box_map.pcd 0.5532 0.26887083036949017 -0.9175109512207286 -0.2930565320317128 -0.09088961634816028 0.9186568645724896 0.3357183926890122 -0.20823718684266826 -13.745737760863335 0.2894443672802478 -0.21322948951854578 0.9331426166719625 -8.853969120506303
25528382211053 p2at_met_019.pcd box_map.pcd 0.4337 0.4246781376175005 -0.29629876698475216 -0.8554855464080308 -20.580245130339236 -0.2595224206884171 0.8654314184398232 -0.4285750495972206 -18.50135931514382 0.8673503286387546 0.40402413376004087 0.29063362976381973 11.489139047454414
25528382211084 p2at_met_000.pcd box_map.pcd 0.4634 -0.6912588197106921 0.41381254223234554 0.5923853678673907 3.0310474909867944 0.323233732634283 0.9102741293566521 -0.2586908647619737 9.855701156410408 -0.6462825993785455 0.012656591768409331 -0.7629931929089002 3.872604528064457
25528382211115 p2at_met_059.pcd box_map.pcd 0.2852 0.05680971965003684 -0.9924994375133498 0.10824750477017359 -50.680546189020916 0.9978027054014413 0.060144446062228185 0.027792205767668506 -47.733725892683296 -0.03409423480368675 0.10643078569451725 0.993735412979531 -6.328365594754299
25528382211146 p2at_met_041.pcd box_map.pcd 0.4536 0.5120630626618741 -0.8484274330605008 0.13402354527362326 -105.35559233453914 -0.17086483938026897 0.05230019601645358 0.9839054304963437 -100.20362764463833 -0.8417818164589305 -0.5267215396459592 -0.11818541852569497 -93.87927962872702
25528382211177 p2at_met_025.pcd box_map.pcd 0.4127 -0.25802075217083853 0.956270636522983 0.13773801644108216 1.687472271984868 -0.9652291882031715 -0.2613314606652576 0.006203378693071651 -91.98500208843298 0.04192738591710001 -0.1313481533577539 0.9904492702403626 -9.503920081312781
25528382211208 p2at_met_014.pcd box_map.pcd 0.4463 0.7716231623964559 0.15611245346369051 -0.6166251674452151 -15.157972320712911 0.17614827351422724 0.8790572130017271 0.4429787827961888 11.643847842735138 0.6112033057757865 -0.4504301479066239 0.6508019674721084 12.006819750190367
25528382211239 p2at_met_099.pcd box_map.pcd 0.4608 0.5194154804816358 0.8544094731464744 0.013856797378731042 -20.74479831825255 -0.8538809745515876 0.5183297940738006 0.04713285344896967 -31.88707973299002 0.03308836555138413 -0.036313589370581864 0.9987925126332108 0.5846321578662321
25528382211270 p2at_met_096.pcd box_map.pcd 0.4599 0.4024816604817061 -0.41945294911124587 0.8136754490936589 6.034749326249183 -0.14869857246336615 0.8470859824854207 0.5102294315541457 -5.7448714202087 -0.9032703070085089 -0.326350366567265 0.2785645180531182 14.056491210729046
25528382211301 p2at_met_032.pcd box_map.pcd 0.3674 -0.47303829394662583 0.8164863771746038 0.3310359019024308 75.23924357247306 -0.8741795626946265 -0.3881594840373755 -0.2917915473739253 -125.58123873788146 -0.10974909852521329 -0.427413395719096 0.8973700042528578 -37.13775269660699
25528382211332 p2at_met_070.pcd box_map.pcd 0.4237 -0.4215927513358557 -0.8915371701371102 0.1655929536090741 -70.88878503724699 0.7631364809657886 -0.44747489319930156 -0.46624985938381414 -77.33176192190489 0.4897777694426485 -0.07019753713761812 0.8690167100462435 21.018407232921284
25528382211363 p2at_met_045.pcd box_map.pcd 0.2093 0.41066340553651487 -0.771852892158938 -0.4853850844628772 -81.35243990350929 0.04452893434311028 -0.514732003431098 0.8561939842407648 -117.37672139973076 -0.9106990399464682 -0.3732212179253621 -0.17701181071016264 -65.17413747991691
25528382211394 p2at_met_042.pcd box_map.pcd 0.1577 -0.18454884751656453 -0.7014333701843896 -0.6884278829856305 -108.96656020016663 0.3523813208080686 -0.7011126555403266 0.6198939013950311 -152.83359463063601 -0.917479769600327 -0.12818842160257907 0.3765615500036754 -49.959220273975376
25528382211425 p2at_met_047.pcd box_map.pcd 0.4485 -0.5626391150703557 -0.7301949192825496 -0.38762431044349865 -67.13317219080945 -0.8199788860322241 0.5525949672140597 0.14924285132308693 -17.505069497286982 0.10522287134553862 0.4018136160754674 -0.9096559598453456 8.532743538866933
25528382211456 p2at_met_069.pcd box_map.pcd 0.4074 0.2842054838659914 0.45830368067269395 0.8421312125924076 25.000089583803728 0.9192435923364219 -0.37983649961429716 -0.10351546507255799 -75.26411612813776 0.2724306533577447 0.8035433839206314 -0.5292443379654175 42.51149826845255
25528382211487 p2at_met_038.pcd box_map.pcd 0.2492 0.3818091658137776 0.9221853764885652 -0.061610813103143335 44.974551322943775 -0.9218020186844234 0.37511470914708417 -0.09782634272434171 -89.3315346912378 -0.06710290045824549 0.09414396620145987 0.9932945758323404 10.781700125879498
25528382211518 p2at_met_089.pcd box_map.pcd 0.4812 0.9614972774153709 -0.2119118873775085 0.17497524828080996 2.2163664535224896 0.16919024887420714 -0.045276700207584675 -0.9845428787534835 10.041714131972903 0.2165586415008941 0.9762394032236225 -0.007679999015141048 -22.080083152491515
25528382211549 p2at_met_010.pcd box_map.pcd 0.5118 0.6780430568652924 -0.7315580320066934 0.07127733751525245 7.4939899807435735 0.7256410252999255 0.6816780917961278 0.09359530739766078 5.7208531370083024 -0.11705859831060009 -0.011739888060940014 0.9930556175712788 3.34399452300928
25528382211580 p2at_met_005.pcd box_map.pcd 0.3747 -0.7312621851662212 0.6544525678698478 -0.19221720254567506 -37.86850713662429 0.05747402597886725 -0.2216817953604612 -0.9734238120898536 3.1017887322594353 -0.6796707680073517 -0.722875520414355 0.12449349019917397 -6.183289020473809
25528382211611 p2at_met_086.pcd box_map.pcd 0.3789 -0.6169032521872795 -0.6313193243947297 0.4699641348938659 -76.65455637168066 0.3502836820743472 0.31448963576263433 0.8822684461490863 -47.26501197088204 -0.7047919689619027 0.7088950413450975 0.027131178432513087 51.598574542904
25528382211642 p2at_met_080.pcd box_map.pcd 0.0938 0.7391971512061342 -0.6709669394548422 0.05823175943879444 -76.02557485772522 0.3119589966499571 0.4177406787031462 0.8533313012926379 -56.16119705844406 -0.5968828662793795 -0.6126141457028534 0.5181068928579078 -60.84113103677115
25528382211673 p2at_met_008.pcd box_map.pcd 0.3119 -0.09471252346560716 0.9157636821945959 0.3903926437218965 -30.15757030672409 -0.9225302336174254 -0.22811590853079278 0.31128941571622604 -31.320287440697008 0.37412231417085406 -0.3306660107246674 0.8664251170129353 25.91636867975737
25528382211704 p2at_met_064.pcd box_map.pcd 0.4409 -0.23753681338072247 -0.7710666641890522 -0.5907896932625846 -16.938540149117742 -0.4956503586672802 0.6192740474885896 -0.6089584354125462 -6.882661833350721 0.8354082739845997 0.14817507713332578 -0.529279852511509 -2.3678653384607653
25528382211735 p2at_met_027.pcd box_map.pcd 0.2785 -0.07490676993528408 0.20110364439865383 -0.9767017456866973 30.33982275966437 0.07622521922692968 -0.9754330421773603 -0.2066884035992982 -216.5836117904765 -0.9942729463138724 -0.08993166538099719 0.05773736909603192 -11.635369849707862
25528382211766 p2at_met_071.pcd box_map.pcd 0.3890 -0.9274515989878815 0.11388974657014969 -0.3561778448486223 -24.714489674245215 0.35068872559862263 -0.06574673300260311 -0.9341813447278311 -73.48270330111664 -0.12981120626831927 -0.9913155364089035 0.02103706256805773 -57.775882665817086
25528382211797 p2at_met_017.pcd box_map.pcd 0.4088 -0.07149575410160637 0.46214843115742066 0.883915824456253 1.2999606142251126 0.13451853162600327 -0.8736200747388817 0.467645944772768 -20.348680571188495 0.9883284483382164 0.15233775826093043 0.00029259768920074196 8.818393689877817
25528382211828 p2at_met_058.pcd box_map.pcd 0.4795 0.7397931519205202 -0.5745190724440019 0.35019127312025583 -25.96044032814164 0.45659749708899516 0.8109607638685723 0.36587069453259935 -11.688382313465748 -0.4941910744070223 -0.11077217549450402 0.8622671900940263 -11.056673091460649
25528382211859 p2at_met_061.pcd box_map.pcd 0.4686 -0.033055681179291266 0.9993358532679137 0.015335394193294771 58.162567508654476 0.5413114269138806 0.030799559381973318 -0.8402578926938651 -54.322635469729164 -0.8401721615444251 -0.019474072896212224 -0.541970017114048 -2.412186761040763
25528382211890 p2at_met_083.pcd box_map.pcd 0.3046 0.05560973622939641 -0.7238126346094176 0.6877520099689064 -76.88320358618805 0.9568390790717762 -0.15815534913888263 -0.24381522163276273 -91.99286211871555 0.28524819718548977 0.6716265000121213 0.6837772374713098 70.91918736402445
25528382211921 p2at_met_046.pcd box_map.pcd 0.3010 -0.696253086891006 0.33374112603470657 -0.6354907550766031 -52.28505742873716 0.5405570726102215 -0.33869943435540395 -0.7701173575620777 -60.23987178046181 -0.4722601933741746 -0.879715609706009 0.05541440059922773 -76.57051808409764
25528382211952 p2at_met_090.pcd box_map.pcd 0.3411 0.18004635801377278 -0.8349682077094046 0.5200109624618705 -16.746383853424252 -0.7139803735775107 0.25270722176902805 0.6529709688890445 -14.066752061693736 -0.6766205251927364 -0.4888426660801243 -0.550651897942413 -10.23691138149754
25528382211983 p2at_met_016.pcd box_map.pcd 0.5649 0.6336223659028625 0.2058232019066663 0.7457610253858449 3.8943593683608153 -0.7601883004796406 0.344633250359895 0.5507646235555163 -38.602482698373485 -0.14365390785333576 -0.9158955902848652 0.37483172551853683 -8.889319552355815
25528382212014 p2at_met_015.pcd box_map.pcd 0.4911 -0.654200483076525 0.7414171166087916 -0.1494067841229004 -45.86056308586434 -0.7205628404046224 -0.6710114461138897 -0.17473646503282947 -53.77642838490246 -0.22980626834458648 -0.006655703092244045 0.9732136356658202 -20.872290029328873
25528382212045 p2at_met_052.pcd box_map.pcd 0.4697 -0.5690386709078675 -0.8062459133800988 -0.16174831736156597 -20.948361744561204 0.36315868546020735 -0.42287436767902065 0.8302367363197576 -42.31326393469881 -0.7377741932232529 0.4136965026658539 0.5334270742058558 3.9402900092813664
25528382212076 p2at_met_050.pcd box_map.pcd 0.3017 -0.04058552474385907 -0.9665072574944198 0.2534098190518301 -87.52966885349848 0.5592057222252806 0.1882066643882951 0.8073829399425867 -28.203940569797954 -0.8280348877986774 0.17447628116866581 0.5328379227286517 -1.9532602468854172
25528382212107 p2at_met_043.pcd box_map.pcd 0.2248 -0.13889883574881673 -0.4603710097126932 -0.8767928186542923 -99.53875854804829 -0.644946633175671 0.713923808811771 -0.2726841314911087 -49.66276380672913 0.7514991375796712 0.5276090679924001 -0.39607791858320146 92.67995007899992
25528382212138 p2at_met_021.pcd box_map.pcd 0.4198 -0.7313523736578247 0.681870203935736 -0.013294003524268723 -44.25813007448248 -0.6819660953472284 -0.731371042205003 0.004317802777165442 -53.879927855858625 -0.006778668152401314 0.012223894985044129 0.9999023082528984 -0.426274914343475
25528382212169 p2at_met_063.pcd box_map.pcd 0.4245 0.7143115722189017 0.6966898275769761 -0.06619865515948306 52.61517125564555 -0.6820195604112652 0.7142168161836167 0.1573011719503781 -16.523614362464745 0.15687031908740834 -0.06721326975606282 0.985329426820347 -17.771248580878865
25528382212200 p2at_met_091.pcd box_map.pcd 0.4437 -0.6232332530612164 0.10543180747809885 0.7748964100127419 -17.092649811652045 -0.36793019956913464 -0.9138867853128625 -0.17157596532014352 -9.478013200550098 0.69007802495352 -0.3920396377949855 0.6083561801065442 -4.614989788210398
25528382212231 p2at_met_072.pcd box_map.pcd 0.3490 -0.8331100372570657 0.5026432126098591 0.23081912104236618 -18.07251530443644 -0.4221330637877764 -0.8474711480872252 0.32186383707534677 -136.82041699316449 0.3573952186007469 0.17071161055112866 0.9182190390883671 23.475851951504907
25528382212262 p2at_met_076.pcd box_map.pcd 0.2574 -0.41421734811238464 0.6168736827314187 -0.6692464778212285 9.724834140803077 -0.17032235859033884 -0.7748373044787872 -0.6087835787472184 -135.96227449051497 -0.8940997051151326 -0.1381810809822514 0.42601843407487533 -45.557083386361334
25528382212293 p2at_met_068.pcd box_map.pcd 0.3991 0.5040463880821815 0.824139810684016 -0.2583230750572262 63.250444851115155 -0.8635724214324491 0.47626945428501055 -0.1655598980923668 -38.77534403926681 -0.013413113083977177 0.3065305520837567 0.9517663100975069 16.61698040563928
25528382212324 p2at_met_085.pcd box_map.pcd 0.3700 -0.0676083554297554 0.9856701477723548 0.1545427774647138 53.16460894046183 -0.991566071791057 -0.04921458682891455 -0.11989432728912312 -105.92923871886983 -0.1105705003558183 -0.16134523306774018 0.9806843937870025 -1.1273795428888849
25528382212355 p2at_met_053.pcd box_map.pcd 0.4658 0.550044181576314 0.2206984723128036 0.8054462009549972 18.30092644439155 -0.8326507431716565 0.0705829049907103 0.5492820709059787 -32.75347212695517 0.06437498124062746 -0.9727847849559876 0.2225884631969991 -29.315660677627783
25528382212386 p2at_met_065.pcd box_map.pcd 0.4555 0.24869547472395404 0.4648477544831681 -0.8497453300864816 46.238991456437375 -0.6920872037625072 0.6990473451106464 0.17985580802951792 -23.212824007978092 0.6776177855104019 0.5433685438500404 0.4955650939223482 21.51672579023587
25528382212417 p2at_met_075.pcd box_map.pcd 0.3105 -0.21800967989104875 0.8165857288193803 0.5344712592481697 27.641126699625982 0.5041530775379364 -0.3746848410718689 0.7781008573957338 -85.9602911363288 0.8356443345603619 0.43908884904933543 -0.32999928599574274 37.66881880634155
25528382212448 p2at_met_094.pcd box_map.pcd 0.2089 -0.6062062581349372 0.18678288067974158 -0.7730628228566001 42.32264083879919 -0.6985918717299534 -0.5896304332270226 0.4053459620686434 -136.9342163437628 -0.38010968068555967 0.7857786632999723 0.48792266083020847 71.65943189784606
25528382212479 p2at_met_030.pcd box_map.pcd 0.2922 0.678279434863351 0.4331798822977524 0.593542077542914 40.755662989095214 -0.13358920585207143 0.866989494488423 -0.4800865969036435 -17.524829054220792 -0.7225586013059883 0.2463420508545262 0.6459293008213204 25.949746696972014
25528382212510 p2at_met_067.pcd box_map.pcd 0.4902 0.31482406950656927 -0.024375606738075928 0.9488369907710563 0.22787045156366859 0.9450141924246686 0.10127079264939998 -0.31095402018966417 -66.2272977939317 -0.0885097812406892 0.9945602326417005 0.0549177773804842 54.812081884325266
25528382212541 p2at_met_074.pcd box_map.pcd 0.3667 0.7745444142614025 -0.24027160437488626 -0.5851072606519072 -23.54857660338904 0.3270526842079795 -0.6396558951899377 0.695612591534336 -89.86777125083529 -0.5414032619857554 -0.7301437474086027 -0.4168604275189792 -71.3162803891259
25528382212572 p2at_met_023.pcd box_map.pcd 0.4076 0.07110441525274153 0.930572100361258 -0.3591374780788019 8.991770873072236 -0.9204054880740805 -0.07755951634516761 -0.3831948054807332 -69.68911737909289 -0.3844449240849448 0.3577989483684097 0.8509888441641176 1.418465096995794
25528382212603 p2at_met_035.pcd box_map.pcd 0.3175 0.44532332303516 -0.27271034442527775 0.8528283567074731 -32.20401670018185 -0.5944060927242265 0.6222744659094681 0.5093681242573043 -23.856856526585158 -0.6696032667880593 -0.733759877017361 0.11501264272342637 -68.37668791898649
25528382212634 p2at_met_081.pcd box_map.pcd 0.2431 -0.108834418890499 0.29239881213364494 -0.9500831563224352 16.15786015616744 -0.2851817880601051 0.9064007077661376 0.31162333789349944 -16.46163626631735 0.952274339160522 0.304861758218177 -0.015260778240740958 25.18430596553465
25528382212665 p2at_met_073.pcd box_map.pcd 0.3735 0.6835577300476613 0.6935617899399742 0.2274222355605265 29.690600985462407 -0.6619515485341563 0.7203419623152365 -0.2071897794802315 -43.53668203500815 -0.30752069375136554 -0.008916325649807627 0.9514996174731682 4.952417701405649
25528382212696 p2at_met_036.pcd box_map.pcd 0.1973 -0.031186452886376448 -0.9496448329819035 -0.3117725073625616 -150.36584279542666 0.9463724425081451 -0.1284090726146906 0.2964629995992802 -74.51400477824957 -0.3215689742769559 -0.28580727993003924 0.9027223235976048 -52.34929903851293
25528382212727 p2at_met_088.pcd box_map.pcd 0.4406 0.11682245275553171 0.9666463608484331 0.2279195638611624 -13.3679729586649 -0.9879718295782464 0.0897008455120697 0.12595801790371522 -8.17085167155188 0.10131228203921964 -0.23989283310032575 0.9654984464695451 -8.015354243858766
25528382212758 p2at_met_029.pcd box_map.pcd 0.1171 0.5046808342388704 -0.8491631673685831 -0.15562509674378835 -86.54203913828039 0.8197505819793782 0.41483266812187536 0.3948706633865788 -53.88103226658971 -0.27075124911333015 -0.3268574194407123 0.9054600976631327 -34.85073646926548
25528382212789 p2at_met_044.pcd box_map.pcd 0.3969 0.47031292970439736 -0.06077959039605252 0.8804042194038798 -11.905561603936764 0.7348574213085295 -0.5254373963382684 -0.42883576445655736 -77.63507882316931 0.4886617628796478 0.8486585791238722 -0.2024556681814697 72.9124915372492
25528382212820 p2at_met_049.pcd box_map.pcd 0.1509 -0.9513576827312772 -0.291762038665843 0.09896197401894785 -62.97801871244997 0.29050023724052537 -0.9564867735385666 -0.027251866155962624 -97.70178207539844 0.10260687925950318 0.0028222046940555388 0.9947179818869727 -9.450419773248981
25528382212851 p2at_met_082.pcd box_map.pcd 0.2432 0.26064678195983815 0.7124382401389657 -0.6515328150152334 58.184996050630176 -0.3556379417477584 -0.556549306967856 -0.7508492014399548 -158.9416449346509 -0.8975438203471734 0.4274162174055791 0.10830728348226726 32.01969755150134
25528382212882 p2at_met_093.pcd box_map.pcd 0.4798 -0.4830844224274263 0.8345277696456487 0.2649393185207118 25.776433442718997 -0.8662902034096166 -0.49950260136218355 -0.006199573286670243 4.73743586829215 0.12716416273654002 -0.23250925341300022 0.96424515699735 6.688349592278737
25528382212913 p2at_met_007.pcd box_map.pcd 0.4470 0.7080869363566515 0.39897835758670064 -0.5826054932271666 5.223847181200311 -0.567572279420645 0.8124371977144806 -0.13344477285789463 -19.600045687599653 0.4200887979871689 0.425161228179688 0.8017252221668187 27.604753722644052
25528382212944 p2at_met_087.pcd box_map.pcd 0.3443 0.30886751757418573 -0.6204259592289598 -0.720883129017724 -24.601502077426602 -0.6115033121352071 0.45098092669382306 -0.6501383721993738 -4.735014078354543 0.7284672647657071 0.6416290461576729 -0.24009916970194506 12.990313023040972
25528382212975 p2at_met_022.pcd box_map.pcd 0.4087 0.25801399740239755 0.9661346146947182 0.0035613807889857407 12.293400651705305 -0.8808708425200565 0.23372626914559985 0.4116291898168599 -53.856905833190034 0.39685682045599446 -0.10934320920828691 0.9113444610341315 15.172704808453691
25528382213006 p2at_met_056.pcd box_map.pcd 0.5021 0.5031779035198695 0.19657614894259762 0.8415282616028097 6.103018165879439 0.22487184784375663 0.9104556716352845 -0.34713559603486005 1.6907231922544939 -0.8344127572470854 0.3639069766493092 0.4139167342464857 8.3496568099564
25528382213037 p2at_met_060.pcd box_map.pcd 0.4478 0.42913998315468826 -0.4361209833985838 -0.7909724158891043 -41.05913796628215 0.872243534371036 0.4275312983251952 0.23750411722809422 -28.577120595919002 0.23458493473775605 -0.7918430884915426 0.563874482134329 -48.152277356235395
25528382213068 p2at_met_079.pcd box_map.pcd 0.0715 0.9399284658176863 -0.08520925410038115 0.3305659724794236 -12.392223254308906 -0.3250593050657677 -0.5191617170627254 0.7904476957564256 -177.17830897242683 0.10426373931415713 -0.8504178352740136 -0.5156729371530855 -98.84328675410231
25528382213099 p2at_met_034.pcd box_map.pcd 0.2632 -0.6319558857638341 -0.0451079458434422 0.7736905270650747 12.511943637409281 0.14748058504121436 -0.98706188020276 0.0629151944008261 -175.4253413129781 0.7608424511581549 0.15386395897798058 0.6304321110502489 15.97244134311371
25528382213130 p2at_met_012.pcd box_map.pcd 0.3767 0.1954117322227232 0.5732204623127884 0.7957591070767761 -6.192328947776702 0.4129602085385155 0.687867490715832 -0.5969105304651032 11.73647828287163 -0.8895381504317511 0.44526016754501874 -0.1022998637547547 -17.455449402620495
25528382213161 p2at_met_018.pcd box_map.pcd 0.4346 0.0442498573213973 0.9981498870731644 -0.041698358035598695 12.260541246444923 -0.9885437758948976 0.03771867785220573 -0.14614549079783468 -26.475243418050752 -0.1443022982024002 0.04768756941709785 0.9883839043896834 7.656003269607926
