id source target overlap t1 t2 t3 t4 t5 t6 t7 t8 t9 t10 t11 t12
25528382210000 p2at_met_062.pcd box_map.pcd 0.4479295441259619 0.971517126897011 -0.20348727690383053 0.12143887468204305 -2.2544181024010235 0.18802982028175794 0.9738445236123484 0.12756030148540767 -0.0306779160469381 -0.14421948145305113 -0.10109288782353629 0.9843683097301086 -4.243502818365976
25528382210001 p2at_met_062.pcd box_map.pcd 0.4479295441259619 0.8803397659855228 0.47340350859153657 0.029849865624120394 2.390021377643109 -0.4691382959141114 0.8782505374711184 -0.09265663893372904 -0.3972211652723546 -0.07007963849335089 0.06756560874375904 0.9952505879343788 -1.3805983026575916
25528382210002 p2at_met_062.pcd box_map.pcd 0.4479295441259619 0.9711076132992285 -0.1835264442834497 -0.15253867588565906 -0.5659086409993584 0.13026494186866774 0.9432279804255879 -0.3055356310845257 -0.5268576961173661 0.19995261516726637 0.27683753573339837 0.9398829344640909 -0.6966074714830134
25528382210003 p2at_met_062.pcd box_map.pcd 0.4479295441259619 0.8462026339052101 0.052566930734412036 -0.5302620297221444 0.2295675606067718 -0.1498906963983793 0.9784226514290816 -0.1422037070673428 1.4186055453096955 0.5113451686533214 0.19981449638014076 0.8358231185671146 -3.5585413785891746
25528382210004 p2at_met_062.pcd box_map.pcd 0.4479295441259619 0.9908637363188227 0.10356430258768504 0.0863915000322894 -1.3611229072827495 -0.10561156034865912 0.9942170103876354 0.019461104197706396 -0.8736099376496573 -0.08387642320118435 -0.028407243537500602 0.9960711692171282 0.4757390903344466
25528382210005 p2at_met_062.pcd box_map.pcd 0.4479295441259619 0.949300777162421 0.004113470473241263 -0.3143423513297075 -1.0528682953973505 -0.036442862957272476 0.9946130235338996 -0.0970404614386799 -1.2097798849591168 0.312249823407958 0.10357612069111412 0.9443368228573313 3.113265546609245
25528382210006 p2at_met_062.pcd box_map.pcd 0.4479295441259619 0.8584002932607289 0.5121485524110061 -0.029202684691748887 -0.4338898013419077 -0.5129720794130521 0.8566691600060682 -0.05456735321734828 -0.3705154591555923 -0.002929551594362388 0.06182079389500367 0.9980829660752895 -1.3300904417909043
25528382210007 p2at_met_062.pcd box_map.pcd 0.4479295441259619 0.9910500881611173 0.11148771122931066 0.07341806998751217 -0.2840927068584624 -0.11562578500358288 0.9917830335653405 0.05474570461904634 -0.43687534866150013 -0.06671132286311392 -0.06274475736490245 0.9957975169807729 -4.043680561361778
25528382210008 p2at_met_062.pcd box_map.pcd 0.4479295441259619 0.9622735314747426 0.24254582979675993 -0.12329302928928568 0.9607394626542607 -0.23325539646770188 0.9686829966345311 0.08511857640867955 -0.16081326836587448 0.14007701682225634 -0.05314858868630647 0.9887131317418774 0.9897867792071148
25528382210009 p2at_met_062.pcd box_map.pcd 0.4479295441259619 0.9239335492409646 -0.38074645020506365 0.0371340442617963 -0.07407982334544184 0.371535994587258 0.869960361490848 -0.32423752737888023 -0.11564050201793809 0.09114714100316633 0.313370563536137 0.945246575553698 -3.4700917801719493
25528382210010 p2at_met_062.pcd box_map.pcd 0.4479295441259619 0.9283179498645557 -0.27900891617458284 0.2457230324050891 2.9094404358209527 0.2735574857028857 0.9601787729401211 0.05677170079466172 -1.712131530519487 -0.25177785044595036 0.014517186032000546 0.9676761675966442 2.6585363866293994
25528382210011 p2at_met_062.pcd box_map.pcd 0.4479295441259619 0.9229813885725542 -0.10111631650973871 0.3713231030843379 -0.4631658356054802 0.0187569653860312 0.9755380683210371 0.21902888737782159 0.2755043505004354 -0.38438721700674017 -0.19519469201789677 0.9023001161530743 -2.1846678941589204
25528382210012 p2at_met_062.pcd box_map.pcd 0.4479295441259619 0.9949902538212929 0.009887090715861236 0.0994818588377574 1.2030572127699508 -0.011403199343963867 0.999827173622259 0.014682981006830555 -3.144162238286777 -0.09931949378324972 -0.015743834466274576 0.9949310377262023 -3.1867747001249236
25528382210013 p2at_met_062.pcd box_map.pcd 0.4479295441259619 0.9668810273333367 -0.1425837016330474 -0.2116860104292433 0.3687337832018466 0.16352023221711548 0.9828844339808119 0.0848488249410665 -2.9665980908068637 0.19596482500309131 -0.11665366460954942 0.9736476312787243 -1.8039025783092968
25528382210014 p2at_met_062.pcd box_map.pcd 0.4479295441259619 0.9206655164146208 -0.09466632392049266 0.37869947715884156 0.8971821972319958 -0.07786179725966326 0.9061167304520436 0.4158004465153853 -1.7486742155690984 -0.38250823182317883 -0.41229935472939927 0.8268595374531434 -0.38389634024930974
25528382210015 p2at_met_062.pcd box_map.pcd 0.4479295441259619 0.972261118129108 -0.1943987525864655 0.13006707180206292 1.555551622289063 0.21822536062030407 0.9540564181011891 -0.20531449793443038 3.3256446216195203 -0.08417844235001662 0.2280032369786779 0.9700146977086326 1.9874968048856128
25528382210016 p2at_met_062.pcd box_map.pcd 0.4479295441259619 0.8594431930616243 -0.5022591132548182 0.09535817244748059 -2.5489116049694056 0.5044202680295691 0.8634566771185423 0.0016613068299426888 -1.3742037858582556 -0.08317205721284972 0.046672796058186986 0.995441640181429 3.8513290009054604
25528382210017 p2at_met_062.pcd box_map.pcd 0.4479295441259619 0.969464759708095 0.2418188559017656 -0.040764207516973475 -1.210969603336719 -0.2441664242778449 0.9672978632072833 -0.06868479518783817 -0.8626269126962924 0.022821852236336603 0.0765407392503167 0.9968052358888961 0.15034824060320973
25528382210018 p2at_met_062.pcd box_map.pcd 0.4479295441259619 0.8549183441742115 0.03866183146789634 -0.5173199083564949 0.25943390908968206 -0.1390646377513668 0.9778001893708854 -0.15674123960637004 -0.0784863344839383 0.4997756009665792 0.20594186668525744 0.8413158124180753 -2.8116649457084937
25528382210019 p2at_met_062.pcd box_map.pcd 0.4479295441259619 0.9732352643090617 -0.0042421550296300355 -0.2297718965103762 0.400074422762905 0.041149855668405594 0.9868874603910883 0.15607635920054358 -0.2696839719218988 0.22609690330418022 -0.16135409707699494 0.960648242424212 -1.3589214969868126
25528382210020 p2at_met_062.pcd box_map.pcd 0.4479295441259619 0.9931077263753825 0.01609104529272784 -0.11609531461219959 0.369317283383987 -0.025356483050980205 0.9965695748680772 -0.078779002370842 -1.3541485999601042 0.1144294218319903 0.08117980480789024 0.9901089569893553 1.9657920752520377
25528382210021 p2at_met_062.pcd box_map.pcd 0.4479295441259619 0.9709523664575601 -0.22795381903443046 0.07272247560473982 -0.26832455561662694 0.21590904706666353 0.9656892182454416 0.14431776453116615 0.8247175554712266 -0.1031250961950054 -0.12442423458525266 0.9868555235608933 -1.128913043028169
25528382210022 p2at_met_062.pcd box_map.pcd 0.4479295441259619 0.9338576754483049 0.2426921257763146 -0.26269825673662517 -2.819040323063901 -0.22379032434816543 0.9694827474199817 0.10010541035901344 0.7725236290234655 0.2789762225252024 -0.034694877736879966 0.9596710544370876 -1.5927223183099484
25528382210023 p2at_met_062.pcd box_map.pcd 0.4479295441259619 0.9234398935770679 0.09487867990838153 0.3718289916738829 3.8954243988829864 -0.028772673677973197 0.9833443441023656 -0.17946039722264465 2.4015336232843323 -0.38266290152011656 0.15502237587113485 0.9107893097635008 -1.392337183402064
25528382210024 p2at_met_062.pcd box_map.pcd 0.4479295441259619 0.9217587628224202 0.08409812986690525 0.3785343943593108 -1.3159138606614187 -0.11447023894270479 0.9917075730924083 0.05841792419767654 -1.5334860445222007 -0.37048258738634554 -0.0971781561054466 0.9237418786757825 -2.1474674433079457
25528382210025 p2at_met_062.pcd box_map.pcd 0.4479295441259619 0.9804273657997556 0.1025082679293361 -0.1680899622139268 0.2899997209756926 0.005345622016968164 0.8395888957726748 0.5431960147317653 -0.7388276129148068 0.19680854838193285 -0.5334627832392321 0.8226079589831649 0.6430191768714326
25528382210026 p2at_met_062.pcd box_map.pcd 0.4479295441259619 0.9980263892631611 -0.06158238035844727 -0.012285632410447144 1.8146086601952733 0.06154770704060287 0.9980990736430826 -0.003181029843382267 2.9492036759221625 0.012458173717733464 0.0024185992243224265 0.9999194689000763 -1.3737982377880789
25528382210027 p2at_met_062.pcd box_map.pcd 0.4479295441259619 0.8533786629655535 -0.517601892158897 -0.06191234794977066 -0.06746502530470468 0.5166738824976771 0.8556058796905598 -0.03141142759760787 -0.03293747318938703 0.06923118329120559 -0.005182651104669214 0.9975871808456775 -3.1224246132756415
25528382210028 p2at_met_062.pcd box_map.pcd 0.4479295441259619 0.8590341444645881 -0.5000322758885218 0.10967252032181335 -0.06788075392404329 0.48825945072617716 0.864686395212358 0.11798367137544757 0.9570630685272256 -0.15382797996647135 -0.04780335766871463 0.9869406221121065 1.7442287275102706
25528382210029 p2at_met_062.pcd box_map.pcd 0.4479295441259619 0.9862452392604253 0.13949051011539923 -0.08867201150245965 0.0070343238235655685 -0.13597880569872053 0.9897113346668919 0.044511104599069054 2.2860064904094353 0.09396857153802135 -0.031841350782047 0.9950658450291008 2.15354308644434
25528382210031 p2at_met_054.pcd box_map.pcd 0.49217284330309086 0.864821965940805 0.18883069727917887 0.46521600895856974 3.013251404057072 -0.3158133524721751 0.9249102720463677 0.21166699096316283 -0.42806071649848476 -0.3903138399116365 -0.3299756906624685 0.8595179753473805 -0.39036030880265765
25528382210032 p2at_met_054.pcd box_map.pcd 0.49217284330309086 0.9899782975065347 0.14121841337123398 0.000574622462360634 1.2222352189344672 -0.14121492405737102 0.9899043962209798 0.012150373074443577 -0.19307438807434657 0.0011470351057833682 -0.01210975091769081 0.999926016384801 -0.18368376151196156
25528382210033 p2at_met_054.pcd box_map.pcd 0.49217284330309086 0.9659041910323384 0.2585049760057707 -0.0142923450287235 -3.283567486065651 -0.2553421136193228 0.9420583357688194 -0.21754653989640776 3.5876736734465013 -0.04277264030406631 0.21377855221873493 0.9759453016704782 -0.5102972240878747
25528382210034 p2at_met_054.pcd box_map.pcd 0.49217284330309086 0.9233287945003004 0.38316957413703 0.02539713964739691 -1.0779740546641094 -0.37708126865921865 0.8921761619174827 0.24865923053959588 -4.5695881782378915 0.07261992889680162 -0.2391710132140531 0.9682580091923778 1.0884641992438029
25528382210035 p2at_met_054.pcd box_map.pcd 0.49217284330309086 0.9564561987550576 0.1483055540368321 -0.2513901400310959 2.831074272298161 -0.07446042853111917 0.9567728263722632 0.2811430299662309 0.5065376447076606 0.28221832762240623 -0.250182376192767 0.9261541956912752 -0.742260348478148
25528382210036 p2at_met_054.pcd box_map.pcd 0.49217284330309086 0.9650692342180788 -0.24617994523141004 -0.08964824444232375 2.5718502276830373 0.24252545400160894 0.9688675030726625 -0.04977113270820405 3.62824253336547 0.09910992547189282 0.026290607745051084 0.9947291222324556 -0.030332980864729773
25528382210037 p2at_met_054.pcd box_map.pcd 0.49217284330309086 0.887404616602567 0.3160616406698316 -0.33558618226849757 -0.8336579740351241 -0.1932119042304151 0.9159431075263241 0.3517348203386713 0.29241169979720655 0.41854773502685205 -0.24729185807889986 0.8738790136121688 2.7931118282383816
25528382210038 p2at_met_054.pcd box_map.pcd 0.49217284330309086 0.9768182161778487 -0.16828521420042533 0.13231122108363486 0.9600812480830233 0.1552363807116274 0.9824417477002901 0.10348854274340809 2.3095402494503814 -0.14740365886463003 -0.0805499786289015 0.9857909830670005 -1.6001633189304696
25528382210039 p2at_met_054.pcd box_map.pcd 0.49217284330309086 0.9001140406242646 -0.41892801158807447 0.11955766381927133 -2.82548846714965 0.3988502258658251 0.9028298638914665 0.16067586686399538 -1.6064182418963826 -0.1752518507686582 -0.09694100253545052 0.9797393688270272 3.1250276745253953
25528382210040 p2at_met_054.pcd box_map.pcd 0.49217284330309086 0.9407509865417154 -0.0044790743812038285 -0.3390686054672075 -1.2150648269498636 0.03792949740760161 0.9950278739163596 0.0920917116568909 0.18347436178676696 0.3369702279834168 -0.09949607038560285 0.9362433430634512 -4.68765351195395
25528382210041 p2at_met_054.pcd box_map.pcd 0.49217284330309086 0.9085499653700894 0.27870349237113207 -0.3112255191435046 -1.6035631470196539 -0.33388124617125275 0.932171811265719 -0.13992507901273477 -0.14962648392994954 0.2511180477009586 0.2310412898633556 0.9399785361895963 4.46695999134213
25528382210042 p2at_met_054.pcd box_map.pcd 0.49217284330309086 0.9831024903903858 -0.08210091330247414 -0.16361214326302573 -2.972485334565144 -0.013746426335430537 0.8581476319196512 -0.5132189372906063 2.0722310349329733 0.18253911677014825 0.5067958976408494 0.8425184799060372 0.6441889598750903
25528382210043 p2at_met_054.pcd box_map.pcd 0.49217284330309086 0.8513290672813366 -0.5196663151842564 -0.07201208276884045 2.076667332386134 0.5242947006391592 0.8476505901084722 0.08126219274947666 0.8424910022079822 0.018811860184034426 -0.10693642013633972 0.994087881409305 -0.8755826300217621
25528382210044 p2at_met_054.pcd box_map.pcd 0.49217284330309086 0.9888848573133578 -0.14621663729521103 0.026970983564203833 0.21874561931969932 0.14736336817292986 0.9879631196061344 -0.04704159881258916 -0.7183680439431347 -0.01976807266956942 0.05049325971053726 0.998528744717314 4.106684307614571
25528382210045 p2at_met_054.pcd box_map.pcd 0.49217284330309086 0.9091326781930559 0.024711925767875537 -0.41577288772401255 0.6235731793644644 -0.05715287148628838 0.9961972979422503 -0.06576087631282727 1.3587869829629398 0.41256674941443494 0.08354797602217647 0.9070878750045138 -2.9296979722563616
25528382210046 p2at_met_054.pcd box_map.pcd 0.49217284330309086 0.8415669443591918 0.5392922155455568 0.030479245625468814 -0.4054683086143441 -0.5346362832931224 0.8396888115792877 -0.09532441604898353 0.26453658069189306 -0.07700079706372587 0.06392656693838855 0.9949795331015722 2.3418535053980882
25528382210047 p2at_met_054.pcd box_map.pcd 0.49217284330309086 0.8605618107634826 -0.021727787884760846 -0.5088823764772276 -2.634402366093503 -0.0872845324756755 0.9780198007854981 -0.18936388161948253 -1.1346803106254892 0.501811498718372 0.20737688517558917 0.8397499909192567 -0.8764460974775589
25528382210048 p2at_met_054.pcd box_map.pcd 0.49217284330309086 0.862091726639881 -0.48206431167646036 -0.15624293349450716 1.041373650399268 0.4924903474573973 0.8696447689489869 0.03422328886818221 -0.0644973145442245 0.11937802360719771 -0.10645175079613947 0.9871255807809236 2.4368966816448916
25528382210049 p2at_met_054.pcd box_map.pcd 0.49217284330309086 0.8876279287098257 -0.46035137375877233 0.01390226070521347 -0.6285204765412173 0.43768329740326684 0.8525468838047697 0.28565213475305923 0.5419162818364059 -0.14335268169276802 -0.24746802539558027 0.9582325318305074 -1.8378522351008768
25528382210050 p2at_met_054.pcd box_map.pcd 0.49217284330309086 0.997884492074077 0.06477200764041846 -0.005579202836516733 -1.3454816974640533 -0.06496376493825029 0.9967678042703217 -0.0472615447818779 -0.38676518186479475 0.0024999446212237604 0.04752400863091476 0.9988669675590137 -0.15718537101563093
25528382210051 p2at_met_054.pcd box_map.pcd 0.49217284330309086 0.9979338913125761 0.021642927017640746 -0.06049406813769995 -4.235067415567342 -0.014769651942946178 0.9936165045091087 0.1118396143975143 1.076554398431367 0.06252844113860376 -0.11071506526760275 0.9918832433162518 -0.6080065059451686
25528382210052 p2at_met_054.pcd box_map.pcd 0.49217284330309086 0.9867722938133219 -0.012275962712389921 0.16164696378800064 -0.7379416208427519 -0.0018969273554752773 0.9961861139837769 0.08723318160258435 -0.7804215218050133 -0.16210133197788112 -0.08638591925415522 0.9829855701512669 -1.2180492623540993
25528382210053 p2at_met_054.pcd box_map.pcd 0.49217284330309086 0.9790767607584318 0.11363558540457958 -0.1688065468888425 -0.7894517124122968 -0.08329267392938897 0.9806690982481698 0.1770605834476262 -1.2963688471615513 0.18566374716801598 -0.1592955538327414 0.9696153358505893 -3.795725026914329
25528382210054 p2at_met_054.pcd box_map.pcd 0.49217284330309086 0.8805605959667824 -0.47296961541805776 0.03021224456937365 -2.844768028183011 0.45428839717447483 0.8605069956525324 0.2305423228513567 3.706950357485227 -0.13503736158290314 -0.18928141304509302 0.9725931614258766 -0.12084697115918898
25528382210055 p2at_met_054.pcd box_map.pcd 0.49217284330309086 0.906567051225677 0.39268058737353134 0.1547195460565957 1.0391541441804126 -0.32541394068776924 0.8837611274021823 -0.33626185763312605 -2.046925112166017 -0.2687786242208216 0.25449602353043194 0.9289724566256851 -2.053912906398264
25528382210056 p2at_met_054.pcd box_map.pcd 0.49217284330309086 0.9961227568694547 -0.04655473686243247 -0.07464656537622226 -2.8302199737645197 0.05209357217024134 0.9958924953103683 0.07405671828424333 -1.5094972421189032 0.07089226322625629 -0.0776581886226919 0.9944563805187744 2.7277767664500283
25528382210057 p2at_met_054.pcd box_map.pcd 0.49217284330309086 0.9878585845195179 -0.06228756916989769 0.1423224357506558 1.4439604517055027 0.06525420729699488 0.9977360490732544 -0.016268522051282597 -1.9135889352723716 -0.14098689804778017 0.02535813689129112 0.9896866471122399 0.7402978388811267
25528382210058 p2at_met_054.pcd box_map.pcd 0.49217284330309086 0.9048592276563562 -0.00030520549213851333 -0.4257107996924086 0.6989956347246609 -0.14563560026988887 0.939441469382907 -0.31022572030331996 -0.33593414967911484 0.40002506178884795 0.34270925352737724 0.8500178336291164 -2.1080788507585013
25528382210059 p2at_met_054.pcd box_map.pcd 0.49217284330309086 0.964662486741715 0.23895361573551474 -0.11102907817420801 1.3480278157179977 -0.2580320180805097 0.9420319326456935 -0.21446518486952354 -0.7203983676423404 0.0533457057183607 0.2355355756626658 0.970400550431968 0.06989443704683969
25528382210060 p2at_met_054.pcd box_map.pcd 0.49217284330309086 0.9484166521267589 -0.23105069280615578 0.21707471368739806 1.765133023000602 0.14411790437129599 0.9240999742733522 0.3539339870478894 -3.612303958339205 -0.2823754302489797 -0.304392534241208 0.909730345481516 -0.7571854838536806
25528382210062 p2at_met_078.pcd box_map.pcd 0.3240315749794896 0.9990695755899925 0.03178386748777208 0.02915079583736781 2.3927910810632094 -0.039237695775586 0.9504093527995681 0.30851655602467876 -3.700825547507962 -0.017899339670912884 -0.30937331474874485 0.9507721944612807 0.7616047074989758
25528382210063 p2at_met_078.pcd box_map.pcd 0.3240315749794896 0.8258820239624876 0.5633255885656608 -0.02414878387780201 -0.12433215341287619 -0.5634581713794117 0.8229791050173528 -0.07225151770451793 -1.850322665925485 -0.020827184192648847 0.07327805928099171 0.9970940549550061 -2.6602055218276033
25528382210064 p2at_met_078.pcd box_map.pcd 0.3240315749794896 0.920586124767762 0.15389225201959175 0.35894061020371165 0.6514070848112973 -0.2218567290924315 0.9624614760989807 0.15635695949262585 0.45469328923925645 -0.3214043849132769 -0.2235734371380233 0.9201707121859555 3.6962874334232363
25528382210065 p2at_met_078.pcd box_map.pcd 0.3240315749794896 0.9546852656512256 -0.2941217029773369 -0.045480406618234416 -0.20120626758619475 0.29489138955509503 0.9554662335503014 0.011106075430421638 0.057856724658508496 0.040188454992870264 -0.02401458687781652 0.9989034926870433 2.409429242812676
25528382210066 p2at_met_078.pcd box_map.pcd 0.3240315749794896 0.9425438574244359 -0.11880320905348107 0.3122448948342621 1.2692842097580939 0.05396379665000959 0.9765015405953509 0.20864479352723522 -3.1441325900194568 -0.32969529187202684 -0.17980694851284554 0.9268066010683771 -2.685262387683212
25528382210067 p2at_met_078.pcd box_map.pcd 0.3240315749794896 0.9782029571395594 0.1915590605955139 -0.08015048937583247 -1.2567448849102811 -0.20730866616010443 0.8787509778242907 -0.4299067758337512 2.0084595633795477 -0.011920217210251355 0.43715197045949256 0.8993086584399392 0.412784619697828
25528382210068 p2at_met_078.pcd box_map.pcd 0.3240315749794896 0.954228950603885 -0.29650908624565664 -0.03910845948351812 -3.8904249549360697 0.2990760774970621 0.945690888403991 0.12736657119763162 0.05292857195472007 -0.0007808318509723786 -0.13323327423521442 0.9910843984939852 -0.6120389910368627
25528382210069 p2at_met_078.pcd box_map.pcd 0.3240315749794896 0.9500167911955606 -0.18721384180879191 0.24983809533712661 1.4208031008634394 0.24241692943988674 0.9466242815978575 -0.21245352858984734 -3.672505204603182 -0.19672856622114518 0.26239940343783696 0.9446927671513314 1.8305386349366
25528382210070 p2at_met_078.pcd box_map.pcd 0.3240315749794896 0.9537255059905472 0.29902551510061165 -0.03148651365090836 1.2150573815512629 -0.2968849339078437 0.9530969522551554 0.05886880005970433 1.011687458432304 0.04761297345902911 -0.04679680459975951 0.9977690433350004 3.528244813309087
25528382210071 p2at_met_078.pcd box_map.pcd 0.3240315749794896 0.9400523466585503 -0.27899841552258386 -0.19611595977288604 -1.3562692878790343 0.29410853562144157 0.9543517555708583 0.05208546739189232 2.744070781369857 0.17263184763062644 -0.10664244358935285 0.9791964227921423 2.513290806693626
25528382210072 p2at_met_078.pcd box_map.pcd 0.3240315749794896 0.9386145013237187 -0.00432325364958454 -0.34494075923657996 -0.17699232396218958 -0.011808089784696737 0.9989328676834465 -0.04465081048942595 0.3075897789982177 0.34476569858450745 0.0459829896766994 0.937561826089314 1.168327609448002
25528382210073 p2at_met_078.pcd box_map.pcd 0.3240315749794896 0.9335806925151154 -0.3468167809625319 0.09025082274297955 -0.24436696004059782 0.3347217698975312 0.9338400931167395 0.12611113053328604 2.070014565335987 -0.12801729304926632 -0.08752600145389083 0.9879022075842486 3.5467834276849617
25528382210074 p2at_met_078.pcd box_map.pcd 0.3240315749794896 0.8598687408388546 0.15854658374485445 -0.4852718097221789 -4.283706738320452 -0.07086089399140932 0.9784180656097491 0.1941051843491432 -0.2882077494814682 0.5055734192290384 -0.13251818619084882 0.852545862753287 -0.5410157621202155
25528382210075 p2at_met_078.pcd box_map.pcd 0.3240315749794896 0.9937739945902565 -0.050272522127401804 -0.09942796988310103 -0.3693456830704165 0.07321728561377219 0.9673346714494131 0.24269911927983454 -0.9770903694053275 0.08397902573545525 -0.24846791931918685 0.9649928581630632 -2.7337421154617845
25528382210076 p2at_met_078.pcd box_map.pcd 0.3240315749794896 0.9638050134941534 0.23630252517068057 0.12345449591446499 3.674752088736564 -0.2624400886404012 0.9224527547123372 0.28320684172180405 -0.17345097918243726 -0.04695844799344566 -0.30535558275816815 0.9510798453549872 -1.6310034598960077
25528382210077 p2at_met_078.pcd box_map.pcd 0.3240315749794896 0.9507922166577402 0.12978217293265024 -0.2813374278903189 0.13658855570133965 -0.08458224198506598 0.9822748297101409 0.16727822111289103 0.2834356666337627 0.2980604050923914 -0.13525068024521425 0.9449165298635464 -1.662441292922235
25528382210078 p2at_met_078.pcd box_map.pcd 0.3240315749794896 0.8943062332280172 -0.021316610979093 -0.44694738315139676 1.4284800917063651 0.11038244373645172 0.9785043669134279 0.1741979335299955 -0.3872925796874801 0.43362665661175 -0.20512144214517816 0.8774355341835649 -2.89516061115944
25528382210079 p2at_met_078.pcd box_map.pcd 0.3240315749794896 0.9694704843084625 0.18298581505583658 -0.16322736150249464 -0.016586891343648758 -0.17683097163199726 0.9828878394247523 0.05159750558530865 0.18336393126416972 0.16987580029656577 -0.02115860579748439 0.9852383091792096 -4.392003675048479
25528382210080 p2at_met_078.pcd box_map.pcd 0.3240315749794896 0.9872076759898425 -0.06572526927711328 -0.145262498412994 1.496060174190621 0.03061003461182931 0.972262226809079 -0.2318818408183649 -1.3603205934692275 0.1564737366071276 0.22446904307432206 0.9618365861483443 -0.7488463690800562
25528382210081 p2at_met_078.pcd box_map.pcd 0.3240315749794896 0.9429243476791789 -0.31228993206475447 -0.11562297732192282 0.030406576360058387 0.3245899250761652 0.939483145706583 0.10960291726187174 0.020498573462755326 0.07439795086455213 -0.1408773128088915 0.9872276979719022 2.6725308450788345
25528382210082 p2at_met_078.pcd box_map.pcd 0.3240315749794896 0.9805795714904756 -0.02967796558083121 0.19386315362785764 3.243005188626653 0.07849589902515478 0.9652467009012913 -0.2492733444141307 1.4987846416790545 -0.17972784372986852 0.2596498117814764 0.9488307949418884 3.1313985690598223
25528382210083 p2at_met_078.pcd box_map.pcd 0.3240315749794896 0.9680104322787132 -0.24635638644153227 -0.047585017169788364 0.9793044003011118 0.21797718443222955 0.919619338031231 -0.3267816093142301 -1.9333434782896108 0.12426483841608785 0.30595555882917175 0.9439011844228996 -2.498865733514471
25528382210084 p2at_met_078.pcd box_map.pcd 0.3240315749794896 0.9980878679587011 -0.06176673815512452 -0.002340489549367634 -1.428424643492312 0.06138917922415305 0.9949811080778059 -0.07901875247336163 -1.8703128542224414 0.007209473478641058 0.07872397745247545 0.9968703821792595 -3.5237510786253368
25528382210085 p2at_met_078.pcd box_map.pcd 0.3240315749794896 0.9651834997387159 0.23379108035838844 0.11731386353275501 1.8235953326037144 -0.1821508586940593 0.9226095888249038 -0.3400185455020928 0.7966765518982898 -0.1877281984922381 0.3068114687445687 0.9330727978768106 1.6352534740045845
25528382210086 p2at_met_078.pcd box_map.pcd 0.3240315749794896 0.9139148486399531 -0.23904957050942482 -0.328047179952322 -2.016952367083744 0.20948265799495625 0.9700135590125709 -0.12325060377594016 0.41569540611579586 0.347673216447255 0.04392036169050904 0.9365865343865429 -0.09715211098727931
25528382210087 p2at_met_078.pcd box_map.pcd 0.3240315749794896 0.9586031443910646 -0.003894995085572608 -0.28471887990937117 1.2284901032408626 0.03481569518389307 0.9940073488311112 0.10362074038824379 -1.1136312346958834 0.282609056706302 -0.1092438532963248 0.9529941770989712 2.0952745389337415
25528382210088 p2at_met_078.pcd box_map.pcd 0.3240315749794896 0.9296687079390874 -0.36072944102074217 0.07476873584413805 -0.1190915854876801 0.36586118607933377 0.8802841730701192 -0.302068480915966 0.5509351430359605 0.043147259466745885 0.30817859273985776 0.9503495509429096 -1.7155793721711992
25528382210089 p2at_met_078.pcd box_map.pcd 0.3240315749794896 0.9736598239898038 0.09326883097059542 -0.2080564161892701 -1.630712744214108 -0.16113755945029784 0.9270673000974925 -0.33849801775541827 -1.6610064641852127 0.16131098562263516 0.36310762352135245 0.9176772960350112 1.1562535850432398
25528382210090 p2at_met_078.pcd box_map.pcd 0.3240315749794896 0.9787196583901577 -0.07840613470016981 0.189632034008054 0.6467842041064515 0.0959880455723857 0.9917148183312876 -0.08536986710388436 0.03038301720069518 -0.1813673768566071 0.10175557549107614 0.9781368398484097 3.7814951277009263
25528382210091 p2at_met_078.pcd box_map.pcd 0.3240315749794896 0.9829695229341299 0.01727452268566642 0.18295493392808904 1.2967678267573828 -0.022027213734071217 0.9994698114061541 0.023977029483653954 2.9974982027131607 -0.1824437415691823 -0.02759867666626179 0.9828288733083234 -2.8268501342118486
25528382210093 p2at_met_101.pcd box_map.pcd 0.3365570599613153 0.8789750371309344 -0.386410322636452 -0.2794457848325249 -0.3298937302158648 0.37679782953598945 0.9219464990201172 -0.08965516494612366 -0.5342892005834396 0.2922777442051312 -0.02648991326037739 0.9559665290886589 -1.3513700741521126
25528382210094 p2at_met_101.pcd box_map.pcd 0.3365570599613153 0.993129999513365 -0.11683375067861186 0.00653289896994636 -1.5938773583438144 0.11691409803499304 0.9930477310221232 -0.013685671064177415 -0.4338915059988713 -0.004888532218120401 0.014355438487931605 0.9998850052073847 1.2191224118951363
25528382210095 p2at_met_101.pcd box_map.pcd 0.3365570599613153 0.9229226778845354 -0.19721109210274915 -0.330638043482717 0.5959026484907081 0.17430857508142875 0.9798159762794442 -0.09786303326916485 -0.29900730856780083 0.3432641130376433 0.03268696650349712 0.9386699691165576 -1.010869477460733
25528382210096 p2at_met_101.pcd box_map.pcd 0.3365570599613153 0.9399777913389412 -0.3353200801876484 -0.06326290866309309 1.0381299171277782 0.31347018606954785 0.9217764219949947 -0.22817683997204563 1.808990505392338 0.13482653386885268 0.19465012632170187 0.9715622131844448 -0.9760765046861942
25528382210097 p2at_met_101.pcd box_map.pcd 0.3365570599613153 0.8669862658439154 -0.4979632091431829 -0.019169172591588075 3.9380871569211107 0.49774535220935767 0.8671906642937088 -0.015162985056323413 -2.325647808364478 0.02417393621249695 0.003604733229866956 0.9997012687329828 0.02478944249170406
25528382210098 p2at_met_101.pcd box_map.pcd 0.3365570599613153 0.9695162810227751 -0.2446881255135856 0.012880297528205381 0.31147351024944847 0.24501682517540646 0.9686126776201498 -0.04190747110585476 -0.6562747504075914 -0.0022217589274328604 0.043785865141293234 0.9990384686292599 1.0714881203753126
25528382210099 p2at_met_101.pcd box_map.pcd 0.3365570599613153 0.9997337136092618 -0.02300407988472564 -0.0018204894099250607 -0.35423219214353463 0.02287781770372652 0.9983757207390304 -0.05217782762761168 -0.5691935453912995 0.0030178353416887285 0.05212228455736434 0.9986361500177988 1.1489100996099244
25528382210100 p2at_met_101.pcd box_map.pcd 0.3365570599613153 0.9409020780757642 0.33315387482222436 0.06092433966524842 0.7229118002293092 -0.3312540357644135 0.9427229005675538 -0.039297538539798824 -1.058735574773163 -0.07052689743989553 0.016793702284963668 0.9973685017590372 1.662119565709772
25528382210101 p2at_met_101.pcd box_map.pcd 0.3365570599613153 0.9941253070783803 -0.10739544789335675 -0.013457027833120264 0.03035782134348009 0.08692015719005866 0.8662421205811672 -0.49200556379486005 0.0014373453749661701 0.06449620221665439 0.48794549521727104 0.8704880433393675 1.5776771098575393
25528382210102 p2at_met_101.pcd box_map.pcd 0.3365570599613153 0.9943750249061114 0.10561200680048934 -0.008025824726696999 -0.6541884764045862 -0.10446269339770257 0.9904182242152451 0.09032877077885075 -1.7529276609531137 0.017488725827453876 -0.0889822744252695 0.9958796610570165 3.9472249911071438
25528382210103 p2at_met_101.pcd box_map.pcd 0.3365570599613153 0.9983219941453912 -0.004746986646407959 -0.057711888925491575 -1.019702076740449 0.00425536924831797 0.99995363394608 -0.008638390509224467 3.402954126137789 0.05775021937733156 0.008378309841979712 0.9982959060749783 2.9450043957847005
25528382210104 p2at_met_101.pcd box_map.pcd 0.3365570599613153 0.9933092050437285 0.11185801789626033 -0.02871597130023646 -0.45993346755330183 -0.11544441628079503 0.9551671072804045 -0.27263232368736234 0.33735586508771154 -0.0030675601025260384 0.27412329525581025 0.9616896635989769 4.150232842479954
25528382210105 p2at_met_101.pcd box_map.pcd 0.3365570599613153 0.9431048467689046 -0.3303355069733777 0.03783782279204809 -0.06251226004965105 0.3317941665167837 0.942389251554281 -0.042604338046666884 -0.9984546217320179 -0.02158423189353085 0.05273472658128975 0.998375264890894 4.69137475958576
25528382210106 p2at_met_101.pcd box_map.pcd 0.3365570599613153 0.9390221942647595 0.3001252952992276 0.16781574955810308 0.2060655059047907 -0.3275856325890746 0.9291663082778687 0.1712822958816606 -0.5611526841673511 -0.10452259085677296 -0.2158119057949036 0.9708245203525504 -2.7559270728315464
25528382210107 p2at_met_101.pcd box_map.pcd 0.3365570599613153 0.9807201415718753 0.15539800796026626 -0.11848824007985882 1.4982470495030509 -0.15922263317179236 0.9869637384100608 -0.02346768308713259 -1.225380976461471 0.11329676518366301 0.04188123906498319 0.9926780972769067 -3.2513466237331765
25528382210108 p2at_met_101.pcd box_map.pcd 0.3365570599613153 0.8962962219170882 0.14891973607293518 -0.4177032377000698 -1.1353234363179412 -0.22880216202322085 0.9621682941537248 -0.14792479298214692 -3.628990958126681 0.37987189055081905 0.228155836947641 0.8964609644798082 3.2022686271388183
25528382210109 p2at_met_101.pcd box_map.pcd 0.3365570599613153 0.8796797244500622 0.39740665606820436 -0.2612116615010717 -3.0484290841092507 -0.403539423660332 0.9143967094528349 0.03216506324748582 -0.3731798689419927 0.25163369397469343 0.07711424936103309 0.9647454983580565 3.657145142958042
25528382210110 p2at_met_101.pcd box_map.pcd 0.3365570599613153 0.9612397030395047 -0.2518001108333999 -0.11231623874049884 -0.0014942305465706325 0.22169812242219808 0.9480647183971656 -0.22808601939833048 -0.6551281836072362 0.16391514821698844 0.19434503830762193 0.967141060171789 2.3681302133137
25528382210111 p2at_met_101.pcd box_map.pcd 0.3365570599613153 0.9962997552902141 0.0855044489445952 0.008705562551656634 -0.6297092096213236 -0.08527162914305604 0.99606130447855 -0.02430281843281971 0.14664544632717005 -0.010749273089321519 0.02347055455609424 0.9996667375665156 -1.0351719278903797
25528382210112 p2at_met_101.pcd box_map.pcd 0.3365570599613153 0.9537905680683958 -0.2943992070231624 -0.06010540048864042 1.923310851787958 0.29872015413695013 0.9506344360288742 0.08402641577778214 0.3388124289541121 0.03240095332183071 -0.09809829733587183 0.9946491352651141 -1.5020714995487672
25528382210113 p2at_met_101.pcd box_map.pcd 0.3365570599613153 0.9582227518262139 -0.06787743934758624 0.2778521389340255 0.2660518922987869 0.06424039785665749 0.9976878465984925 0.022184049064166187 -0.7278831318225951 -0.2787154986107099 -0.0034079285904679985 0.9603676675403571 4.590738447471154
25528382210114 p2at_met_101.pcd box_map.pcd 0.3365570599613153 0.9595256512261989 0.20531387335595958 0.19276083120414275 0.05392285728386594 -0.2206743336256578 0.9733947264528879 0.06168909946319033 3.44923998013449 -0.17496674860615916 -0.10172964131107755 0.9793047109867841 2.3258023116621045
25528382210115 p2at_met_101.pcd box_map.pcd 0.3365570599613153 0.9151883708186147 -0.40113782819650534 0.03897035678770093 -3.275601490385359 0.40063937384377335 0.9160132117823253 0.020196236438950726 -0.9725301560423303 -0.04379883610826889 -0.0028703013813379114 0.999036247253092 2.8985308858011303
25528382210116 p2at_met_101.pcd box_map.pcd 0.3365570599613153 0.9940585631152196 -0.08074192631246685 0.07299530418223568 1.2441822372029518 0.0718563142812022 0.9905184146793371 0.11708945417523212 2.0863094792070958 -0.08175722105860764 -0.1111486010550059 0.9904351292680853 3.090134973452564
25528382210117 p2at_met_101.pcd box_map.pcd 0.3365570599613153 0.9989228975677172 -0.04095434135633616 0.021812533988157554 2.3113657849366307 0.041672060785248266 0.9985684274004966 -0.03353408935411369 2.0515333461846312 -0.02040794121969212 0.034406942947140785 0.9991995187209638 3.3112235758413995
25528382210118 p2at_met_101.pcd box_map.pcd 0.3365570599613153 0.9471842400204168 0.04314529720180564 0.3177742890579939 -0.03931249102893917 -0.10002236780750638 0.9812236969274898 0.16491083204607757 -0.2661280995481829 -0.3046925358375644 -0.18798547794262607 0.9337151164501714 1.1380547292084664
25528382210119 p2at_met_101.pcd box_map.pcd 0.3365570599613153 0.984408925053135 0.17060465520068802 0.04281494948712796 -1.1426949091359673 -0.16996797122181345 0.9852829543852996 -0.018121494323493314 -0.7065906469916629 -0.045276451213315604 0.01056179064505498 0.9989186611250679 1.3709932682370058
25528382210120 p2at_met_101.pcd box_map.pcd 0.3365570599613153 0.9712385346799497 0.21542562439485635 -0.10142735876887718 2.078279766350205 -0.22147543477623244 0.9737460121153309 -0.05260547196032786 -1.8154526090233638 0.08743191947694534 0.07355612988443799 0.9934511337821306 -2.0162692222857395
25528382210121 p2at_met_101.pcd box_map.pcd 0.3365570599613153 0.8458440707982371 0.5270739059551788 0.08210301795073396 -3.221019198704203 -0.5313384415358311 0.8461049603079491 0.042259397636006744 1.8619216867040855 -0.04719394496904547 -0.07936935052925267 0.9957274917138843 0.9570096570552085
25528382210122 p2at_met_101.pcd box_map.pcd 0.3365570599613153 0.997285161139516 -0.06385078819289167 -0.03667947952296882 -3.0422035233646723 0.06430263588113083 0.9978667708384023 0.011272917780163311 -2.973683667112442 0.03588144910212111 -0.013600900840977542 0.9992634973352352 1.3357725900674635
25528382210124 p2at_met_084.pcd box_map.pcd 0.3744341452899332 0.9941492088760341 -0.02816401025558969 0.10427913989614003 0.26761284749081476 0.05270476686355677 0.9691655756820672 -0.24070790278407037 -0.2078757956355482 -0.09428445280646132 0.24479557887995115 0.9649795679286769 -1.8910132005710674
25528382210125 p2at_met_084.pcd box_map.pcd 0.3744341452899332 0.9231483424012521 0.3818504135452329 -0.04458026017370257 -0.2764045589626266 -0.3783387471455684 0.922943263009545 0.07096143793367854 1.3009070147461943 0.06824170521127104 -0.04864149402134257 0.996482350435385 0.597814667010666
25528382210126 p2at_met_084.pcd box_map.pcd 0.3744341452899332 0.9473528508407542 -0.3104496890306156 0.07838090701624932 -1.0168873489225743 0.3186666347709262 0.9380173569606713 -0.1362901827876448 1.342811764236386 -0.031211406371212242 0.15409227307464382 0.987563374923868 -1.6588180645146116
25528382210127 p2at_met_084.pcd box_map.pcd 0.3744341452899332 0.8976494605553326 0.26130603887609677 -0.354886742513163 0.4376104038931845 -0.31434610095065 0.9440254548656841 -0.10001234615167183 -0.35623158876110433 0.30888828851519123 0.20133329236001152 0.9295444747862439 -1.5725712713569306
25528382210128 p2at_met_084.pcd box_map.pcd 0.3744341452899332 0.9368939662320116 -0.32853440712738613 0.11956102781218997 0.382406430712048 0.3495679935194915 0.885816840606554 -0.30517329962593337 -0.9605109305258324 -0.005649242852552257 0.32770973167008616 0.9447615666526201 0.6440947999822132
25528382210129 p2at_met_084.pcd box_map.pcd 0.3744341452899332 0.9901820934748262 -0.13977216037453213 0.0017790295238033719 -0.050626225080148406 0.1373767214531829 0.9754060918963632 0.17236760801913506 0.025425166371986264 -0.025827469186606333 -0.17043092171228688 0.9850310872047213 -2.583312031152529
25528382210130 p2at_met_084.pcd box_map.pcd 0.3744341452899332 0.9244542148811594 -0.19998652593193172 0.3246379429982513 0.6931941420486227 0.10414601413886414 0.9514753256790778 0.2895657306431142 1.1546703050502363 -0.36679423704230496 -0.23388051237666177 0.9004231747367366 1.198059341878116
25528382210131 p2at_met_084.pcd box_map.pcd 0.3744341452899332 0.9516907593965193 -0.2516215682816419 0.17598660419123874 0.06282010403220083 0.21329983940720743 0.9540246334325093 0.21057107425481292 -3.223269442019346 -0.2208797794913247 -0.16286063115269273 0.9616072679802344 -3.2150310940740763
25528382210132 p2at_met_084.pcd box_map.pcd 0.3744341452899332 0.9646566451409894 -0.25598740790286834 0.06251403026922714 -0.6684089151122592 0.25308097310009536 0.9661103342187601 0.050801999669545655 -0.5809160712231084 -0.07340012288845407 -0.03318537495473274 0.9967502961369381 -2.8373716166962195
25528382210133 p2at_met_084.pcd box_map.pcd 0.3744341452899332 0.8393623697111163 -0.5380854685589394 -0.07703791818738373 0.69804380450253 0.5426671916552341 0.8376815452892165 0.061659936611156416 0.7381298114943295 0.03135492647034325 -0.09356098122389069 0.9951196970105969 2.9263030595628785
25528382210134 p2at_met_084.pcd box_map.pcd 0.3744341452899332 0.9977536219981763 0.05967164562451782 -0.030446748561743276 -1.6787946057808942 -0.06127269917668511 0.996621880840257 -0.05468530850266461 -3.472472736003248 0.027080733467236547 0.05642801909415316 0.9980393341627304 -2.252775036170419
25528382210135 p2at_met_084.pcd box_map.pcd 0.3744341452899332 0.9928928671135385 -0.037076392509599605 0.1130888834215425 1.2870415712962615 0.05801711179299721 0.9804677866220561 -0.1879280025319407 -0.5287004944883519 -0.10391231483446026 0.1931534636368718 0.9756505369807489 1.8541754028646165
