id source target overlap t1 t2 t3 t4 t5 t6 t7 t8 t9 t10 t11 t12
25528382210030 p2at_met_062.pcd box_map.pcd 0.4479 -0.2860504006505127 0.9171810975517769 -0.27740584453359746 45.60307622080692 0.9533578332401311 0.2433020902552874 -0.17864191746924865 -54.9362186918226 -0.0963535681091419 -0.31556762693775364 -0.9439984442473999 -24.806833063107725
25528382210061 p2at_met_054.pcd box_map.pcd 0.4922 0.8592185524930758 0.13523843702790872 0.49341062433023486 7.871943988585064 -0.45069743549563956 0.6564764032661283 0.6049054087974595 -3.874809234113852 -0.24210596995811082 -0.7421248527741247 0.6250083217091004 -10.890209011103611
25528382210092 p2at_met_078.pcd box_map.pcd 0.3240 -0.7418722263879624 -0.6591660269379643 -0.12298678239952088 -115.9884905439068 0.23298137542388456 -0.4253797288260402 0.874512301233939 -147.17677289201484 -0.6287648832590471 0.6201227581976841 0.4691508140731864 41.10434405135784
25528382210123 p2at_met_101.pcd box_map.pcd 0.3366 0.46233985314736986 0.7696500508368608 -0.44031881567619396 -2.5341210112213366 -0.8445188017552098 0.5335576957855971 0.045871328189936084 -20.531881247773484 0.27024036277657176 0.3506493754661225 0.8966689254187439 11.208170890940073
25528382210154 p2at_met_084.pcd box_map.pcd 0.3744 0.39167932277789586 0.8803428566976775 0.2675514207953704 65.69026208427206 -0.9196359935149573 0.3653130617394894 0.1442775323959957 -54.727486021207824 0.0292736663232753 -0.3025604428604184 0.9526805502770072 -37.07638168173864
25528382210185 p2at_met_048.pcd box_map.pcd 0.4511 0.2992008472212599 -0.04942107236106186 -0.9529094451356661 -28.99667577063483 0.9540016286211231 0.03534453652428443 0.2977106923275146 -45.43842313551529 0.018966961019753203 -0.9981524539590965 0.057722898793364064 -48.42905679154202
25528382210216 p2at_met_057.pcd box_map.pcd 0.4824 -0.8462926074774626 0.5318398624709643 0.030580765455806014 2.498513424432886 -0.3669835476450999 -0.540428776627764 -0.7571392296998187 -72.60054811578647 -0.38615009813130163 -0.6519839707228114 0.6525373580368421 -37.18806058205548
25528382210247 p2at_met_031.pcd box_map.pcd 0.1870 0.1301008872723073 -0.4552962140339637 0.8807832404271198 -44.19777742230441 0.0018524633649641686 0.8884434667255677 0.45898232516311177 -15.689758976933083 -0.9914990305141199 -0.05808238906066185 0.11643070286898582 -23.117217585438574
25528382210278 p2at_met_095.pcd box_map.pcd 0.4004 -0.2474906195945081 0.4408886062658851 0.8627662661912855 12.458464157384668 0.7088683222603599 0.6894305583469975 -0.14896713366756462 -17.579067666933042 -0.6604953405653285 0.5747197074072481 -0.4831595626800924 20.49992833265228
25528382210309 p2at_met_020.pcd box_map.pcd 0.4437 0.7315466980401562 0.6817704952655297 0.005331076058260553 -1.8387885447671355 -0.37243937179294617 0.40615628320665437 -0.8344614957864931 -28.23963989210192 -0.5710764772996872 0.6084620492661397 0.5510404628317502 -7.253533651039099
25528382210340 p2at_met_026.pcd box_map.pcd 0.3392 -0.8715342222908571 -0.49014037381557324 0.013802656693615092 -12.888979960827252 -0.47845442355626505 0.8439220036672916 -0.24264586603860866 -8.663316046422839 0.10728216979215971 -0.21807811830193885 -0.970016737155897 -28.222380670956895
25528382210371 p2at_met_077.pcd box_map.pcd 0.1605 -0.35856588346295565 -0.4554178331019418 0.8148773555015266 -76.41911440413219 -0.7657576688228147 -0.3557531906641877 -0.5357750087222228 -140.41099908189585 0.5338967127221125 -0.8161092234652059 -0.221178741111211 -75.8001347929564
25528382210402 p2at_met_002.pcd box_map.pcd 0.4686 -0.8575839186255069 0.4746170227881379 0.19821327956179924 6.021329116745636 -0.4614875367613299 -0.8801848319983473 0.1109230135454369 -19.107015877325253 0.22711027261856725 0.0036528344836863763 0.97386219809137 5.638619864877877
25528382210433 p2at_met_003.pcd box_map.pcd 0.5355 0.5989004017278314 0.7637763889236941 0.2407570072353532 8.4251209648577 -0.7978950770361981 0.5434189803373086 0.26088169320701515 9.002391861299293 0.0684233501930554 -0.3483409817001749 0.9348672663092428 12.365018287238115
25528382210464 p2at_met_066.pcd box_map.pcd 0.3914 0.7068140143998549 0.7065825834091775 -0.03398531845921904 66.4221405008123 -0.7000869989471823 0.7055898378405454 0.10964111747551991 -17.309568634663375 0.10145019937432162 -0.053703198777779376 0.9933900661310967 1.517797724340662
25528382210495 p2at_met_006.pcd box_map.pcd 0.4597 -0.9308208149720768 -0.1976542766842215 0.30741730160021125 -16.003008385807345 -0.09319113153093475 0.9416983525051662 0.32329495185208096 8.753158245528056 -0.3533949963124861 0.2722811043710021 -0.8949720536328521 -8.776273603880206
25528382210526 p2at_met_040.pcd box_map.pcd 0.3795 0.8715027120692612 0.10148511556320766 -0.4797747327392774 -1.3601642007879775 -0.3584273089855366 0.7995305216050053 -0.4819551941782711 -27.770943065116988 0.3346832637424664 0.5919896251972248 0.7331680548343198 57.60243581343914
25528382210557 p2at_met_100.pcd box_map.pcd 0.4114 0.5030416295100921 0.3638919201655042 -0.7839207800652395 -9.018724519884586 0.20928541514328292 0.8287557450020568 0.5190024375033216 -1.6856135902059428 0.8385396436592218 -0.42514301777678054 0.3407413688525612 7.738011490134763
25528382210588 p2at_met_004.pcd box_map.pcd 0.4552 0.8342760306514728 0.5388490332535527 0.11672713498640486 2.462051776932933 -0.5077545878458523 0.6683896008240802 0.543544496827735 -11.172698568920671 0.2148692234870121 -0.5127348836113439 0.8312244918950296 7.042871186536435
25528382210619 p2at_met_033.pcd box_map.pcd 0.3468 -0.6940783184974701 -0.719706302748726 -0.016677097333861857 -44.03678795567731 0.5593311542968067 -0.5245403300845342 -0.6418770146592021 -133.37244000196213 0.45321512289940846 -0.4548409391189043 0.7666262273603135 -32.938949418876255
25528382210650 p2at_met_055.pcd box_map.pcd 0.3829 0.647037581617212 -0.7444532457884402 -0.16471712967996394 -27.011116637913457 0.6220722474811892 0.6403537052923824 -0.45052552761416165 -19.39131380116369 0.44087241565860297 0.18904099278561995 0.8774366166042851 -6.138215517258075
25528382210681 p2at_met_051.pcd box_map.pcd 0.4952 0.6980221705120699 -0.6838878616677171 0.21227916086412302 -3.9955627670438743 0.6494534880136777 0.4797539181898696 -0.5899545278140812 -13.145672373505471 0.30162098133333903 0.5496667814640297 0.7790322284568771 -5.225886499465368
25528382210712 p2at_met_039.pcd box_map.pcd 0.2551 -0.5699016973718881 -0.8210698624008526 -0.03250132904491143 -117.47509871748034 -0.46282725865393926 0.2880618797012399 0.8383384054842458 -58.76374828301357 -0.6789720052988343 0.4928129812819799 -0.544180467768227 19.064617697597775
25528382210743 p2at_met_092.pcd box_map.pcd 0.3462 0.14818139128987096 -0.9863567215808765 0.07171257259102881 -4.723768365500248 0.9772469402314511 0.13491352016100666 -0.16366661200755772 12.027687435084774 0.15175866724396653 0.09433323841568812 0.9839057612629087 -11.15074740689164
25528382210774 p2at_met_098.pcd box_map.pcd 0.4471 -0.11853011744666653 0.1349325903821832 -0.983739705059643 23.474464438688624 -0.9262032432968199 -0.37212984596035426 0.060555180224112604 -1.1336853893853167 -0.35790803758022993 0.9183205180100666 0.16908359718551003 20.575354189629728
25528382210805 p2at_met_011.pcd box_map.pcd 0.3641 0.4314907865964891 0.10458607709560153 0.8960342926250624 -7.435948519514323 -0.796372208174944 -0.4224559738591516 0.4328074123640668 -4.312705137712139 0.4238006690991729 -0.900329219024057 -0.09899641530189213 -3.538886195560581
25528382210836 p2at_met_028.pcd box_map.pcd 0.2686 0.10741616604738968 -0.9602841650674064 -0.25751910529604116 -103.85250117305159 0.9788153938120224 0.05673260687951176 0.19672782251951537 -99.76362445466685 -0.17430488262895782 -0.2731954129143619 0.9460349223227735 -26.709676075471872
25528382210867 p2at_met_097.pcd box_map.pcd 0.5009 0.6365816051446226 0.20707874199075893 -0.7428877806284206 15.812191104726478 -0.7415102200143212 -0.10039903780119441 -0.6633872374585655 -8.960425855429062 -0.21195861295500285 0.9731589941135615 0.08963882289539649 28.513352668991686
25528382210898 p2at_met_037.pcd box_map.pcd 0.3106 -0.14115288644875326 -0.04568737007325674 -0.98893302445766 -62.25694783745353 -0.9206093841311478 -0.3613126265080202 0.1480930375660674 -175.36109345229096 -0.36407996991987096 0.9313247823083337 0.008940098516274614 52.70999915553382
25528382210929 p2at_met_009.pcd box_map.pcd 0.4604 0.4407789311401203 -0.8970406497086635 0.03212486004999937 -9.669153700569655 0.8856113279348431 0.44043907680615374 0.1473295471235387 29.68433298772962 -0.14630963637593095 -0.03648962033787045 0.9885656265069815 5.385891705083979
25528382210960 p2at_met_024.pcd box_map.pcd 0.4646 -0.10086372292390333 -0.9823637957836068 0.1574416785084365 -66.87357045636281 0.9912892924432867 -0.0857608452753853 0.09995306951234345 -41.248173010381464 -0.08468794533590945 0.1661518887983981 0.9824568701798092 3.8362415352605472
25528382210991 p2at_met_013.pcd box_map.pcd 0.3954 0.5428328454448971 -0.8248215261802652 -0.15812005519811506 -4.499224312578065 0.8398407442357878 0.5330888166461784 0.10239061425861029 55.464116878563765 -0.00016194960573019668 -0.18837665332104103 0.9820968436238301 -1.0100802641801767
25528382211022 p2at_met_001.pcd box_map.pcd 0.5532 0.3540860323772804 -0.20174763598500844 0.9131927359817182 6.96592358090434 -0.10599062239284412 0.9615062504516224 0.2535186744743661 -8.914685917909488 -0.9291873167666964 -0.1865572880295021 0.3190725758240347 -5.8083260400851735
25528382211053 p2at_met_019.pcd box_map.pcd 0.4337 -0.746722885724893 0.4039931747620707 0.528388537612571 -28.52912045440702 -0.06655485968651187 -0.8358036615253867 0.5449795317558866 -56.25806413217706 0.6617970856590387 0.37178186363299076 0.6510014310942667 24.025429886572653
25528382211084 p2at_met_000.pcd box_map.pcd 0.4634 0.5126010443052466 0.8083235899950654 -0.28957407210359887 2.7669958375710024 0.4603561758253962 -0.54341341087207 -0.7019786722285799 -2.829717937086788 -0.7247843546577064 0.22652778801258003 -0.6506710386220828 7.275920778232775
25528382211115 p2at_met_059.pcd box_map.pcd 0.2852 -0.8385438950728421 -0.15160435978448433 0.5233165907272606 -13.71856635382964 0.41296674789903504 0.44967268840351526 0.7919930166571233 -29.539528070611 -0.3553907724825749 0.8802332596524015 -0.3144627282142465 33.100320677425934
25528382211146 p2at_met_041.pcd box_map.pcd 0.4536 -0.7193873970943091 -0.05914177028057738 -0.6920867170448757 -67.06510682515585 -0.445718834454033 -0.7248807975530022 0.5252452283951387 -173.3352831631422 -0.5327443040660431 0.686330882553745 0.4951095092382941 30.988650211597648
25528382211177 p2at_met_025.pcd box_map.pcd 0.4127 0.6271822396528296 -0.3289661449225487 -0.7059912986424531 -43.6472698405054 0.7383907687856326 0.5395508548735551 0.4045540107048483 1.0606513139359244 0.24783363540129746 -0.7750265482549695 0.5813022782200017 -17.156064065281086
25528382211208 p2at_met_014.pcd box_map.pcd 0.4463 -0.6306253299991313 0.7533480951138248 0.18648951914748021 -51.430270957436505 -0.6413601856396401 -0.6411855033812923 0.42135289548069466 -43.660805189191166 0.43699977739098805 0.14610885613832744 0.8875152937939585 33.35408186477581
25528382211239 p2at_met_099.pcd box_map.pcd 0.4608 0.9903669855552439 0.05334372716779878 0.12777981332771637 12.722868588837699 0.1383644739664028 -0.4168315689459929 -0.8983911817655059 1.2610379561581795 0.005339125978962647 0.9074171531891322 -0.4201971011702858 -7.205394361813224
25528382211270 p2at_met_096.pcd box_map.pcd 0.4599 -0.24165476372984662 0.15674837653685525 0.9576183590657252 20.57985643849802 -0.7205014544954482 -0.690024936247597 -0.0688711944606985 7.082110220005318 0.6499850992419869 -0.7066084727835917 0.27968524622121993 -17.398538026738493
25528382211301 p2at_met_032.pcd box_map.pcd 0.3674 -0.3520709045107676 0.6901725407027746 0.6322245979530114 65.63822822632058 0.5881800893146334 0.6885794557667525 -0.42414916672061587 -37.85381597402418 -0.7280729776133708 0.22253133971609493 -0.6483745384523979 35.536495034266146
25528382211332 p2at_met_070.pcd box_map.pcd 0.4237 0.7369062024518703 -0.36826258163469305 -0.5668791050618412 -40.173357001488235 0.6661972781692432 0.537883747037875 0.516587128403706 -12.447365242090935 0.11467534760293888 -0.7583295758707069 0.6417053989268742 -55.522451414770174
25528382211363 p2at_met_045.pcd box_map.pcd 0.2093 0.6028673200395168 -0.7886563953254804 -0.12071488947346176 -71.92018527033426 0.6764842322412516 0.5854975522077709 -0.44672329230483665 -24.56495413415187 0.4229894537188069 0.18765315470550425 0.8864909562831068 38.3871675904527
25528382211394 p2at_met_042.pcd box_map.pcd 0.1577 0.5111724287950768 -0.6378508145465893 0.576063439581089 -66.55296980421815 -0.8542802141017665 -0.3034633740067324 0.4220370794500058 -140.4589234697652 -0.09438253987884912 -0.7078533174455729 -0.7000254403572165 -84.49112917166924
25528382211425 p2at_met_047.pcd box_map.pcd 0.4485 -0.3864746532657017 0.9090336421747247 0.1558691110442028 28.80644243930561 -0.7640522352496841 -0.41021655624852577 0.4979423247621767 -78.25479264702042 0.5165864150295831 0.07334994460907529 0.8530874875607593 18.73564937326627
25528382211456 p2at_met_069.pcd box_map.pcd 0.4074 -0.6280127958607338 -0.7568219218962114 -0.1811643087710967 -52.5994909523021 0.4513138816770682 -0.5438559559483518 0.7074860276960118 -90.69642196352144 -0.6339682235260391 0.3625483108729502 0.6831127387499145 27.281420031014093
25528382211487 p2at_met_038.pcd box_map.pcd 0.2492 0.5681989644553254 -0.8195304253472804 0.07429548251409097 -79.66869499775083 0.7854713492186414 0.513229202515107 -0.3458764884208734 -5.56141815028483 0.24532569443200009 0.2548836354413776 0.9353339703205715 41.77322060329927
25528382211518 p2at_met_089.pcd box_map.pcd 0.4812 -0.8171093608653311 0.5582417932395394 -0.14386935972247045 -19.195510898126336 -0.507832164195942 -0.8151403271375012 -0.2786624123957762 15.629428201962835 -0.2728347217535115 -0.15463617738055735 0.9495519297283392 -7.584331378806796
25528382211549 p2at_met_010.pcd box_map.pcd 0.5118 0.6144308883689671 0.35264663845210664 0.7057726488087726 -11.481796885288713 -0.6526104475236955 -0.27553028793389694 0.7058205609175646 9.220737408175843 0.44336698930010976 -0.894272558462739 0.060846560950174544 23.14360876555815
25528382211580 p2at_met_005.pcd box_map.pcd 0.3747 -0.10884477959614092 0.589387035804601 0.8004846881609501 -30.972998829234783 0.7572574464014084 0.5708406593903854 -0.3173359441607084 11.402406090814004 -0.643982898704838 0.5716326299400831 -0.50845074743135 -5.144354249670464
25528382211611 p2at_met_086.pcd box_map.pcd 0.3789 0.6580029974642169 0.7514391171391128 -0.048696083634069395 41.33116343238396 -0.7476696776710952 0.6596561665758558 0.0764447185202961 -52.42120778292977 0.0895662236521468 -0.013892268772133821 0.9958839774035207 1.8242070916195892
25528382211642 p2at_met_080.pcd box_map.pcd 0.0938 -0.31449492460950235 0.9398599963170565 0.13325212837987258 80.32227676119498 -0.8444093193074155 -0.3411172889934744 0.41305192968503346 -158.38069142041954 0.4336655898980811 0.0173833964645915 0.9009061958193563 2.7118846426914818
25528382211673 p2at_met_008.pcd box_map.pcd 0.3119 0.8877451446845961 0.11500682264619405 -0.44573757844022105 -4.760395723909838 -0.16781436562245877 -0.8208034242972533 -0.5460037338266419 -5.813151502152398 -0.4286570853020594 0.5595133326442987 -0.7093644576757514 -8.586953431453345
25528382211704 p2at_met_064.pcd box_map.pcd 0.4409 -0.5814508787178716 0.34318408378628074 -0.7376581594980063 34.82976632095547 -0.7069218577507399 -0.6619064887455401 0.24928154201784117 -89.93528541027702 -0.40271126464559887 0.666411648151742 0.6274704395708386 61.173058481791735
25528382211735 p2at_met_027.pcd box_map.pcd 0.2785 -0.011072416000564023 -0.965720536141802 0.2593477350545046 -100.01402905818908 -0.6380592113533059 0.20652181122538166 0.7417743486366899 -77.41526892259607 -0.7699076856423166 -0.15726597712849044 -0.6184735790854072 0.6849364352315899
25528382211766 p2at_met_071.pcd box_map.pcd 0.3890 -0.14969450103532117 0.13880156996641363 0.9789411016678403 6.183453204551935 0.8454863919908004 0.5312635815565481 0.0539607993833236 -16.976249644751007 -0.5125859121339217 0.8357590149597955 -0.1968820753529068 46.217873502337994
25528382211797 p2at_met_017.pcd box_map.pcd 0.4088 -0.8566416965011401 -0.5004908218564854 -0.12519561115737554 -31.18294785579866 -0.10368091595159618 0.4047280126798481 -0.9085403146914611 -12.790566901841547 0.5053862596896428 -0.7653131208790561 -0.39859823823904744 -2.628518537832049
25528382211828 p2at_met_058.pcd box_map.pcd 0.4795 0.2754328210326953 0.28792044553194246 -0.9171905898681358 4.326920953188606 0.8269772766219361 -0.5574293592148047 0.07335593661277828 -61.63727098620346 -0.49014828883607975 -0.7787004087131711 -0.3916380068647616 -47.47012910247548
25528382211859 p2at_met_061.pcd box_map.pcd 0.4686 -0.3259150385905521 -0.5023733104329619 0.8008747995692871 -8.078512011016286 0.9197942440419312 -0.3643166763244315 0.14578034153908287 -76.51623076523923 0.21853589235604104 0.7841520364805197 0.5808163629199874 48.85051238246109
25528382211890 p2at_met_083.pcd box_map.pcd 0.3046 -0.10163382203236729 0.9779785054257286 0.18228716121644617 59.27601963633634 -0.23948752267941592 -0.20189969008260547 0.9496748083556938 -97.54879709399569 0.9655652710718053 0.05286357980505518 0.25473348666837115 16.17754969635
25528382211921 p2at_met_046.pcd box_map.pcd 0.3010 0.7790515811978104 -0.5428061286700235 0.3137517179418349 -37.038018045844964 -0.48367472640011033 -0.2019227754776588 0.8516372184123805 -84.22678632181895 -0.39892028386003286 -0.8152230979441518 -0.4198498632884974 -47.86771529798489
25528382211952 p2at_met_090.pcd box_map.pcd 0.3411 0.29973490380881695 0.9524492231046103 -0.054767370268649876 -22.913161165848024 -0.9391834249074481 0.3046718706718369 0.15845991796173292 -19.900252769956488 0.1676111029073995 0.003940638114271894 0.9858453172549014 0.6508318658496384
25528382211983 p2at_met_016.pcd box_map.pcd 0.5649 -0.9029324212439763 0.2756500784838415 -0.32974244024441635 -35.59284717420227 0.045801643717975266 0.8245775676972088 0.5638918728650791 -0.9861258900315057 0.42733505835494257 0.4940535083190959 -0.7571630463898583 17.65681255721077
25528382212014 p2at_met_015.pcd box_map.pcd 0.4911 0.6288922214154733 -0.2642069765428779 -0.7312244849491725 -15.011266664789606 -0.1117641997881423 0.9000022131231535 -0.42131316145967007 -11.151988697811417 0.769417531311074 0.3466852894477886 0.5364755097781031 31.640419248770595
25528382212045 p2at_met_052.pcd box_map.pcd 0.4697 0.8778817861699678 0.1785913801606227 0.4443294818525448 -1.1307722468826478 0.2940105654333674 0.5313862472289215 -0.7944724310317604 -11.01378922421311 -0.37799650385232214 0.8280904390151402 0.4139865552009315 1.3724711640130076
25528382212076 p2at_met_050.pcd box_map.pcd 0.3017 0.5287241323914796 0.09496107855791397 -0.8434649876467872 -17.383337726570474 -0.7375871716739479 0.5431380674155311 -0.4012059370275423 -47.28114237348341 0.4200189948191668 0.8342562156095932 0.357212276815701 61.79321127560284
25528382212107 p2at_met_043.pcd box_map.pcd 0.2248 -0.1880377185386459 0.21878719261523036 -0.9574831490706912 -20.93894271734891 0.22297749872380787 -0.9399080406566849 -0.25856123099139633 -191.4308543402133 -0.9565159964525713 -0.26211646162814356 0.1279535426390638 -80.00928488720831
25528382212138 p2at_met_021.pcd box_map.pcd 0.4198 -0.29049720473231666 0.6064470468253066 -0.7401576544490875 -38.410889672874006 -0.9528037955971386 -0.2546125361298035 0.16534020545903477 -68.17897335277591 -0.08818333821304786 0.7532558900150825 0.6517892780793416 15.726581945812505
25528382212169 p2at_met_063.pcd box_map.pcd 0.4245 0.4328991305149772 0.7791703302786641 -0.45331218736408896 54.10828414693275 0.3731411599485073 -0.6126565298266953 -0.6967192054285534 -107.8044160495445 -0.8205876050438855 0.13245970283127528 -0.5559589999039418 28.09381768950769
25528382212200 p2at_met_091.pcd box_map.pcd 0.4437 0.6399477619132525 0.04560960403782667 -0.7670636388473464 1.199275678991711 0.2703228137042107 -0.9477906423017632 0.16916995819663183 -10.630736399162569 -0.71929996414101 -0.31561473727429806 -0.6188658167987775 -11.746507706478045
25528382212231 p2at_met_072.pcd box_map.pcd 0.3490 0.46514539241973907 -0.8726699773937288 0.14861653496941724 -73.54014640889098 0.29073450680928503 -0.007973353958984242 -0.9567705431173175 -66.8831803496132 0.836129900470644 0.48824536473198993 0.2500065066286825 39.16684923786864
25528382212262 p2at_met_076.pcd box_map.pcd 0.2574 0.697233302186972 0.6477227529412135 -0.3071171724988788 31.617831484801943 -0.6739266402753379 0.7383002477846459 0.027122456531915015 -27.761838882784247 0.24431251676622248 0.18806376430186106 0.9512851384879132 4.783867601181145
25528382212293 p2at_met_068.pcd box_map.pcd 0.3991 -0.21274690262849827 0.8923222593504132 -0.3981202593309642 56.816840501301755 -0.9349426813116366 -0.06750204475370741 0.34831832655758427 -74.68873445115744 0.28393826456430227 0.4463232678472436 0.8486310166935744 45.49146302554138
25528382212324 p2at_met_085.pcd box_map.pcd 0.3700 0.2588977750423463 0.9538247118611417 0.15228381766009244 61.44841728847351 -0.9219477996368172 0.2910452039901124 -0.25554832024332447 -67.55704234959197 -0.2880697776979625 -0.0742368390852108 0.9547275500893868 6.285953590507962
25528382212355 p2at_met_053.pcd box_map.pcd 0.4658 0.5184552489330367 -0.8150624614012548 -0.2586065329188551 -24.209326090383467 0.850702127395966 0.46098360051251813 0.2525866395961845 -12.595204038674389 -0.08666051752534491 -0.350951996821564 0.932374737232405 -1.36647462678006
25528382212386 p2at_met_065.pcd box_map.pcd 0.4555 0.5559495852870397 -0.3040460378575015 -0.7736123483259064 -25.11470418878057 0.793945080973072 0.4698075281373535 0.38591721250046884 -44.64112344926372 0.24611230570174836 -0.8287562327781461 0.5025851565790066 -52.33182052520363
25528382212417 p2at_met_075.pcd box_map.pcd 0.3105 0.850726015810259 0.46800442025557104 -0.23924278180302516 31.58293569504744 -0.5226897360766599 0.7053721114226367 -0.47879601525835935 -36.221218323840965 -0.05532346539864097 0.5323739729254412 0.8446995129203444 46.88182563648616
25528382212448 p2at_met_094.pcd box_map.pcd 0.2089 -0.9702294683806907 0.24194986736458243 0.010725687296556022 38.000892853740844 -0.24210437509113178 -0.9677847841374874 -0.0691236801225869 -172.5534624858231 -0.006344308272388062 -0.06966256723820999 0.9975504380623202 -11.139006226243074
25528382212479 p2at_met_030.pcd box_map.pcd 0.2922 0.7509142382942665 -0.4858417365462421 -0.44730930434842653 -50.0550193404307 0.5485210184424335 0.08164781491942785 0.8321408093861027 -88.17112972743578 -0.3677669085899612 -0.8702249372137152 0.32780491088079866 -102.69465779121884
25528382212510 p2at_met_067.pcd box_map.pcd 0.4902 -0.6332462256820576 -0.7185077973827524 -0.28765563224038443 -38.59924819151561 -0.6067752067304003 0.2301783712579993 0.7608165126377683 -51.98978789473242 -0.4804404917955079 0.6563264907842751 -0.5817323021270955 62.990845707228566
25528382212541 p2at_met_074.pcd box_map.pcd 0.3667 -0.6801132724734651 0.6403245280800339 -0.35697399813504055 -3.06025777190834 -0.7262387091635599 -0.6549699597031597 0.20878622847038458 -130.87142661505086 -0.10011630195867416 0.40124662070293265 0.910482221384139 8.830752215525655
25528382212572 p2at_met_023.pcd box_map.pcd 0.4076 0.3323253599612365 -0.13686482912146603 -0.9331815866572737 -16.25006989816834 0.6866444906940908 0.71340606284387 0.13989686521527556 -6.3347079898587 0.6465904411032437 -0.6872552713855022 0.3310604075191604 -24.90146561594652
25528382212603 p2at_met_035.pcd box_map.pcd 0.3175 -0.4539769440520758 -0.8601605173705551 -0.23244100031181716 -83.63776230161453 0.8683259386982711 -0.48559216692035556 0.10104608656133371 -119.66931957419912 -0.19978738311741698 -0.15596195620218792 0.967347336671106 -17.120197121422166
25528382212634 p2at_met_081.pcd box_map.pcd 0.2431 0.39643250835517446 -0.41060369221267223 -0.8211247616900526 -46.20656418663529 0.7778154680714061 -0.32490876883045083 0.5379938564388443 -145.35203002415483 -0.4876928992184362 -0.8519617948466948 0.1905695048362001 -93.5771150871364
25528382212665 p2at_met_073.pcd box_map.pcd 0.3735 -0.02376995770360718 0.9434915640155898 -0.3305429741231609 23.44324701177769 -0.9123559592970353 -0.1556444244095665 -0.37865738694154766 -76.72390952411058 -0.4087072211815629 0.2925721821732726 0.8644998123611214 -0.2396946426536104
25528382212696 p2at_met_036.pcd box_map.pcd 0.1973 -0.5164919879820546 -0.7893681213683943 0.33186442309726016 -155.48457980522392 0.4807805645394039 0.05337606451717661 0.8752148561912272 -75.51823931807027 -0.7085803236835734 0.6115954256728793 0.3519445413477703 20.119372848315656
25528382212727 p2at_met_088.pcd box_map.pcd 0.4406 -0.5537327202162705 0.359687477190902 0.7510026586596971 -15.627360057690387 0.2733263580233798 0.9304354746607273 -0.24409532871921613 -1.4081916879945062 -0.7865575481626023 0.07010525119355414 -0.6135246345368082 2.8684369673521317
25528382212758 p2at_met_029.pcd box_map.pcd 0.1171 -0.15830337775546655 -0.9665907265240784 -0.2015996229879028 -97.41022292757312 0.9608278045026873 -0.19783964540972554 0.1940860757465608 -131.3985691534698 -0.22748619889073657 -0.16297804177805222 0.960045929741091 -26.592394431593743
25528382212789 p2at_met_044.pcd box_map.pcd 0.3969 -0.9308806404229252 0.19408316742313236 -0.3095043738120817 -50.45421127812468 -0.011000492157982725 -0.8617137330451311 -0.5072754985742031 -135.3400033153578 -0.36515780487083466 -0.4688082405466317 0.804287642039516 -57.27716865202645
25528382212820 p2at_met_049.pcd box_map.pcd 0.1509 -0.2578585463194489 -0.20488742174779104 0.9442087240115731 -43.35084667927227 0.6976333041587073 -0.7155877133828874 0.03524198325938499 -79.27904142282647 0.6684435226843213 0.6677988985203502 0.3274566965514399 45.47886238735935
25528382212851 p2at_met_082.pcd box_map.pcd 0.2432 0.8060452532445344 -0.03838434252153064 0.5906079003629598 -1.2376446728711645 -0.5137566952947211 -0.5408153806195972 0.6660125990738663 -168.6451829016739 0.2938453807052292 -0.8402650571899735 -0.45564188339498474 -71.68087262945348
25528382212882 p2at_met_093.pcd box_map.pcd 0.4798 -0.4102884789057773 -0.8890166061530883 0.20325559785951378 19.100635242134697 0.7805533326340574 -0.22708164573817508 0.5823833969840734 -31.362158352995664 -0.47159289539925253 0.3975970323743461 0.7870938577171487 -3.996118300274718
25528382212913 p2at_met_007.pcd box_map.pcd 0.4470 -0.6258073455908011 0.7651175730573752 -0.1515264518273552 -20.26595337456689 -0.7657656881212878 -0.5657824300128815 0.3057665004294118 -26.619537614547095 0.14821631860468754 0.30738467965647054 0.9399715855342451 3.957327844373992
25528382212944 p2at_met_087.pcd box_map.pcd 0.3443 0.4288341927014484 -0.8906571077301016 0.15109980681638036 -1.1390962561352413 0.8468923541457604 0.33813614112152846 -0.4104111238220695 15.434745054423242 0.3144432789225257 0.3039635940656253 0.8992950338032335 -13.6801768718488
25528382212975 p2at_met_022.pcd box_map.pcd 0.4087 -0.48551426562848243 0.8277153248057327 -0.2813596256625602 1.1011314373313112 -0.8327538169286617 -0.3399210251104593 0.437006609879759 -68.3349000573612 0.2660770156589642 0.44647624547068027 0.8543196029405064 27.95288840097244
25528382213006 p2at_met_056.pcd box_map.pcd 0.5021 0.5594194307246999 -0.3682973490517224 -0.742567817245756 -33.30153099087055 0.00987551249518745 0.8987616742537018 -0.43832627932356555 2.115757318956634 0.8288259013692866 0.23787499989313027 0.5064218692406888 5.077578641351994
25528382213037 p2at_met_060.pcd box_map.pcd 0.4478 -0.27437781131177985 0.8164775118270101 0.508017016782442 43.13308390333009 0.9504298833324162 0.3106190717746615 0.014100677947438106 -30.191059757109095 -0.14628688775309653 0.48670346714464885 -0.861231607374515 25.768735973983024
25528382213068 p2at_met_079.pcd box_map.pcd 0.0715 0.8411454510238675 0.2731344596230939 0.4667674979990089 21.853570248909698 0.5401027519132273 -0.38017060370645817 -0.7508390835946313 -134.27333922317436 -0.027628745856682457 0.8836672897894702 -0.46729944720545 89.73006927483303
25528382213099 p2at_met_034.pcd box_map.pcd 0.2632 0.7681694304340337 -0.07056027689758479 -0.6363465828232194 -5.888827643576903 0.43399218381249005 -0.6733345138281411 0.5985577807342302 -147.01463085316627 -0.4707085197192825 -0.7359632326495373 -0.4866123813177433 -68.13948429404539
25528382213130 p2at_met_012.pcd box_map.pcd 0.3767 -0.8568790221782192 0.01308971884161303 0.5153513370619565 -28.55258119162881 -0.5092141476481109 -0.17734212218102677 -0.8421702461707712 -4.856802565080461 0.08036972804424958 -0.9840622088877191 0.15862621426837384 0.08223832086364768
25528382213161 p2at_met_018.pcd box_map.pcd 0.4346 -0.5923254583360742 0.75252748881554 0.287841848910016 -1.1998043726241523 -0.5047637436933456 -0.6250539487084823 0.5954167651793254 -49.42866778324545 0.6279841673638258 0.20738837908839258 0.7500839591402093 12.067048379445474
