id source target overlap t1 t2 t3 t4 t5 t6 t7 t8 t9 t10 t11 t12
5494384560030 PointCloud2.pcd PointCloud13.pcd 0.13151057172861025 -0.15630398553437963 0.5330269711028093 -0.8315355146853519 -20.261550675597487 0.03083272626494915 0.8441059445515634 0.5352891717228955 10.620770819290415 0.987227636919236 0.0580293240498084 -0.1483717980385192 1.0544292624656473
5494384560061 PointCloud11.pcd PointCloud18.pcd 0.12203494303689849 -0.3250198368141937 0.2861451334114753 0.9013784268009768 -2.0215950899113246 0.8342484188217523 -0.36215434373662153 0.41578096036988454 -2.840136777967213 0.44541181099144794 0.887110587208622 -0.1210087793992344 -4.81524058934094
5494384560092 PointCloud19.pcd PointCloud24.pcd 0.18294882392725634 0.18464663401206638 0.8003397903288928 -0.5704049794350661 -5.743819731150442 -0.21179873890602174 0.59915177768607 0.7721129719758899 0.68738083124684 0.9597118915309077 -0.02175700604233871 0.2801423173000481 12.351277848432908
5494384560123 PointCloud19.pcd PointCloud28.pcd 0.13323277759288882 0.14548396137662234 -0.024414817874458664 -0.9890593175590241 -1.9571896147084615 0.2651247700494048 0.964094306209718 0.015199507895079817 -8.08748952742895 0.9531753633452849 -0.26443540875260896 0.14673323178280007 10.062359664864095
5494384560154 PointCloud23.pcd PointCloud30.pcd 0.13481673094592933 0.1934649360496656 -0.3141549315559239 0.9294503738760835 14.329770117255137 -0.9800673517457791 -0.10548748889274745 0.16834600003896044 -6.19704725706503 0.045158659870660145 -0.943493014635612 -0.328301122100566 -2.19492973483496
5494384560185 PointCloud20.pcd PointCloud13.pcd 0.15773629367001038 -0.8754752143754602 -0.4051383257566942 0.2634503482960405 5.675340097107611 0.057086649477003315 -0.6280311975593765 -0.7760914439314643 -1.7909090499688072 0.47987942596628586 -0.6644093255630885 0.5729537369099446 -0.3725289527701571
5494384560216 PointCloud14.pcd PointCloud19.pcd 0.12928501983866306 0.9154729392209299 -0.015471120682724798 0.4020820090218059 -3.285926064206006 -0.39993439751223303 -0.1449788068662513 0.9050047642118603 8.82568984309226 0.044291932004804135 -0.9893137975306209 -0.13891160777567524 1.7925156374865294
5494384560247 PointCloud20.pcd PointCloud11.pcd 0.10077071082670357 0.37500607688431953 -0.32021752098395884 -0.8699604482703335 10.752639718852102 -0.10816887957845131 -0.9471504698996196 0.30200245174447193 -14.688303440995194 -0.9206899238020226 -0.019150107671171257 -0.3898247524024203 0.284223543655036
5494384560278 PointCloud7.pcd PointCloud16.pcd 0.16065039796159605 0.6327809445460305 -0.7737686035089493 0.02950295651699958 -3.937023362155865 0.7368693183829336 0.6134377951075934 0.2841085693170926 -12.620248500776158 -0.23793251952035566 -0.15803866538712844 0.958338090862171 1.8061481226357778
5494384560309 PointCloud10.pcd PointCloud18.pcd 0.11748946370658185 -0.3481133355808623 -0.012958468927147637 0.9373628879328592 -10.440805395785901 0.42853393336216067 -0.8915166336040476 0.14682220528401502 -1.4741247036421368 0.8337720153302827 0.45280257297233895 0.31590197270942844 -3.744174425891513
5494384560340 PointCloud19.pcd PointCloud8.pcd 0.19168751140645632 -0.06098891050246025 -0.03766181755545256 0.9974276616848675 -8.820636091147726 0.9974959808210389 -0.03814770845799231 0.0595526706813167 6.557113071846308 0.03580671782775158 0.9985621361927477 0.039894098818997636 -3.736898605081715
5494384560371 PointCloud12.pcd PointCloud17.pcd 0.18973516232668244 -0.2453630263039885 0.8547565816581003 0.4573709341826476 -14.757345772352462 0.011311138711699309 -0.4692367329328372 0.8829999697664559 -6.886987702755732 0.969365278656087 0.2218289308874674 0.10546507458552459 13.47749287429876
5494384560402 PointCloud4.pcd PointCloud8.pcd 0.23638897654359944 0.1071026305819877 0.7223477132325605 -0.6831857783283468 -10.849980552176753 0.036482357595659765 -0.6895307002561987 -0.7233370244833726 -21.581014008539494 -0.9935784136678296 0.052547070250273 -0.10020349944703628 -20.740088715784204
5494384560433 PointCloud28.pcd PointCloud20.pcd 0.2529991368973487 -0.45504181583476716 0.8268455387879038 0.3305501487344075 -6.039113310581855 -0.7785604090669002 -0.1892650212836997 -0.598349764896805 -22.005631273911682 -0.43218125280416647 -0.5296274225387332 0.7298726998727924 9.962753430971187
5494384560464 PointCloud21.pcd PointCloud16.pcd 0.19922485599880088 0.2682450449588057 0.7188471361048554 -0.6413293933454913 -13.560107375769313 -0.7131202969072936 0.595760653484715 0.3694978834828678 -15.55801701831478 0.6476913138169307 0.35822903103086584 0.6724343264087469 0.8623364247302421
5494384560495 PointCloud17.pcd PointCloud21.pcd 0.21806316341239682 0.11573557490011471 -0.7798033586251755 -0.6152332879318511 -0.7450087486601968 -0.5195987293519387 0.4803567963187297 -0.7065935951353204 -5.656431453340575 0.8465355498491428 0.4014524506181305 -0.34959046430688984 4.701659956178487
5494384560526 PointCloud5.pcd PointCloud0.pcd 0.22129378504501962 0.8075244819312615 -0.3906521573273023 0.4419220554092912 -3.277718973061517 0.33407353859233624 -0.31455137288080587 -0.8885112855958528 -13.257818452854323 0.48610603976297473 0.8651290804234504 -0.12350138586927778 -13.459705242374099
5494384560557 PointCloud29.pcd PointCloud19.pcd 0.19040263797292606 0.03400221672714748 -0.9987225487824176 0.03737806591025772 -6.225276642147347 0.8398571493002862 0.008280850248001237 -0.542744319443665 -0.0953912375126799 0.541741467885593 0.04984674585889892 0.8390658400271348 -7.523668082673814
5494384560588 PointCloud24.pcd PointCloud29.pcd 0.255709492369304 -0.3208963861284184 0.09281423191428594 0.9425555833604097 -3.5148248394839388 0.12255562972059329 -0.9827506107501784 0.13849676781044395 -0.6240301517079557 0.9391515463403709 0.1599586053462343 0.30398621281593985 -13.069032573395472
5494384560619 PointCloud24.pcd PointCloud17.pcd 0.2013685944847326 -0.019730982215247467 -0.48718486011733947 -0.8730759419507965 -8.027062444312236 0.06368384538313626 -0.8720850766614369 0.4851927317073425 9.632155156127643 -0.9977750528942078 -0.04602750413464568 0.04823290044250697 1.1227345454897315
5494384560650 PointCloud9.pcd PointCloud15.pcd 0.32743744159484994 0.24486754789331214 0.7830189980513486 0.5717701747025449 -7.741168710810269 0.9644945535423567 -0.13654143359899393 -0.22606789488527937 -14.629212425938235 -0.09894513720161635 0.6068259104565277 -0.7886521249719419 7.743659525031403
5494384560681 PointCloud26.pcd PointCloud17.pcd 0.28188576011102073 -0.20312840437080484 0.9308639092326771 0.3036959562223857 -9.486208513479905 0.4262717816081452 0.36329772413150196 -0.8284365587330685 -6.381859777804275 -0.8814937433370633 -0.03882197997178305 -0.4705971040377128 -6.338144689891134
5494384560712 PointCloud29.pcd PointCloud22.pcd 0.3032106907323846 -0.056801426302148336 0.7181901415010363 0.6935247065683838 -0.005971059436034289 -0.11866713194100892 -0.694578568716182 0.7095623465750385 3.0539200874773 0.9913080801481124 -0.04199443452293844 0.12467861766221923 23.67152549296918
5494384560743 PointCloud17.pcd PointCloud20.pcd 0.2991167605818372 -0.0012898426885986636 0.9477529224318126 -0.31900271837054417 13.08676488048894 0.00032560502725359486 0.31900336485943326 0.9477535266036867 19.723025865329383 0.9999991151432108 0.001118584068074413 -0.000720057273940311 -7.230826326755339
5494384560774 PointCloud5.pcd PointCloud9.pcd 0.34204984296695773 -0.376891872718984 0.8870858565061888 -0.2665167902122839 -10.055413485669927 -0.9196945913301524 -0.3242047122306428 0.2214794871890172 -1.656773085298979 0.11006532131621265 0.3285878691524194 0.9380381854111437 4.046655893590939
5494384560805 PointCloud24.pcd PointCloud18.pcd 0.3016981154766629 -0.5459313049729492 -0.7994768249891594 0.25059093470392324 -5.6770939254573705 0.776147685372334 -0.36995060468887153 0.510618566624351 -14.978213363631216 -0.3155214426020858 0.4732582343663884 0.8224797036174859 -21.683833793354914
5494384560836 PointCloud10.pcd PointCloud15.pcd 0.34827998600383325 0.9760433512662599 0.2131005123657749 -0.04390385038209042 14.29319029667419 -0.2171843002783075 0.9421392894691758 -0.2553517944936725 -1.0206174024271477 -0.013052055836178002 0.2587696482742152 0.9658508751202167 1.7640907962747674
5494384560867 PointCloud6.pcd PointCloud2.pcd 0.28021406663585563 -0.5947731205255503 -0.6400605611250141 0.486381962240204 -4.862466648556345 0.7081524746969854 -0.1307995549028281 0.6938382729554182 1.592319782202689 -0.380479970144073 0.7571089449541288 0.531056529749528 -17.14587552947321
5494384560898 PointCloud20.pcd PointCloud27.pcd 0.31406736423382914 -0.12508570051923767 0.8789683206906604 0.4601828536004487 6.218326053872593 -0.10060679197383332 -0.4726721095028873 0.8754766417825346 -6.294171676424369 0.9870318337998758 0.06321208840349274 0.14755470492438932 -12.034610637680881
5494384560929 PointCloud7.pcd PointCloud15.pcd 0.3171767054558827 -0.5168442434296456 -0.795173680580278 -0.31712906796137663 6.04786711996562 -0.8287575514493895 0.3719102160108552 0.4181431718232067 7.343109933146378 -0.21455290477933409 0.47893800114333507 -0.8512258467125966 -4.03861094484663
5494384560960 PointCloud8.pcd PointCloud15.pcd 0.3513928653528662 0.7451921407375057 -0.6664643727351636 -0.022669654999108557 3.6431007142936727 -0.23612317520037684 -0.2955033760041348 0.9257016802963313 5.815921944096819 -0.6236461492836669 -0.6844727859052425 -0.37757447720783555 15.771146270833059
5494384560991 PointCloud19.pcd PointCloud0.pcd 0.3868747919999141 -0.3231721501683922 0.9450911862203946 -0.04860464056101638 -7.830108330728917 -0.8983951422912078 -0.29025345658529234 0.3296044587802939 8.539975994303592 0.2973986040032784 0.1501851546219441 0.9428671643811146 -3.2119162728437085
5494384561022 PointCloud26.pcd PointCloud19.pcd 0.42525721890765145 -0.026067961164320697 0.9638169195084488 -0.26528740465762723 -9.40399184699052 -0.9964643010958437 -0.04625608070678716 -0.07013751948293437 -16.99287651234259 -0.07987088357034293 0.2625210861376499 0.9616149547978137 -11.34692861913843
5494384561053 PointCloud13.pcd PointCloud16.pcd 0.37053812085786464 -0.009816800938108605 0.5178485199226981 -0.8554160045458655 8.353691394059107 -0.00017443750165352379 0.8554563256909702 0.5178749312400267 2.3106159713510532 0.9999517988337735 0.005233091741527418 -0.00830751225850379 -3.056616261972025
5494384561084 PointCloud25.pcd PointCloud28.pcd 0.42688078238710714 0.23867159689281414 -0.9552357543958422 0.17481568110567278 -0.4534435041986845 0.9559646930422211 0.26277257188268066 0.13069843580874824 -5.641887674886719 -0.17078458505768637 0.13592361454128438 0.9758880040848469 -11.753497690239632
5494384561115 PointCloud12.pcd PointCloud15.pcd 0.4153227510990869 -0.18916001569668586 0.8980110443136531 -0.39723375077192447 1.8096184099349064 0.9631479515744474 0.09090197870731018 -0.2531459137435193 -9.84853274821679 -0.1912184924100573 -0.43047995836948966 -0.8821125175410601 0.04736419837931035
5494384561146 PointCloud24.pcd PointCloud19.pcd 0.3847638633329725 -0.5068193977240739 -0.4386374070078953 -0.7421127429602571 8.89513369004005 0.2739987047478604 -0.89819251218717 0.34376579359702886 3.628683555049152 -0.817348645246997 -0.02911075787900788 0.5754074694410978 -0.1534494748177328
5494384561177 PointCloud15.pcd PointCloud0.pcd 0.39317780394465707 0.16961134259181013 0.23791730622207705 -0.956361515256775 -9.190916431584137 -0.2659570859741432 -0.9233667191023044 -0.27687674238619103 6.705621779431892 -0.948946163322423 0.30131255774407645 -0.09333767546589508 -5.05755956041225
5494384561208 PointCloud8.pcd PointCloud0.pcd 0.4124730935612631 -0.5843329986292004 0.5116342934528172 0.6299089588790139 -4.565412592938911 -0.47891341807382776 0.4092213665951803 -0.7766465161904841 0.9330510248320354 -0.6551311965567277 -0.7554920402525822 0.005906980035575493 5.222824110396481
5494384561239 PointCloud27.pcd PointCloud30.pcd 0.40595223079657383 0.5081765037403307 0.8348656553508431 0.2115560884537736 2.2998951257218816 0.4006026961386117 -0.011683288056222152 -0.9161773739984362 7.15899482809737 -0.762413353039366 0.5503297541436429 -0.3403866049236789 2.8260544755542627
5494384561270 PointCloud12.pcd PointCloud0.pcd 0.48241460940142034 0.2646904531921967 -0.3457155737513688 0.9002331398336052 -6.11571320900511 -0.21809980053618466 0.8878785539475937 0.4050977048145379 4.176706419012955 -0.9393462838564839 -0.30356616330825126 0.15961247914659465 6.056958812429031
5494384561301 PointCloud10.pcd PointCloud0.pcd 0.48372945618625346 0.8129009058404083 -0.3283125349208966 -0.4810436536299578 5.445824314122971 0.4404490707818458 0.8869595401624228 0.13895103512486723 -7.925929071606674 0.3810468912499515 -0.324828652567286 0.8656151645737666 2.9063687994165894
5494384561332 PointCloud24.pcd PointCloud27.pcd 0.4700604923572777 0.39485019799812804 -0.7105096549191667 0.5824683265272763 7.3810866808231514 0.6237731112917553 0.672784499059752 0.3978292642005137 -18.123741420278826 -0.6745371945046785 0.20624511652779887 0.7088459107155745 0.2845930635555287
5494384561363 PointCloud25.pcd PointCloud20.pcd 0.4912762000964209 -0.8889571357363328 0.45046659482060725 0.0826744082179133 -6.17766104523938 0.3528230292813558 0.5584817488303511 0.7507423301187435 10.196737597935828 0.29201219295122405 0.6965471866098663 -0.6554013243759105 7.00878689048001
5494384561394 PointCloud16.pcd PointCloud1.pcd 0.46152014729535257 -0.04317772583608387 0.11206785441749373 -0.9927620460099608 3.501699631815681 0.3204984429627768 0.942723817582416 0.09248000768420835 -1.0571533057692002 0.946264462003123 -0.31418561356162533 -0.07662224338170576 -7.319450840510214
5494384561425 PointCloud1.pcd PointCloud4.pcd 0.48826197612039884 -0.3035531399887068 0.0192207967020962 -0.9526206234263108 -0.5673385801528659 -0.7837839174990706 0.5634695747113734 0.2611222109365535 -15.260939043309278 0.5417917144741202 0.8259131911700651 -0.15597800735511647 8.62582167444603
5494384561456 PointCloud19.pcd PointCloud4.pcd 0.4375087225842467 -0.21491633331978327 0.15523806016321642 0.9642158027895736 -19.36801693166704 -0.44887224475692133 0.8611273282184386 -0.23869108169819994 -9.789127101632433 -0.8673665185832705 -0.48410832390296266 -0.1153882713649953 -2.657877637523293
5494384561487 PointCloud8.pcd PointCloud1.pcd 0.49102422101941445 0.7751740217145693 0.03342994925445585 0.6308626431733813 8.859857120825366 -0.11366939327320827 0.9896820910172313 0.08722744839017908 4.217911177740522 -0.62143745066721 -0.13932622586076587 0.7709758087616198 7.205107904491945
5494384561518 PointCloud30.pcd PointCloud24.pcd 0.5022774664787223 0.4218874017816264 -0.34437815927958415 -0.8386982196411017 -5.401831514178557 -0.0233203467140147 0.9206257266643653 -0.3897491922157726 6.508830448342115 0.9063482673051715 0.18398900732085738 0.38036937776061686 -9.983914829988217
5494384561549 PointCloud4.pcd PointCloud12.pcd 0.4507731145471758 0.08853537298523773 -0.3601523274082925 -0.9286828246461516 -0.27503456002958604 0.25481187717592 0.9095098813070462 -0.32842454697377055 19.965549462946022 0.9629290705864313 -0.20756222408529112 0.17229488719146213 -2.591838480333772
5494384561580 PointCloud14.pcd PointCloud2.pcd 0.5707701605486507 0.6630652297792657 0.4483816453506186 0.5994150491691392 -2.742254191502319 0.7427052274732089 -0.29409380691309794 -0.6015794027552226 -5.096769339560526 -0.09345290868527528 0.8440750753623953 -0.5280187695624351 3.294491703626549
5494384561611 PointCloud19.pcd PointCloud15.pcd 0.5383954739181311 0.9212801157683315 -0.24416226737755858 -0.3027007358414234 1.691995776880779 0.11592203786824751 0.9153787834063433 -0.38554346580638005 9.144957669954838 0.371220998094615 0.32010384264886976 0.8716240591534089 3.2988075243990234
5494384561642 PointCloud7.pcd PointCloud14.pcd 0.5684940502771284 0.020523986696661944 0.6608684172756281 -0.7502211014212288 -5.670488713072102 0.030269230466379415 0.7496244440119975 0.6611709057624033 6.011545837342938 0.9993310460788498 -0.036278478293747696 -0.0046186963140725235 -0.16066278846346332
5494384561673 PointCloud27.pcd PointCloud23.pcd 0.579273256813934 0.5175473929341494 0.4467646784335577 -0.7297575064164975 -7.6468233918388275 0.5790353907944079 0.4450486005954089 0.6831176760380565 17.971197815186656 0.6299704058720791 -0.7761011952137605 -0.02835881720276756 12.96239255311856
5494384561704 PointCloud7.pcd PointCloud13.pcd 0.5875489243216265 0.617009637729339 0.592658783230675 -0.5177399671733345 -2.0839981983330205 0.7105558680558567 -0.13678457548129397 0.6902176021239896 6.167259641930957 0.3382446826196943 -0.7937540844429953 -0.5055145775440748 -7.848128241572237
5494384561735 PointCloud30.pcd PointCloud26.pcd 0.5382451276196689 0.33450985035073305 -0.6396521375293864 0.6920609098716799 7.222386317569245 0.10307325951539842 0.7547937277540062 0.6478135007207575 -5.498820933399244 -0.9367385244513016 -0.14536702341761865 0.3184169676878103 -8.862123053133745
5494384561766 PointCloud23.pcd PointCloud19.pcd 0.5579596064821588 0.6510941768843428 -0.30742812451380597 -0.6939483562090367 -3.0839620680283746 -0.7546234656069204 -0.36021278507430055 -0.5484434105943993 -2.4709770144521803 -0.0813621409667985 0.880758024503291 -0.46652492354681263 9.933057783162226
5494384561797 PointCloud9.pcd PointCloud1.pcd 0.5494652684041117 -0.08580450775902432 -0.9800937789354647 0.17903566946346755 2.355161934186295 0.31201296290274955 -0.1970929713542881 -0.9294096360719449 -8.497273682749311 0.9461952744697464 -0.0238860866350733 0.3227134292780249 4.073566669225082
5494384561828 PointCloud20.pcd PointCloud22.pcd 0.56392684192321 -0.7306979246698521 -0.6423039252132338 0.23135732220710833 -17.058161721225858 -0.2642393420221191 -0.04639051247123865 -0.9633407966448704 0.5794374890732125 0.6294903597442051 -0.7650448274502144 -0.13582451538946433 -0.060295211827903705
5494384561859 PointCloud21.pcd PointCloud25.pcd 0.5324350656302863 -0.06274373602754604 0.987951946160522 0.1414714659107722 -2.3230915669132832 0.17002601484068408 0.15025978593534955 -0.9739163983669534 13.895892253312041 -0.9834400733479906 -0.037053323849556286 -0.17740539260405488 8.52236213247674
5494384561890 PointCloud18.pcd PointCloud6.pcd 0.6788157303964293 -0.21666182298961134 0.21451477940429758 -0.9523870347059243 -12.013616275260315 0.9381827485994607 -0.22400417652976878 -0.26388493539340363 25.73845326508635 -0.2699458921509622 -0.950686877112725 -0.15272091211250466 -11.969597346939702
5494384561921 PointCloud16.pcd PointCloud2.pcd 0.6360206975366122 0.6550692013302118 0.15190694345025874 -0.74014094738786 2.1112119946611063 -0.7545987433036911 0.1811569643607554 -0.6306844622060119 3.4964276126561264 0.03827633829259275 0.9716513957151487 0.2332991365858757 11.45377371867185
5494384561952 PointCloud0.pcd PointCloud2.pcd 0.5976219929753253 0.20996002890119458 -0.28271850757664774 -0.9359417886479064 8.544696240412232 0.9713386287219509 -0.048790496712693976 0.23263868075427313 11.663239364970037 -0.11143632538974696 -0.9579612376835305 0.26437135336391665 -0.7881175236625833
5494384561983 PointCloud23.pcd PointCloud20.pcd 0.6341641842581158 0.5674381827821339 -0.8057073717456278 -0.1698515229124022 -19.51850403697353 0.19371560442819363 0.3311107585386467 -0.9234933297977747 -13.172485680138582 0.800305050166453 0.49112248644784595 0.34396297763473915 -23.317557959505557
5494384562014 PointCloud3.pcd PointCloud4.pcd 0.6483895338320264 -0.008985916355359724 -0.9545538734731108 -0.297902930406423 -7.818687836384884 0.8216249075109511 -0.17685386699745398 0.5418996411566142 -8.672756268739684 -0.5699576867319844 -0.2398950027939859 0.7858744320625262 14.6756297401142
5494384562045 PointCloud18.pcd PointCloud7.pcd 0.648252911813644 -0.3404171590796661 -0.9048578283613535 -0.2556334646663153 10.932301881721598 -0.682921704566454 0.42481035882506823 -0.5942677043782251 0.8231747998288805 0.6463235283015605 -0.02772128222308179 -0.7625597860336788 -2.4626059900614785
5494384562076 PointCloud18.pcd PointCloud2.pcd 0.6299976230092703 0.6401265983313119 -0.23010217503194164 0.7330013145652288 -16.88482096229343 0.644774467831751 -0.3578721020166868 -0.6754209385490213 -2.2880191593198247 0.4177365482466982 0.9049754403538961 -0.08071944384846935 10.886374537860002
5494384562107 PointCloud7.pcd PointCloud9.pcd 0.616417557592792 0.9772861207270258 -0.20246910879141677 -0.0625947139903268 6.8150633956715385 0.20266617502943218 0.9792424881412777 -0.0032512947912384646 3.71759113654939 0.061953690231179484 -0.009508385987611393 0.9980337323270441 -17.031528406641165
5494384562138 PointCloud1.pcd PointCloud3.pcd 0.6430381653923346 0.5338273282878084 -0.6760169226127491 0.5079660460250156 -1.1139241722723812 0.8435064471345527 0.46789947522725495 -0.2637554828330645 -13.144260907113516 -0.0593738765413204 0.5692725194695835 0.8200021593637472 -19.737561132070603
5494384562169 PointCloud10.pcd PointCloud14.pcd 0.6751113687519911 -0.7144335773914459 0.6546358001308284 0.24705593027233902 -3.180387086120728 0.6974994652540328 0.6383104284784531 0.32565978085417885 -10.895286163821824 0.055490174499626066 0.4049836615009594 -0.9126385234315266 -4.352620155351797
5494384562200 PointCloud6.pcd PointCloud7.pcd 0.7581771774295197 0.5577857851837266 -0.15527541693853247 0.8153309528906274 -6.8308878191479385 -0.5482247276223797 0.668622343883435 0.5023881062318145 4.029082376060281 -0.6231570154225505 -0.7272095338720377 0.287822215916827 12.003203330519392
5494384562231 PointCloud1.pcd PointCloud2.pcd 0.7159844820257306 -0.4036227881911869 -0.22011668149943425 0.8880525273757454 12.676433434507057 0.5635623842316655 -0.8244484770086151 0.0517894568159922 -2.0884812267310786 0.7207538303275902 0.5213764046098093 0.4568156748451782 -0.6190812493278933
5494384562262 PointCloud20.pcd PointCloud21.pcd 0.707870330335524 0.5385396598490272 0.11373400486948315 0.8348889811861466 -11.3195844883575 -0.8381071654256121 0.17449233720729895 0.5168450478800966 -10.377008752606855 -0.08689887244342825 -0.9780679937470003 0.1892923283595459 -18.48989911983723
5494384562293 PointCloud5.pcd PointCloud6.pcd 0.7435214071832819 0.6631333364409022 0.7379849078260239 -0.12502981213203695 7.976181115840005 -0.22338438855495185 0.035698607161775586 -0.9740764982262121 -12.307071581948845 -0.714390364612155 0.6738723063516742 0.18852724387098013 6.942231475397524
5494384562324 PointCloud22.pcd PointCloud19.pcd 0.6879616417086278 -0.8008762259760909 0.5636466228773185 0.20223687889523784 -3.6415355043147937 -0.5425953267660237 -0.8259149661709595 0.1531495348556255 4.866356482149017 0.2533526831078863 0.01292103609686479 0.9672876846048534 0.3991002371452074
5494384562355 PointCloud20.pcd PointCloud19.pcd 0.7027682895191976 0.5653449908547407 0.5272676673734686 -0.6343294477304318 2.8099230694214743 -0.46588800895993265 0.8387233920921267 0.2819422541316337 11.524426374760937 0.6806859807743972 0.13613184234417108 0.7198157521735536 -4.323236446864368
5494384562386 PointCloud17.pcd PointCloud7.pcd 0.6873227624164592 -0.7735904250982312 0.5793860570027757 0.2566508350797144 7.047995235002748 0.31103624951781417 0.700037816659412 -0.6428090748679703 5.53607857981662 -0.5520999055263733 -0.4174432323053044 -0.7217526183674497 12.788497560705117
5494384562417 PointCloud9.pcd PointCloud12.pcd 0.702658083272765 -0.026210812028131802 0.8305008169124865 0.55640038321385 -3.2147586267352852 -0.036849250792376775 0.5554106403741738 -0.8307593835011382 -14.932827821440837 -0.9989770398006488 -0.04227781530357677 0.016045568992410164 -6.849976757501231
5494384562448 PointCloud24.pcd PointCloud23.pcd 0.6918678067611935 -0.5483802602920023 -0.7671905610028767 0.33271268871229753 13.72344599464622 0.04658102400361552 0.3692300304937858 0.9281699159013569 -7.3570722155786665 -0.8349307146852663 0.5244881578164072 -0.166741938292384 -11.698504497604878
5494384562479 PointCloud18.pcd PointCloud14.pcd 0.709241211737052 0.0500880526372377 0.8416732919179293 0.5376590524254617 -1.8690506431253542 -0.08068035142175034 0.5399852479131727 -0.8377986708813832 -7.571689691823425 -0.9954807220019241 -0.0014148173682569931 0.09495330649504685 6.875853295386449
5494384562510 PointCloud7.pcd PointCloud6.pcd 0.816743281935433 0.22023258401896517 0.18238616942762842 -0.9582446942915185 3.6562059952222867 0.10696614502407464 0.9719244096191315 0.20957381946510142 -0.10111059453796589 0.9695647749145065 -0.14865472474166005 0.1945402787521474 2.3915389907652576
5494384562541 PointCloud6.pcd PointCloud5.pcd 0.8156852653249863 -0.4766900988352143 0.31194029902985 -0.8218636136936844 2.1652685383611328 0.3760140151450566 -0.7727239790204363 -0.5113815724694406 -1.4730465480239163 -0.7945942424199707 -0.5528027696095528 0.2510559456078283 -5.818859490699925
5494384562572 PointCloud11.pcd PointCloud12.pcd 0.834551946947798 -0.7449649167601242 -0.35395370400019716 0.5654591481452236 4.021833730974108 0.6646768286385722 -0.32159236109961764 0.674376057369583 -3.4082496963112545 -0.05685056083761242 0.878234096757188 0.47483985197699546 -3.2260861621674497
5494384562603 PointCloud15.pcd PointCloud10.pcd 0.7940882711636318 0.6492146700185567 0.2570389581710609 0.7158570291720491 -20.84661247971882 0.5204389973142398 -0.8364700995896178 -0.17164213517398155 -9.601249572758789 0.5546742848800953 0.48399250663090876 -0.6768217573467067 -9.90634427193697
5494384562634 PointCloud9.pcd PointCloud5.pcd 0.8319021908420725 0.926648568981876 0.22096464601185184 -0.30413328462484723 15.166653215808212 0.04150812089701468 -0.864211239543117 -0.5014140099228863 -22.556527705459054 -0.37363017209995253 0.45201057361549246 -0.8099919356613086 25.31449917280326
5494384562665 PointCloud11.pcd PointCloud6.pcd 0.8030681431729297 0.5572423608443242 0.7712231241827312 0.3077268984123278 -6.085393645639389 -0.8006362337999673 0.5972951781382371 -0.04711784480868471 -3.2431722084146157 -0.22014216408322948 -0.2201212459047034 0.9503073527517891 2.8281389178625673
5494384562696 PointCloud15.pcd PointCloud5.pcd 0.781288111358762 0.10313490817955798 0.9212576705247253 -0.3750299924194745 -12.532564791415412 0.21267052753936216 -0.38874547142399984 -0.8964642799149678 3.914182923406089 -0.9716658054243361 0.012698934864351086 -0.23601758329071057 4.097580373341818
5494384562727 PointCloud3.pcd PointCloud1.pcd 0.7640323902148353 0.2463619546436318 -0.8733700734568257 0.42015533091249435 9.912312739388836 0.08928741885169561 0.4521265287032919 0.8874735820730173 -9.475331271488818 -0.9650562388477526 -0.18112514136013752 0.1893677349188589 11.494711822958445
5494384562758 PointCloud10.pcd PointCloud6.pcd 0.8301711396953223 -0.03335242725633992 -0.02092027668959029 0.9992246782477612 -22.88626002532522 -0.2639685878017293 -0.9640953474304537 -0.028995615477406936 4.848168527710557 0.9639544596349308 -0.2647310013696619 0.026632624049177427 17.05060962158598
5494384562789 PointCloud18.pcd PointCloud15.pcd 0.7929905184480892 0.7263612309498553 -0.6612490297567831 -0.18748088654239964 4.333152630757158 0.4253590869146405 0.6467394712488809 -0.6330858579275496 -1.7576167745327642 0.5398786987390356 0.3801023243475776 0.7510347619607328 -5.413109790449951
5494384562820 PointCloud12.pcd PointCloud13.pcd 0.8659695214744674 0.37583078653497914 0.8061577229124796 -0.45701306948605386 -2.0888010187150168 -0.8803306017918632 0.1565630039199548 -0.4477790273699029 -2.002428990627104 -0.28942918208307006 0.570611734537703 0.7685265102562169 -8.71250291682284
5494384562851 PointCloud9.pcd PointCloud10.pcd 0.9065569515107466 -0.13071013031265166 -0.7488668984664063 -0.6497024166608546 9.381505773002953 -0.2623935310080171 0.6580869354514975 -0.705741610133058 -7.799458517360004 0.9560672030348046 0.078230133384531 -0.2825164588335414 -10.177203757630986
5494384562882 PointCloud13.pcd PointCloud14.pcd 0.8583032967962202 0.07397082978410435 -0.4749308560094584 -0.876908774246885 7.067062927940908 0.017750669323289364 -0.8785514144609503 0.4773178457665699 1.779325011957173 -0.9971024170463264 -0.050873314800461755 -0.05655683655922438 13.22169550949999
5494384562913 PointCloud11.pcd PointCloud10.pcd 0.9287961231083149 0.4654337959697884 -0.8098303236049128 0.3571361484631808 -2.288551451581987 -0.10979593349746697 0.3475604209890718 0.9312070697483554 8.388361503461176 -0.8782461127477723 -0.47262733811308566 0.07285028971504426 -0.4279283363801794
5494384562944 PointCloud10.pcd PointCloud11.pcd 0.9235276607078509 0.505156648931207 0.024841814239457364 0.8626700668887759 3.4035136821572514 0.057051059543856 0.9964379501293191 -0.062101434339339914 -10.120178194893846 -0.8611399053844364 0.08058719381745615 0.5019400039318556 -8.312184839095625
5494384562975 PointCloud10.pcd PointCloud9.pcd 0.9140019114167985 -0.31042865300895833 -0.8334872554094117 -0.45709194530327285 9.609950130973676 0.4538960396856013 0.29252715974507637 -0.8416687269758845 -6.925599105416319 0.8352319657129814 -0.46875031294023156 0.2875077521905528 16.26206730449794
5494384563006 PointCloud19.pcd PointCloud2.pcd 0.41140001502968365 0.16430302272844527 -0.2534452558268545 -0.9532942982212556 -3.677513707477191 -0.7067907499412902 0.6438909396587967 -0.29300391400583775 -6.862540596345902 0.6880780133965367 0.7219210206969817 -0.07333953474152544 -24.298495188065438
5494384563037 PointCloud12.pcd PointCloud7.pcd 0.8082093337842408 0.06741895453469784 0.20003687969073541 0.9774660768195704 -1.065105187366802 -0.7524381213093192 -0.633169509749683 0.1814751925852351 -17.38777713484308 0.6552034479228193 -0.7477176062437878 0.10782774755650451 -6.600918385059591
5494384563068 PointCloud15.pcd PointCloud4.pcd 0.7536849741368434 -0.006046311144889238 0.016901673577248685 0.9998388747952478 16.449689153327125 -0.003891980708774655 0.9998491805629883 -0.016925383708605926 8.607852090516978 -0.9999741469696612 -0.003993689748734932 -0.005979618256137631 14.925775092122597
5494384563099 PointCloud26.pcd PointCloud28.pcd 0.5246412585384165 0.7168051072429709 -0.5489676395205298 0.4299127457864567 8.764168289342148 -0.2806972791091661 0.3372112921290721 0.8986086923468704 -1.929276565726143 -0.6382785251996999 -0.7648026380837734 0.08762105368572598 -6.889498173516959
