id source target overlap t1 t2 t3 t4 t5 t6 t7 t8 t9 t10 t11 t12
5494384560000 PointCloud5.pcd PointCloud16.pcd 0.10300426941748841 0.9219678235166324 -0.33244118378427645 0.19864086116434543 2.2305268224317945 0.3532211405788117 0.932166095728051 -0.07938007195338995 -1.0238387783506113 -0.15877707091455973 0.14335002371548808 0.9768524005460405 3.106464641070677
5494384560001 PointCloud5.pcd PointCloud16.pcd 0.10300426941748841 0.9717445107771557 0.03687872761833989 0.23313636615448544 2.095792062422215 -0.09822183802490435 0.9613171465510165 0.25733599492107717 1.870610554727533 -0.21462776220581406 -0.27296392288407545 0.9377769566876021 1.7361546203690228
5494384560002 PointCloud5.pcd PointCloud16.pcd 0.10300426941748841 0.9721311763859799 -0.2188926158424278 0.08394640330633757 0.3864793269615823 0.2331855848193562 0.9397812427428638 -0.24987136454810777 0.19189410704736265 -0.02419625861297139 0.2624828347117919 0.9646332476909535 -3.1738577353965804
5494384560003 PointCloud5.pcd PointCloud16.pcd 0.10300426941748841 0.8940539207657192 -0.3634638574867448 -0.261842721999868 -0.09223594942604721 0.2678512504334726 0.9022728119160848 -0.3378749480477452 2.1456945069383706 0.3590589010241496 0.23194352152603148 0.904034793809084 2.374646177640295
5494384560004 PointCloud5.pcd PointCloud16.pcd 0.10300426941748841 0.909419962333214 -0.4135534663778436 0.04391881779744888 1.344248115090804 0.3999556768190696 0.8407667944524841 -0.36489266082821437 -0.44333045197423593 0.113977141085639 0.34940625036333295 0.930013163088018 -1.3350040926428024
5494384560005 PointCloud5.pcd PointCloud16.pcd 0.10300426941748841 0.9926538165827585 0.12087194049665442 -0.00532676489591001 0.2657388365958407 -0.12088079595355919 0.9926660823489043 -0.0013719051396448155 0.2247730819676583 0.005121874004410456 0.002005730453333008 0.9999848716115817 0.4098075324198898
5494384560006 PointCloud5.pcd PointCloud16.pcd 0.10300426941748841 0.9978770537000181 0.02321294525156089 0.06084854042390208 -0.7985666606194946 -0.020311214146451186 0.9986465600363724 -0.04788008675239573 0.2160834117082161 -0.06187762340998731 0.04654253216433306 0.9969979701187278 -0.9859891171539705
5494384560007 PointCloud5.pcd PointCloud16.pcd 0.10300426941748841 0.8648630815026609 -0.5010561442583896 0.030896448900118823 -0.37987745145327756 0.501533986254854 0.8650821775873887 -0.009822761932251395 -0.4950849961708395 -0.021806212074490298 0.023990963331589968 0.9994743232286584 2.8321881009966656
5494384560008 PointCloud5.pcd PointCloud16.pcd 0.10300426941748841 0.8400464328291635 0.5423903114219026 -0.011607789050848402 0.8208584746141863 -0.542509270585884 0.8397520061528674 -0.022366481408715378 1.6129235754821305 -0.0023836986742360932 0.02508621609342174 0.999682449452197 -2.8970468741431565
5494384560009 PointCloud5.pcd PointCloud16.pcd 0.10300426941748841 0.934409365491722 -0.31287703727250393 0.1702559756041995 0.5399356296888965 0.2941921893568542 0.9473585327067396 0.12634384127908363 2.018045495308459 -0.20082353796997607 -0.06796889034928877 0.9772666660343573 -1.1451970376754808
5494384560010 PointCloud5.pcd PointCloud16.pcd 0.10300426941748841 0.9028503075865213 -0.4005896209878999 -0.15617066833338017 -0.7523630759656718 0.40395602638114997 0.9147126728165056 -0.010966081307194366 -0.289642130962732 0.1472441878013377 -0.05318535273602151 0.9876692095094741 0.7517978677836696
5494384560011 PointCloud5.pcd PointCloud16.pcd 0.10300426941748841 0.9948068886899173 -0.08235004618607765 -0.05981407951508857 -1.9614082508682897 0.08200023963431859 0.9965978837798583 -0.008283643245725534 -0.6429750717874387 0.06029274346885193 0.0033358565105540182 0.9981751635591521 -0.8650652788036943
5494384560012 PointCloud5.pcd PointCloud16.pcd 0.10300426941748841 0.8983427792228138 -0.389030316764353 0.20404818954467038 0.8501626981162349 0.43504086941653813 0.8523356982365998 -0.2902814142325173 1.4598843098044947 -0.06098928557979014 0.3495415142007524 0.9349337072192401 -2.9147491346800276
5494384560013 PointCloud5.pcd PointCloud16.pcd 0.10300426941748841 0.9273795198915076 0.37391820715145924 -0.012345057571171762 0.08621715508621859 -0.3695911357540668 0.9105297393717939 -0.18530511620447004 -1.2634710771864726 -0.05804841477435942 0.17641079354782013 0.9826034874057858 -3.225543798509066
5494384560014 PointCloud5.pcd PointCloud16.pcd 0.10300426941748841 0.980783397806163 -0.168325606620039 0.09864287477458172 -0.052478721350066475 0.17691585079902547 0.9804656305438385 -0.08595306311196935 -1.5585012418490818 -0.08224784692534443 0.10175282540681171 0.9914038804633942 0.24646663355095288
5494384560015 PointCloud5.pcd PointCloud16.pcd 0.10300426941748841 0.8325294950190053 0.5537251126170896 0.016826751932303423 0.03179056737961959 -0.5531655849636791 0.8325680627747597 -0.028952658932719925 -0.05490203287433794 -0.030041230587153835 0.014795962445043474 0.9994391447007337 3.4334075873283765
5494384560016 PointCloud5.pcd PointCloud16.pcd 0.10300426941748841 0.8956799886118213 0.44469917647651136 2.1010476934535394e-05 0.5032560648073258 -0.4446928941082262 0.8956675842812216 -0.005273366807899834 2.107116739744662 -0.002363880279852177 0.004713905912651067 0.9999860954838667 -0.00945083242281747
5494384560017 PointCloud5.pcd PointCloud16.pcd 0.10300426941748841 0.9882966677422849 0.1174946750860051 0.09728667871774711 -0.01425332926775929 -0.1214157952273991 0.9919704178777671 0.03539625297551678 -0.03963227639475454 -0.09234663609896328 -0.046794138327813914 0.994626767898071 0.26883114206180836
5494384560018 PointCloud5.pcd PointCloud16.pcd 0.10300426941748841 0.9242621297154877 0.380134132419821 -0.0351789275450671 2.28984791864001 -0.3806721769260711 0.9107641452701822 -0.15999176667766582 -1.6492953762317781 -0.028778625543224204 0.161265969936948 0.986491296288081 -0.3702204186636178
5494384560019 PointCloud5.pcd PointCloud16.pcd 0.10300426941748841 0.9861179865309675 0.1339727037999924 0.09809501147678246 0.7296663310961068 -0.14558993361596453 0.9816904051925123 0.12283126467907131 -0.5446664644756192 -0.07984289492377902 -0.1354077656173402 0.987567642817802 2.4732364402796123
5494384560020 PointCloud5.pcd PointCloud16.pcd 0.10300426941748841 0.8480558652458723 0.5062115535183328 0.15668794627102217 -1.8261349831225586 -0.5223836588699521 0.8482810078169735 0.08680233132042753 0.9617711600960145 -0.08897506598882785 -0.15546444886717908 0.9838263275450133 -0.3470043707175215
5494384560021 PointCloud5.pcd PointCloud16.pcd 0.10300426941748841 0.9131571325464298 0.40469067741242315 -0.04867758103127387 -0.6140050043079628 -0.3930993859203239 0.9059303281219093 0.15736299875763118 0.6433328960602216 0.1077818355227188 -0.12456201750294531 0.9863403974931524 0.4761257890780146
5494384560022 PointCloud5.pcd PointCloud16.pcd 0.10300426941748841 0.9169445325269511 -0.08058279249384928 -0.390792960303566 3.5076667473322947 0.05405176780661381 0.9954524333502469 -0.07844016403636776 -1.7853314854254685 0.3953367307320573 0.05080222919287701 0.9171303085402441 0.37445381422592094
5494384560023 PointCloud5.pcd PointCloud16.pcd 0.10300426941748841 0.9893987316923245 0.14519086003320392 0.0031247221377647375 1.9707622976934787 -0.14510719084863077 0.9892353698776659 -0.018902014363992515 -0.6570184651249011 -0.005835485381584678 0.018248209386570725 0.9998164581384651 -0.046898501243194946
5494384560024 PointCloud5.pcd PointCloud16.pcd 0.10300426941748841 0.9986677845196898 -0.01562917964840871 -0.049177077038515225 0.8330788169005042 -0.014473737530296491 0.8299241413724682 -0.5576884708231609 0.11104614358839207 0.049529456734738984 0.5576572857147024 0.8285922909398037 -0.4663686896633389
5494384560025 PointCloud5.pcd PointCloud16.pcd 0.10300426941748841 0.9296354183224962 0.3663451850173586 0.03961305864175371 -0.9957652538854755 -0.3596627422963399 0.8787525985878321 0.3137460474316916 0.9498895912213969 0.08012927557537478 -0.30591677935302913 0.9486802534605829 -0.5561264760044162
5494384560026 PointCloud5.pcd PointCloud16.pcd 0.10300426941748841 0.9961130227546415 -0.04691586183827873 0.07455030386646873 -0.925517738026805 0.05565964680026002 0.9912234975560551 -0.11990822161474914 -1.690265358286073 -0.06827041538383653 0.1235915846678609 0.9899819546752383 -0.11711985180456395
5494384560027 PointCloud5.pcd PointCloud16.pcd 0.10300426941748841 0.9960490691603519 0.08345054509004222 0.03036870673853681 -0.010008028107986256 -0.0798124418074367 0.9911674855237819 -0.10591029115812171 -0.059336463543681356 -0.038938746224434995 0.10306804628321241 0.9939118431117674 -0.47701518693744144
5494384560028 PointCloud5.pcd PointCloud16.pcd 0.10300426941748841 0.8783457628409065 -0.47788858774567544 -0.01145506882868588 0.1862166317906913 0.47678696357024997 0.8740936563080858 0.09292185626333041 0.02923387304134662 -0.034393491664662795 -0.08707914620852536 0.9956075080204583 1.9484809980085296
5494384560029 PointCloud5.pcd PointCloud16.pcd 0.10300426941748841 0.9998206193076153 0.016041144324708222 0.010070297716084364 -0.2468447126953326 -0.016434808571963017 0.9990520998092355 0.04030879474705854 -0.07087395900525686 -0.009414152884865624 -0.04046706754277415 0.999136522288095 0.3071961229817954
5494384560031 PointCloud20.pcd PointCloud6.pcd 0.10332173123486683 0.9988744808044661 0.022752900424988388 -0.04161823061903522 -1.8601040254477765 -0.03198134390992443 0.9710565107960495 -0.23669906312091124 -1.8163827348540391 0.03502806359654752 0.2377636607281536 0.97069123638664 -0.9350114233169593
5494384560032 PointCloud20.pcd PointCloud6.pcd 0.10332173123486683 0.8577306737328662 0.2937594188985335 -0.4219046043196963 0.7395276968729444 -0.2546076153096247 0.9556835158002543 0.14779709014054085 -0.33657970445936397 0.446624062903142 -0.019349972508014596 0.8945124510032431 2.486605812470948
5494384560033 PointCloud20.pcd PointCloud6.pcd 0.10332173123486683 0.9714562287368214 0.23241586465527236 0.047493804911530636 1.9596556917045829 -0.23370666794069694 0.9720195843689954 0.023645738795436792 -0.3653220046014457 -0.04066926368265401 -0.03407041912961031 0.9985916169945767 -1.5348272277026096
5494384560034 PointCloud20.pcd PointCloud6.pcd 0.10332173123486683 0.9696090779146702 -0.18145689636203205 -0.16410859449803997 -0.25277242664639205 0.17833011594250037 0.9833929350373776 -0.03371505697024317 2.167577810655008 0.16750106200677575 0.0034249206167618097 0.9858659463362002 -0.12421589890669903
5494384560035 PointCloud20.pcd PointCloud6.pcd 0.10332173123486683 0.9961063561576068 0.008993431133075429 -0.08769974583127073 0.14177310448162952 -0.0024062381939521497 0.9971859681718909 0.07492899905138636 1.0532303135783727 0.08812682474802337 -0.07442622573759416 0.9933249215046845 -3.470363957782285
5494384560036 PointCloud20.pcd PointCloud6.pcd 0.10332173123486683 0.900820800855087 0.06542644538173704 -0.4292333456192683 -0.167914525088848 -0.19887957016616564 0.940953957099847 -0.27395723605822203 -0.2525479017146042 0.3859647669377618 0.332152120063759 0.8606428805374673 -1.902501060450865
5494384560037 PointCloud20.pcd PointCloud6.pcd 0.10332173123486683 0.947878907344016 -0.16777352805234136 -0.2708830380389008 0.526162817543872 0.12329215322609605 0.9770475158625926 -0.17371585045588023 -1.2314145797434706 0.29381052051481615 0.13126383748621367 0.9468078912869314 0.9720799385531707
5494384560038 PointCloud20.pcd PointCloud6.pcd 0.10332173123486683 0.9929662350200534 -0.10398652961754698 0.05661146322256062 0.2901368611493229 0.10306387162681865 0.9944934721468839 0.018988739361155624 -3.552057996681793 -0.058274303731498625 -0.013020580453047437 0.9982156931291327 -0.5703766474262378
5494384560039 PointCloud20.pcd PointCloud6.pcd 0.10332173123486683 0.9981727937827839 -0.05949897541189174 0.01053307537270169 0.5223009764528639 0.053752307744323186 0.953987011331861 0.29499062971942547 0.33738717520620976 -0.027600057319351466 -0.293885443897854 0.955442087570424 1.3024373551159123
5494384560040 PointCloud20.pcd PointCloud6.pcd 0.10332173123486683 0.9996907652287936 0.0016224634988991915 -0.024814139688163196 0.29274829320754026 -0.0009414688264373745 0.9996232583009641 0.02743091504512057 1.8580818985349414 0.024849296825419077 -0.027399070713411345 0.9993156675301972 -0.30902415535038297
5494384560041 PointCloud20.pcd PointCloud6.pcd 0.10332173123486683 0.9920118315286828 0.12315706237571535 0.02729219841076067 -0.5937318780326293 -0.12357244532379826 0.9922355348647801 0.014088793713462954 0.029257264407979353 -0.025345154641569275 -0.017348813751602157 0.9995282096057154 1.8576564047817057
5494384560042 PointCloud20.pcd PointCloud6.pcd 0.10332173123486683 0.9996880571037934 -0.023710693173160904 0.007848026076077989 -0.4995464767320174 0.023414441694754647 0.9990809618724938 0.0359025840860424 2.884971984726884 -0.008692088596276171 -0.03570762738100405 0.9993244783065477 2.6780874145099554
5494384560043 PointCloud20.pcd PointCloud6.pcd 0.10332173123486683 0.9761269158731806 -0.2159617493244143 0.023168231193846252 -0.2075862029560421 0.21557417855563726 0.976319288475852 0.018122375398060893 -0.02737708064860158 -0.026533330887298975 -0.012695265997404684 0.9995673126774806 -1.7838262913443972
5494384560044 PointCloud20.pcd PointCloud6.pcd 0.10332173123486683 0.9918107434737151 -0.12495086257779679 -0.026433521732472192 -0.026812947315419642 0.12289519616263496 0.9900360435383179 -0.06874156861129672 -0.011267011012642108 0.03475945756573323 0.06493007343333816 0.9972842451747032 1.2176532284545865
5494384560045 PointCloud20.pcd PointCloud6.pcd 0.10332173123486683 0.9046109706765181 0.4260473096536606 0.012754672420938088 -0.3863409791379566 -0.4262287638568308 0.9039869086274004 0.03371512852346573 -0.29481366297010114 0.002834182909690984 -0.03593548339947115 0.9993500930305057 0.4049380723310531
5494384560046 PointCloud20.pcd PointCloud6.pcd 0.10332173123486683 0.9994696121192951 -0.03223646827127812 -0.004615686677077822 -2.235288546467367 0.0322567316601274 0.9994699966299563 0.004385099670693902 -1.3362234976886675 0.004471880221183187 -0.004531660833542607 0.9999797329633123 2.891774423535829
5494384560047 PointCloud20.pcd PointCloud6.pcd 0.10332173123486683 0.9410756244458035 -0.22189023581993805 -0.2552281182035268 0.058080542251608684 0.21321831904162725 0.9750654386176868 -0.0615251073819536 0.006357772654222523 0.26251593760951736 0.003480468513053364 0.9649213796159383 3.8119210668502266
5494384560048 PointCloud20.pcd PointCloud6.pcd 0.10332173123486683 0.9086374858793917 -0.3649469579017312 0.2029572299107624 -0.3369019137857457 0.37142603247826006 0.9284390931257019 0.006599450990991899 0.2498947456413015 -0.1908418760446369 0.0693870901118934 0.979165364008331 0.9449540950219045
5494384560049 PointCloud20.pcd PointCloud6.pcd 0.10332173123486683 0.9868979775883056 -0.07575264507064668 -0.14245672534813172 0.8515628635036042 0.1158042940053657 0.9473611029256215 0.29849004364211024 -1.5422626733183098 0.11234655011183578 -0.31107632090590037 0.9437212381045677 -2.932460718409237
5494384560050 PointCloud20.pcd PointCloud6.pcd 0.10332173123486683 0.9731495211418739 -0.228181503007405 0.030219384285967973 -1.5093581278588053 0.23015319636373163 0.9628798633550066 -0.14103855837678295 2.0121351318770224 0.0030847536204666928 0.14420669343246603 0.9895427802093124 -2.1690663232150844
5494384560051 PointCloud20.pcd PointCloud6.pcd 0.10332173123486683 0.9941224803236364 -0.08247534881899153 0.07013067055409446 -1.05591920137407 0.08680730878834379 0.9943470541559791 -0.061142677666679586 0.09557516734789148 -0.06469146200316074 0.066871165149951 0.9956622228523997 0.8853321533852495
5494384560052 PointCloud20.pcd PointCloud6.pcd 0.10332173123486683 0.9372795456041656 0.3372485265606962 0.08815035294704246 0.1789565237309816 -0.30695594482708416 0.9183701006906875 -0.2497486858677909 0.4574797084089561 -0.16518202483127767 0.20702605992970022 0.9642899507837999 -0.489147094391992
5494384560053 PointCloud20.pcd PointCloud6.pcd 0.10332173123486683 0.9223203587490765 -0.3776469905303038 -0.08190180938403911 0.04886669002012684 0.3847107928704555 0.91731327675907 0.10263507261420533 0.09510830608548396 0.03636979084295583 -0.12617092701942997 0.9913415836577709 1.043172560081438
5494384560054 PointCloud20.pcd PointCloud6.pcd 0.10332173123486683 0.9201139709167385 -0.3888103945271598 0.047082455665202805 0.7485334060990356 0.39129689108449495 0.9075071266595549 -0.1527008778289362 -0.17926756061142785 0.016644024496508245 0.15892542958807165 0.987150284545776 -0.2451100757966731
5494384560055 PointCloud20.pcd PointCloud6.pcd 0.10332173123486683 0.9237729445802175 -0.3828817744715402 0.006715179753279588 0.10123620791989217 0.38252410955184396 0.9234439040967781 0.030441116899174628 -0.22498106606059434 -0.017856440663331717 -0.025551962038657325 0.9995140042854886 -0.6354606435972009
5494384560056 PointCloud20.pcd PointCloud6.pcd 0.10332173123486683 0.9608470865486313 0.27527646579787024 -0.03155540601610002 2.126682002931926 -0.26498501071932345 0.8796489888475274 -0.39496911336660534 1.9363469550865435 -0.08096802063214192 0.38786663145642775 0.9181523053598224 2.5574356214327736
5494384560057 PointCloud20.pcd PointCloud6.pcd 0.10332173123486683 0.8982961601086871 0.23233258716572266 -0.37294178858753535 -0.2978913887783638 -0.33076303425246534 0.9162821555632849 -0.22588232903085337 -0.028590534716644297 0.2892400800478566 0.32626458639757727 0.8999397734052692 -0.700296458993324
5494384560058 PointCloud20.pcd PointCloud6.pcd 0.10332173123486683 0.9248896406689195 -0.18181392001816557 -0.3339503721676996 0.637284292446235 0.2556276003864181 0.9474929339130514 0.19212410079300246 -0.1181699525998948 0.28148478201138827 -0.26306052283165965 0.9228030552742743 -3.382480764080873
5494384560059 PointCloud20.pcd PointCloud6.pcd 0.10332173123486683 0.9997509636396351 -0.020529919228586515 0.008748320872531776 -1.9727052189752936 0.020562368531466018 0.9997819621735278 -0.003635534737420958 2.1713523443434806 -0.008671776173151475 0.0038145155548944846 0.999955123877609 -1.6956866965415902
5494384560060 PointCloud20.pcd PointCloud6.pcd 0.10332173123486683 0.8739910572850913 0.07029289199938753 -0.48083109416930475 1.325039385174818 -0.04835976118229814 0.9971520218329736 0.057872090447850355 0.1808576421164383 0.48352969431471265 -0.02732681263476448 0.8749012973056703 -0.9375438903377863
5494384560062 PointCloud27.pcd PointCloud15.pcd 0.1531859513134811 0.986543441570224 -0.16349796263952618 0.0006738749900722424 0.13951293975790927 0.16348958006757844 0.9864310435077424 -0.01499845370541444 -0.5449259082862277 0.0017874854139277817 0.014906797675916194 0.9998872897876763 0.08796338196109599
5494384560063 PointCloud27.pcd PointCloud15.pcd 0.1531859513134811 0.9773983901559792 -0.21089329995396872 -0.014710640877465033 0.011442330577861277 0.21067374556048468 0.9774387713149448 -0.015166451854247696 0.01170419004464159 0.01757725382466011 0.01172451981346913 0.9997767629741787 -3.3722022019952824
5494384560064 PointCloud27.pcd PointCloud15.pcd 0.1531859513134811 0.9997236720772635 -0.00038625762839831026 0.023503835716677156 0.5827895254592063 0.000815340942402579 0.9998331399382828 -0.018249041078971805 -0.22504835612544447 -0.02349286503387117 0.01826316199892183 0.9995571730552993 0.5386827305673827
5494384560065 PointCloud27.pcd PointCloud15.pcd 0.1531859513134811 0.9979071989904762 -0.04797221308860653 -0.04335768645076965 -0.07979963243086027 0.048822386631377716 0.9986311630755808 0.01876631817722412 0.30940823613641694 0.04239807503411207 -0.020843869738939307 0.9988833447043292 1.3259351135926953
5494384560066 PointCloud27.pcd PointCloud15.pcd 0.1531859513134811 0.9826074658974516 -0.18487035794164092 -0.017479093715586612 0.6886160209561493 0.18049977183298666 0.9287680618622507 0.32374329279983305 -0.42331165903720475 -0.043616514427776566 -0.3212675489668514 0.9459834891001024 -0.6856119704988605
5494384560067 PointCloud27.pcd PointCloud15.pcd 0.1531859513134811 0.992687947153853 -0.027564887366438626 -0.11751943056339445 1.9551418972663277 0.05024599178782174 0.9795826952339795 0.19466145871073334 -0.708672891926286 0.10975417934970444 -0.1991429641805302 0.9738049599035039 -0.40434040103780977
5494384560068 PointCloud27.pcd PointCloud15.pcd 0.1531859513134811 0.995429026811804 -0.0788747296702404 0.05385006592336888 1.1975141783106853 0.07962776899312776 0.9967526603377248 -0.011981340277493103 -0.42149838771116926 -0.05273017149300536 0.01621453450193675 0.9984771494056354 -2.9577362869441584
5494384560069 PointCloud27.pcd PointCloud15.pcd 0.1531859513134811 0.9262573768354226 -0.37645797497108535 0.01807387447758531 0.03888509022325498 0.3767402372452955 0.9261790915829983 -0.01609608507838048 -0.05069396559104575 -0.010680145051465681 0.02171827330064767 0.9997070826529729 -1.2913009567510874
5494384560070 PointCloud27.pcd PointCloud15.pcd 0.1531859513134811 0.9423027765907933 0.3331774832870371 -0.03253062956350139 2.7778202378928887 -0.3344477777758712 0.9411715125246631 -0.048382517016164736 -1.354014539293509 0.014496936575122115 0.056470776889946436 0.9982989983904537 2.1459557389941
5494384560071 PointCloud27.pcd PointCloud15.pcd 0.1531859513134811 0.9391325793017147 0.34320530019560375 0.015495819170149574 0.6172114070613848 -0.3435452388165386 0.9384893079647867 0.034849501033200544 0.17440818234203076 -0.002582127145574554 -0.03805181669015434 0.999272431254852 -0.48641207913763584
5494384560072 PointCloud27.pcd PointCloud15.pcd 0.1531859513134811 0.9695442619900871 0.0831045496502755 0.23038567201438975 2.6233492723950183 -0.1823924516396603 0.8727881628687919 0.4527403409692945 1.3353062627025445 -0.1634531052839659 -0.48097240729957036 0.8613643977954305 0.6824640783108279
5494384560073 PointCloud27.pcd PointCloud15.pcd 0.1531859513134811 0.9927374926779178 -0.05461039368594551 0.10719130343935088 0.6746541456978331 0.07155804788120669 0.9843161503353642 -0.1612487580491691 -1.6289774735353628 -0.09670427299241685 0.1677480881871224 0.9810753602525004 -2.1112415544737897
5494384560074 PointCloud27.pcd PointCloud15.pcd 0.1531859513134811 0.9997434710931281 -0.016594701905533096 0.015414534547957841 -0.5151110537228593 0.01726052882499903 0.9988772888170729 -0.04411616517938924 -0.4144764057702793 -0.014665133867274012 0.044370911125649365 0.9989074812486562 2.295380909857479
5494384560075 PointCloud27.pcd PointCloud15.pcd 0.1531859513134811 0.885019449343221 -0.14829150292021762 -0.4413051149101778 0.17957407544508946 0.14385465309093318 0.9886328096742255 -0.043715059415881004 0.09202961260756659 0.4427712875382836 -0.02479511640040883 0.8962916875294454 1.2621655660741393
5494384560076 PointCloud27.pcd PointCloud15.pcd 0.1531859513134811 0.937470279867875 0.3387586346759381 0.07995037083680434 0.38687041269533706 -0.3382936101919031 0.8327431131139056 0.4382879656854496 -1.0958865459493223 0.08189571214524566 -0.437928641440424 0.8952718008171416 -2.548501365725015
5494384560077 PointCloud27.pcd PointCloud15.pcd 0.1531859513134811 0.8612775877817621 -0.34796221846502495 0.3703015140473064 -1.7383434643339795 0.32246676607993374 0.9374848959929466 0.13090933717288272 -1.241966048120453 -0.39270357976313186 0.0066606535709682405 0.9196409811090571 0.6473466792605519
5494384560078 PointCloud27.pcd PointCloud15.pcd 0.1531859513134811 0.999793333555965 -0.018834738619098457 0.007651326564797662 -0.61627179679026 0.018954264167853993 0.9996945270111738 -0.01586154260344428 -0.97609089775739 -0.007350241282171859 0.016003289819781212 0.999844922309474 1.787504852410179
5494384560079 PointCloud27.pcd PointCloud15.pcd 0.1531859513134811 0.975998430578772 0.21620851640448818 0.02609484512205606 0.626306082652796 -0.2172437748284744 0.9749758747616697 0.047193070794260696 -0.1583502810831063 -0.015238300628647814 -0.05172930568727118 0.9985448778733301 0.31571159273854504
5494384560080 PointCloud27.pcd PointCloud15.pcd 0.1531859513134811 0.9947238632053955 -0.08485859044713631 0.057649419746071406 0.19641270402921154 0.08441388275268036 0.9963794846768038 0.0101103369777426 0.3890090065955487 -0.05829864808338418 -0.005190582097603553 0.9982856933208738 -2.3607091179772377
5494384560081 PointCloud27.pcd PointCloud15.pcd 0.1531859513134811 0.9131940083582489 0.23535152488585293 0.33269560086135513 -1.3788355995264694 -0.1674882229118279 0.9609938633729198 -0.22008745930976586 -0.33447730051513835 -0.37151634995573507 0.14525995419761695 0.9169924467639164 -0.905025652850965
5494384560082 PointCloud27.pcd PointCloud15.pcd 0.1531859513134811 0.9839519203144658 0.14387873072384166 0.10553449367278542 0.19456920258332727 -0.16041081730926526 0.9722955558429094 0.17002859106133056 0.9753969136135683 -0.07814722131751353 -0.18422883306753024 0.9797717840736828 -1.1399160857876358
5494384560083 PointCloud27.pcd PointCloud15.pcd 0.1531859513134811 0.9906021199632469 -0.13593829357061696 -0.015106960827035996 -1.2225998647013183 0.136751788093078 0.9864141348292849 0.09102803448575121 -1.0039864665249063 0.002527524019020318 -0.09223846784342195 0.9957337378397054 3.262618716256483
5494384560084 PointCloud27.pcd PointCloud15.pcd 0.1531859513134811 0.9494445044927635 -0.291981199069915 -0.11533478347049206 -0.062381285146355665 0.312345501250535 0.915500245857341 0.25357363365243635 0.002197596792339653 0.031550289016784944 -0.2767783937102798 0.9604156912702513 -0.4481046745084186
5494384560085 PointCloud27.pcd PointCloud15.pcd 0.1531859513134811 0.8891535406480263 -0.23620012811476432 0.3919381081646026 2.1710915569381735 0.23076879243141607 0.9710518402160601 0.06167728960281591 1.0213464879772216 -0.39516040488999504 0.0356065035010816 0.9179218002180811 1.7466466055128396
5494384560086 PointCloud27.pcd PointCloud15.pcd 0.1531859513134811 0.922260526494327 -0.3865032086650986 0.007126777812592075 0.16883320862654264 0.386318802796918 0.9208441198015158 -0.0529517670387638 -1.8973791401413005 0.013903376423111694 0.051588532820335466 0.9985716395960194 -1.0185473352201462
5494384560087 PointCloud27.pcd PointCloud15.pcd 0.1531859513134811 0.990591578904786 0.13637136835857067 0.011453108527140574 0.29291230707923505 -0.1362364405128747 0.99060562780204 -0.011837332609517887 0.9122588097837365 -0.01295978700848847 0.010165631261138147 0.9998643427294311 0.5667679130963126
5494384560088 PointCloud27.pcd PointCloud15.pcd 0.1531859513134811 0.9809527830353112 0.11600295117966873 -0.1558042129497308 -0.08806086388422141 -0.1343733888413006 0.9844610951588836 -0.11304930114722611 0.2833148558509265 0.14026913354898257 0.13183196667037542 0.9812975607517013 0.28229767344084145
5494384560089 PointCloud27.pcd PointCloud15.pcd 0.1531859513134811 0.9318729480916721 0.3627837503003465 -0.0008712823604676439 -0.8862760863906329 -0.362781912505474 0.9318724288252024 0.0017493868322252045 0.2011140785599957 0.0014465731251622415 -0.0013141207836357169 0.9999980902545562 0.22623511837319588
5494384560090 PointCloud27.pcd PointCloud15.pcd 0.1531859513134811 0.9948744520568144 -0.10103700401537981 -0.004043323416408786 0.6174569806045104 0.10105268697140098 0.9948734992024796 0.0038826589438112663 -0.29571365356634177 0.0036303030883937234 -0.004271346884770215 0.9999842881242067 1.6116668110401948
5494384560091 PointCloud27.pcd PointCloud15.pcd 0.1531859513134811 0.8690763957788913 -0.4851633383088889 0.09655440674017307 0.7078736141111795 0.48480005774716217 0.8741516398329794 0.028771767162646608 -0.2908339478295581 -0.09836219959069845 0.02180471825747652 0.9949117709392084 -1.083821611257871
5494384560093 PointCloud18.pcd PointCloud23.pcd 0.13698861685550537 0.9974059138263099 -0.06952480684355201 0.01864790330493582 0.21578414397492254 0.06961534103765983 0.9975648570163697 -0.004249745653585332 -0.12941485559168736 -0.018307030248343646 0.005536901595354078 0.9998170809524158 1.694295068573602
5494384560094 PointCloud18.pcd PointCloud23.pcd 0.13698861685550537 0.9280020892002462 -0.3058506517123739 0.21276160670359293 0.20446870587121094 0.285332474587747 0.9506293458030712 0.12202141551243131 0.27760894930972907 -0.23957775644999038 -0.05252833278470643 0.9694551422676803 -0.6379799100231158
5494384560095 PointCloud18.pcd PointCloud23.pcd 0.13698861685550537 0.9731797697547651 -0.18970362035103452 -0.13012944388482212 0.6084681689919766 0.22383073352092478 0.9114349812698075 0.3452333669406685 -2.551060444978133 0.05311250767519135 -0.36510109742839186 0.929451585713337 -0.275931651421129
5494384560096 PointCloud18.pcd PointCloud23.pcd 0.13698861685550537 0.9057540618436173 0.4232702885018144 0.02125658310687062 0.09747869827920645 -0.41941379297768805 0.8880432455066861 0.18833816493217817 -0.1656091613436402 0.06084118435613739 -0.1795033620340916 0.981874173865776 -0.24161752037755008
5494384560097 PointCloud18.pcd PointCloud23.pcd 0.13698861685550537 0.9015888117178442 0.3999649493650606 -0.16482006511529554 0.008323406613339981 -0.4319223991843752 0.8535138588323231 -0.29147407065461345 0.7617821883566498 0.024096797878950083 0.3339792389663793 0.9422723662887601 -0.07806333853388887
5494384560098 PointCloud18.pcd PointCloud23.pcd 0.13698861685550537 0.8782448132829511 -0.44525394529636886 -0.17445621840339406 -0.509798488170739 0.4725148456641287 0.864117870393924 0.173291738674625 0.08532660933748581 0.07359190559157405 -0.23462572378980123 0.9692961369816311 -1.9228440532880584
5494384560099 PointCloud18.pcd PointCloud23.pcd 0.13698861685550537 0.9967732364879172 0.07460400185464743 0.029620228369719896 -0.8932804943613858 -0.07517337525094843 0.9969970543909537 0.018596698339805175 -0.7690917877049915 -0.028143892317564954 -0.020763343734412822 0.9993882153008329 3.1576880185568563
5494384560100 PointCloud18.pcd PointCloud23.pcd 0.13698861685550537 0.8422139338056011 0.42753140986545 0.3284700645144928 -0.9244356784482894 -0.4568733216511115 0.8894249493195826 0.01378504593165722 -0.888353973670201 -0.28625593036158137 -0.16167916719948314 0.944413780726704 -0.0760083139611816
5494384560101 PointCloud18.pcd PointCloud23.pcd 0.13698861685550537 0.9990827522782848 -0.005506437693874841 0.04246567135900042 -1.5893906838234806 0.003033095565081911 0.9983067839490399 0.05808928862206808 -0.04109725636684728 -0.042713632851119496 -0.057907203914956226 0.9974077908776386 2.282557186154088
5494384560102 PointCloud18.pcd PointCloud23.pcd 0.13698861685550537 0.9981417120287327 0.051813201558232484 -0.03207046698500972 0.047458043926129685 -0.04772001770339259 0.9919404747600008 0.1173750162653545 -0.00598225622205325 0.0378935696225431 -0.11562649643222055 0.9925696906031694 0.6113050158902732
5494384560103 PointCloud18.pcd PointCloud23.pcd 0.13698861685550537 0.8928522076618622 0.4406366953126995 0.09302815712053006 0.000265088843933484 -0.40798162998186466 0.8788794095882433 -0.24722858451069452 -0.07994064759989865 -0.19069851827080267 0.18278480830124805 0.9644810983029145 1.9267725321060518
5494384560104 PointCloud18.pcd PointCloud23.pcd 0.13698861685550537 0.8806724779361412 0.4537882228543841 -0.135986158870955 3.3177332587193407 -0.4421814738786383 0.8904318068057633 0.10773458862936654 0.6090766947808823 0.1699750886581084 -0.03474832697100151 0.9848355309433066 -0.03569598322981163
5494384560105 PointCloud18.pcd PointCloud23.pcd 0.13698861685550537 0.9048344307970867 -0.07753586863970591 0.4186440515741247 -0.08820613987838095 0.08640592661207355 0.9962574980799235 -0.0022390546755862786 -1.2816050179784364 -0.4169036683580765 0.038199300959802625 0.9081476447779631 1.8582101676544962
5494384560106 PointCloud18.pcd PointCloud23.pcd 0.13698861685550537 0.9911191748934918 0.0938824828710212 -0.09417462805032183 -1.3918786193936195 -0.10759970171967552 0.9823315790283728 -0.15312404459607437 1.1560261194062724 0.07813504558314989 0.16189733862419148 0.9837093912320461 0.718906954903239
5494384560107 PointCloud18.pcd PointCloud23.pcd 0.13698861685550537 0.8843877175483701 -0.46667971386940044 0.008271016404231382 0.23021524907443275 0.466655612802373 0.8844263253667503 0.004755421990640737 2.6133639473969255 -0.009534363619362945 -0.00034592057166701233 0.9999544870889535 2.1816572725877874
5494384560108 PointCloud18.pcd PointCloud23.pcd 0.13698861685550537 0.82128907905401 0.008648587690544114 0.5704467114092032 -1.1993556204509568 -0.014152587348127809 0.9998862394879868 0.005216546168254527 -1.1730910107303216 -0.5703367013422592 -0.01235758930903949 0.8213180486805945 1.333457593312393
5494384560109 PointCloud18.pcd PointCloud23.pcd 0.13698861685550537 0.9843962087804555 -0.1747623176805659 -0.02054839306570839 -0.8264926463996054 0.17428767133879128 0.9844262673893628 -0.02299416650258045 0.32579794677206947 0.02424689171764857 0.019054038752030256 0.9995244028282996 -0.5784612474658996
5494384560110 PointCloud18.pcd PointCloud23.pcd 0.13698861685550537 0.9882870933325107 0.08749600278388013 0.12503227842929424 -0.7212232649591908 -0.10303910068066276 0.9869433954398005 0.12379692212925957 -0.517258700684731 -0.11256804556932468 -0.13523011386004583 0.9843989290029228 1.142295863753953
5494384560111 PointCloud18.pcd PointCloud23.pcd 0.13698861685550537 0.9844298027882371 0.1359636041614605 0.11140853524635472 3.7508172890929803 -0.16035269390967918 0.9542647422927693 0.25232085758578027 -1.1055012713101318 -0.0720067839736043 -0.2662568308238129 0.9612087822639982 0.39458952396225794
5494384560112 PointCloud18.pcd PointCloud23.pcd 0.13698861685550537 0.895821200010378 -0.4443844544961908 -0.005180175102175169 0.995785376075715 0.4443972986041099 0.8958283653783277 0.0016064796802156315 0.03630421066334898 0.003926653197803254 -0.00374117437662597 0.9999852923963171 0.28708310158344935
5494384560113 PointCloud18.pcd PointCloud23.pcd 0.13698861685550537 0.9729029116702219 0.15592482215603876 0.17072602115439756 -0.22252432407659012 -0.09335149751406824 0.9404290313516087 -0.32692313301899517 -1.1836728899985247 -0.21153113807542617 0.30212693826715026 0.9295019584690676 -1.85210596613578
5494384560114 PointCloud18.pcd PointCloud23.pcd 0.13698861685550537 0.963983974564582 -0.22596751225684683 -0.14026254021342643 0.05831598353836492 0.2624609899276517 0.8935211294919122 0.3643270782109043 -0.18514549193982063 0.04300145984578181 -0.38801891004943184 0.920647706723469 -1.0742932565433259
5494384560115 PointCloud18.pcd PointCloud23.pcd 0.13698861685550537 0.9958346830355417 -0.08204413563942865 0.03977491509332772 -0.07457550155006464 0.0830021107461306 0.9962825137849447 -0.023060839924830035 0.03163033000165898 -0.03773504571601138 0.026266186124570812 0.9989425177612974 -2.4665833380140034
5494384560116 PointCloud18.pcd PointCloud23.pcd 0.13698861685550537 0.9535320719793542 0.15188012692336988 0.26020955930269096 0.5531217345390123 -0.15381685617842256 0.9880134697377877 -0.013029135507926854 -1.4487929350023985 -0.25906941630023805 -0.027600917782539463 0.9654642545819163 1.7242660120411222
5494384560117 PointCloud18.pcd PointCloud23.pcd 0.13698861685550537 0.9714695640924582 -0.026365703123106612 0.23569415720554726 0.32204148496537666 -0.04843003288592018 0.9508063087835646 0.30597695189677476 -0.0435496999450977 -0.23216678909068306 -0.30866197186598276 0.9224024984610164 -0.24877837706568667
5494384560118 PointCloud18.pcd PointCloud23.pcd 0.13698861685550537 0.9481196896598106 -0.2804226744248048 0.14977375520372105 1.1456434094065027 0.284240917977524 0.9587433345874837 -0.004280062075096 -0.23753763628421942 -0.1423943630439024 0.04662984079441138 0.988711031252716 1.5658356642052025
5494384560119 PointCloud18.pcd PointCloud23.pcd 0.13698861685550537 0.9536002597666134 -0.2175256915472069 -0.20815647501328585 -1.426512075866606 0.16686987570720674 0.9573284803742469 -0.23595894822150007 0.7296210456659503 0.25060125529316224 0.19027546920516206 0.9492071726784658 2.7611816122593194
5494384560120 PointCloud18.pcd PointCloud23.pcd 0.13698861685550537 0.8491452504291946 0.5210491921447764 -0.08637177223385147 -1.9307626278067471 -0.5222117935247805 0.8527531991920317 0.010335568266285268 1.770508645894125 0.07903914458780746 0.03632795938435058 0.9962093620267763 -0.0982007999940581
5494384560121 PointCloud18.pcd PointCloud23.pcd 0.13698861685550537 0.9760877004615219 0.2170745535809462 -0.011464693426823883 -1.360439944990389 -0.2162434944371686 0.9642668650939611 -0.15306261462377713 -2.160869892153854 -0.022170974749442022 0.15188170090401798 0.9881499870005372 0.7729189285803925
5494384560122 PointCloud18.pcd PointCloud23.pcd 0.13698861685550537 0.9581296418973083 -0.10945410354679447 -0.26458909375577694 -0.00207090671398243 0.11617137707087077 0.9931805895316479 0.009824852519305644 -0.3778399148138592 0.26170938169502694 -0.04015116180555853 0.964311196522404 -0.9261891115996483
5494384560124 PointCloud26.pcd PointCloud14.pcd 0.10014616972751006 0.9972524676146862 -0.061162810974410425 -0.041792659524464947 -0.7437833651264558 0.05372190179978373 0.9855778761862648 -0.16046871109093602 -0.026445210930611165 0.05100463805806003 0.157782636959459 0.9861557515781603 -0.4533689971819817
5494384560125 PointCloud26.pcd PointCloud14.pcd 0.10014616972751006 0.9221634707850713 -0.3530600151359522 0.15799733814793301 -0.8943895374413517 0.3728903268142022 0.9200110118418909 -0.1205509944299822 -0.18921741348360982 -0.10279755501970164 0.17008340248790094 0.9800532122696759 -0.5541378421043565
5494384560126 PointCloud26.pcd PointCloud14.pcd 0.10014616972751006 0.8651674225713031 0.4834052886606391 0.13343409540388274 0.0538191118529223 -0.4929055334507945 0.8687165942313502 0.04874027083091921 0.07384571199693078 -0.09235510822318382 -0.10793889846578868 0.9898584384562654 0.6549039192749457
5494384560127 PointCloud26.pcd PointCloud14.pcd 0.10014616972751006 0.9151704658663014 0.15947772433765592 -0.3701754635927936 0.5284076675500344 -0.08678171168527332 0.9748185380122174 0.20542091535356663 0.078940831865617 0.3936139643394669 -0.15587069444833343 0.9059648854614417 -0.10638593532806882
5494384560128 PointCloud26.pcd PointCloud14.pcd 0.10014616972751006 0.9626828499208765 -0.0692941533359699 -0.2616104944027861 1.5653958855116608 0.05678507904174974 0.9968656107573 -0.05508546893417089 0.3231325820788107 0.2646076062142609 0.038174263619962095 0.9636003011262669 -0.4754426759423012
5494384560129 PointCloud26.pcd PointCloud14.pcd 0.10014616972751006 0.9728714501826499 -0.22793303420438327 0.039593854799592716 -0.8297025149865678 0.23089334571211256 0.9673457498888202 -0.1045488549813101 0.04536015912642903 -0.014470809423617018 0.11085455376492027 0.9937312833881229 -3.7095593179297905
5494384560130 PointCloud26.pcd PointCloud14.pcd 0.10014616972751006 0.8809557341666882 -0.4714515673903288 0.04062528823324152 0.05481242801107119 0.47004977573516005 0.8619745683870332 -0.18987641187181112 -1.0075509466071784 0.0544995666969698 0.18636862144467922 0.9809671422482267 -3.191838285323819
5494384560131 PointCloud26.pcd PointCloud14.pcd 0.10014616972751006 0.840714089957881 0.52541811966454 -0.13090308810135431 -1.5199577659771628 -0.5401258953029013 0.8308198953891481 -0.13417271946563544 -0.3210932116790955 0.038260111990571645 0.18350504340138432 0.9822739245631662 1.3489123320771703
5494384560132 PointCloud26.pcd PointCloud14.pcd 0.10014616972751006 0.998711741685228 0.03788449520587001 0.033758288508969406 -3.65885984341455 -0.04276492427346635 0.9864982214621856 0.15808991208748702 -0.46167543764254776 -0.027313335057130843 -0.15932992209544666 0.9868474844944967 -0.3674854281591051
5494384560133 PointCloud26.pcd PointCloud14.pcd 0.10014616972751006 0.9230048686416732 -0.2472477338278291 0.29483990669644905 -3.512348850469673 0.14295703954932037 0.9317377824838047 0.33380831256195026 -0.8560892636267652 -0.35724682966691507 -0.26595725748541926 0.8953443135932527 0.1762274860753164
