id source target overlap t1 t2 t3 t4 t5 t6 t7 t8 t9 t10 t11 t12
5494384560030 PointCloud5.pcd PointCloud16.pcd 0.10300426941748841 0.40837386750515614 -0.8491250299959795 -0.3349887576818187 -0.19177448068348404 0.885963709073709 0.4570616711738552 -0.078504362605647 -0.7189501931933586 0.21977054066284094 -0.26472875208048285 0.9389460033881996 5.27149556062377
5494384560061 PointCloud20.pcd PointCloud6.pcd 0.10332173123486683 0.6745680550895637 -0.5676902824538838 -0.47189583835854365 5.511911027556507 0.7291537311928277 0.61221827147791 0.3058163245416726 4.425481239272414 0.11529429881941611 -0.5503785345342145 0.8269163762943079 9.234276208474549
5494384560092 PointCloud27.pcd PointCloud15.pcd 0.1531859513134811 0.46888427430826174 -0.8463242619199892 -0.25275043222910626 -3.9380926472358775 0.7808981635641746 0.26349479819556043 0.5663643257356349 1.6234503805603073 -0.4127294458219746 -0.46293167423440157 0.7844416291490524 -1.7963157976290687
5494384560123 PointCloud18.pcd PointCloud23.pcd 0.13698861685550537 -0.455770653584871 0.4890130534132608 -0.7437333829553833 -7.873927897906974 -0.6242562482170423 0.420004601719255 0.6587110679931167 7.999079119976949 0.634489753969914 0.7645013853003075 0.1138436822186839 -8.719039000783305
5494384560154 PointCloud26.pcd PointCloud14.pcd 0.10014616972751006 0.11756810481022784 -0.5328679256252211 -0.8379913570981534 -0.37882187432800624 0.9252426969319709 0.3652763568929369 -0.10246528616598144 -0.31135037318125686 0.3606988945164429 -0.763298733743806 0.5359770056259116 14.279649517546284
5494384560185 PointCloud1.pcd PointCloud14.pcd 0.11394196363714629 0.6436189097927058 0.5023547923465213 0.5774031187686228 2.8210805477284406 -0.18734548759163747 0.8348930708266498 -0.5175473201212604 4.740468953054125 -0.7420622394626346 0.22492937311994224 0.6314668715550874 -8.260483495799747
5494384560216 PointCloud8.pcd PointCloud17.pcd 0.1297465047752398 0.19290449749139513 0.2706045597204326 -0.9431654293421188 1.8217760069591382 0.8166579292258175 0.48856439849377553 0.3072045819271174 -4.680567022098249 0.543928011303143 -0.8295046719476185 -0.1267450895967251 5.978928356137529
5494384560247 PointCloud20.pcd PointCloud11.pcd 0.10077071082670357 0.8680277743507121 0.39294500143456834 0.3035160766801925 -5.9872887378950175 -0.2996132434498826 -0.07291895799344694 0.9512700615044034 0.8296784628349088 0.39592889172828855 -0.916666270467468 0.05443584556220493 -3.4310703789772523
5494384560278 PointCloud17.pcd PointCloud25.pcd 0.10388677761761238 -0.1625963633857725 -0.9853116588769826 -0.05218579782671051 2.757326332534397 0.8903776635875407 -0.12372767271213164 -0.43808569845366063 2.199236885011591 0.42519411895993325 -0.11769621016127962 0.8974171623696294 -9.366718250655143
5494384560309 PointCloud15.pcd PointCloud19.pcd 0.1794545607468775 0.3944029792795637 0.2517091129403082 -0.8837922903025389 -0.9474789426921089 -0.21686450760449477 -0.909093977635926 -0.3556935832532693 -0.8230069231441363 -0.8929815649143403 0.3319497888068217 -0.3039626003873541 -9.134676087350508
5494384560340 PointCloud27.pcd PointCloud17.pcd 0.24594374562841842 -0.6894986834930635 -0.4957690448011797 -0.528019525849431 -8.851970585280155 0.6595215372803984 -0.7310816935835683 -0.17478815512008042 2.7272485536785176 -0.2993708524967521 -0.46875645224776075 0.8310502278150583 -5.664855108828418
5494384560371 PointCloud20.pcd PointCloud16.pcd 0.23474792459356625 0.4914724752956159 0.8456010618178973 0.20835942570290583 -0.3740345390624042 0.7929514650798706 -0.3355626102162431 -0.5085525623301373 -0.10092184895625889 -0.3601149539445521 0.41515849850064024 -0.835440387501231 -8.594329647870056
5494384560402 PointCloud19.pcd PointCloud10.pcd 0.21054976435603173 0.33931054179826153 -0.5779724079447897 0.7421699615849943 9.562525009942968 0.706465438608346 0.677517751583465 0.2046369476443676 2.135119002707661 -0.6211078330503389 0.45488195385592944 0.6382064460499631 -8.880152976576634
5494384560433 PointCloud17.pcd PointCloud26.pcd 0.21411610535971695 0.6760918842466959 -0.4811321536073784 -0.5580426639790892 -5.432381393512891 0.34504358568125737 0.875932540184103 -0.3371751904082589 5.219280304763935 0.651033553694411 0.03541236806189224 0.7582224450333002 7.811653252975343
5494384560464 PointCloud18.pcd PointCloud27.pcd 0.2594036394369173 0.48142731952392986 0.43851620192540586 0.7589013616175168 -9.25424487617558 -0.7894900110116736 0.5930359375154503 0.15815783043516662 -4.105773508784005 -0.38070100936140416 -0.6752865447083097 0.6317078628663098 9.08652181413375
5494384560495 PointCloud12.pcd PointCloud17.pcd 0.18973516232668244 0.6983727190413209 0.30908859126102617 0.6455538614640196 0.03840300759842511 -0.4377139112283387 0.8980594556351553 0.04354016607086572 -3.479979538764103 -0.566287980815435 -0.3129751697763943 0.762472600089613 11.652804010674076
5494384560526 PointCloud3.pcd PointCloud5.pcd 0.24690090339331128 0.45249078687407035 0.2457613994657069 -0.8572359198766357 1.231215347586361 -0.2890355828886741 0.9498013884499072 0.1197320104351083 -2.0583063400646817 0.8436293733733369 0.1935940521588556 0.5008101669798899 -3.323680822392109
5494384560557 PointCloud3.pcd PointCloud11.pcd 0.22493322976409624 -0.023291886314160404 -0.5312147979385773 0.846916953710932 -0.6798930939126739 0.8315886062406059 0.4599174386896013 0.3113460125969234 4.297975431225779 -0.5549034853041879 0.7115383250677882 0.4310398287362685 0.3039779027031427
5494384560588 PointCloud3.pcd PointCloud13.pcd 0.19535747347811744 -0.9581628309508463 0.0833689486214681 -0.27381308915026537 0.3099055529969534 0.10900642742852126 -0.7782592853934871 -0.6184093171016178 -0.6666019096944661 -0.26465371367795065 -0.6223842085919034 0.7366113688587079 13.590551571307987
5494384560619 PointCloud30.pcd PointCloud20.pcd 0.2111170652718398 -0.8671386179007045 -0.13375126125781528 0.4797720473904244 2.886078461917021 -0.1968187535500487 -0.7928489240710003 -0.5767607492283627 3.995880003895552 0.457529229226135 -0.5945596553007956 0.6611851636964777 -9.239918779659487
5494384560650 PointCloud25.pcd PointCloud18.pcd 0.30544778346610346 0.4268468959441025 -0.904318235708663 -0.0032024970969186106 0.8115782146185592 0.12892435326810658 0.05734762652281744 0.9899948287069988 7.161422057024128 -0.8950867212495586 -0.42298909950135916 0.1410673000583208 12.740825939683889
5494384560681 PointCloud12.pcd PointCloud16.pcd 0.26606357795062563 -0.3402099598692955 -0.28026793363183344 -0.8976118696761284 -1.555924731154893 -0.04091477370904151 0.9580592206252739 -0.2836344673470252 -1.181789322423958 0.9394589743560229 -0.059769684227331976 -0.33740838808378004 -11.954404794204388
5494384560712 PointCloud27.pcd PointCloud18.pcd 0.27788925708912865 -0.6306318388355057 0.7603964390037777 0.1552441283827584 -2.130281197388978 0.4638452493121602 0.20891899171745645 0.860929985300954 -0.5469507743748511 0.6222146482826391 0.6149391111729152 -0.4844572437402257 -3.9103886049802736
5494384560743 PointCloud13.pcd PointCloud17.pcd 0.27266481338590165 -0.13391888736342955 -0.989298395187243 0.057917328039947716 3.2018450823998723 0.9909149051074805 -0.13440993120022043 -0.0046498635017817105 -1.3913687853850722 0.01238476657730235 0.056768439072233175 0.9983105538268782 -13.73629991819643
5494384560774 PointCloud19.pcd PointCloud7.pcd 0.3462678074912237 0.6132259980440917 0.3792364362955317 0.6929167343257722 -4.462702407161937 -0.6304896271146633 0.7634412795457148 0.14014365053906186 2.022635125964375 -0.4758536596724253 -0.5228165434179249 0.707266679905743 -7.4755488632769564
5494384560805 PointCloud19.pcd PointCloud25.pcd 0.29094246851818056 0.34058908605588567 -0.9338840228833467 0.10890227850156953 1.226978447110256 -0.6195659822997457 -0.3100477037937943 -0.7211160897866216 -4.040612759157118 0.7072036962831626 0.17813212280611407 -0.6842016360606132 8.986370064010506
5494384560836 PointCloud5.pcd PointCloud1.pcd 0.28876312310240854 -0.4106986347819156 -0.9064143514131688 -0.09868969014296794 -3.869338662086794 -0.6944117529235403 0.38109686416172983 -0.6103748827792244 -6.709295152049246 0.5908628849317975 -0.1821488503349398 -0.785940740470764 -6.425898009485036
5494384560867 PointCloud25.pcd PointCloud29.pcd 0.28558392065933563 0.3637297496608327 -0.8385729534890469 0.4055811520378194 -1.52810658466914 0.924240878922751 0.2706208845363097 -0.2693383273522099 -6.420385093100842 0.11610110653981223 0.47282104281582277 0.8734762701589489 11.758550399603946
5494384560898 PointCloud26.pcd PointCloud30.pcd 0.27466258680604927 0.5919154174427973 -0.8059942903706564 0.0030565476310662632 5.0562845093393545 0.8059975526455202 0.5919188087986607 0.00026252582045935844 5.885630290972826 -0.002020822345182225 0.0023081768295771564 0.9999952942873145 11.940401109660831
5494384560929 PointCloud20.pcd PointCloud24.pcd 0.2800663697682463 0.9155524473289836 -0.30280347091058507 -0.2647145145140543 -2.3319012378947157 0.38022565786726376 0.43706846263976223 0.8151071144733809 -3.3300690435185976 -0.13111889752936257 -0.8469245639194894 0.5152927495516187 5.125986095597916
5494384560960 PointCloud22.pcd PointCloud18.pcd 0.41282728381089845 -0.11097792988543004 -0.6753005461075439 0.7291454391993395 -0.2235835364493941 0.9903572999942896 -0.013929012190989132 0.1378346870980024 0.37945883032994754 -0.08292356375823173 0.7374111167091505 0.6703346384660412 -11.02193621353546
5494384560991 PointCloud8.pcd PointCloud15.pcd 0.3513928653528662 0.026195150624290786 -0.9536646221594638 0.29972921533480557 -0.32147251789230513 0.6784711223445492 0.2371610562314811 0.6952924345566378 -0.028084855046598717 -0.7341598941840252 0.18514432707651557 0.6532463761270213 7.636173416708624
5494384561022 PointCloud25.pcd PointCloud28.pcd 0.42688078238710714 -0.2887883315045192 0.9537915190799766 0.08296407486343932 -2.170683116069211 0.5862693459242856 0.10766865132554651 0.8029294586395794 0.8842638622288868 0.7568946780208896 0.28051595258175305 -0.5902721802107951 -5.575008443205897
5494384561053 PointCloud13.pcd PointCloud16.pcd 0.37053812085786464 0.6787507480341778 0.0017279574148272858 0.7343666905614772 1.1582930113049534 0.3451947196335012 -0.8833846586401911 -0.3169734222554019 12.261728091110113 0.6481805516830881 0.46864545131935864 -0.6001944796292965 -5.2112871517448065
5494384561084 PointCloud19.pcd PointCloud6.pcd 0.4139980031991755 -0.7413416909658761 0.02744253190442031 -0.6705664804316798 -5.416663817649341 0.6543002917164062 -0.19278726338836943 -0.731248384158932 0.12797543061873368 -0.1493439837947314 -0.9808567573901391 0.12496557920651857 7.992642701786896
5494384561115 PointCloud27.pcd PointCloud21.pcd 0.4192246390936923 -0.46908895377464954 0.8736053891158708 -0.12949585921686033 5.27584225638401 -0.8809720622575552 -0.4731675568325825 -0.0008298691193069016 -3.178151050209024 -0.06199821746046521 0.11369295171114593 0.9915796154434258 13.13561333552257
5494384561146 PointCloud29.pcd PointCloud23.pcd 0.415347680203633 0.37948435124537033 -0.4695158360862021 0.7972117076562255 -1.3745477576814564 -0.03692412915657345 -0.8686651440697304 -0.4940217365302294 1.4735969505792894 0.9244610515570189 0.15803717012965443 -0.3469812920194712 4.351654635092213
5494384561177 PointCloud6.pcd PointCloud3.pcd 0.41813894374185956 0.05885825416699558 0.3181649459325353 0.9462065171494859 -12.602492242270346 -0.5023384755800959 -0.8096574998472355 0.3034975928948851 -4.743496804534491 0.8626654982484688 -0.4931792778705031 0.11217146700855068 -2.9720970032391545
5494384561208 PointCloud18.pcd PointCloud9.pcd 0.38236801098697937 0.6686887585915631 0.7419826225353574 -0.04813659718787634 -1.8172675027490588 -0.7274861668426948 0.6662576700780166 0.16390422238226707 1.857045610291677 0.15368546185569143 -0.07458220241965463 0.9853011082387133 -4.986120989068181
5494384561239 PointCloud4.pcd PointCloud13.pcd 0.4269748606290102 0.5909586081590464 -0.8051621366187641 -0.04981824162120996 -1.3903038886547119 0.744216139048906 0.5203121156796408 0.4188288918593313 -4.333052819369082 -0.3113041307497572 -0.2845860784235286 0.9066975803131136 -7.890915399066575
5494384561270 PointCloud19.pcd PointCloud13.pcd 0.4895167956714511 -0.1566158269110186 0.9772404905322841 0.14308216669172352 -5.312746869289194 -0.9853954110667423 -0.14480453879157673 -0.0895964809239977 5.386465205291489 -0.06683836181103943 -0.15502473741174028 0.9856469774624367 -2.489781412417737
5494384561301 PointCloud12.pcd PointCloud0.pcd 0.48241460940142034 0.33351955442648884 -0.9180367480594327 -0.21441370298471643 1.4542001768050015 -0.7347524509490237 -0.11062416363480762 -0.6692541596766522 5.265384049733031 0.5906805758102758 0.3807503429185076 -0.7114250724622235 0.8260961622510467
5494384561332 PointCloud30.pcd PointCloud25.pcd 0.5069838422199182 0.5155174749091418 0.511187000729805 -0.6876987591585204 0.45609679238832546 0.48104130596870054 0.4915127832975356 0.7259576060673495 -0.6305377541195302 0.7091128224868237 -0.7050553411895949 0.007481366505821263 5.140103096811555
5494384561363 PointCloud30.pcd PointCloud24.pcd 0.5022774664787223 0.4105115363048749 -0.4736955523646029 -0.7791616021279573 0.7043383592038414 0.909550957466519 0.27342610201823064 0.3129779904511732 -1.774600843068621 0.06478683764739501 -0.8371682569263541 0.5430948124062135 -5.901020034733655
5494384561394 PointCloud20.pcd PointCloud25.pcd 0.4944980110688343 0.16782284930725538 0.9073103918281951 -0.38551698293455494 2.8354126947097607 -0.9415224462558212 0.26342394945584885 0.210103084340847 -2.895838557523903 0.2921831180045297 0.3277127945833822 0.8984616574008606 -7.482152791543518
5494384561425 PointCloud19.pcd PointCloud12.pcd 0.44666609410729047 -0.5519356505578726 -0.5524747616933191 -0.6246108190987154 -6.763330280713152 0.6401691659493652 -0.7607204398634791 0.10718139456831663 -1.4155285038908252 -0.5343692324703511 -0.3406993543666106 0.7735460382700067 -1.7153255268797796
5494384561456 PointCloud18.pcd PointCloud0.pcd 0.5013020626997332 -0.5994093016471607 -0.10928992914619379 0.7929465306602222 6.183572535363289 0.31612760737627665 -0.9424253519548325 0.10907699962577094 -5.850292091893924 0.7353718956782435 0.31605405768638645 0.599448085881135 -3.1489890466983366
5494384561487 PointCloud19.pcd PointCloud21.pcd 0.46412199808908305 0.33260307816280293 0.9396702782761586 -0.07996849705374524 -0.547114491234829 -0.9152604376314317 0.34207300752557385 0.21280128953821853 1.161445239336785 0.22731811125237783 0.0024136376727133674 0.9738175653836998 5.966749700159127
5494384561518 PointCloud13.pcd PointCloud0.pcd 0.4569323622987728 0.532526898427963 -0.832220226906269 -0.1543521829413891 0.6496060954161915 0.8446250646585148 0.5343383375134234 0.03303091300569984 0.08616049717074845 0.0549872949079449 -0.14795957215222294 0.9874636005480089 -11.22533957885659
5494384561549 PointCloud16.pcd PointCloud1.pcd 0.46152014729535257 -0.7129399687128619 -0.6524281839786099 0.2570098553792767 0.957989215579609 -0.2493017837024531 0.5783985537168514 0.7767262926546454 -2.9314316247405467 -0.6554122532074593 0.489686203408497 -0.5750149567940763 -3.350677042443374
5494384561580 PointCloud6.pcd PointCloud12.pcd 0.5615940506701399 0.4985164975954038 0.8607407830794606 0.10298837783443743 0.7128914432004148 -0.8607527161799248 0.5055877074291437 -0.05904093228789929 3.7980037147609904 -0.10288859613238752 -0.05921464717702543 0.9929287800973475 -8.424130064333895
5494384561611 PointCloud23.pcd PointCloud26.pcd 0.5533595912658236 -0.5409663144128104 0.6856581852498971 -0.4870608788133553 -0.33642832097749026 0.8171871219559292 0.5654655351879264 -0.11159720526974279 -0.22282142005054162 0.19889860326308367 -0.45839020660835406 -0.8662088455479687 -8.048057610210652
5494384561642 PointCloud13.pcd PointCloud2.pcd 0.5598845751371463 0.7659545818313362 0.6298817485626452 0.12869561530700063 1.9088048585160968 -0.5967207349118812 0.6220571057413999 0.5069214157271887 0.35137796314635267 0.2392445257426118 -0.465074123150598 0.8523309902132477 7.081184692679752
5494384561673 PointCloud25.pcd PointCloud21.pcd 0.5779115682178195 -0.4184998049016453 0.8712763567629511 0.2563892030549711 0.8089823443983657 -0.9059505811813917 -0.42040656690734624 -0.05011848918590016 -0.7257289886802635 0.06412064998409649 -0.2532505254625494 0.9652733880090962 7.758534789104414
5494384561704 PointCloud7.pcd PointCloud3.pcd 0.5181381176285167 0.3736697849698014 -0.21319246142219728 -0.9027291211616956 -2.2130582606726423 0.32441119668619234 0.9418012277441837 -0.08813525335630934 -4.0845514146249 0.8689811662316135 -0.2599219533096293 0.4210846837899139 -6.950497397036288
5494384561735 PointCloud9.pcd PointCloud14.pcd 0.5497144637109335 0.8619437412596044 -0.49463838790392856 -0.11129174324808577 -4.276513472114151 -0.45576297154897005 -0.8520960125000673 0.2573178953091622 3.9139556569132607 -0.22211055956043113 -0.17107089376421397 -0.9598966864399857 2.9888657870137854
5494384561766 PointCloud25.pcd PointCloud27.pcd 0.5839665740719484 0.8159779489501067 -0.5716613190353954 -0.0859262657508694 6.0697685787361895 0.5363703259001074 0.693250752515099 0.48136292714651546 -3.7409703176439058 -0.2156081174747134 -0.4388698331578063 0.8722994951408888 7.761149346988053
5494384561797 PointCloud8.pcd PointCloud2.pcd 0.5286253160853482 -0.6989118067507577 -0.6913415438872451 0.18321887479185137 -0.3093771131951181 -0.47811565801377837 0.6421519179360994 0.5992047495247688 -0.04912705638452818 -0.531909488490705 0.33119146122234133 -0.7793487743410951 -6.707962714940895
5494384561828 PointCloud5.pcd PointCloud14.pcd 0.5398330903371116 -0.6263723428470921 -0.7638096270870233 -0.15573227567022563 -8.761211397538897 0.05525598924120956 0.15577125360191701 -0.9862464662569201 -2.0485258780105347 0.7775631574150231 -0.6263626506429558 -0.05536574853020847 -2.3686567641384055
5494384561859 PointCloud21.pcd PointCloud23.pcd 0.5746022569109869 -0.3200621972983875 -0.15280144736074192 0.9349929986609474 -4.882610842019287 0.9434897143275263 -0.14094278524004045 0.2999371438267401 10.216501961330575 0.08594968771723843 0.9781548185094434 0.18927705145650098 2.1352351488954944
5494384561890 PointCloud3.pcd PointCloud4.pcd 0.6483895338320264 0.10294915691970963 -0.43244228972283155 -0.8957651127102437 -0.5699694520449899 0.9591139285099444 -0.19552548175092638 0.20462223272237473 -6.170668695614754 -0.263632212045005 -0.880206482619472 0.39463223984732254 3.0174421831284146
5494384561921 PointCloud17.pcd PointCloud9.pcd 0.6104887957017429 -0.5145305898564128 -0.7330405416275703 0.4448705839144358 -9.192907702484211 -0.534138333393676 -0.13186015476423846 -0.8350503819440945 0.9700187356059241 0.6707864883116228 -0.6672813978494457 -0.3236989700055463 1.339783371195253
5494384561952 PointCloud6.pcd PointCloud8.pcd 0.6538695853115415 0.8964145270558117 0.17266571429495153 -0.4082003757841483 -0.7453242175830471 0.24238600851841324 0.580086574188297 0.7776558296065151 -2.7891936720048327 0.37106605686564403 -0.7960440424709551 0.4781462787564942 -9.64429965290762
5494384561983 PointCloud4.pcd PointCloud1.pcd 0.6595403386978016 -0.4683167974505675 0.8403858285140008 -0.27282052059638234 -4.526831821461262 -0.8392636396078802 -0.519642125751129 -0.16002688641907184 -9.911251577567272 -0.2762533627990413 0.15402506412167102 0.9486624052657178 -4.197543434071033
5494384562014 PointCloud18.pcd PointCloud2.pcd 0.6299976230092703 -0.8883898105935863 -0.3063304654787326 -0.3419432560426875 10.735032856069823 -0.23604618142675207 -0.33404850401042185 0.9125205735775211 2.4634703040921706 -0.39375848520043444 0.8913883793767913 0.22445715057595517 -1.6578634537411305
5494384562045 PointCloud23.pcd PointCloud20.pcd 0.6341641842581158 0.534053543024003 0.23263758150634334 0.8128139817045402 2.984103327895991 0.6398928545566818 0.5171173173214686 -0.5684424463510344 -1.7974408590797304 -0.5525612616450871 0.8236925614555025 0.1273052093673412 2.478822997993129
5494384562076 PointCloud15.pcd PointCloud2.pcd 0.6261880230455444 0.08794274479920766 0.045730694429879315 -0.9950752620903318 -2.9868370544643486 0.8805529912805677 -0.47060458316949894 0.05619391289727865 -10.742499900730433 -0.46571719227877567 -0.8811583455241307 -0.08165455853258058 -5.538421323786807
5494384562107 PointCloud18.pcd PointCloud7.pcd 0.648252911813644 -0.5550310023034754 0.2131056293740498 0.8040687639817194 -4.522569609320484 0.34293538899957204 0.9392795019465322 -0.012220318931476959 5.887817590743086 -0.757849526920557 0.26896097849347017 -0.5944107053158812 10.530294534120051
5494384562138 PointCloud8.pcd PointCloud13.pcd 0.6719556540093206 0.03798506859609563 0.9238174671513679 -0.38094411919569193 5.343587180873062 -0.48953980823138205 0.3495436091781555 0.7988554571632411 1.159639167815069 0.8711532073754489 0.15614273171922072 0.4655228636820407 -6.737648674612418
5494384562169 PointCloud17.pcd PointCloud8.pcd 0.6608570305333508 0.7031028157716508 0.7081150961185706 -0.0649572251790641 -0.06373621644149208 0.25215793623990324 -0.1628710902741214 0.9538812206685652 -0.04247305449593731 0.6648780381733247 -0.6870560520087909 -0.29307196343711306 5.924207850822756
5494384562200 PointCloud16.pcd PointCloud5.pcd 0.7343921950393634 -0.8472993344083908 0.11709054534041022 -0.5180479148717655 -1.8921458737915129 -0.1924054525577896 0.8414712044721289 0.5048825149183296 -0.15197458871563294 0.4950393719060443 0.5274618623522562 -0.6904491321066015 12.68970225435227
5494384562231 PointCloud0.pcd PointCloud1.pcd 0.734050895756478 0.9604266864844817 -0.22671068347857545 -0.1618111426482002 -6.159934533261189 0.12884917766261608 -0.1534128864089574 0.9797256634891933 5.139124582051629 -0.24693818923792774 -0.9618039053156051 -0.11813034502423098 -8.034838633968754
5494384562262 PointCloud1.pcd PointCloud2.pcd 0.7159844820257306 0.46555134823132505 -0.6006946666398552 0.6499445050390293 -5.601118092685081 -0.37347612159536475 0.5324446951008197 0.7596171622976138 0.9864620813499884 -0.8023574818982371 -0.596379547041503 0.02353523130312979 -1.3613342462849098
5494384562293 PointCloud12.pcd PointCloud4.pcd 0.7504914186675685 0.6183816907168582 -0.7649873752574264 -0.17999555628657465 -0.33192566786945515 0.7775976458938242 0.5624409862520703 0.2810730120167738 -7.269888865118273 -0.11378042751959977 -0.3137745252256021 0.9426555901456827 -2.7280092341694755
5494384562324 PointCloud27.pcd PointCloud25.pcd 0.7614234442902845 -0.6052959696614986 0.7905140963587334 -0.09329658391217344 1.0396131490103109 -0.777793742665732 -0.5624499468314135 0.28051194480694214 -8.605273117796541 0.16927398790593629 0.24235824881252774 0.9553056035902572 -10.25563481597114
5494384562355 PointCloud18.pcd PointCloud14.pcd 0.709241211737052 0.7027580615569334 -0.7104729165148441 0.03686925298447219 -0.36048643666373115 0.6913562250361439 0.6942359226647202 0.2001575723914477 -0.8510740462311353 -0.16780249408311693 -0.11517256001650805 0.9790697648271698 -10.871033176505794
5494384562386 PointCloud29.pcd PointCloud28.pcd 0.7296598403332176 -0.7826925696253533 -0.23201442568542824 0.5775479614085073 -6.794667113083493 -0.3753034185732103 0.9161825587015577 -0.140559109054976 -4.783286443696323 -0.4965276280938689 -0.3267702945570907 -0.8041650882340945 10.858380576243064
5494384562417 PointCloud10.pcd PointCloud4.pcd 0.7556624417043989 0.7467929573447022 0.20971794523097595 -0.6311249181488965 0.9999503967032344 0.5342423644891329 -0.7543553575705241 0.38148799521047455 -0.9991021884696618 -0.39608758481605344 -0.6220662166946087 -0.6753874793049109 14.540819266277614
5494384562448 PointCloud28.pcd PointCloud26.pcd 0.7409012181911917 -0.8847089448297727 0.2135294042999289 -0.4143612873296774 0.3054388662745395 0.08415219609047926 0.9474695625221083 0.3085771151386859 6.723382763997552 0.45848499520850133 0.23813152162929171 -0.8562037652189918 11.650756483841748
5494384562479 PointCloud10.pcd PointCloud13.pcd 0.7217112925042172 -0.8055832634266994 0.5815323825365856 0.1133829517525072 -7.415882303948715 0.5524283866638485 0.6680722567016005 0.4985000876966907 2.4525510737767147 0.21414593924416717 0.4642192885770185 -0.859442824635985 -2.2326779944267616
5494384562510 PointCloud25.pcd PointCloud24.pcd 0.772498220803967 -0.8828352860654084 -0.4675364944856935 -0.04484957080996448 0.2577973069256787 0.46765990263351237 -0.8838690707677915 0.008347527112555542 0.10769026025497275 -0.043543922039966064 -0.013604854431791082 0.9989588754244428 7.3615879049557895
5494384562541 PointCloud8.pcd PointCloud4.pcd 0.7738135044199703 -0.16021991548901218 0.9630177694788848 0.21662491626912783 4.834904444607149 0.958152780111605 0.09899144208550803 0.26859624784838926 0.4669391073999603 0.23721894664022025 0.2505942338956432 -0.938578553608146 -5.73619325315624
5494384562572 PointCloud13.pcd PointCloud8.pcd 0.8032439460082235 -0.3073703909156758 0.8072726432409526 0.5038197319112364 6.010003984785516 0.8712617728629776 0.02583868348544044 0.49013802707339515 -7.981678588205478 0.3826569820818715 0.5896127898125215 -0.7112878405775608 -2.0502369712541864
5494384562603 PointCloud10.pcd PointCloud7.pcd 0.8226455888573802 -0.6645179304975175 0.7402257654952584 -0.10238035038157833 5.617253938073829 0.06109386343485973 -0.0827308575329929 -0.994697514354217 -3.521360821834371 -0.7447707431806776 -0.6672491448543144 0.00975288640797757 7.248831595701137
5494384562634 PointCloud10.pcd PointCloud12.pcd 0.7870232555710488 -0.7424525356958216 -0.6625310049361852 0.0990802691613906 -2.414822377141047 0.4840655428829535 -0.632833545069025 -0.6043196624542363 5.6294601885601745 0.4630818312482974 -0.400717321479393 0.7905573007910968 -3.993123110425562
5494384562665 PointCloud7.pcd PointCloud6.pcd 0.816743281935433 -0.7408025663262822 -0.6403830004237727 -0.2027835557747247 5.875715701540957 0.3003507535354844 -0.045757780050510705 -0.9527306284651061 -0.508120375235402 0.6008335731091109 -0.7666914883661456 0.22623699761940638 -3.3814019864648652
5494384562696 PointCloud17.pcd PointCloud15.pcd 0.8239025029484995 -0.8470408267740244 0.4685391267167273 0.250983912857983 1.7560292118535563 0.3368772059716228 0.10798345314593419 0.9353359406883884 -11.870999504424246 0.411139375242423 0.8768184878195749 -0.24930654532736143 -1.6821806554357297
5494384562727 PointCloud18.pcd PointCloud15.pcd 0.7929905184480892 0.39144020901211424 -0.9089170599007699 0.1436813870683758 10.051364947014982 0.9046625126273271 0.3515341629347836 -0.24085155290458876 3.611407627822383 0.16840516920618342 0.22426214685292095 0.9598677973937637 1.0739365208784044
5494384562758 PointCloud13.pcd PointCloud7.pcd 0.8144640460008244 -0.4094803141551834 0.8210577308213688 -0.3977311591739283 6.140362830729766 -0.5185887776827259 -0.5681522775122317 -0.6389590512851351 -5.181079234718264 -0.7505941326581951 -0.055382237370193876 0.6584384981172979 -4.2327727550904966
5494384562789 PointCloud21.pcd PointCloud20.pcd 0.7998436864306974 0.6167970887222002 -0.12623694662929766 -0.7769334493053637 -5.7385616620183555 -0.3862072178711611 0.8115375089639161 -0.43846420196962405 4.4224208734079005 0.6858610181429148 0.5705007492110361 0.45180035296755866 -6.144473333034647
5494384562820 PointCloud10.pcd PointCloud9.pcd 0.9140019114167985 -0.892845125919775 -0.3549586686683689 -0.2771857223207579 -0.3482851059861239 0.3325121789440666 -0.10445330926111634 -0.9372967283834243 -1.181426344226634 0.303748632877862 -0.9290284439787518 0.2112887084139829 3.9531329209420654
5494384562851 PointCloud10.pcd PointCloud11.pcd 0.9235276607078509 0.7402681632322874 -0.17286243431520007 0.6497088773499395 4.483499245624323 0.6683588993410395 0.2938546982954773 -0.6833343237108087 -3.9771635516552353 -0.07279717148577847 0.9400893548446856 0.33306542410069084 -6.485890522603099
5494384562882 PointCloud11.pcd PointCloud10.pcd 0.9287961231083149 0.4289986055295291 0.872306909633053 0.23460786828269894 3.5622817167130467 -0.8407827865017582 0.4805484094469326 -0.2493141233471584 -4.248118556677388 -0.33021887041181996 -0.09029884597521709 0.9395752317081829 -5.493524935486281
5494384562913 PointCloud9.pcd PointCloud10.pcd 0.9065569515107466 0.5617044522248709 0.3122577779483226 0.766148280988435 6.223467169838595 -0.691860447795517 0.6850799686217577 0.22802315095050804 0.014526477273385754 -0.45367083786259 -0.6581493118616684 0.6008512745838757 -12.307505114790983
5494384562944 PointCloud13.pcd PointCloud14.pcd 0.8583032967962202 0.6812541415407524 -0.40803365343072723 -0.6077839519940826 -2.839429214728991 -0.6164269523319883 0.12807709342989548 -0.7769260393224353 0.45515462304651194 0.39485517227493533 0.9039384911632664 -0.16426989109757184 6.310910380866324
5494384562975 PointCloud12.pcd PointCloud13.pcd 0.8659695214744674 -0.8375523885829629 0.5227722604186604 -0.1587928213608476 -1.7580220513296854 -0.5418255719550669 -0.8321056439462017 0.11842823518250167 -1.9273060483082725 -0.07022140666875314 0.18522786250896917 0.9801834486440894 13.175626203607473
5494384563006 PointCloud11.pcd PointCloud12.pcd 0.834551946947798 0.06586921049418154 0.9826810568164059 -0.17320273578400885 -0.2463243120220891 -0.8993982923063313 -0.016703462639293065 -0.43681083563976875 0.30519494243496076 -0.4321388190215368 0.18455062966581748 0.882721420485887 9.27904987507459
5494384563037 PointCloud14.pcd PointCloud18.pcd 0.21941824105946345 -0.43961478780956154 0.06584875748995475 0.8957693785099954 -3.704264155376636 0.5655789502694285 -0.7544614677810759 0.3330290447479859 -0.33882005878072186 0.6977530289087146 0.6530327976224883 0.29442974693135326 1.7545424526145106
5494384563068 PointCloud9.pcd PointCloud18.pcd 0.10732530370678019 0.45832300252013813 0.10553247279175043 -0.8824981147557106 5.330606420697965 0.36244847499456334 -0.928803743857015 0.07716675690546732 5.450430731062017 -0.811523954258308 -0.35522739559843997 -0.46394220446226775 3.3346541209941933
5494384563099 PointCloud2.pcd PointCloud4.pcd 0.5859216836817547 -0.45050925403115294 -0.42957129681450223 -0.7826301252733635 -7.330710271374433 0.4014802414476013 0.6855058070669068 -0.6073676022020965 4.247255488281198 0.797405184181461 -0.5878352570496731 -0.13636232181169017 -3.2092410139746246
