id source target overlap scale t1 t2 t3 t4 t5 t6 t7 t8 t9 t10 t11 t12
5494384560000 PointCloud14.pcd PointCloud21.pcd 0.11 11.30250035 0.809731049124231 -0.5260461287711445 0.26002134237224606 0.39603449806462976 0.47886317921391164 0.8484801985809637 0.22532511668509952 -2.725673658039093 -0.33915436555839507 -0.05793809645562266 0.9389448829946205 1.629846796619112
5494384560001 PointCloud14.pcd PointCloud21.pcd 0.11 11.30250035 0.8396043256069069 -0.17075876250157218 -0.5156607619851472 1.416624682908029 -0.11360064009823478 0.8731150281269162 -0.47409391709681914 1.4965636055149285 0.5311868512975846 0.45663069617346785 0.7136728496451941 -2.6485965369887445
5494384560002 PointCloud14.pcd PointCloud21.pcd 0.11 11.30250035 0.96848472242606 -0.11729285331945152 -0.21972648676820705 0.6287813053283999 0.01701246044991514 0.9112684065652839 -0.41146138018702144 0.668519537981856 0.24849128479034738 0.39475597241352806 0.8845449698161718 -0.3505637481182293
5494384560003 PointCloud14.pcd PointCloud21.pcd 0.11 11.30250035 0.8143692627028549 0.5606073395054803 0.1500736980866264 0.48356641063314276 -0.5296064665604203 0.8236347658108311 -0.20283678937787403 2.392763868417236 -0.23731770802490731 0.08570404564736 0.9676441091731403 1.491585486975327
5494384560004 PointCloud14.pcd PointCloud21.pcd 0.11 11.30250035 0.9830764324531048 0.06383985988981554 -0.1717125512143033 -0.21045167931781394 -0.09690703268437113 0.9766575895356415 -0.19170023426887225 0.7274690853515055 0.15546625026540722 0.2050961362183086 0.9663155902378554 -1.6894345557035195
5494384560005 PointCloud14.pcd PointCloud21.pcd 0.11 11.30250035 0.9097266369536071 -0.3953343252317317 0.12691815201400872 -0.2360225898307906 0.41454866476462865 0.8820246567815868 -0.22401319017233595 -2.1955606077941727 -0.023384836089721306 0.25640451658052954 0.9662866413845126 0.6675803569182202
5494384560006 PointCloud14.pcd PointCloud21.pcd 0.11 11.30250035 0.986793371340588 -0.11194685583821917 -0.11707580341903734 0.34647871192039137 0.07466476353500659 0.9557481761671152 -0.284553328638929 0.06195592844941106 0.14374983605047226 0.27205390131584173 0.951484450432214 -0.10671185849471287
5494384560007 PointCloud14.pcd PointCloud21.pcd 0.11 11.30250035 0.9996924238527745 0.02447804603721776 0.0039853423396750635 -0.004274376969529037 -0.024593082449090094 0.9991864128921335 0.031963926345226 -0.0332693417218421 -0.0031996854559183897 -0.03205210685665801 0.9994810775892821 -0.4798824384633289
5494384560008 PointCloud14.pcd PointCloud21.pcd 0.11 11.30250035 0.7143659854852995 -0.6940489841236089 0.08931543214139107 0.5411397536271223 0.6791672663087219 0.7184054746049209 0.15041741399324784 -2.2191500097317745 -0.16856174879359362 -0.04679296629478604 0.9845797860757556 0.37885167104167783
5494384560009 PointCloud14.pcd PointCloud21.pcd 0.11 11.30250035 0.9965299604340694 -0.06537778404253121 -0.05151488436326203 0.07084735875133763 0.06559133271691718 0.9978435278528168 0.002463938851408086 -0.6341025012134237 0.05124270708784594 -0.005834318806249901 0.9986691873159882 -0.5704307440741669
5494384560010 PointCloud14.pcd PointCloud21.pcd 0.11 11.30250035 0.994578476847177 -0.10398548247158472 0.0008202606300836291 0.005966274839443564 0.1029769330697728 0.985968504933735 0.13138439227807505 -0.6685020591786681 -0.01447082056737114 -0.13058762082941597 0.9913311599249868 0.4431329266746171
5494384560011 PointCloud14.pcd PointCloud21.pcd 0.11 11.30250035 0.796126884017444 0.6024188033899612 0.057215119215836455 0.8854700713915298 -0.5943036784268275 0.7605762576892011 0.2613941354503424 2.049496338711803 0.11395228103472634 -0.24210605436811586 0.963534916899894 -0.411595682095923
5494384560012 PointCloud14.pcd PointCloud21.pcd 0.11 11.30250035 0.9894571798221105 -0.10923246510848203 -0.09509341651660176 0.5393074832652203 0.1096596389247517 0.9939689226845331 -0.0007377860405902228 -0.5177596379578607 0.09460049095733454 -0.009697902024297045 0.9954680797529162 0.30314750148087777
5494384560013 PointCloud14.pcd PointCloud21.pcd 0.11 11.30250035 0.9727925406459659 -0.23158015483825004 0.006730880229132713 0.07423484283924964 0.23167576374887291 0.9722464902672618 -0.03260525501153706 -1.03791646246493 0.0010066553249287982 0.033277530678869266 0.9994456426424468 0.34814205543380594
5494384560014 PointCloud14.pcd PointCloud21.pcd 0.11 11.30250035 0.8932040654038438 0.264372498652329 -0.36372198105472003 0.9247425511032166 -0.2610352399106772 0.9635064675670609 0.05929494482010398 -0.2156275343578159 0.36612443386206966 0.041981768814192154 0.9296184324852915 -2.2112572914045368
5494384560015 PointCloud14.pcd PointCloud21.pcd 0.11 11.30250035 0.9230956059251171 -0.3845332085647213 -0.005358528964310884 -0.52124901963044 0.38455729709274045 0.9230898465170991 0.004562949678006889 -1.868302389637929 0.003191797999019814 -0.006272700212734144 0.9999752325220733 0.1936995990341317
5494384560016 PointCloud14.pcd PointCloud21.pcd 0.11 11.30250035 0.9039718547474264 0.4231570773355946 -0.061424536834196575 0.46856972441861 -0.42344554148176206 0.9058779775693508 0.008886121430634431 1.798731459761551 0.059403360373932554 0.017977142588861343 0.9980721733024243 -0.7517523433296762
5494384560017 PointCloud14.pcd PointCloud21.pcd 0.11 11.30250035 0.8983984719194706 -0.30658617739982424 0.3144600157096659 -0.3422563902416922 0.34301535382320764 0.9369753398768637 -0.06646562648599114 -1.8559270687598048 -0.2742638377444236 0.16757723082208725 0.9469409796897065 -0.033080407714221716
5494384560018 PointCloud14.pcd PointCloud21.pcd 0.11 11.30250035 0.9039125324954516 -0.41708167397570917 -0.09478929702914601 -0.4302411662590617 0.39397308143105947 0.7256179295309486 0.5641487671270189 -3.2393001023996733 -0.16651529871268655 -0.547285572235227 0.8202140926110605 0.7516948310310396
5494384560019 PointCloud14.pcd PointCloud21.pcd 0.11 11.30250035 0.9920784567737124 -0.024870473709673865 0.12313324142141933 -0.37965077722326646 0.09515582933496118 0.7887049352793564 -0.6073630653979233 0.8971639993308815 -0.08201038805581191 0.6142686583274802 0.784823745593552 2.586541026493278
5494384560020 PointCloud14.pcd PointCloud21.pcd 0.11 11.30250035 0.9977179843972533 -0.04340335217502291 0.05172013756993678 0.022409693618479665 0.04708300377359751 0.996278921047911 -0.07219073507913362 0.38064812710739043 -0.048394362956212716 0.0744611341276856 0.9960489571996355 0.2670155834176977
5494384560021 PointCloud14.pcd PointCloud21.pcd 0.11 11.30250035 0.9167814219893519 0.2591465525545419 0.30389947119775984 -0.02592088682966498 -0.20699649648851687 0.9590433127213956 -0.19336073739477405 0.7628074786625618 -0.34156152408703977 0.11436340596304136 0.9328755204419673 1.9688552418307101
5494384560022 PointCloud14.pcd PointCloud21.pcd 0.11 11.30250035 0.9007107627786326 -0.4296580990333555 -0.06414078070757395 -0.006778685508598059 0.4269962319785129 0.9027947833202984 -0.051340014470269736 -1.0376776321327328 0.07996461524253007 0.01885463191628852 0.9966193672432898 -0.16206657030584193
5494384560023 PointCloud14.pcd PointCloud21.pcd 0.11 11.30250035 0.8536402490266973 -0.5183668945019592 0.05093218948791299 0.17140162081060817 0.47430768454004396 0.8140246258944543 0.33525531885960513 -2.15042888340402 -0.21524531499640148 -0.26202990501427137 0.9407495858358438 0.5656415107276147
5494384560024 PointCloud14.pcd PointCloud21.pcd 0.11 11.30250035 0.7682427918664135 -0.46268574627649484 -0.44240808416874744 1.4100310728862593 0.4901066036243852 0.8696979697864736 -0.05848895992455198 -2.342663989260766 0.4118234206903103 -0.17189340168211534 0.8949045360422991 -1.1042282329061264
5494384560025 PointCloud14.pcd PointCloud21.pcd 0.11 11.30250035 0.9840725128523455 -0.17193559051407498 0.045160183381452355 0.3572658331909997 0.1681923207566301 0.982772138081993 0.07661767321086425 -0.7612076654752317 -0.05755547486528919 -0.06780175015679356 0.9960372934728432 0.6193144429651074
5494384560026 PointCloud14.pcd PointCloud21.pcd 0.11 11.30250035 0.9874292530309005 0.051778960280227854 0.1493399127197306 -0.16385491388124773 -0.13111822914211269 0.7959646633578986 0.5909723044882761 -0.6983428437913253 -0.08826936187304515 -0.603124526078857 0.7927479585572452 0.5681060965448375
5494384560027 PointCloud14.pcd PointCloud21.pcd 0.11 11.30250035 0.9608469109425154 -0.02636640203454435 0.27582245480739664 -0.34614281086964915 -0.06744475592937299 0.9432656324729494 0.3251171350344885 -0.46793066651921017 -0.26874601137477905 -0.3309905730366944 0.904555593609916 0.05787603667100816
5494384560028 PointCloud14.pcd PointCloud21.pcd 0.11 11.30250035 0.9574765497251652 -0.23142282723767366 -0.1722850305735089 0.33954299575897595 0.1393067769849763 0.8937646010960737 -0.42635485187063843 0.16688117427424184 0.25265050685175977 0.38422430019572923 0.8879974147071886 -0.31232169709359825
5494384560029 PointCloud14.pcd PointCloud21.pcd 0.11 11.30250035 0.9702054584952786 -0.23730236782548544 -0.04887693249769515 -0.5945719629749844 0.21721152766263205 0.9412931737333351 -0.2584304806587086 -1.35177549448894 0.10733368789169531 0.2401140298013499 0.9647925850337599 -0.976666747731334
5494384560031 PointCloud16.pcd PointCloud27.pcd 0.14 12.63884304 0.8208626699400151 0.30121198091010437 -0.48523790006053813 2.572192236158459 -0.3657070819411591 0.9298052961867103 -0.041478203929609436 2.737935042537002 0.4386830374165751 0.2115028457003708 0.8733978125365399 -1.0882325101400516
5494384560032 PointCloud16.pcd PointCloud27.pcd 0.14 12.63884304 0.9714045918888685 -0.19072831537111423 -0.14140660724632903 -0.4707868457548239 0.1944148800552321 0.9808384542809426 0.012600833975602499 -0.8854416414256834 0.13629370224016396 -0.03973205657234191 0.9898714009456995 0.3591273974033271
5494384560033 PointCloud16.pcd PointCloud27.pcd 0.14 12.63884304 0.9966480145134721 -0.07927282502941974 0.020212728123852275 -0.2798981208316791 0.07806613690163111 0.9954425019119134 0.054771376252618326 -0.21187255166742425 -0.02446249038036713 -0.0530098537934703 0.9982943163041574 1.2887865635324598
5494384560034 PointCloud16.pcd PointCloud27.pcd 0.14 12.63884304 0.7173666662878206 0.6374246655354232 -0.281202528200143 2.0962796061692663 -0.6285520674385705 0.7662389369527259 0.13341735275538583 2.7493046375171133 0.30051183773322 0.08104126889807549 0.9503288631403303 -0.8967065635352869
5494384560035 PointCloud16.pcd PointCloud27.pcd 0.14 12.63884304 0.9940098346621937 -0.10656205584116862 -0.024268845249455058 -0.06984301506736834 0.10383185722637966 0.9900861552713257 -0.09459572170539723 -0.0579149452083762 0.03410856226461392 0.09150919841714228 0.9952199116704272 -0.2627479225368785
5494384560036 PointCloud16.pcd PointCloud27.pcd 0.14 12.63884304 0.8164029727730245 -0.41262005390144885 0.40401841191427584 -0.18292978242719826 0.5493951919387058 0.7704952832068424 -0.3232676006509781 -2.580124306976656 -0.17790758590347006 0.4858824031330761 0.8557261134286053 1.5259835122421106
5494384560037 PointCloud16.pcd PointCloud27.pcd 0.14 12.63884304 0.9571029819164506 -0.057238366629577875 -0.2840381160904579 1.265259799232088 -0.04011109918956619 0.9446811100656166 -0.32552833979086837 1.835413829409498 0.28695815327054786 0.3229572257602735 0.9018612136026166 -0.9093685581797248
5494384560038 PointCloud16.pcd PointCloud27.pcd 0.14 12.63884304 0.9999803164792955 -0.004864649421207684 -0.003962554728554675 0.7328894963588937 0.005049196172237669 0.9988356801176673 0.04797697095369082 0.8376949972083767 0.0037245499033182173 -0.04799603431415741 0.9988405820841141 -0.6040660325712841
5494384560039 PointCloud16.pcd PointCloud27.pcd 0.14 12.63884304 0.9561566414143559 0.2763040011335523 0.09705965195079189 0.5533388430559141 -0.2726113384621695 0.9608393242034511 -0.04970765741935513 1.4498427738400128 -0.10699315501976478 0.021068745141688293 0.9940365047406816 1.2887112607959248
5494384560040 PointCloud16.pcd PointCloud27.pcd 0.14 12.63884304 0.9164016152793423 0.3803580729324784 0.12464275297225945 0.6553721363369052 -0.34411158058482244 0.9077296857117184 -0.24002924360402447 2.2952096565699662 -0.2044389875264196 0.177072171819279 0.9627305678882208 1.4690775101200206
5494384560041 PointCloud16.pcd PointCloud27.pcd 0.14 12.63884304 0.9902987608901895 -0.07972683656395424 -0.11380683507970668 0.07315427511312578 0.11473435180950597 0.9311792675956526 0.34603641443477656 -1.3816447585003466 0.07838617667808231 -0.3557369858920048 0.9312930817815968 0.11024731395527088
5494384560042 PointCloud16.pcd PointCloud27.pcd 0.14 12.63884304 0.9964852453520657 -0.08348788829927511 -0.006850423560708556 -0.1478080308140477 0.08336549602219859 0.9963817316205327 -0.016542036326933095 -0.28303664450592814 0.008206696570858428 0.015912806169766085 0.9998397035181176 0.8665139292755457
5494384560043 PointCloud16.pcd PointCloud27.pcd 0.14 12.63884304 0.9990268067376156 -0.043996604069257594 -0.003120616928738052 0.1163917907005958 0.04405188847926608 0.9917349849804366 0.12050373723359596 -0.4507504843051139 -0.0022069302329806484 -0.12052393287735937 0.992707968670908 -1.189727767541823
5494384560044 PointCloud16.pcd PointCloud27.pcd 0.14 12.63884304 0.9958695080677047 -0.08218187161245948 -0.03860133260991182 0.16541705770541082 0.03155297600557025 0.7118915405974717 -0.7015802478198414 1.0501593212966458 0.08513713999295326 0.6974643893447403 0.7115441609554454 1.2132156010339021
5494384560045 PointCloud16.pcd PointCloud27.pcd 0.14 12.63884304 0.8509519280407765 -0.5252287586181619 -0.003945539774199231 -0.3728622211788899 0.5252415292570007 0.8509455806877461 0.0035992571124959386 -2.7078870498551186 0.0014670062891387317 -0.005135156124137623 0.999985738930375 0.6419124957103057
5494384560046 PointCloud16.pcd PointCloud27.pcd 0.14 12.63884304 0.9991347516684168 -0.0357392280402127 -0.02127100344556148 -0.30092805667226497 0.02388203647747307 0.9117297851257424 -0.4100956562172494 0.8843983914999071 0.03404990957667964 0.4092328267547185 0.9117944379980406 1.088507531661516
5494384560047 PointCloud16.pcd PointCloud27.pcd 0.14 12.63884304 0.9992291233927355 0.039123760865751304 -0.0032388731844158877 0.025578305145718794 -0.039066610965825525 0.999106153958808 0.01614599112112904 1.2159687160824961 0.003867670026005671 -0.01600701275560944 0.9998643991418095 -0.8840167871784228
5494384560048 PointCloud16.pcd PointCloud27.pcd 0.14 12.63884304 0.9699604274975505 0.1758728028484995 -0.16806405417870274 1.0028180951762886 -0.21765342536047805 0.9359882047650518 -0.27668224910453887 2.0194208047666895 0.10864508970781843 0.30495054969438584 0.9461508371942985 -0.5681251176140858
5494384560049 PointCloud16.pcd PointCloud27.pcd 0.14 12.63884304 0.9236430019150098 0.01902629243239375 -0.382781406562161 1.6742422496396627 -0.03465393831603486 0.9988217971978948 -0.0339723711500392 -0.009718721165775768 0.3816840441682332 0.04464322612272326 0.9232140991063437 -2.076090105372724
5494384560050 PointCloud16.pcd PointCloud27.pcd 0.14 12.63884304 0.8812545926901864 -0.29968026341974513 -0.3654888268868502 1.7409141808992916 0.26773267597624334 0.9537759174231617 -0.13649437189205377 -1.0636026688679217 0.389499110495844 0.022432990444400294 0.920753606489091 -2.253283152847499
5494384560051 PointCloud16.pcd PointCloud27.pcd 0.14 12.63884304 0.7649809124038042 0.15182066687326579 -0.625903098544815 2.2179296999425904 -0.1059532179966284 0.9882442212085251 0.11021467617388737 0.3658594713580383 0.6352779858093639 -0.017995676094906224 0.7720738542315009 -3.783124214506957
5494384560052 PointCloud16.pcd PointCloud27.pcd 0.14 12.63884304 0.8456509255034492 -0.5336263826545021 -0.01083494025044628 -0.11169858551024259 0.533321050624238 0.8456194450995673 -0.022280283448795353 -2.184727527906518 0.021051583223566987 0.01306284060113412 0.9996930494102729 -0.4053402485015063
5494384560053 PointCloud16.pcd PointCloud27.pcd 0.14 12.63884304 0.9826451924613795 -0.17562209995829978 -0.05971016445108068 0.7437741305303787 0.17512091778799346 0.9844534601037332 -0.013566467590275931 -1.161373610631272 0.061164449524449785 0.002874525356322489 0.9981235631014562 -0.6425368079299298
5494384560054 PointCloud16.pcd PointCloud27.pcd 0.14 12.63884304 0.9647932685620745 -0.25428568154277625 0.06717693874861204 0.05875550960174891 0.2573759006680752 0.9653933880850163 -0.04210999877737524 -0.8519097695473665 -0.05414420276083184 0.05791716847411696 0.9968520486528254 0.06723001799313533
5494384560055 PointCloud16.pcd PointCloud27.pcd 0.14 12.63884304 0.7384222130788514 -0.6734941886296938 0.03373741415345681 1.2365335989046216 0.6743384200399888 0.7374545650594899 -0.037794969650603034 -4.774134332896767 0.0005748823383474114 0.050659079689123136 0.9987158390429922 -0.3296476149270142
5494384560056 PointCloud16.pcd PointCloud27.pcd 0.14 12.63884304 0.9422766449939549 -0.3303257267035387 -0.05476895632304389 1.3242763362217866 0.33478080190022025 0.926481439162566 0.17191264516115803 -2.983292548216585 -0.006044747966781689 -0.180324865631559 0.9835885338173572 0.03460817695837237
5494384560057 PointCloud16.pcd PointCloud27.pcd 0.14 12.63884304 0.9946626042775909 -0.060678136893010604 0.08345338432270911 0.3575669924481577 0.06419272394776476 0.9971317573983026 -0.04009429610229989 -0.47743893196776277 -0.08078117258301463 0.04523739704012486 0.9957047655129243 1.3577309114525367
5494384560058 PointCloud16.pcd PointCloud27.pcd 0.14 12.63884304 0.9141430674186318 0.031134048993352127 -0.40419441273196033 1.5222667800943541 0.04615604691190985 0.9825697134838596 0.1800732558646939 -0.28172950348627684 0.402755597880303 -0.18326873475179964 0.8967722672108868 -2.171508832846032
5494384560059 PointCloud16.pcd PointCloud27.pcd 0.14 12.63884304 0.9741416334666404 0.17434567911068466 0.14370686177903905 -0.6998321166412387 -0.21164808600846763 0.9267667086482824 0.31033619742173485 0.7586230758148449 -0.07907696020901381 -0.3327266925220516 0.9397019646927627 0.25201680186394393
5494384560060 PointCloud16.pcd PointCloud27.pcd 0.14 12.63884304 0.8844485059192402 0.46649693836986805 0.011465028075110987 1.1307618782779354 -0.4664028676410429 0.8845159022851778 -0.009999183009083956 2.659434894898845 -0.014805587912519362 0.0034964405009805274 0.9998842780394076 -0.010754988976332314
5494384560062 PointCloud18.pcd PointCloud25.pcd 0.13 15.11279713 0.8567001913023878 0.5030505002731978 0.11403936336781922 0.5720176200735869 -0.4002013783864743 0.7877172456298538 -0.4683379097135769 3.179347666364023 -0.3254283929837992 0.3555864664356645 0.8761590186306251 2.24817263821275
5494384560063 PointCloud18.pcd PointCloud25.pcd 0.13 15.11279713 0.9709943381492688 -0.1464467595813421 -0.18900619537514599 1.4576998231436287 0.07631566472399973 0.9389562941991396 -0.3354653438159486 -0.2614086322036721 0.22659636934381214 0.3113108160535756 0.9228974272411097 -0.7210024544295424
5494384560064 PointCloud18.pcd PointCloud25.pcd 0.13 15.11279713 0.9925525170702848 0.05610134752792658 -0.1081301977386176 1.3704546132937692 -0.06252420107033026 0.9964171919188781 -0.0569517684450128 -0.1994869718641764 0.1045477170384827 0.06328837534688538 0.9925040838243402 -1.2510016530435082
5494384560065 PointCloud18.pcd PointCloud25.pcd 0.13 15.11279713 0.8976060066067637 -0.3985227452642858 -0.1883695262256499 1.0359544214996115 0.3667035611011809 0.9122439024491839 -0.18259123943934566 -2.1613541260336797 0.24460571370916728 0.09481921720464234 0.9649753161970144 -0.9320775372140355
5494384560066 PointCloud18.pcd PointCloud25.pcd 0.13 15.11279713 0.8993338078325311 -0.13960420976916169 0.4143782893735719 -0.6478641975735426 0.15486892459636262 0.9879295768185802 -0.0032813779768512408 -1.2342799057362601 -0.40891847388422786 0.06712537420222486 0.91009882202671 2.6849087316640032
5494384560067 PointCloud18.pcd PointCloud25.pcd 0.13 15.11279713 0.9510069199795691 -0.2623147120111226 0.16363627352605845 -0.49118474080456664 0.30545895177823096 0.8789524500388947 -0.36624775678380417 -1.2954616558477077 -0.04775632868550051 0.39828831571255774 0.9160162392869114 -0.21103483461117123
5494384560068 PointCloud18.pcd PointCloud25.pcd 0.13 15.11279713 0.9720223295595036 0.0679855923921064 0.2248344948285514 -0.299886395988997 0.06706768672825693 0.8370175495975724 -0.5430502251749794 1.4512537310645026 -0.22511000918358987 0.5429360744072638 0.8090401120294309 2.2105176562884052
5494384560069 PointCloud18.pcd PointCloud25.pcd 0.13 15.11279713 0.9918378426886191 -0.12150027603228129 0.03867010130405121 -0.030777396733356 0.12349733618610655 0.9908581664195959 -0.05430011044677703 -0.6303174758465586 -0.031719107265525445 0.05863255890438229 0.9977755866278761 0.6066317395110676
5494384560070 PointCloud18.pcd PointCloud25.pcd 0.13 15.11279713 0.7890754032520304 0.35237536729896385 -0.5031814866462855 2.510038282401837 -0.21739582799288765 0.9262937298040569 0.30776448803748546 1.0701590010559061 0.5745424805477245 -0.13345983158467217 0.8075205331132197 -4.3512160290262525
5494384560071 PointCloud18.pcd PointCloud25.pcd 0.13 15.11279713 0.931869560398531 -0.3244675061599637 0.16229590213244047 0.13052679002773004 0.343636819226333 0.9328623355788249 -0.10808144766993263 -1.2482004388958585 -0.11633081653051916 0.15648865870967701 0.980804996327297 -0.4857231359387504
5494384560072 PointCloud18.pcd PointCloud25.pcd 0.13 15.11279713 0.8878707318044684 -0.0067475436266866765 0.4600435134419393 -1.5711305692561366 -0.1240846640467548 0.9593305667359208 0.253550507541478 0.3135429382694428 -0.44304464758464446 -0.28220441949257824 0.8509242656461591 4.000777985688398
5494384560073 PointCloud18.pcd PointCloud25.pcd 0.13 15.11279713 0.9991751541197409 0.03703884710076055 -0.016647378028938956 0.03786927013573749 -0.03721045204133405 0.9992562136572875 -0.010119373803799039 0.12625519122587797 0.016260185997444703 0.010730483341765965 0.9998102135298381 -0.2839337815703775
5494384560074 PointCloud18.pcd PointCloud25.pcd 0.13 15.11279713 0.9153140785343573 0.3922256811851972 0.09142840179948744 0.4382290285327324 -0.399933766147596 0.9119593532743963 0.0915593833003755 2.2198275224912116 -0.04746704469208587 -0.12037089762128186 0.9915935289593446 -0.6169927645207514
5494384560075 PointCloud18.pcd PointCloud25.pcd 0.13 15.11279713 0.9993581110363343 0.005913447459222419 0.035332662580628456 -0.9809957069688346 -0.006800731277934423 0.9996631896853428 0.025045104156527782 0.5073029782372773 -0.03517265926788662 -0.025269315924120635 0.9990617326835974 -0.6206455863700298
5494384560076 PointCloud18.pcd PointCloud25.pcd 0.13 15.11279713 0.9172275950559787 -0.38705953409091054 -0.09422555883173707 0.8473307227604323 0.3939388022577668 0.9164573563066924 0.07012941000082978 -2.156347976949219 0.059209449782462856 -0.10144373386599903 0.9930777461587701 0.43711158497178504
5494384560077 PointCloud18.pcd PointCloud25.pcd 0.13 15.11279713 0.8601679128133719 -0.33023774666766165 0.38865690839370476 0.541208007695495 0.19622500956602212 0.917686316817348 0.34546717578812636 -3.1263253058886544 -0.4707514284493482 -0.22089557397574763 0.8541652287530925 3.2792490415439155
5494384560078 PointCloud18.pcd PointCloud25.pcd 0.13 15.11279713 0.9305834093184121 -0.2597376548606719 -0.25797455097121375 0.3129456115126601 0.179794427358941 0.938123918266662 -0.2959687109589053 -0.09578724411120576 0.31888631546679985 0.22904118543066443 0.9197019371429663 -2.2425749008796796
5494384560079 PointCloud18.pcd PointCloud25.pcd 0.13 15.11279713 0.9286940296668752 0.3548504522893934 -0.10774300799176681 -0.29251636407670656 -0.33685954831361387 0.9286958947715301 0.15507926922853 2.6126265718280104 0.15509043803874248 -0.1077269304515811 0.9820090959275434 -1.178354980092546
5494384560080 PointCloud18.pcd PointCloud25.pcd 0.13 15.11279713 0.8740915823520062 0.4846478975475073 0.03286823792275513 1.0294986523271854 -0.4667520859913164 0.8567046357357461 -0.2195442035938039 2.914778938677877 -0.1345600084873687 0.1765604217022142 0.9750487278101622 1.8249541071368625
5494384560081 PointCloud18.pcd PointCloud25.pcd 0.13 15.11279713 0.9831945338604529 0.1817406734814563 0.017286879112022906 -0.49496902670138443 -0.1825110931348228 0.9807226850283965 0.0698048419053053 0.9681778758497268 -0.004267255518367639 -0.07178678620191407 0.9974108721370254 -0.3660317186748432
5494384560082 PointCloud18.pcd PointCloud25.pcd 0.13 15.11279713 0.978837000358229 0.2025079352741373 0.029473087396984735 0.9470877037620928 -0.20304399056427225 0.9790311011704188 0.01646939090473196 1.3125664569377238 -0.025519886861822032 -0.02210518247024827 0.9994298856260587 -0.6125236770443909
5494384560083 PointCloud18.pcd PointCloud25.pcd 0.13 15.11279713 0.9545064790402509 0.2726653973377137 0.12071024217045585 0.29994330786797274 -0.2849190969915016 0.9533796118643972 0.09944055435705734 1.7719577196300837 -0.08796868556327701 -0.12930930660999723 0.987694595299737 1.085901492431385
5494384560084 PointCloud18.pcd PointCloud25.pcd 0.13 15.11279713 0.7706720680176844 0.5599244497905788 -0.3042189575027551 2.1334205464497247 -0.619786511294404 0.76958072638112 -0.15365606398778847 3.8882432836777157 0.14808525920852894 0.3069692429371797 0.940127991230831 -0.3130732654915924
5494384560085 PointCloud18.pcd PointCloud25.pcd 0.13 15.11279713 0.9980203359746097 -0.061052867242844304 0.015098224483510784 -0.27020343556337423 0.062052173930758854 0.9949988451726136 -0.07827404305152409 -0.22150264424927985 -0.010243861166264731 0.07905596439606961 0.9968175448906452 -0.17147894066502012
5494384560086 PointCloud18.pcd PointCloud25.pcd 0.13 15.11279713 0.9621713700278085 0.27082596935531184 0.029657191734310397 -0.34358950938154376 -0.27166633248569433 0.9619442097609359 0.02933838954647684 2.1990843841160936 -0.02058296607834143 -0.03628541897462831 0.9991294760326379 -1.0872178113676776
5494384560087 PointCloud18.pcd PointCloud25.pcd 0.13 15.11279713 0.9785189211600095 -0.20615138743266717 -0.0015252512703081765 0.34946505319182375 0.20605598736040656 0.9782441680341719 -0.02406819021153976 -1.7173344423986097 0.006453758965067946 0.02323689236359372 0.9997091556190248 1.103438881164716
5494384560088 PointCloud18.pcd PointCloud25.pcd 0.13 15.11279713 0.8724204186115572 0.009945639999717308 0.4886549881405402 0.43160705307467495 0.07327211787065754 0.9858326805330891 -0.15088115434239255 0.16438111241191347 -0.4832326664582848 0.1674365857211035 0.8593318217252727 3.2004426784481894
5494384560089 PointCloud18.pcd PointCloud25.pcd 0.13 15.11279713 0.882043211210865 -0.470225109945809 0.029801334421078636 0.4800150294289587 0.4688277105480826 0.8822007542298923 0.04384526266830039 -3.0636474414913644 -0.046907903162137256 -0.024701724892419473 0.9985937479316955 0.0779957671918976
5494384560090 PointCloud18.pcd PointCloud25.pcd 0.13 15.11279713 0.7908837953704675 0.3250958088700364 0.5184742397415145 0.10885017271699748 -0.441331248315634 0.8899176760420208 0.11520963122991609 2.5483155152932797 -0.4239452222641139 -0.3199363138549698 0.8472964083461734 3.1691951248459924
5494384560091 PointCloud18.pcd PointCloud25.pcd 0.13 15.11279713 0.9585898073299994 -0.19380259337442396 0.20867710963203884 -1.0141044155919747 0.2050265146442199 0.9781878095330482 -0.033357721351741004 -1.7590258426262972 -0.19766059186362306 0.07476071215741992 0.9774155341214081 1.0135141829155718
5494384560093 PointCloud18.pcd PointCloud28.pcd 0.12 15.11279713 0.8596371716892439 -0.4445184102005743 0.2518478033314393 -0.28562715790854565 0.2685944863942265 0.812533523534851 0.5173454117034975 -2.9492527761602285 -0.43460434297040684 -0.37708441511788 0.8178792141547964 2.172284760399972
5494384560094 PointCloud18.pcd PointCloud28.pcd 0.12 15.11279713 0.9956399077451684 0.0501076863876802 0.07867905610813104 0.94277445821242 -0.049809997223015275 0.9987422010468888 -0.005742823753095712 -0.2760791204256889 -0.07886785328532629 0.0017987809454735062 0.9968834566313529 1.017711335854996
5494384560095 PointCloud18.pcd PointCloud28.pcd 0.12 15.11279713 0.9988492268045839 0.013660472935786573 -0.04597405345470101 -0.34320537272718443 -0.016420524957225843 0.9980510795588852 -0.0602030643030165 0.2964705791867921 0.04506205135159946 0.06088870232247243 0.9971268612656422 1.028399849302816
5494384560096 PointCloud18.pcd PointCloud28.pcd 0.12 15.11279713 0.9209968900864526 0.36879453878369595 -0.12552018409165813 1.1281788401751598 -0.38893060873610286 0.888901647269712 -0.2420471918229105 3.095594820712185 0.022309415932453357 0.2717433525304959 0.9621111371958228 0.35892791393544243
5494384560097 PointCloud18.pcd PointCloud28.pcd 0.12 15.11279713 0.9341918834588366 0.2914134057572129 0.20582456564903337 -0.06692200248766689 -0.2584105003675113 0.9504520709271491 -0.17281456585052632 2.0095792658358773 -0.24598686586776072 0.10825473576373199 0.9632088942723073 1.0173289412846875
5494384560098 PointCloud18.pcd PointCloud28.pcd 0.12 15.11279713 0.9865937855404662 0.1549876800919673 0.051103046412546774 0.3274311298207344 -0.14626984473669255 0.9786682330247143 -0.144269269731941 1.409722355702161 -0.07237288755906292 0.13486033029765906 0.9882180207112041 1.5369456457505617
5494384560099 PointCloud18.pcd PointCloud28.pcd 0.12 15.11279713 0.83612020995002 0.44763934009707895 0.3170520709766551 0.47727321039986403 -0.28873608284650276 0.8505837111859887 -0.43947562472511237 2.7951593138170776 -0.46640590581122765 0.27591007858090644 0.8404398607645202 4.208096074098464
5494384560100 PointCloud18.pcd PointCloud28.pcd 0.12 15.11279713 0.7734683027097058 -0.5976940825587568 0.21097053912244051 0.8673367322069074 0.5417034080506314 0.7961673194365594 0.26958304317507586 -4.238289196636192 -0.3290960382771239 -0.09423047880303817 0.9395831067313056 1.8138132890524141
5494384560101 PointCloud18.pcd PointCloud28.pcd 0.12 15.11279713 0.9643733069730299 0.157278029773512 0.21271517611224716 -0.8979595920316976 -0.20871948273060978 0.9463986926762887 0.24650698170493715 0.379823762027681 -0.16254323217706956 -0.28212255466582925 0.9455086259904018 2.081585523200067
5494384560102 PointCloud18.pcd PointCloud28.pcd 0.12 15.11279713 0.9586711983312475 -0.28273385709763 0.031797791445740506 0.4337585778231192 0.27693673528144647 0.901661144314621 -0.332134348547244 -1.3238162457609215 0.06523479241772687 0.32721361048089836 0.9426959610469703 0.239212033741258
5494384560103 PointCloud18.pcd PointCloud28.pcd 0.12 15.11279713 0.8441596956840114 -0.5218626701435481 -0.12269377202337232 0.8292578738121792 0.5358258258413812 0.8285544215754456 0.16244462086871506 -3.85381705332289 0.016884683712730844 -0.20287169343805675 0.9790597445802253 0.41769212912842324
5494384560104 PointCloud18.pcd PointCloud28.pcd 0.12 15.11279713 0.9811125283446692 -0.08987040404620268 0.1712936577976627 -0.5044778370857799 0.055789887425526055 0.9793580933797867 0.1942812739111926 -1.1695546817014506 -0.18521796669377844 -0.18105533797179524 0.9658743548752815 1.073993294951978
5494384560105 PointCloud18.pcd PointCloud28.pcd 0.12 15.11279713 0.9885327143606354 -0.14243059356583235 0.050165711948292085 0.010664742808502048 0.14454486463458385 0.9886326891346922 -0.041378594491316284 -0.6086289956083326 -0.04370188493147831 0.04815529037179232 0.9978833665627682 -0.3188355267549663
5494384560106 PointCloud18.pcd PointCloud28.pcd 0.12 15.11279713 0.9442731054031416 0.32819964698162984 0.02516533594930074 0.3863167658903892 -0.30404608452398985 0.8403758537351267 0.44869187973997005 0.6727100108022227 0.1261121758512572 -0.43133909651235014 0.8933321347192046 -0.8767493295420143
5494384560107 PointCloud18.pcd PointCloud28.pcd 0.12 15.11279713 0.7628367074125146 -0.641179697214528 -0.0834790614700467 1.694776811952707 0.6024259210327552 0.7516797650261596 -0.26844094419081094 -3.2772096907978012 0.2348684046266552 0.1544866555081819 0.9596721866231334 -1.3478584935582583
5494384560108 PointCloud18.pcd PointCloud28.pcd 0.12 15.11279713 0.8370152159192698 0.36276481982359393 -0.40964278807025734 1.7094141222839685 -0.1806363201927787 0.8898645294972426 0.41894109248182276 0.3713482159905276 0.5165036767989463 -0.27666370315060596 0.8103586534443642 -3.699224015076293
5494384560109 PointCloud18.pcd PointCloud28.pcd 0.12 15.11279713 0.9095151160729884 -0.41566998630127855 -0.0008462405293867435 0.6083451923879561 0.4155632485521588 0.9093241168967208 -0.02090064311871178 -2.473620570842715 0.009457276960909651 0.018657784388666797 0.9997811995602792 -0.08902205110411732
5494384560110 PointCloud18.pcd PointCloud28.pcd 0.12 15.11279713 0.9024850936712652 0.3901734579900613 -0.18244267149229484 0.810722971814112 -0.38213158565903715 0.9207402794811774 0.07882124702536233 2.6102316030540806 0.19873627485408266 -0.0014178931557486327 0.9800519795582892 -1.5018191636704836
5494384560111 PointCloud18.pcd PointCloud28.pcd 0.12 15.11279713 0.9993099054920265 -0.035459540621545015 -0.011060459503392787 -0.09684806781354904 0.03544634333714491 0.9993706184053835 -0.0013870155249300529 -0.10045496152784794 0.011102681187102323 0.0009940055081099767 0.9999378692816406 -0.1925744359702164
5494384560112 PointCloud18.pcd PointCloud28.pcd 0.12 15.11279713 0.8864780247153204 -0.13323359667466647 0.4431766243992978 -0.47497067425584927 0.24261159307523608 0.9493050313290511 -0.19989890544684236 -1.0298124886401105 -0.39407654916566653 0.2847257737024906 0.8738620641652768 2.4598469715410025
5494384560113 PointCloud18.pcd PointCloud28.pcd 0.12 15.11279713 0.9922468776510275 0.12409994514091556 0.00673330586034463 -0.5115270606197804 -0.12425758954593157 0.9916753364536128 0.033765048642774964 0.6679876368563197 -0.0024870126702536246 -0.034339928445410436 0.9994071162856218 0.7644307944294377
5494384560114 PointCloud18.pcd PointCloud28.pcd 0.12 15.11279713 0.9954352003152169 -0.015614157757125633 -0.09415391681146175 0.5005373381886074 0.022525114252963222 0.9970928430281659 0.07279066979977826 -0.39247233736206166 0.09274363159427725 -0.07457922270676325 0.9928930246200545 -1.5581944002675678
5494384560115 PointCloud18.pcd PointCloud28.pcd 0.12 15.11279713 0.9850462458332494 -0.13374434073797556 -0.10861097960328722 0.3080550727037057 0.09940947402297486 0.956080570940352 -0.2757312066938485 0.15202805178903278 0.14071833584965704 0.2608110296573644 0.9550790316852152 -0.8661881644587477
5494384560116 PointCloud18.pcd PointCloud28.pcd 0.12 15.11279713 0.945144410551925 -0.19414610759695244 0.26269627349356645 -1.1296259385211451 0.1479964864984314 0.9714403982584872 0.1854739674873841 -1.0689166847996552 -0.29120282139185 -0.1364215581803117 0.9468844043900406 1.981590242218949
5494384560117 PointCloud18.pcd PointCloud28.pcd 0.12 15.11279713 0.8170260677536099 0.5711856324710252 0.07883766783555105 1.5018948872471807 -0.566105515533494 0.8205897584299442 -0.0784665128729638 2.8089501945356616 -0.10951232758749468 0.019478747869432635 0.9937945605042364 0.7086899372256756
5494384560118 PointCloud18.pcd PointCloud28.pcd 0.12 15.11279713 0.7245640556702115 -0.6891486924770611 0.009000493758206725 1.6924119035278213 0.689202408534636 0.7245469755647165 -0.005632075113020116 -4.31182830117301 -0.0026399433310273827 0.010283961161886153 0.9999436338324423 0.843106727065658
5494384560119 PointCloud18.pcd PointCloud28.pcd 0.12 15.11279713 0.9869000941212477 -0.130012658806914 -0.09552440930688498 0.2521982176627242 0.1270063946935446 0.9912141609008457 -0.03693051497853565 -0.6288576065023488 0.09948658166014092 0.024314517876965046 0.9947417877469463 -0.2674875286511811
5494384560120 PointCloud18.pcd PointCloud28.pcd 0.12 15.11279713 0.8353477862681408 0.48175707062024964 0.2647719790391582 0.35881567615190324 -0.5142662229015271 0.8550286015738396 0.06675584224081829 3.5194205336798685 -0.1942275159690653 -0.19192763062696303 0.9619976385846312 0.7597118609997207
5494384560121 PointCloud18.pcd PointCloud28.pcd 0.12 15.11279713 0.9584650656139377 0.2851897841774462 -0.0033919018989030675 0.32345645772890563 -0.2845532043331962 0.9569969971412171 0.05644662404788917 1.47856381196513 0.019344040461610784 -0.05313694066762865 0.998399856588083 0.10450319255928964
5494384560122 PointCloud18.pcd PointCloud28.pcd 0.12 15.11279713 0.9056553965862244 -0.4143124920492789 0.09018570599693032 0.34756738112845564 0.4226024111180986 0.8993298101188756 -0.1123080351030897 -1.4993296342534261 -0.03457607194893708 0.13982507487379905 0.9895723539413974 1.0222959423143898
5494384560124 PointCloud17.pcd PointCloud22.pcd 0.13 14.54089496 0.9923364107629389 -0.05353597452111974 0.11136582647384194 -0.2911925968913529 0.10643939252193588 0.8281287009628713 -0.5503394501224754 0.8747946420522585 -0.06276227842971538 0.5579755855533657 0.8274805993693686 1.226247895874246
5494384560125 PointCloud17.pcd PointCloud22.pcd 0.13 14.54089496 0.9132376534132661 0.40704433460490347 -0.017660635727022422 0.7578230810687954 -0.3975390349710806 0.8807439488619281 -0.2573962164006286 2.0068504453834293 -0.08921717358498384 0.2420847087470596 0.9661445490858799 0.46805411492131066
5494384560126 PointCloud17.pcd PointCloud22.pcd 0.13 14.54089496 0.9034449276784966 -0.2914226836094439 0.3144202317438657 -0.6580248803609505 0.3621435366966447 0.9112980695140881 -0.19592827087672238 -1.8362822700863832 -0.22943260771050447 0.29087565724509545 0.9288444598216602 1.4574599349128752
5494384560127 PointCloud17.pcd PointCloud22.pcd 0.13 14.54089496 0.9462330707470522 0.3137355279570264 -0.0788225495789738 0.5843273071087918 -0.29161500556414477 0.9327624688232078 0.21193127490924465 1.1053007822866658 0.1400130863684809 -0.17755054281065977 0.9741006828830437 -0.3349907972940458
5494384560128 PointCloud17.pcd PointCloud22.pcd 0.13 14.54089496 0.9557754812615669 0.2106363058407824 0.20524516091973702 0.003932856559725195 -0.19701573057852217 0.9767157932370204 -0.08491796715648245 1.372644663812381 -0.21835299705713115 0.04072598560043259 0.9750196730184689 2.0076272029153737
5494384560129 PointCloud17.pcd PointCloud22.pcd 0.13 14.54089496 0.98827687073057 -0.15052202258111735 0.025533262562426495 -1.422863189305331 0.1432784865161854 0.9721649284274727 0.18538238114027505 -1.1859275348805656 -0.05272667333165901 -0.17955075230612805 0.9823346808830888 -0.366837329608243
5494384560130 PointCloud17.pcd PointCloud22.pcd 0.13 14.54089496 0.9872668369873158 -0.15855165930448425 -0.012867164289601706 0.026012115894634924 0.15825659291287866 0.9871661194124626 -0.02139867948605775 -0.8438464804282281 0.016094824779048018 0.019089893030982966 0.999688217695596 -1.2217377317841183
5494384560131 PointCloud17.pcd PointCloud22.pcd 0.13 14.54089496 0.9852214402962359 -0.17039878177731757 0.017405997512826683 -0.28932601674761127 0.16943827480438525 0.9844351723731501 0.04666971636896676 -1.0431406282291489 -0.025087538977031032 -0.04303076298942747 0.9987587140168659 -0.667635038353604
5494384560132 PointCloud17.pcd PointCloud22.pcd 0.13 14.54089496 0.9721124961673892 0.09056159935088848 -0.216323580587547 1.4230656657774219 -0.03196585372044947 0.964989112419161 0.26033477890670476 -0.3801645446952588 0.23232623397096294 -0.24615972382883675 0.9409728536856843 -0.7268786049169784
5494384560133 PointCloud17.pcd PointCloud22.pcd 0.13 14.54089496 0.9162230668379837 0.40061938583953244 0.006276900792210357 0.8007861486894718 -0.40047098957796173 0.9161508105420848 -0.017049306423689656 2.099963306335254 -0.012580870416924319 0.013107251147234301 0.9998349472122465 -0.6824195677830929
5494384560134 PointCloud17.pcd PointCloud22.pcd 0.13 14.54089496 0.9251173877403039 0.12459770522665159 0.3586547514711167 -0.5858964554046109 -0.16442285560575054 0.9829217154937213 0.08264396992721497 0.7887207479304638 -0.34223229458221294 -0.13542641198500513 0.9298046802860593 1.7763596174158836
