id source target overlap t1 t2 t3 t4 t5 t6 t7 t8 t9 t10 t11 t12
5494384560000 PointCloud21.pcd PointCloud18.pcd 0.4043 0.994107652794564 -0.10827238637016716 0.005202403770556184 -0.7027193074426927 0.10835554300909371 0.9939115942380529 -0.01997045663916207 -0.5227899778911107 -0.003008480428239528 0.020416493060304196 0.9997870352513237 -0.453580608841349
5494384560001 PointCloud21.pcd PointCloud18.pcd 0.4043 0.9132349903133299 -0.22406363895777154 0.34029007943872464 -0.2648668454690002 0.2504256999502656 0.9675023970926864 -0.03501543123146223 -1.8297418578991331 -0.3213857826224297 0.11719469833105559 0.9396683358564665 2.449326098157071
5494384560002 PointCloud21.pcd PointCloud18.pcd 0.4043 0.9993057286217617 0.032547512805615575 0.018130641298599877 -0.6621939482140968 -0.032928649361775114 0.9992342044642106 0.02113548390705777 0.2902011912033081 -0.017428849501314563 -0.021717827675541593 0.9996122103926683 -0.13764307456391656
5494384560003 PointCloud21.pcd PointCloud18.pcd 0.4043 0.9692861648411937 0.1373550979793834 0.20400467569770106 -0.31025219619903144 -0.06749353544652766 0.9462207713103087 -0.3164030256079304 1.3766923533185123 -0.23649303017293874 0.2929160784252007 0.9264292836906781 2.032331277199159
5494384560004 PointCloud21.pcd PointCloud18.pcd 0.4043 0.9985810703321384 -0.049508713728731855 -0.019614617999017297 0.280193595146514 0.04743269792306553 0.9943464412827935 -0.09500154670311127 -0.5394155357329883 0.02420712998395536 0.09393637193957778 0.9952838654799792 -0.6901989738907552
5494384560005 PointCloud21.pcd PointCloud18.pcd 0.4043 0.9944450521225018 0.09945960484344568 0.034450331108134995 0.6426834109013138 -0.09514605379599816 0.9893792945576206 -0.10989012670715055 1.394272955490664 -0.04501407286753243 0.10600187972413609 0.9933465330582404 0.535710947015299
5494384560006 PointCloud21.pcd PointCloud18.pcd 0.4043 0.9299027145359332 -0.3398033888467502 0.14076433648821335 -0.27921262401718216 0.3178551826792336 0.9350003111462325 0.15729749203467758 -2.547376660437015 -0.1850649192652506 -0.10152869094355883 0.9774675956637302 0.9372976197827041
5494384560007 PointCloud21.pcd PointCloud18.pcd 0.4043 0.925168197301115 0.37853369579696106 0.02785763537881347 0.43589455879703287 -0.3775249783475958 0.9253175414062698 -0.03552940035384055 3.1631583368921636 -0.03922623390350512 0.022353718083350488 0.9989802870235216 0.30212396339456005
5494384560008 PointCloud21.pcd PointCloud18.pcd 0.4043 0.9724625831485442 0.19809879450265963 0.12277374309132219 -0.02723248126961053 -0.21271125909179153 0.969692211630507 0.12021204165440733 1.2405526657303987 -0.0952388819319383 -0.1430170700291726 0.9851272369844543 0.623685137948679
5494384560009 PointCloud21.pcd PointCloud18.pcd 0.4043 0.9904591985120276 0.03397020841778629 0.13355373833391612 -0.5160401349084021 -0.028591371980057165 0.9987089032787695 -0.04198880755648467 0.5950180796668125 -0.1348076760841532 0.03776971606683935 0.990151674753429 0.7310602685215151
5494384560010 PointCloud21.pcd PointCloud18.pcd 0.4043 0.9999879212631159 0.004098238407253645 -0.0027132581576028085 0.06491987947635369 -0.004115186957726934 0.9999718711638235 -0.006270734998766218 -0.06354860702017981 0.002687482869794935 0.00628182482079121 0.9999766577839433 -0.9209036808967681
5494384560011 PointCloud21.pcd PointCloud18.pcd 0.4043 0.9956029086045413 -0.03890610256151535 -0.0852124613049655 0.3685954966844198 0.06433556849254018 0.9451861961353313 0.32013120632322717 -1.2046391989616188 0.06808658461781635 -0.32420575229118903 0.9435331722713224 -0.3424891066519171
5494384560012 PointCloud21.pcd PointCloud18.pcd 0.4043 0.9444921318828071 -0.13440009752214244 0.2997853008362962 -0.3360040064933889 0.06617449632278309 0.9716181913954065 0.22711016310580448 -1.090918927512402 -0.3218004798751798 -0.19466562083623742 0.9265795957264256 2.092606118907306
5494384560013 PointCloud21.pcd PointCloud18.pcd 0.4043 0.9943408226231553 -0.00476105691881149 0.10613039527921528 -0.31674981550946324 -0.0004048204169489985 0.9988182293755126 0.048600213863682684 -0.7509012041158561 -0.10623636188018049 -0.048368140383743416 0.9931638124752037 0.8011605158727697
5494384560014 PointCloud21.pcd PointCloud18.pcd 0.4043 0.9445446798711031 -0.25221081788784916 -0.21029752986551556 0.3413005027988456 0.21016860627371242 0.956357969515058 -0.20299899281031056 -0.9397393636046434 0.25231826066331475 0.14754367992353132 0.9563296282404211 -2.2847401936947067
5494384560015 PointCloud21.pcd PointCloud18.pcd 0.4043 0.9377085074392527 -0.34685564973889715 -0.019847249689984595 1.1306952082751263 0.33514249386814376 0.8880312406694869 0.31476979588082005 -3.9310080710179967 -0.09155470430234777 -0.3018139722398872 0.9489605167133617 0.2873999914624492
5494384560016 PointCloud21.pcd PointCloud18.pcd 0.4043 0.988899909172725 -0.14759561211803152 -0.017102775262512696 0.27151320036146487 0.1398981307290127 0.8861304817015403 0.4418158919934007 -2.4200045202331 -0.050054796540436514 -0.43930434175284433 0.8969427031089532 1.1876327828660291
5494384560017 PointCloud21.pcd PointCloud18.pcd 0.4043 0.9999985246543064 -0.00027349012548797324 0.0016958456185724087 -0.003448240702956795 0.0002700362891068629 0.9999978897901244 0.002036540129950223 0.060673535452883606 -0.0016963990135979382 -0.0020360791854917753 0.9999964882998026 -0.1064627941607359
5494384560018 PointCloud21.pcd PointCloud18.pcd 0.4043 0.997450143674371 -0.058614705913871405 0.04071273921768335 -0.6349793753386015 0.046910700835360454 0.9684055399368711 0.2449287577372506 -1.2133490699008682 -0.05378286930902846 -0.24239436146537702 0.968685901878767 0.0350504860815275
5494384560019 PointCloud21.pcd PointCloud18.pcd 0.4043 0.9507173155586858 -0.3009573225651128 -0.07457396255614354 0.5392294903628958 0.2923031678727776 0.9501865495397519 -0.10818677888392637 -1.9748950283475861 0.10341877947657904 0.08105683850348093 0.9913295844386949 -0.4737120300779454
5494384560020 PointCloud21.pcd PointCloud18.pcd 0.4043 0.9429997537675917 -0.33255421087617787 0.012615911492392488 0.61584181950216 0.32160089003888737 0.9008808229785363 -0.29152463071876195 -1.8697451754904564 0.08558231079175613 0.27896494334958594 0.9564801244466639 -1.1438986638807194
5494384560021 PointCloud21.pcd PointCloud18.pcd 0.4043 0.9957317250743625 -0.0868129931872736 0.03133426071092854 0.2698424407396276 0.08645064089397571 0.9961746490030167 0.012741874773246842 -0.6836787116912678 -0.03232055645336124 -0.009978622028247883 0.9994277406260856 -0.5717614790237346
5494384560022 PointCloud21.pcd PointCloud18.pcd 0.4043 0.8829962509578924 0.337619288697686 0.32608409451179166 0.4704180717079396 -0.31717926018410914 0.9412818969444772 -0.11569661790073107 3.5421960671830166 -0.3459984648858543 -0.0012674320002018721 0.9382342223095238 2.4263385194771834
5494384560023 PointCloud21.pcd PointCloud18.pcd 0.4043 0.9795780491697123 -0.10490396041278816 0.17152843692686293 -0.39964703183976535 0.10459480521648507 0.9944555754756425 0.010864397228299615 -0.7604542620254752 -0.17171712875128725 0.007298458407150804 0.9851192619161869 1.8597341718304257
5494384560024 PointCloud21.pcd PointCloud18.pcd 0.4043 0.9358983783088293 -0.3457523639758847 0.06745019113383566 0.09662192307725448 0.34287360337417794 0.9380089654409762 0.05076290832445096 -2.8121757476404694 -0.08082027955971532 -0.02438203349675816 0.9964304285069042 0.8610780065784827
5494384560025 PointCloud21.pcd PointCloud18.pcd 0.4043 0.9383466976203017 -0.3096741619898692 0.15364696046764623 -0.008990539073730375 0.30923055249689013 0.9505925618869893 0.02739063138371845 -2.505679539945622 -0.15453782859721518 0.02181042597023087 0.9877461034352173 0.7787026031575977
5494384560026 PointCloud21.pcd PointCloud18.pcd 0.4043 0.9724375715252019 -0.02632176992485389 -0.23167290284837144 0.8198685305166533 0.09627337269578146 0.9502813945773562 0.29613630110118944 -1.5149923556377012 0.212359617620552 -0.31027799720273147 0.9266234171743745 -1.6909694877675667
5494384560027 PointCloud21.pcd PointCloud18.pcd 0.4043 0.9932414208881807 -0.04037429118858 0.1088181806641132 -1.1680781038968728 0.05469688227998471 0.9897353869151347 -0.13203073489456146 -0.30314730204360635 -0.10237055680652188 0.13709040994529204 0.9852545298551812 0.7221624862654632
5494384560028 PointCloud21.pcd PointCloud18.pcd 0.4043 0.9952320948928551 0.09750812844784996 0.0022895811356453016 0.9889101878364563 -0.09749672369106561 0.9952249651855457 -0.004653766317439379 0.5363040851253743 -0.0027324283498592343 0.0044083509418967135 0.9999865500481924 0.22225954217488297
5494384560029 PointCloud21.pcd PointCloud18.pcd 0.4043 0.9991184654902469 -0.033758008571627966 -0.02495373266051424 0.04375550454970689 0.03392155191408002 0.9994055161528539 0.006159756406554944 0.3954890918624502 0.024730956959949937 -0.007000795706604601 0.9996696297414059 0.44841726093825196
5494384560031 PointCloud12.pcd PointCloud15.pcd 0.4153 0.9123258998183175 0.35869811407100577 0.19747687328545854 0.12547678452132427 -0.35223387388547606 0.9334246981911452 -0.06818820201765068 1.4412867816620225 -0.20878877031183424 -0.007348181317381981 0.9779331539645227 0.9326940557180367
5494384560032 PointCloud12.pcd PointCloud15.pcd 0.4153 0.9970745061676805 -0.05247606789584552 -0.05557599705508402 -0.03739681708929332 0.05818916983688379 0.9925829740968689 0.10673827826374492 -0.3472893764610563 0.049562583308080194 -0.10965993722050436 0.9927327175552464 -0.16918717622227875
5494384560033 PointCloud12.pcd PointCloud15.pcd 0.4153 0.9998789759680508 -0.0045422173727064806 -0.01487957252146467 -0.22299207676183963 0.006584546484198217 0.9900975481262982 0.1402265628969423 -0.3072133151946052 0.014095288740564201 -0.14030756734984667 0.9900076309704328 -0.09733351058152118
5494384560034 PointCloud12.pcd PointCloud15.pcd 0.4153 0.9714271283440764 0.2031993073670919 -0.12263513282381802 0.21945977147153295 -0.21897048342045206 0.9666448822090883 -0.13285179370106887 1.6525932457048746 0.0915492310606425 0.15590931076915177 0.9835197126177457 0.4312568592503143
5494384560035 PointCloud12.pcd PointCloud15.pcd 0.4153 0.9973017041066402 0.06483431923474435 -0.034435766803700474 -0.09627737193704755 -0.06652623086128624 0.996506005900284 -0.05049792878974309 -0.07626547299546799 0.03104144960182156 0.052652552208134945 0.9981303207259998 -0.16772788464358857
5494384560036 PointCloud12.pcd PointCloud15.pcd 0.4153 0.9518004063191188 -0.29763610097284426 0.07408601709123747 -0.3086343495805086 0.2542083313723295 0.9006497073877935 0.35243187830157713 -1.1761543140044939 -0.17162199973096748 -0.31661152218446603 0.9329003340273703 0.05124943303315199
5494384560037 PointCloud12.pcd PointCloud15.pcd 0.4153 0.9734298679684542 0.15877905377291257 -0.16499546730106418 0.298058316006363 -0.0969413736509333 0.9385471621061031 0.3312575955012209 0.1019751421324602 0.20745279516455817 -0.3064611502059582 0.9290020996708528 0.020014928866957327
5494384560038 PointCloud12.pcd PointCloud15.pcd 0.4153 0.9009469807933604 0.43380984128327515 -0.010176414157652077 1.26677283374638 -0.4334397710182103 0.9007968420937726 0.02636312146860359 0.8315790374445887 0.020603463277077978 -0.019340912069147835 0.9996006334638468 0.3421123167425997
5494384560039 PointCloud12.pcd PointCloud15.pcd 0.4153 0.9789696651705428 0.07727555393305502 0.18880382263136283 -0.11515222726955088 -0.0778421252979451 0.9969558832402778 -0.004423844673678184 0.23088130897586212 -0.18857093679826334 -0.010366081079044326 0.9820048605572623 0.8323195058514489
5494384560040 PointCloud12.pcd PointCloud15.pcd 0.4153 0.9138021446746531 -0.3304667955892453 -0.23612991636169317 -0.019261703583444145 0.34227481512967284 0.9395502174713757 0.009661251339186265 -1.0254510363987397 0.21866319149768337 -0.08964979566327291 0.9716734651216842 -1.1046229814379187
5494384560041 PointCloud12.pcd PointCloud15.pcd 0.4153 0.8848376186355357 0.3142114595582445 -0.34399643505372535 1.0897636626078828 -0.3047732349769987 0.948825529405338 0.08272478461945343 0.8603535346670619 0.3523856749203198 0.03164290490706413 0.9353197649360314 -1.5901372632237647
5494384560042 PointCloud12.pcd PointCloud15.pcd 0.4153 0.9597970453296921 0.04723553031859404 0.2766919522716809 0.0062547774356565 -0.0030455493403250197 0.9874335425039906 -0.15800545486544237 0.2813102769723172 -0.2806783860677708 0.15081048973311134 0.9478796546929629 1.7062921482773725
5494384560043 PointCloud12.pcd PointCloud15.pcd 0.4153 0.999919423482034 0.008391071390208017 0.009525568974142471 -0.006121654804850607 -0.008335057338608594 0.9999478279099387 -0.005904936693778901 0.1264647548642781 -0.009574620750652225 0.005825064730958959 0.9999371956569879 0.014518979435739654
5494384560044 PointCloud12.pcd PointCloud15.pcd 0.4153 0.998840523914546 -0.048137147962734154 -0.0006502092962292009 -0.22889807150964936 0.04809940933548618 0.998440309358832 -0.028344231670960274 -0.28497350918808206 0.002013605644710102 0.02828009252908416 0.9995980100814796 -0.7285236438200984
5494384560045 PointCloud12.pcd PointCloud15.pcd 0.4153 0.9167268279819223 0.17565133277369027 -0.3588293914286136 1.1085038507355325 -0.26249528119395865 0.9419071551055428 -0.20954030283429328 1.2184344594406362 0.30117793778613244 0.2862822391553641 0.9095792045419042 -0.8130760347155763
5494384560046 PointCloud12.pcd PointCloud15.pcd 0.4153 0.9741630465324952 -0.1477587683934917 0.1708031180434537 -0.15972939688241317 0.14544735606665724 0.9890232925228204 0.026038307559029097 -1.3188720799564455 -0.1727756504364736 -0.000522695090892384 0.9849610659341288 0.8166364213010803
5494384560047 PointCloud12.pcd PointCloud15.pcd 0.4153 0.9777581871001302 -0.053998421939254124 0.2026649895436727 0.28191930897578343 0.012856279765913387 0.9799026015539928 0.19906181838388118 -0.6112478405059745 -0.20934097455884562 -0.19202880485954968 0.9588020100495022 1.1056712039220962
5494384560048 PointCloud12.pcd PointCloud15.pcd 0.4153 0.9999955141573292 0.0025281454087193018 -0.0016062832910184713 0.03602456467359039 -0.0025364919071289515 0.9999831820224051 -0.005215542268105773 0.13851392601360615 0.0015930706273429788 0.00521959319657194 0.9999851088755465 -0.3040290575042546
5494384560049 PointCloud12.pcd PointCloud15.pcd 0.4153 0.9266606866239021 -0.3324663945450179 -0.1754025893878276 0.016174542260155356 0.3400340844697023 0.9403071886996737 0.014114257988563684 -1.592765251306273 0.16023979925277537 -0.07272198689497439 0.9843956112038887 -0.6458995103651075
5494384560050 PointCloud12.pcd PointCloud15.pcd 0.4153 0.9770349798992656 -0.20078795771853583 -0.07132211500271848 0.23390902640588918 0.2068506060623949 0.974102592354116 0.09130698954959912 -0.3705874505170549 0.05114171315923476 -0.10396314541321919 0.993265417484636 -0.2717481150806804
5494384560051 PointCloud12.pcd PointCloud15.pcd 0.4153 0.9998605282547522 0.014583916443644221 0.008138391689542692 -0.09502989429807407 -0.014408470008081972 0.9996710970938882 -0.021215410133389682 0.2450804002517727 -0.008445118717567923 0.021095189410539433 0.9997418031439815 0.2564279238734035
5494384560052 PointCloud12.pcd PointCloud15.pcd 0.4153 0.9523618168419145 -0.19209769883670752 -0.23686587749865853 0.5098508173267278 0.16564187847331324 0.9779576206584246 -0.12712851879867512 0.01956322014751971 0.2560658858915026 0.08183743824042022 0.963188920090366 -0.5461579606318794
5494384560053 PointCloud12.pcd PointCloud15.pcd 0.4153 0.9644409645813975 0.20230249341716516 -0.17008035452250617 0.6996861557873255 -0.21602076389682923 0.974138234367785 -0.06625503685188655 1.1240987150866684 0.15227821709861825 0.10063995975760481 0.9832003575554953 -0.06571813972862883
5494384560054 PointCloud12.pcd PointCloud15.pcd 0.4153 0.9701937991413796 0.026391919096275283 0.24088889288224213 0.047524623752965844 -0.021181737386091904 0.9994828770462002 -0.024193232375131605 0.27908265589089626 -0.24140282953793912 0.018369678763281074 0.9702511163576215 1.8427636246688857
5494384560055 PointCloud12.pcd PointCloud15.pcd 0.4153 0.9312089103044935 -0.044068796409843014 -0.3618119767952763 0.081833341463319 0.011815792280807137 0.9957920259443026 -0.09087699444038747 -0.45143272145238655 0.3642943211502131 0.08035037180205953 0.9278111151139419 -1.6029373744610047
5494384560056 PointCloud12.pcd PointCloud15.pcd 0.4153 0.982638297859458 -0.15837304065811528 -0.09664344557480413 0.21104774123838466 0.16162455756477087 0.9864897371457264 0.026748848538723734 -0.2375296873491911 0.09110147074476478 -0.04190439713035467 0.9949595687912561 -0.24560945684059132
5494384560057 PointCloud12.pcd PointCloud15.pcd 0.4153 0.9668756564727301 -0.20612035910009338 0.15055185978550917 -0.24498090400720862 0.21829474742760932 0.9734248831328454 -0.06921994035913685 -0.6801375060998955 -0.13228328755342944 0.09979175548237824 0.9861758146354035 0.5290891406031355
5494384560058 PointCloud12.pcd PointCloud15.pcd 0.4153 0.9916632559216616 0.12518427717765665 -0.030543143295288188 -0.16339288922753425 -0.11849230810639844 0.9790516285867883 0.16558224989767417 -0.009376258119974445 0.050631608452301996 -0.16058270551047865 0.9857228996611915 -0.22100065804827418
5494384560059 PointCloud12.pcd PointCloud15.pcd 0.4153 0.9998617634609064 0.01215958795631356 -0.011340122996647831 -0.0373276904882367 -0.012057667698969493 0.9998866823091495 0.009013056665930727 0.028663970541845225 0.011448433015380514 -0.008875075297411552 0.9998950777056349 0.7319362710266655
5494384560060 PointCloud12.pcd PointCloud15.pcd 0.4153 0.9547415405467932 0.2946110402122438 0.04090141488256625 0.48779792762417484 -0.2680130796616309 0.9117559281464555 -0.31123964500057505 1.3343957164081388 -0.12898674305766633 0.28619130398189135 0.9494508716308181 0.8351318395131389
5494384560062 PointCloud18.pcd PointCloud20.pcd 0.4323 0.9630605201874095 0.19560032084766046 0.18508092538305623 0.17750092930080985 -0.19838529531335594 0.9801177362788596 -0.0035351994337611287 1.6686548331150606 -0.18209258375834173 -0.03331272303334258 0.982716924360375 1.4245434253438545
5494384560063 PointCloud18.pcd PointCloud20.pcd 0.4323 0.939774560879524 -0.11278085837613501 0.3226519064063308 -0.7951851100400615 0.10575791312619738 0.9936159774851485 0.03927534974286409 -0.8882587364040995 -0.32502159702839617 -0.002786982270267132 0.9457024871464259 2.9703333180059692
5494384560064 PointCloud18.pcd PointCloud20.pcd 0.4323 0.915745117425781 0.40174624155819255 0.003292006182976916 0.7700207845233269 -0.4017528307398936 0.9157466688995535 0.001643591145586435 2.4617870734142837 -0.002354337130660171 -0.002827683369439232 0.9999932306288064 0.03897021995438843
5494384560065 PointCloud18.pcd PointCloud20.pcd 0.4323 0.9967789807523288 -0.07987108816139513 -0.007229993517492645 0.08614754766374322 0.08014807422154832 0.9952758924284638 0.05479219058681552 -0.41400024417757464 0.0028195263654589944 -0.05519517394337463 0.9984716035243241 -0.7873487806515489
5494384560066 PointCloud18.pcd PointCloud20.pcd 0.4323 0.8930960984814245 -0.44353355964211066 0.0752152933149633 0.23736527382943073 0.44106420972061006 0.8962084438390947 0.047673767367830536 -2.912475445736851 -0.0885534967169081 -0.009402481731252334 0.996027043586921 0.520032321259007
5494384560067 PointCloud18.pcd PointCloud20.pcd 0.4323 0.9794899128527705 0.15727466654774716 -0.12595312573321404 0.5284986035595391 -0.1360022409735185 0.9772657090295024 0.1626503132651297 0.8787606629314042 0.14867044450681138 -0.14218443380820128 0.9786116112701648 -0.20865176398401708
5494384560068 PointCloud18.pcd PointCloud20.pcd 0.4323 0.9868118019777148 -0.12178947057129884 0.10662922833565909 -0.24451239743654174 0.14706983090394912 0.9497568517755974 -0.2762831651461765 -0.2503322048468882 -0.06762345980042135 0.28832143063474897 0.9551428271841611 0.6818788710590158
5494384560069 PointCloud18.pcd PointCloud20.pcd 0.4323 0.9872435443294345 -0.1546740465333572 0.037764050482604845 -0.26546602134589214 0.15479383437332744 0.9879467625776184 -0.0002513014238620212 -1.0207691936713237 -0.03727000160797888 0.006093737884058887 0.9992866522368552 0.18636261940133148
5494384560070 PointCloud18.pcd PointCloud20.pcd 0.4323 0.9986808770048354 -0.04761003282040622 0.019229942269613626 -0.7939056573510488 0.04989299649624484 0.9882696777712058 -0.1443389514255344 -0.06534131481902741 -0.012132386635717236 0.14510799003789185 0.9893414357145285 0.48050573516204187
5494384560071 PointCloud18.pcd PointCloud20.pcd 0.4323 0.9999553961541666 0.008834646110868172 0.003339869796751617 -0.0015150211123717838 -0.008841727245158451 0.999958682079079 0.0021113962189682695 0.11238852747230778 -0.0033210783618810593 -0.002140832260354046 0.9999921936074037 -0.12020044919922057
5494384560072 PointCloud18.pcd PointCloud20.pcd 0.4323 0.9620293835189222 -0.05807761210794181 0.26669543719014405 -0.61345918955515 -0.026347942906501488 0.9527766709467022 0.30252669502758844 -1.2065123469736705 -0.27167121884881057 -0.2980664460679182 0.9150689277741009 2.0648836696893023
5494384560073 PointCloud18.pcd PointCloud20.pcd 0.4323 0.992656678143544 0.12089358810626313 -0.004178479605981257 0.1250199785453363 -0.12096558388052417 0.992124507228641 -0.03250061034457771 0.8534668998129837 0.00021645661984954784 0.032767400127556606 0.999462981123069 -0.014256896396265706
5494384560074 PointCloud18.pcd PointCloud20.pcd 0.4323 0.9328454758763784 -0.35916145089329365 -0.028326142151679588 0.7251313925081444 0.35942124454305513 0.9331645228034177 0.004510249681683798 -2.3642895358117126 0.02481304310426929 -0.01438838327589178 0.9995885590174647 0.13699788640222277
5494384560075 PointCloud18.pcd PointCloud20.pcd 0.4323 0.9999263235997183 -0.012036810296455144 0.0015692578623145697 -0.07400333339996035 0.011991194553742698 0.9995794004517748 0.02640517838691157 -0.14946764061232826 -0.0018864319562539433 -0.026384415672087224 0.9996500907738252 0.12839847197310839
5494384560076 PointCloud18.pcd PointCloud20.pcd 0.4323 0.9923750517237795 0.09605584982525713 -0.07723360946228956 0.42925678716240867 -0.10119680477122404 0.9926976561852432 -0.06565493209515348 0.6592307392256216 0.07036308279432175 0.07297011113238146 0.994848932984806 -1.131143315016034
5494384560077 PointCloud18.pcd PointCloud20.pcd 0.4323 0.8869092912064348 0.3651785540025082 0.2829072867006727 0.12787944708122279 -0.3392788245670686 0.930573882710932 -0.13755772612503048 2.4182291229023294 -0.3134992637504715 0.026016773684256714 0.9492319732894454 2.4105224153333507
5494384560078 PointCloud18.pcd PointCloud20.pcd 0.4323 0.9146043983236563 0.39744424337842543 0.07441013353282926 0.6082594867852968 -0.40248355880972475 0.8771749488370545 0.26186082948881373 1.6598714886659058 0.038804374172010575 -0.26944792175495 0.9622328398090852 -0.627808024435772
5494384560079 PointCloud18.pcd PointCloud20.pcd 0.4323 0.9244306448176042 -0.3723498642458923 0.08236237926489363 0.1271346798751063 0.3800119888112093 0.9175230872879313 -0.11722743984823931 -2.0947847850258734 -0.03191976318611929 0.1396673293569001 0.9896838716622866 0.2777670312015119
5494384560080 PointCloud18.pcd PointCloud20.pcd 0.4323 0.912551969492319 -0.38686958204485655 0.13259272025314156 -0.21414148841219927 0.3987058141959182 0.9137616182577047 -0.07793188516538421 -2.7317657275594254 -0.09100866278580183 0.12398238377890103 0.988102116084386 0.5358511221184399
5494384560081 PointCloud18.pcd PointCloud20.pcd 0.4323 0.9789406417893101 -0.20305106861486916 0.02110647738239449 -0.14616021202286777 0.19781429103231984 0.9690469967394859 0.14770722519079266 -1.8825651146458118 -0.050445278436286836 -0.14042144296560466 0.988805892093561 0.02023990709441259
5494384560082 PointCloud18.pcd PointCloud20.pcd 0.4323 0.8854586821162389 0.335706555823595 0.3213472119717747 0.06955941150873812 -0.2829894725600214 0.938005845162198 -0.2001549221521957 1.955420994276998 -0.3686188827029539 0.0862910355634357 0.9255668406421093 2.7591951225897127
5494384560083 PointCloud18.pcd PointCloud20.pcd 0.4323 0.9438454244811798 -0.30005270139246426 -0.1382902421468191 0.5862194203364055 0.31329599737812736 0.9457254276598961 0.08630778356759436 -2.1768726187211134 0.10488771478483827 -0.12478698595843635 0.9866239280610536 -0.6078089983970449
5494384560084 PointCloud18.pcd PointCloud20.pcd 0.4323 0.9848342929966192 0.10518398533518135 0.13797733352568298 -0.1990558192163654 -0.12305579322140837 0.9840938397895264 0.1281272267824291 0.4320084725939679 -0.12230571161028903 -0.1431629970254688 0.9821128597010561 0.7833052744727189
5494384560085 PointCloud18.pcd PointCloud20.pcd 0.4323 0.9918196181978696 0.10398998726540266 0.07402653244866723 -0.0835177258369173 -0.12185306331782987 0.9440669778235874 0.30641372740642525 0.1316309365172217 -0.038022045156634265 -0.3129275058724936 0.9490156480008786 -0.44908903863628646
5494384560086 PointCloud18.pcd PointCloud20.pcd 0.4323 0.992844062485245 0.01651504348748983 -0.1182705412450683 0.6165262951299768 -0.02757543873630847 0.9953306486842604 -0.09250132414333277 0.6951024958260932 0.11619063114681485 0.09510075251214441 0.9886635343256719 -1.11396451823409
5494384560087 PointCloud18.pcd PointCloud20.pcd 0.4323 0.9987692105356356 -0.016426234020831612 0.046800031217039725 -0.036994807413169184 0.016336689784096893 0.9998639130307957 0.0022952092809956867 -0.11500737160138703 -0.046831363987409155 -0.0015278267697152975 0.9989016413503586 0.22575752476207
5494384560088 PointCloud18.pcd PointCloud20.pcd 0.4323 0.87428433517227 -0.1426399871097216 0.46398355073183395 -0.33631345084371933 0.1592477296248132 0.9872326988183769 0.0034291388315732182 -0.08349525693603987 -0.4585488653150548 0.07089028467372849 0.8858371778476863 3.01621438677332
5494384560089 PointCloud18.pcd PointCloud20.pcd 0.4323 0.888239933659172 -0.4445035986271161 -0.11595848852366755 1.3272575511487634 0.45375288056297325 0.888335912291435 0.07048141821890347 -3.132128089121643 0.07168084565596275 -0.11522090843630578 0.9907502200984659 0.3823363390131296
5494384560090 PointCloud18.pcd PointCloud20.pcd 0.4323 0.9544327924993257 0.2709790822530611 0.1250135256011442 -0.3521428411156595 -0.2980923256037148 0.8854853016958513 0.3564502011456528 0.7995789187807714 -0.014107091057623158 -0.37747333344475636 0.9259129940334544 0.11634013484623296
5494384560091 PointCloud18.pcd PointCloud20.pcd 0.4323 0.9373648030451052 0.21822471306770355 0.2715238490790993 -0.35279533127360274 -0.15367993276266076 0.9585656773082255 -0.23986312878949695 1.6240542840737846 -0.31261750475345285 0.1831114876056147 0.9320624865472183 1.9485183536217223
5494384560093 PointCloud19.pcd PointCloud12.pcd 0.4467 0.999888261746098 -0.010574102724421903 0.01056656869281519 -0.030916270599483653 0.010554692611322674 0.999942509605708 0.0018910175354053512 -0.1184725643103587 -0.010585957030287784 -0.001779279351898757 0.999942384179579 0.06365123583309096
5494384560094 PointCloud19.pcd PointCloud12.pcd 0.4467 0.9155893495811358 0.12949733125639398 0.38069224332925977 -0.7600178428215418 -0.06759789675341078 0.98282011181524 -0.17174152720292904 0.929652109621117 -0.39639206259473436 0.13151071822840513 0.9086133741602866 2.7928714797946377
5494384560095 PointCloud19.pcd PointCloud12.pcd 0.4467 0.9139353982838311 -0.405831546834048 -0.004779472571196538 0.038157194326222665 0.405851146867939 0.9137763820581671 0.017250222568563005 -2.550326822090242 -0.002633315353977309 -0.017705343458128332 0.9998397803964774 -0.38928673681641923
5494384560096 PointCloud19.pcd PointCloud12.pcd 0.4467 0.9542796613022435 0.2812965971133046 0.10110663913586698 0.16953998484362742 -0.29232700995463107 0.9488632390210324 0.11917832389113368 1.7064857565252094 -0.062411916136746286 -0.14328565206255 0.9877114834996855 0.4789198622842057
5494384560097 PointCloud19.pcd PointCloud12.pcd 0.4467 0.9998560269789216 0.01096468524583655 -0.01294994175220654 0.3102776404983443 -0.01117904666423638 0.999799741743074 -0.016598353115932094 0.5933145280887605 0.012765352701928506 0.016740731404036126 0.9997783722818038 -0.3311169941978913
5494384560098 PointCloud19.pcd PointCloud12.pcd 0.4467 0.9141295170197503 0.38868854793648017 0.11527549096086667 0.3574952909758151 -0.382255091745022 0.9210584366809141 -0.07438011195148561 2.841408289066518 -0.13508616120181646 0.02392841244088794 0.9905448804217888 0.9798246163368505
5494384560099 PointCloud19.pcd PointCloud12.pcd 0.4467 0.9940829571438998 0.04282995623623777 -0.09982318951446727 0.49147816102722697 -0.03777411849990578 0.9979324263528273 0.051999888510589426 -0.03746684456381061 0.10184395066764822 -0.047921469952001805 0.9936454812608191 -0.6141877978581278
5494384560100 PointCloud19.pcd PointCloud12.pcd 0.4467 0.9458523655864788 0.24629329742904293 0.21143063674877183 0.059732336749813264 -0.24479795479396405 0.9689902655147986 -0.03364263167845812 1.5941758277516023 -0.21316018353143357 -0.019936824699260648 0.9768138303575337 1.3059021284609058
5494384560101 PointCloud19.pcd PointCloud12.pcd 0.4467 0.9056771972716646 -0.409772267043499 -0.10879110029856992 0.9584215526410995 0.3754979896036026 0.894419857846119 -0.24292875024208407 -2.0422913199094923 0.19685038518071252 0.17916419020708205 0.9639243325083383 -1.5163279199830564
5494384560102 PointCloud19.pcd PointCloud12.pcd 0.4467 0.966910053228386 0.23990072304003887 -0.08679050668561748 0.5159326976528185 -0.21787460559390057 0.9534905870598596 0.208293918839573 0.956818337869419 0.1327237929053488 -0.1824920367388969 0.9742079097008539 -0.9168592936709947
5494384560103 PointCloud19.pcd PointCloud12.pcd 0.4467 0.9999090661348904 -0.004696529045994916 -0.012641284593407085 0.036518242382784116 0.004798510123341865 0.9999560921932064 0.008049098476723304 0.0846449617073188 0.01260292671753553 -0.008109025873181679 0.9998876986629751 0.431332570728979
5494384560104 PointCloud19.pcd PointCloud12.pcd 0.4467 0.9904000528550868 0.13814534934328268 -0.004857752511574585 0.115695434119516 -0.1315682751336497 0.9313037662270762 -0.3396514154094158 1.771498051244778 -0.04239722022724571 0.3370299058927645 0.9405388446262689 0.530139380979648
5494384560105 PointCloud19.pcd PointCloud12.pcd 0.4467 0.9685113717357154 -0.09427053396879306 0.2304317453039868 -0.2608405347180529 0.06878419667275515 0.9908350442575885 0.11625252409795804 -0.8309438918406 -0.2392790360785636 -0.096741829093217 0.9661193308266904 1.2546919663785026
5494384560106 PointCloud19.pcd PointCloud12.pcd 0.4467 0.9707718323481002 0.0359665272855693 -0.23729403371034966 0.581091786162542 -0.019045437646158316 0.9971339438050735 0.07322000694213873 0.230490326421494 0.23924740505254902 -0.06656055158092478 0.9686745439769049 -1.9587165425936344
5494384560107 PointCloud19.pcd PointCloud12.pcd 0.4467 0.9869159090258405 -0.15345565416224694 0.04948081160749064 -0.10359092208869125 0.15637054038350512 0.9857698738433505 -0.0616928676836768 -0.9551244515481748 -0.03930957404843907 0.06862301384012451 0.9968679147006531 0.39429410098835627
5494384560108 PointCloud19.pcd PointCloud12.pcd 0.4467 0.9766600163286562 -0.13995246520483529 0.1629371657664344 -0.2716484658004532 0.1985358810095429 0.877695493664635 -0.436158370723935 -0.3745714650368682 -0.08196777694114793 0.4583273152277553 0.8849956811529895 1.338045217130832
5494384560109 PointCloud19.pcd PointCloud12.pcd 0.4467 0.9818280133690139 -0.1411748057845695 -0.1268204493587066 0.3781717771723878 0.12821844525501633 0.9861583748951893 -0.10512701803278506 -0.7644568813367231 0.13990633459654914 0.08695593042322196 0.9863391321974354 -1.6432461705868693
5494384560110 PointCloud19.pcd PointCloud12.pcd 0.4467 0.8931945232907266 0.4496586774457907 -0.003258429246456691 1.1786954906094307 -0.4495231828916829 0.8930639522807484 0.019122896737148627 3.026218168203182 0.01150876215682647 -0.015615727148980699 0.9998118310258317 -0.08910574137843907
5494384560111 PointCloud19.pcd PointCloud12.pcd 0.4467 0.9932323916726002 0.012970689897318631 -0.11541740482229676 0.49682022875585474 -0.0002197040119885415 0.9939525265318535 0.10981041267153133 -0.28584326264689897 0.11614373793913063 -0.10904190114140752 0.9872286948488652 -0.5406812811785544
5494384560112 PointCloud19.pcd PointCloud12.pcd 0.4467 0.9694396864780578 0.2439769801023516 0.025727950976745094 0.5676190698250059 -0.2444880009674774 0.9694660419981 0.01900554643952466 1.0252008514904976 -0.020305458976635993 -0.024714906284970622 0.9994882999530676 -0.5667214588789911
5494384560113 PointCloud19.pcd PointCloud12.pcd 0.4467 0.988240199422159 -0.15218657849817738 0.014851046127102854 -0.00300214120562714 0.15183581397788512 0.9881512117267753 0.022429185374832197 -1.0539620522418929 -0.01808850020660399 -0.01991050195056896 0.9996381235588967 0.49996132378150904
5494384560114 PointCloud19.pcd PointCloud12.pcd 0.4467 0.9999954405317348 -0.0030068617413909707 0.0002787439860100507 -0.005010148852566232 0.0030060642657159476 0.9999915096551327 0.0028185448867950216 -0.02744367709141549 -0.00028721659416397694 -0.0028176941133934287 0.9999959890452118 -0.007261101180738638
5494384560115 PointCloud19.pcd PointCloud12.pcd 0.4467 0.9591118012631514 0.16215239423703764 0.23197231240160887 0.1394434066455501 -0.11053768473074088 0.9691248360318541 -0.22040524594618746 1.7120997621908907 -0.2605493675527166 0.18575159011278577 0.9474230173678763 1.680846518385266
5494384560116 PointCloud19.pcd PointCloud12.pcd 0.4467 0.99722730698858 0.058413028164692855 0.04610440691447433 0.4956352237972421 -0.05612196353639485 0.9971953756764197 -0.04951472446034571 0.4324829844373471 -0.04886740636788693 0.04678996548615088 0.9977087128639704 0.5556105489964458
5494384560117 PointCloud19.pcd PointCloud12.pcd 0.4467 0.955773463332772 -0.2930030972543619 -0.02542187617445264 0.24935564426619816 0.29182750487588915 0.9555599113393455 -0.04173683312201732 -1.9756880896630797 0.0365211471176793 0.03247215484831812 0.9988051686754107 -0.4578671198414912
5494384560118 PointCloud19.pcd PointCloud12.pcd 0.4467 0.9946570858031416 -0.08799446177632532 -0.05398385275521651 -0.09453975523391467 0.10157637076946831 0.9275457381926732 0.3596402987179171 -1.5003507456491296 0.018426138035561895 -0.3632022553031629 0.9315280989748997 0.14828853943733789
5494384560119 PointCloud19.pcd PointCloud12.pcd 0.4467 0.9490416127223004 -0.3073050835873744 0.06988277987324158 0.06048621403140331 0.31493163993232753 0.9165036987759375 -0.24665569585874167 -1.5455568776198496 0.011750722998602057 0.25609481785343124 0.966580242285982 0.08493681846036516
5494384560120 PointCloud19.pcd PointCloud12.pcd 0.4467 0.9654157312067846 0.23122344032781003 0.1204499339204507 0.062059171350454356 -0.2464120406577132 0.960156820817981 0.1318331735778546 1.2916868781502113 -0.08516790567679097 -0.1569541336814004 0.9839267390222456 1.409459804409933
5494384560121 PointCloud19.pcd PointCloud12.pcd 0.4467 0.8927063499482544 -0.42019565628870603 0.16282193709131607 0.2548903645922902 0.4164738292211805 0.9072926251867285 0.058048616311000605 -2.2598045614007662 -0.1721189191690207 0.015990707235090502 0.9849463817620784 1.2707273738924643
5494384560122 PointCloud19.pcd PointCloud12.pcd 0.4467 0.8999696426652767 -0.39779200693308947 -0.17837085384411594 1.1559917484909912 0.3896755118159547 0.9174722784575419 -0.07998508456518774 -2.581853798259174 0.19546774100067715 0.0024773942099292137 0.9807070024966787 -1.3536730146851563
5494384560124 PointCloud14.pcd PointCloud0.pcd 0.4476 0.9880913378685244 0.11536031621414991 -0.1018209481008736 0.35053011074118734 -0.1276781339351425 0.9840142917488407 -0.12415380682390359 0.7212031185774367 0.0858708457162806 0.13567560973512777 0.9870249879202512 -0.2594633508032609
5494384560125 PointCloud14.pcd PointCloud0.pcd 0.4476 0.9378016502724162 0.229125708434802 -0.2608246048220578 0.9405594891106559 -0.19721810283412894 0.9698873680228098 0.14291085775508228 0.6410455289189814 0.2857150410126136 -0.08258270450909505 0.9547497118381989 -0.9916166098373129
5494384560126 PointCloud14.pcd PointCloud0.pcd 0.4476 0.9938644805973721 -0.09322038386388762 -0.059526080327746395 0.23113810611131225 0.09469849916777745 0.9952515443974603 0.02250683518046277 -0.36187156125272746 0.057145327563032894 -0.028005774524899437 0.9979729896800685 -0.2318944629324493
5494384560127 PointCloud14.pcd PointCloud0.pcd 0.4476 0.9832187142973763 0.1581011594888506 0.0910218832132985 -0.44550950099678843 -0.16281360980511164 0.9855431295204474 0.04686649461258446 0.31200215789786157 -0.08229634449745131 -0.060899615953826626 0.9947454691824604 0.3393693210693667
5494384560128 PointCloud14.pcd PointCloud0.pcd 0.4476 0.9518964286998999 0.26039367095352317 -0.16151880743654842 0.7607940118950718 -0.18052390367378895 0.902489820956612 0.39105401579843035 -0.0571670085668215 0.2475970703194064 -0.3430849154320993 0.9060841194790891 -0.25791648626233243
5494384560129 PointCloud14.pcd PointCloud0.pcd 0.4476 0.9224266779649402 -0.08468055777078393 -0.376773442421561 1.4454366743629499 -0.022937114897060656 0.9619249011403812 -0.2723497261358391 1.3194937598730716 0.38549048307158434 0.2598647488631277 0.8853628633275398 -1.1810031345999783
5494384560130 PointCloud14.pcd PointCloud0.pcd 0.4476 0.9835997369491064 0.18005345907869852 0.01059761045916412 -0.08002820917772313 -0.17726010496945493 0.9758525113157783 -0.1276351493316272 1.0103595432245873 -0.03332285491770738 0.12366336576563161 0.9917645684877279 0.36012459493513393
5494384560131 PointCloud14.pcd PointCloud0.pcd 0.4476 0.9938803243845703 0.07800498968494943 0.0782120347866768 -0.07385325850960722 -0.08148243604521463 0.9957768191859606 0.042298214950851495 0.24337141244128757 -0.07458225940100578 -0.048412270718712055 0.9960390246503896 -0.07207155323344971
5494384560132 PointCloud14.pcd PointCloud0.pcd 0.4476 0.9269570094380021 0.0984394333160894 0.3620226244617362 -0.32679906445468365 -0.0021838941198237607 0.9663619547773197 -0.2571765987904638 0.4697417982820734 -0.3751612096955514 0.23760103183144002 0.8959909689346237 1.9047406899051122
5494384560133 PointCloud14.pcd PointCloud0.pcd 0.4476 0.9161330077812879 -0.07042901162542824 0.3946391597080498 -0.46267722261025135 0.10545220379494862 0.9921141659076743 -0.06774447962829133 -0.30467588760283454 -0.3867559240249579 0.10367852297744529 0.9163354293624231 1.7906938429135437
5494384560134 PointCloud14.pcd PointCloud0.pcd 0.4476 0.9799319204009038 -0.19834422239878458 -0.019824248293901604 0.08762663382488078 0.1985356991547711 0.9800594455549475 0.008188976715997397 -0.895281713301793 0.017804705572488564 -0.01196046067467315 0.9997699434569568 -0.8777715032843771
5494384560135 PointCloud14.pcd PointCloud0.pcd 0.4476 0.9593402990993112 -0.2694756585830626 -0.08395868004720429 0.24696274445018895 0.262588263459726 0.9611892621926702 -0.08463218146022053 -1.0417669998194494 0.10350649456555695 0.05914449827950902 0.9928687395149549 -0.41074116952371753
5494384560136 PointCloud14.pcd PointCloud0.pcd 0.4476 0.9697098054391955 -0.24422035520530358 -0.0043944668018848785 0.49338898416811405 0.2442135054553258 0.9697193391348912 -0.0020413380443827997 -1.258608800811598 0.00475993574526729 0.0009063173755587118 0.9999882607313526 0.1948288753220917
5494384560137 PointCloud14.pcd PointCloud0.pcd 0.4476 0.999889742667574 0.002043805310013245 0.01470800353642515 -0.03101986655458422 -0.001711308633598811 0.9997434911107335 -0.02258369775930292 0.04634255278224218 -0.01475038748417489 0.022556037807596775 0.9996367596419656 -0.009616047774209102
5494384560138 PointCloud14.pcd PointCloud0.pcd 0.4476 0.9938970674986595 0.052909710553751335 0.09679453366117134 -0.1378893474824343 -0.07156891568058729 0.9770090968554691 0.20082608139872132 -0.1467115787691669 -0.08394349007439685 -0.20652793319737434 0.97483316689747 -0.1924768295635204
