id source target overlap t1 t2 t3 t4 t5 t6 t7 t8 t9 t10 t11 t12
5494384560030 PointCloud26.pcd PointCloud22.pcd 0.6145 -0.21935324952858148 0.9562005569264314 -0.19381601289582506 11.514474795108303 -0.9663952159841462 -0.18565262635870305 0.17780154343838336 6.688829755024365 0.134031483033679 0.22630421396805353 0.9647911506103765 -1.3074685113589246
5494384560061 PointCloud10.pcd PointCloud3.pcd 0.6250 0.11595134892814093 -0.9914034915788823 0.060616842271314975 3.5593353641881906 -0.19370812254836117 -0.08242774703936157 -0.977590317963923 -0.42952921591217574 0.9741829643042079 0.1016109413558205 -0.20160051749995683 -5.1240538368372075
5494384560092 PointCloud23.pcd PointCloud25.pcd 0.6131 -0.9980980358595667 0.009481532996729703 -0.0609131459153682 18.475752332411524 -0.05370280292502021 -0.6189242534429055 0.7836126450346103 -2.269022987683701 -0.030270774209977744 0.7853934485544004 0.6182562666051631 -0.29521269224979774
5494384560123 PointCloud17.pcd PointCloud9.pcd 0.6105 -0.5808101053591124 0.702890929252456 0.41061412918621804 6.721920492488583 0.8030231564704639 0.5774224449093495 0.14743517316815055 -12.970565724849777 -0.13346696851637135 0.41536449257192 -0.89981048372728 3.1475808237422465
5494384560154 PointCloud18.pcd PointCloud2.pcd 0.6300 -0.8271763668130814 0.5508815278480774 -0.11094503351515364 10.30738299259436 0.29752555528937696 0.26184771110218447 -0.9181036543551575 0.1663254596141875 -0.4767156407499743 -0.7924426278705068 -0.380495570799486 4.800110691578515
5494384560185 PointCloud23.pcd PointCloud20.pcd 0.6342 0.6949520061924451 -0.7152034364497039 -0.07433541268890573 6.358871223763608 0.7185847289239123 0.6945180403609112 0.0357865752844128 -1.675733657643459 0.026032603527940353 -0.07828624466516414 0.9965909729923219 -7.9982301071966795
5494384560216 PointCloud7.pcd PointCloud9.pcd 0.6164 -0.4548976831515116 -0.8405419827914845 -0.294206174354561 6.843008072619294 0.8222022103398602 -0.2694869935228136 -0.501358440274304 -2.0645359521772875 0.34212808007475026 -0.4699637597591908 0.8136844851276017 -7.082509789191906
5494384560247 PointCloud4.pcd PointCloud0.pcd 0.6159 0.6949103731433453 -0.5375544620901317 0.4776345607101373 -0.2411465372523034 0.7043178451587856 0.37482998065379025 -0.6028589043830773 -1.3503495339229858 0.1450377409113289 0.7553394507703596 0.6390824421162499 -8.599287632511528
5494384560278 PointCloud11.pcd PointCloud3.pcd 0.6304 0.13236789047345132 -0.7790396879772225 0.612842480681586 -3.696754709814506 0.6300585186088766 0.5434297470957234 0.5547164799245338 -1.806653159209339 -0.765182987722542 0.31269997526036003 0.5627732409880324 5.287375835059591
5494384560309 PointCloud8.pcd PointCloud3.pcd 0.6024 -0.5317406210805657 -0.3291315885763468 0.7803360233220459 1.0066628980570131 -0.8430238792161078 0.11756631031057554 -0.5248703666157792 -2.565985541272078 0.08101019049650082 -0.9369367962040811 -0.33998057143688787 4.131323519406424
5494384560340 PointCloud19.pcd PointCloud17.pcd 0.6556 -0.8639577193787916 -0.33645071508352115 -0.374670489157586 10.618940129949927 0.1908921286255924 0.4696818494323699 -0.8619507848726511 -7.754010110086272 0.4659798862124714 -0.8162106815238184 -0.3415594662893072 2.0357722402139053
5494384560371 PointCloud16.pcd PointCloud2.pcd 0.6360 -0.662757996887348 -0.23915927990108166 0.7096158653800417 7.8163916841410215 -0.005215269879283585 -0.9461310185814837 -0.3237420217365208 -1.293776326669163 0.7488154903058266 -0.21826345208293518 0.6258086184792314 -7.842775159533293
5494384560402 PointCloud8.pcd PointCloud14.pcd 0.6379 0.5845305569299013 0.7931723989224224 0.17088467925144457 0.9962443298406267 -0.8088023193668743 0.5528620417327653 0.20045540900121123 1.4241735957211592 0.06452004496266371 -0.2553842367859219 0.9646844330656985 -1.5092771146894333
5494384560433 PointCloud26.pcd PointCloud27.pcd 0.6533 0.14536635611607995 -0.9606200407085629 0.23680743210172273 6.3802412213167585 0.9057384618937291 0.2255244581562894 0.3588545073141678 -12.181980234186472 -0.39812869923671046 0.1623202272127263 0.9028541868328983 -2.1795938336273144
5494384560464 PointCloud9.pcd PointCloud13.pcd 0.6480 -0.8445398203692331 0.4232104051170672 0.328093652500854 1.5477251817726922 -0.3402177960275832 -0.8972039475487841 0.2815615878791219 4.828534931621344 0.4135267138611931 0.12616667350582933 0.9017081719822864 3.34492691509844
5494384560495 PointCloud12.pcd PointCloud3.pcd 0.6555 0.6795663491903966 -0.7056272170134761 -0.200698300087103 -3.149917240583609 0.7245586470070517 0.6884247152070027 0.03295722287250395 -2.823398541718918 0.11491015662397558 -0.16781430839464834 0.9790985720562968 0.10604646056537681
5494384560526 PointCloud26.pcd PointCloud23.pcd 0.6565 0.6700515375169992 -0.6084230090094552 0.42526742078248325 8.906298848189778 -0.016975870562581208 0.5601845435349928 0.8281938764583654 -3.0686756367506964 -0.7421204463493428 -0.5621518649727777 0.36502400444063965 7.403851967414037
5494384560557 PointCloud7.pcd PointCloud11.pcd 0.6626 -0.9409768147036678 -0.16731120086031825 0.294227116793842 5.312811479231318 -0.13859588672178086 -0.6026016273008868 -0.7859150456366935 1.755727630816509 0.30879412943568435 -0.7803065044205391 0.5438455155511136 -6.515800287693409
5494384560588 PointCloud22.pcd PointCloud24.pcd 0.6593 0.36178014738304554 -0.6752211449002685 0.642799759208941 2.9080282275079394 0.7504681088282961 0.6200031447107346 0.2288967413059449 -6.826159679212703 -0.553093791857387 0.39959042284365437 0.7310367647255827 9.809586600640014
5494384560619 PointCloud9.pcd PointCloud3.pcd 0.6657 0.013883951491729982 -0.538202756872621 -0.8427010314374169 3.0237024308899203 -0.8371784342799841 -0.46709558271483864 0.28452413919525404 2.371166099915404 -0.5467536054453507 0.7015408107180909 -0.45705687373620574 5.348471489171952
5494384560650 PointCloud24.pcd PointCloud23.pcd 0.6919 -0.09109648582504865 -0.9958407941913164 0.0015946456455251667 11.194794991379435 0.9726275718142213 -0.08931652051312117 -0.2145184507453868 -9.91972486904049 0.2137686525594865 -0.017990880685427257 0.9767186347127121 -0.0016635044030950397
5494384560681 PointCloud24.pcd PointCloud25.pcd 0.6980 0.7666470578826486 -0.2626831048979442 0.5858753067343377 3.827377954490702 0.28371332853873055 -0.6799716654307947 -0.6761251965581122 -9.434717696614559 0.5759852739865431 0.6845700260838529 -0.44677157870459927 -3.7485859333690046
5494384560712 PointCloud11.pcd PointCloud14.pcd 0.6959 -0.08417849782898451 -0.7528577115941604 0.6527780990478004 -0.8193169534702965 0.9817778194590869 -0.1746718272053237 -0.07484695049842804 -4.107490276823522 0.17037104719234497 0.6345825548137592 0.753842614479061 2.220468430351313
5494384560743 PointCloud27.pcd PointCloud24.pcd 0.6927 0.502578436249796 -0.8594038039749995 -0.0940213652847609 8.00330206871756 0.8642051888117667 0.5023971354999135 0.027322332848796746 -8.48390086689007 0.023755147811127877 -0.09498536705610158 0.9951951934156883 2.6779642389999396
5494384560774 PointCloud8.pcd PointCloud13.pcd 0.6720 0.1000167662562911 0.8741299495525292 -0.4752825241505598 4.272248014666228 0.1813676996126063 -0.48569164561253275 -0.8551078194703998 -0.593775330245039 -0.9783161063811974 -0.0006757791673622782 -0.20711624590468777 9.1263348834127
5494384560805 PointCloud29.pcd PointCloud27.pcd 0.6866 0.621044796864198 0.6897353010334394 0.3722480017356949 3.7024675312052704 -0.645480412751566 0.7195023300253789 -0.2562643827029401 7.8045570565102125 -0.44458789574388463 -0.08112713230702545 0.8920538051943185 1.9466207286780108
5494384560836 PointCloud23.pcd PointCloud21.pcd 0.6892 -0.9286990695378592 -0.3441504923369339 -0.13812485968775012 16.402278999467125 0.3662001385026588 -0.9098033736500137 -0.19533376527289611 -2.540128968546215 -0.058442251840155564 -0.2319876288065796 0.9709615045307165 -1.9849485224535883
5494384560867 PointCloud6.pcd PointCloud4.pcd 0.6703 -0.047126531368446356 -0.6732128646620024 0.7379454782670323 -3.947599791222215 0.300275458653009 -0.714144181302009 -0.6323232853874735 3.239112209532462 0.9526876397707194 0.1917877138037354 0.2358044398692114 -3.1357585938443147
5494384560898 PointCloud17.pcd PointCloud18.pcd 0.6863 0.6687533231538842 -0.7248980790395226 0.16520220269550429 2.4035702431831636 0.5046684212969265 0.605762847166219 0.61511068722527 -5.291098056472423 -0.5459659122292384 -0.3279849813602538 0.770939086235618 10.485026358531236
5494384560929 PointCloud26.pcd PointCloud24.pcd 0.6983 0.07789388670698627 0.9917280281884968 0.10201990256334896 8.304929337914421 -0.9672719316513734 0.0503902485240435 0.24868822467721677 9.830974513482248 0.2414902744482682 -0.11805228061770409 0.9631957778083637 3.1838817014090894
5494384560960 PointCloud16.pcd PointCloud9.pcd 0.7183 -0.9378282702380517 -0.34706765934862893 0.004709073854564774 15.681866949690942 0.30672647329366276 -0.8223173994037457 0.47928380446108604 0.06380550360298942 -0.16247155481232922 0.450930298906743 0.8776473434157592 -1.511211072796676
5494384560991 PointCloud20.pcd PointCloud19.pcd 0.7028 -0.479574984397047 -0.6417169345065769 0.5985041439355737 15.447724514991727 -0.8350860983829073 0.12427441970850965 -0.5358983829922671 3.6673838443407796 0.2695163123600973 -0.7568059490870794 -0.5954877939959975 2.188120815724927
5494384561022 PointCloud19.pcd PointCloud18.pcd 0.7126 0.23684334958899972 0.8540741126979305 0.46310110966689066 4.289932928407145 -0.30199134608921213 -0.38833344898637573 0.8706310121317592 -3.6497802808042175 0.923421060320095 -0.346055692653059 0.1659487961382154 -6.133817062333991
5494384561053 PointCloud15.pcd PointCloud3.pcd 0.7164 -0.3154237425522629 0.8261178376268893 -0.4669445159641521 6.966844731267131 -0.8707329857517266 -0.056334250827130616 0.4885186994451996 1.0072740378461447 0.377269042141291 0.5606743890516298 0.737097211569393 3.5932823286762816
5494384561084 PointCloud19.pcd PointCloud20.pcd 0.7156 -0.6056553262807365 0.690417677797405 -0.3956071990404283 12.460579551662875 -0.4454423028412776 -0.7061381538381537 -0.550408995687301 6.070785207339602 -0.6593654378167194 -0.1571379581096887 0.7352175742825273 10.743447532944641
5494384561115 PointCloud30.pcd PointCloud28.pcd 0.7099 0.38585127136785613 -0.1969928408349632 -0.9012838715097368 9.756775131773637 -0.8167575256061947 -0.5272080142783454 -0.234433048110393 13.597812860035642 -0.4289824480668817 0.8265866744271012 -0.364319267827122 9.69396647855434
5494384561146 PointCloud21.pcd PointCloud19.pcd 0.7003 -0.787261440861562 0.4669709166517477 -0.402687952059661 17.028340942070958 0.6101100013995358 0.4952651856041982 -0.6184482048811346 -5.7544743631033475 -0.0893600018175689 -0.7325643718676644 -0.6748068102392702 1.1607960369647972
5494384561177 PointCloud17.pcd PointCloud14.pcd 0.7169 0.6390800864036886 0.747537770353214 0.18100808008925787 3.2903096863112165 -0.6039653430543319 0.63345839875241 -0.4836903156352169 4.9469582384677455 -0.4762378686659817 0.19979424152206726 0.8563175541252818 -3.9203506164849227
5494384561208 PointCloud3.pcd PointCloud0.pcd 0.7310 -0.27345802305570827 0.7556443624128479 -0.595165781257747 0.8432903896277831 -0.9573713355380187 -0.2736824058481651 0.09240165918050741 2.2937489083401674 -0.09306361005577912 0.5950626339158265 0.798272902083332 2.329578788441144
5494384561239 PointCloud28.pcd PointCloud25.pcd 0.7170 -0.47692861792888425 0.7351233456406887 0.4818015775134875 16.03037159867202 0.8122873559163166 0.5780343528684113 -0.0778815659991273 -4.992355950225809 -0.3357504204300029 0.35421738184064 -0.8728125237317799 4.550833971834637
5494384561270 PointCloud17.pcd PointCloud13.pcd 0.7597 0.30810872946742646 0.24874497820529845 0.9182564710600272 7.303007696690581 0.9208187409429387 -0.32054326822623525 -0.22213702870774532 -7.3065991634161875 0.2390854599389725 0.9139901252270126 -0.3278112167594035 8.71747761824146
5494384561301 PointCloud5.pcd PointCloud6.pcd 0.7435 -0.17488992884833904 -0.19911343839424295 0.9642444458944239 4.489984307446169 0.6131132097600498 -0.7883093948691122 -0.0515799377551277 -0.8552233540537066 0.7703932144075205 0.582170195571635 0.25994645329939053 -4.488535951932658
5494384561332 PointCloud15.pcd PointCloud4.pcd 0.7537 -0.8877432454455996 -0.4578332504417333 -0.047965038889503264 5.480090520650738 0.4591673104843146 -0.8880932009724518 -0.021350582406715966 0.09181950521220905 -0.03282241838005623 -0.04097781322206051 0.9986208027450775 5.191753182490061
5494384561363 PointCloud11.pcd PointCloud4.pcd 0.7490 -0.4580403858962232 0.6110381017813167 0.6456248469967097 5.871577551250971 -0.8680169007095724 -0.1508225500283811 -0.47307422090564766 0.9814414204273652 -0.19169158815813506 -0.7771003774123536 0.5994742183405306 2.513866844241703
5494384561394 PointCloud2.pcd PointCloud3.pcd 0.7463 0.12313374729084947 -0.1713499431703155 -0.9774851800685487 1.5742766113370497 0.9917918042437143 -0.012949103781257798 0.1272058872311358 -1.6083120749914275 -0.03445427858933375 -0.9851251279339047 0.16834899762130073 2.6164709773253128
5494384561425 PointCloud21.pcd PointCloud22.pcd 0.7616 0.5176787700311168 -0.34947302903116495 0.7809464085574968 1.428329623497027 -0.604585878861668 0.49642935823767187 0.6229235967282005 3.186181715062245 -0.6053797206218049 -0.7946234921392117 0.045704481184558554 4.854144000201033
5494384561456 PointCloud7.pcd PointCloud4.pcd 0.7347 -0.01782646019435602 0.9980309879173296 -0.06013621599084857 3.839675796800982 -0.988514972191514 -0.02661999892976369 -0.1487599590285961 1.829421774864492 -0.1500678748771677 0.05679368638975926 0.9870431146186636 -3.2092168606712366
5494384561487 PointCloud16.pcd PointCloud10.pcd 0.7374 0.3885552844759888 0.9000615041937542 -0.19726651914164273 4.086493445111689 -0.9199944114519233 0.39088385511017704 -0.0286372958122013 3.9895694414462284 0.051332969941479414 0.19261126779781806 0.9799315413406717 2.548176040213283
5494384561518 PointCloud16.pcd PointCloud5.pcd 0.7344 0.10546254750117073 0.9310649134445871 0.34927894014238337 8.699814408660975 0.924621139295318 0.03746066138473942 -0.379041485350675 -1.6460446045469888 -0.3659964478554285 0.3629253722200216 -0.8569316042463174 5.397545609126777
5494384561549 PointCloud6.pcd PointCloud7.pcd 0.7582 -0.9666932669962851 0.2449984855392611 -0.0740261415144525 4.728527819994715 -0.25556784487262 -0.9395822697399772 0.22775037883050225 3.065590620166455 -0.013755152169775981 0.239083459222384 0.9709015888930479 4.6304009033076445
5494384561580 PointCloud15.pcd PointCloud8.pcd 0.7914 -0.5513465158350367 -0.7991316153077163 0.23959482651394093 6.533606302355945 0.34714338158216596 0.041394474919876356 0.9368980574586577 -4.64058869433661 -0.7586227600726623 0.5997292379580869 0.2545905517452446 10.017964544298682
5494384561611 PointCloud22.pcd PointCloud21.pcd 0.7938 -0.29755642812155625 -0.8213964140547337 0.48658822741776864 8.484193257455765 0.6459966656722774 -0.5485042470278013 -0.5308779510704555 -8.204124932006232 0.7029569546023722 0.15636822557824723 0.6938303092296194 -5.8489946563715005
5494384561642 PointCloud18.pcd PointCloud15.pcd 0.7930 -0.42992637839936865 0.5626446368241209 -0.7061121170249496 11.051462537114396 0.13555483777438807 0.813440626440091 0.5656317116399256 -1.4086667795428116 0.8926299317815656 0.14746307981934254 -0.4259887850376253 0.5704968962019539
5494384561673 PointCloud1.pcd PointCloud0.pcd 0.7852 0.29523642768753977 -0.9546526453736132 -0.03838982218586656 -0.302396544294651 0.31230007252163816 0.05845242402402534 0.9481835153748956 -0.994593404495303 -0.902941923087681 -0.2919274581242366 0.3153953752416837 3.01063614342354
5494384561704 PointCloud8.pcd PointCloud4.pcd 0.7738 -0.32129809889001143 0.9465953481285705 -0.026921711517194608 3.952492070669918 0.9104785660173764 0.3166061347860735 0.26606265472396695 -6.649249100218691 0.26037725029772985 0.060973783851531266 -0.9635797243665002 -0.2720345029094042
5494384561735 PointCloud22.pcd PointCloud20.pcd 0.7736 -0.027196165433212877 0.9989095539991314 0.037948274202995236 10.04409881499186 0.17826102963748192 0.0422001430600121 -0.9830778978485374 -1.9612188148064174 -0.9836073270865331 -0.019971250711232513 -0.17921432768256837 9.076943898078751
5494384561766 PointCloud27.pcd PointCloud26.pcd 0.7805 -0.05974848155901319 0.5109022015839335 -0.8575599450581178 11.46449321646822 -0.8587539111928115 0.4116616236507833 0.30508429593187814 10.598364968599668 0.5088927578207821 0.7546612803303815 0.4141431069179689 -9.791429352499081
5494384561797 PointCloud26.pcd PointCloud25.pcd 0.7977 0.292551190535618 -0.6036531337912774 0.7416311043774813 4.8513295479210035 -0.7995167723893966 -0.579869712215364 -0.15660155658010763 9.309383508643867 0.5245824354515067 -0.5471325350582261 -0.6522723798356975 2.43630369647094
5494384561828 PointCloud15.pcd PointCloud7.pcd 0.7921 -0.4477013848668523 -0.7446550441246796 0.49502761059154476 2.7769316800828907 0.220437123246515 -0.6284352974257332 -0.7459735596147031 -0.2914889902346389 0.8665857976467786 -0.22485093330716188 0.445500968694564 -3.585581354506158
5494384561859 PointCloud2.pcd PointCloud1.pcd 0.7887 -0.2953246768994864 0.08739601069456138 0.9513912300041921 -4.10401784465248 -0.22895897364411455 -0.9732634175160624 0.01833326246984235 -4.656692065270557 0.9275565339115709 -0.21241529474035195 0.3074388052252379 -0.2630412696670227
5494384561890 PointCloud14.pcd PointCloud5.pcd 0.8140 -0.7068803089331376 -0.6942335305619134 -0.1354992025295065 7.493707547029562 0.4094176914005469 -0.24536646053026498 -0.8787334374058472 -0.38770601687303874 0.576799256943729 -0.676635134389569 0.4576762087969739 0.8401865680703886
5494384561921 PointCloud10.pcd PointCloud5.pcd 0.8228 -0.15608455008118743 -0.4102166121669871 0.8985321053408123 3.858477679359611 0.43605972963631445 -0.8448525226477233 -0.3099614930362836 2.20708218992384 0.8862784694527207 0.3434334667414016 0.3107473708762874 -0.14855646850121618
5494384561952 PointCloud10.pcd PointCloud7.pcd 0.8226 -0.13992963306482528 -0.12904992562353423 0.9817157503508356 5.106787999469435 0.7936679022738182 -0.607440510098013 0.033275931123607105 -1.4433903537847115 0.5920396597278097 0.7838125690421316 0.1874217114449479 -6.984324624238878
5494384561983 PointCloud14.pcd PointCloud11.pcd 0.8297 0.5681064251045208 -0.7606460455154741 -0.314122083268007 0.2893786816142192 0.7801620619280775 0.6192714629185531 -0.088600295388028 -3.160953015659315 0.26192030635880864 -0.1947317351034144 0.9452392842346966 0.003907748362847574
5494384562014 PointCloud13.pcd PointCloud5.pcd 0.8090 -0.26561491410740506 0.9531835295042348 0.14453330580030813 5.164466422645 -0.9483057927117857 -0.285324423855908 0.13894638052344438 2.196393010707708 0.17368028360463786 -0.10015554020194664 0.9796958848815631 -2.6064755946719007
5494384562045 PointCloud10.pcd PointCloud6.pcd 0.8302 -0.7070861725653632 -0.6429813708792711 0.2942857476485717 5.951603270789805 0.4474517846145538 -0.08458189254067083 0.8902992777147971 -0.6896210066780242 -0.5475546045940227 0.7611969916890449 0.34750984853876 4.575044373872161
5494384562076 PointCloud13.pcd PointCloud7.pcd 0.8145 -0.8536783303633108 -0.5077849666568616 0.11570538408129652 14.697272858239003 0.0666465311897669 0.1138271679475936 0.9912626371035085 -6.478294622620915 -0.5165186813160603 0.8539307954830535 -0.06332968006549458 1.7903634625593141
5494384562107 PointCloud14.pcd PointCloud12.pcd 0.8285 -0.11046608138774588 -0.9933872881861892 -0.03128802539190807 4.169092174378884 0.9906913514166209 -0.10753746303007167 -0.08346460491349063 -10.812168896691329 0.0795480426606779 -0.04021678399803667 0.9960194371565798 -3.011302074030228
5494384562138 PointCloud14.pcd PointCloud8.pcd 0.8162 0.32686138620422656 0.4261210951669596 0.8435534639027702 4.354665129065033 -0.014081252671752614 -0.89028592939211 0.45518422891135085 -2.958454899651045 0.9449673817290445 -0.16066043750761322 -0.28499977418941336 -1.8394295543853107
5494384562169 PointCloud14.pcd PointCloud6.pcd 0.8237 0.34665045387623494 0.7107404725839702 0.612112280107592 2.1757038417334753 0.6694905355137685 0.2695899541859851 -0.6921731571359049 -0.8612569793252406 -0.6569747983635963 0.6497455172858935 -0.38238053962250607 -0.4179447483585941
5494384562200 PointCloud11.pcd PointCloud12.pcd 0.8346 0.07013709316750671 0.9974742279195357 0.011222869434267901 0.07047356956166895 -0.9974916341248512 0.07023716259727575 -0.008785262729001032 2.6907254684746924 -0.009551335662943248 -0.010578545581032765 0.9998984280217884 6.193942475785961
5494384562231 PointCloud14.pcd PointCloud13.pcd 0.8431 -0.2154583993561438 0.9670863114465658 0.1353578381903493 4.885184012674937 -0.9092445446564736 -0.24923599724167173 0.33340032347223614 -3.3049991678662214 0.3561629348477052 -0.05123947591092018 0.9330179419223641 -6.383059805352147
5494384562262 PointCloud9.pcd PointCloud8.pcd 0.8404 -0.5661080204019305 0.1573655251264261 0.8091710577735038 -0.7322088713389527 -0.6659346220207492 -0.6658555050855172 -0.3364038132087569 2.156651783390055 0.4858526406542305 -0.7292959192597984 0.4817412933518532 -9.242153490175161
5494384562293 PointCloud9.pcd PointCloud5.pcd 0.8319 0.3421753553977717 -0.29366745691560103 -0.8925667767215698 3.5298398083387514 0.7991015783067144 -0.40877688614801044 0.44083798032707555 -0.6581805837963546 -0.4943204362618717 -0.8640954126135959 0.09479675202248589 2.064470100676982
5494384562324 PointCloud13.pcd PointCloud14.pcd 0.8583 0.9982597250735921 -0.0524326733701269 -0.02698770200031614 -3.508071781315054 0.017815344556264445 0.7044087029310351 -0.7095709920320574 -5.169272526743878 0.05621507621926579 0.7078553482162002 0.7041169442694757 0.4439330777900221
5494384562355 PointCloud9.pcd PointCloud7.pcd 0.8414 0.004818680670796327 0.6755105452871377 0.7373345804466698 4.956664324384373 -0.7567077509597111 0.4844962084432081 -0.4389268773288453 3.705979969746731 -0.653735542826064 -0.5558317436149441 0.5134986979884975 0.4827964390331081
5494384562386 PointCloud12.pcd PointCloud11.pcd 0.8401 0.9294902431064116 0.24249792183773985 -0.27792561212374983 -2.369938696150702 -0.15422465781481595 -0.4289558700888045 -0.8900627036553433 4.584579347719616 -0.3350561787102076 0.8701675812283137 -0.3613111369545358 -3.9347022107887653
5494384562417 PointCloud8.pcd PointCloud5.pcd 0.8362 0.2128126890322647 0.974189570520332 -0.0752691176796145 2.820124212924231 -0.9677165486799061 0.2207905789133786 0.12155740073786539 7.463110800025433 0.13503866408517026 0.04697021346030054 0.9897264057554422 -0.6775628559458475
5494384562448 PointCloud18.pcd PointCloud17.pcd 0.8325 -0.2504505234676362 0.6939547390748605 0.6750565571937874 6.939841579582633 -0.28720571651072224 0.6126325339657244 -0.7363384104678352 7.2287659096242995 -0.9245471387108122 -0.3782964425450995 0.04587362923698651 2.83998175027341
5494384562479 PointCloud16.pcd PointCloud15.pcd 0.8348 0.5268997472639676 0.8489656495451786 -0.04042254600467615 -0.3937962283469121 -0.7316700616622575 0.42887419986175834 -0.5298356741104595 8.364654430779286 -0.43247610014926313 0.3087462495080218 0.8471364566670561 0.450024598267942
5494384562510 PointCloud12.pcd PointCloud13.pcd 0.8660 -0.051039348106073246 -0.9969461854258552 -0.05910404647520609 6.841572514910031 0.907335457049115 -0.07101737143352232 0.4143656613863492 -3.7556479791443067 -0.4172976795123363 -0.03247824378733208 0.9081893031489139 -6.108684948482814
5494384562541 PointCloud16.pcd PointCloud8.pcd 0.7325 0.88092250973733 0.43854935005355267 -0.1779044670762657 3.3989549314641865 -0.07839418110591792 0.5059386708617609 0.8589996587283182 -1.5846104431371968 0.4667224916444632 -0.7427654602189315 0.4800724808806922 1.2135118741458975
5494384562572 PointCloud13.pcd PointCloud8.pcd 0.8032 -0.4415206795784181 -0.7983300372282823 -0.4095468729751224 5.370336741246943 0.8799613423473956 -0.47444774470657936 -0.023819603628309594 -5.1090788642326626 -0.17529268518332744 -0.37090226367862683 0.9119780618629426 -8.737798465728261
5494384562603 PointCloud15.pcd PointCloud12.pcd 0.8050 -0.4385960987363584 0.27812726287021805 0.8545634486810015 8.055639429004529 0.2388541452701686 0.952780702347857 -0.18750368135261003 -8.445597808182754 -0.8663614485077827 0.12187763897386822 -0.484317748650255 9.468722509472773
5494384562634 PointCloud15.pcd PointCloud2.pcd 0.6262 0.36171809143970024 0.892912281031838 0.26808148147110195 1.8104866930408363 0.9209275397187711 -0.38697214815916803 0.0463143944860617 -8.82516212594543 0.14509475839172223 0.2301308647956616 -0.9622823370277815 -3.7688982470525447
5494384562665 PointCloud17.pcd PointCloud7.pcd 0.6873 -0.4766284706744599 -0.8790979155866376 -0.003486510254488928 1.2262202200859502 0.01815644871568378 -0.0058787593715317055 -0.9998178751944209 -3.329246925850235 0.8789173136948438 -0.47660496745153713 0.018763280309129576 -5.46068916184566
5494384562696 PointCloud16.pcd PointCloud17.pcd 0.7271 0.37051792091952385 -0.9120741253998172 -0.1756054100921504 6.964302726738848 0.925612527916341 0.3468657187820564 0.1514120909905431 -5.585058133517994 -0.0771875536715256 -0.2186434607070748 0.9727472018197942 -5.510981023047479
5494384562727 PointCloud16.pcd PointCloud3.pcd 0.7055 0.2954392795724803 -0.024633154248627442 -0.9550438941731723 6.621225657630069 -0.9520315529709436 -0.09098375380838725 -0.2921607069588048 5.191063900391407 -0.079696638783751 0.9955476705083983 -0.05033171477184334 -1.4477165746260074
5494384562758 PointCloud8.pcd PointCloud10.pcd 0.7674 -0.9729627776824791 -0.15551892849092697 -0.17075507642652588 5.130826242743404 -0.04052298556503685 0.8428002813083771 -0.5366987734916265 6.101357191378077 0.22737924462292192 -0.5152684239380038 -0.8263153940277012 1.4061757516870372
5494384562789 PointCloud4.pcd PointCloud1.pcd 0.6595 -0.20930646680208537 -0.8885864366611167 0.40817269327666555 -2.6097072365371354 0.3480494784663262 0.32238384147267735 0.8803012094145037 0.13415872575284382 -0.9138119957048856 0.32631702888329156 0.24179502303942318 2.2892593745456002
5494384562820 PointCloud10.pcd PointCloud9.pcd 0.9140 0.20121970395462943 0.571040099570398 0.795879284454019 1.3747776701254042 -0.25783866016239987 -0.7529683550371683 0.6054402378751178 -7.3158548471396285 0.9450025693436339 -0.3270349537820854 -0.0042758553155484436 -8.87840070526759
5494384562851 PointCloud10.pcd PointCloud11.pcd 0.9235 -0.06480593926692296 -0.0738548045155113 0.995161121671113 8.79721083414704 0.9444428060548119 0.31747731175877714 0.08506434393877121 -4.592027401094608 -0.3222234881678324 0.9453854369347965 0.04917722343279379 -1.177018032891405
5494384562882 PointCloud9.pcd PointCloud10.pcd 0.9066 -0.9262108464597544 -0.3037266661907773 -0.2233463233298054 13.214024155250872 0.25658418157145574 -0.07378996132319879 -0.963700990647632 2.486125270362843 0.2762209725339697 -0.9498974438604187 0.14627652060337984 -3.3881884202179284
5494384562913 PointCloud18.pcd PointCloud6.pcd 0.6788 0.6793389039857621 0.6448226119841171 0.3502890986105679 2.7343200347812573 0.46138490785202946 -0.004130706126014627 -0.887190455355148 -0.4119826575843329 -0.5706335254239779 0.7643210950516028 -0.3003175707835309 5.043724976377179
5494384562944 PointCloud0.pcd PointCloud1.pcd 0.7341 -0.5372292938834851 0.3038519589081629 -0.7868028170139734 4.148693223018016 -0.473254622839086 0.663570530463252 0.579399873198254 1.146262344267262 0.6981509491183739 0.6836286551691572 -0.2126901833106625 -1.7661194023088682
5494384562975 PointCloud16.pcd PointCloud3.pcd 0.7055 -0.014141756983832354 0.12329794358285051 0.9922689291808195 6.711136762807648 0.9860517513306339 0.16630762199974258 -0.00661200140504109 1.368643417418686 -0.16583713217250157 0.9783350100926731 -0.12393003518021489 4.921239574713336
5494384563006 PointCloud17.pcd PointCloud4.pcd 0.7135 0.6033251792494443 -0.7920970711357705 0.0926334603788499 2.316061574585208 0.7802085353957021 0.6103056132896857 0.13711928997334388 -5.687982091962025 -0.1651465088317619 -0.010454103750905955 0.9862136392970065 -0.17659322640090624
5494384563037 PointCloud12.pcd PointCloud6.pcd 0.8075 -0.5803398385156446 0.8131925980136677 0.04385738669159889 3.491751863205123 -0.8131743259475969 -0.575721118152418 -0.08539736373566131 -0.9059046879660384 -0.04419488037439033 -0.0852231931407795 0.9953812434939602 -4.4892891709801725
5494384563068 PointCloud3.pcd PointCloud2.pcd 0.7865 0.5895105175560211 0.7669087874722764 0.2536301665587798 2.002902464944184 -0.4314454853574896 0.5643983269419685 -0.7037821550094508 5.802963588749568 -0.6828851608107119 0.3054593921340597 0.6635980838592126 6.55483364240742
5494384563099 PointCloud15.pcd PointCloud13.pcd 0.8168 0.48112560751946004 -0.2691794707105056 -0.8343024405675933 0.9707561960155071 -0.12130869111858555 -0.9629790930113018 0.240739419045212 5.935862014309941 -0.8682179169126413 -0.014617762179713223 -0.4959677104214862 10.246083682233053
