id source target overlap t1 t2 t3 t4 t5 t6 t7 t8 t9 t10 t11 t12
34562489690000 urban05_1519102545434328000.pcd urban05_1519102546543771000.pcd 0.1756163458291118 0.9918456201403079 0.10378840336545928 -0.07396102443406985 -0.43914564592639205 -0.11459523873591038 0.9802458868810948 -0.1612015276346835 -0.18889397801449154 0.055769140817732356 0.16836261039656233 0.9841462464252493 -2.858232210967367
34562489690001 urban05_1519102545434328000.pcd urban05_1519102546543771000.pcd 0.1756163458291118 0.857319799385337 -0.3298672987655852 -0.39520921900555656 -1.7699672015758385 0.3729799773566289 0.9271706342745538 0.03522146263246849 0.03304601890741815 0.3548079735193875 -0.1776011828339495 0.9179156397965162 -0.1946464082496635
34562489690002 urban05_1519102545434328000.pcd urban05_1519102546543771000.pcd 0.1756163458291118 0.9986365105325751 -0.05068405811127159 0.0124998433868306 -2.082494213433521 0.050551007916369364 0.9986637310949744 0.010740009036492413 1.2582077017811142 -0.013027487476916252 -0.010093485465290057 0.9998641938389438 2.2981660678786375
34562489690003 urban05_1519102545434328000.pcd urban05_1519102546543771000.pcd 0.1756163458291118 0.97671921824366 0.2117174939263262 -0.03457269846352597 -0.30593608115949933 -0.2100840153232386 0.9766216656500943 0.04555028746891565 -0.4741422109898232 0.04340823907000975 -0.03722666985363618 0.9983636110317972 -0.720359765593522
34562489690004 urban05_1519102545434328000.pcd urban05_1519102546543771000.pcd 0.1756163458291118 0.8673937187056313 -0.4866552755666177 0.10389792833928724 1.0370217273523659 0.4974872872323256 0.8529131796855077 -0.1582577232269517 -2.265971063334767 -0.011598956515040816 0.18895965358228278 0.9819163475193933 -0.04400534174362123
34562489690005 urban05_1519102545434328000.pcd urban05_1519102546543771000.pcd 0.1756163458291118 0.9960502066802994 -0.08757634785331085 -0.014641347916388311 2.0644039346233996 0.08755921707087568 0.996157675188179 -0.0018082227787816862 -0.5237601183581482 0.014743448649081534 0.0005190957121082663 0.9998911747093148 -2.6160896835697818
34562489690006 urban05_1519102545434328000.pcd urban05_1519102546543771000.pcd 0.1756163458291118 0.981280687690722 0.15780436013503008 0.11039019833118141 -0.03512477167828567 -0.16609858374012254 0.9835910722643257 0.07042629509948402 -0.1258233328344332 -0.09746523710918342 -0.08744361888833187 0.9913900045244368 -0.5072601636015427
34562489690007 urban05_1519102545434328000.pcd urban05_1519102546543771000.pcd 0.1756163458291118 0.9597025884998349 0.013913709402039598 0.2806730309762452 0.1906285355897116 0.02793434572988817 0.9891033875315226 -0.14454812728745306 0.12013947345170183 -0.27962584636503074 0.14656362940491838 0.9488564109391358 -0.540724165855089
34562489690008 urban05_1519102545434328000.pcd urban05_1519102546543771000.pcd 0.1756163458291118 0.8615685436987811 0.48266454634774947 0.15727231227295824 -0.7375287323368013 -0.48128779303043634 0.875175142187116 -0.049300413564729 0.22698535676579046 -0.1614363800035591 -0.03321755855993448 0.9863239270212723 -2.7684038060583327
34562489690009 urban05_1519102545434328000.pcd urban05_1519102546543771000.pcd 0.1756163458291118 0.9925002699651565 -0.09418384541356695 0.0779270003413781 -1.7813212175764062 0.0927836926069609 0.9954561766281612 0.021405298387555734 -0.4091383918686091 -0.07958894713029448 -0.014014409582876829 0.9967292490033263 2.5150375141670707
34562489690010 urban05_1519102545434328000.pcd urban05_1519102546543771000.pcd 0.1756163458291118 0.9996335760776622 -0.01345939107379428 -0.02348527986010336 1.149339156047068 0.014092500336178863 0.9995359917208743 0.02700375323623231 -1.0134245117477787 0.023110928420543998 -0.02732482472937741 0.9993594142955023 2.8909114945165473
34562489690011 urban05_1519102545434328000.pcd urban05_1519102546543771000.pcd 0.1756163458291118 0.9423433580008913 0.3170867611787672 -0.10698122039294246 -3.137759570629797 -0.2573546261948759 0.8910083108086194 0.3739957037802256 -0.22228615028420334 0.21391024287700566 -0.3249002553940671 0.9212395085086019 -0.7781527868431957
34562489690012 urban05_1519102545434328000.pcd urban05_1519102546543771000.pcd 0.1756163458291118 0.9994860962041934 -0.007465741918218973 -0.031173806185839727 0.96347354787324 0.00666111862515119 0.9996440165832557 -0.025835433186943462 -0.970881806514763 0.03135558950431988 0.025614503838761033 0.9991800259212203 0.40209482029539645
34562489690013 urban05_1519102545434328000.pcd urban05_1519102546543771000.pcd 0.1756163458291118 0.9929239733667662 -0.11587865921375971 -0.025963810436352614 -0.03902097887557611 0.11619460463773555 0.993165500893195 0.011004621240621489 0.0037116227698895305 0.024511160042597627 -0.013943606936175303 0.9996023103509595 -3.9531230780621724
34562489690014 urban05_1519102545434328000.pcd urban05_1519102546543771000.pcd 0.1756163458291118 0.995826448082553 -0.047458397667789635 0.07795758968883187 1.0954670710116379 0.04668857338591912 0.9988413336395091 0.011669075731801919 2.0351459210573233 -0.07842105848860989 -0.007980645591230223 0.9968883823585634 2.4621102708218445
34562489690015 urban05_1519102545434328000.pcd urban05_1519102546543771000.pcd 0.1756163458291118 0.950458009388997 -0.1499863830607654 0.27227496632017845 0.10142660884807968 0.028745850618025974 0.9145513510011718 0.4034470255859836 0.06928927514016303 -0.3095209984161835 -0.37563268132349786 0.8735541427187946 -0.5819724820758339
34562489690016 urban05_1519102545434328000.pcd urban05_1519102546543771000.pcd 0.1756163458291118 0.9131189272791778 -0.40080953258785684 -0.07460256852969276 0.1209567505569617 0.38450338619477237 0.9074741629430069 -0.16925657917978476 0.2214586305912757 0.13553955381835034 0.12586644579709383 0.982744456699263 0.4765994326348245
34562489690017 urban05_1519102545434328000.pcd urban05_1519102546543771000.pcd 0.1756163458291118 0.9990393125527662 -0.04330893604354592 -0.006692386186722136 -0.04557211494083863 0.04323635082035347 0.9990082695404371 -0.010634630109259226 0.03536109768207125 0.007146323658742281 0.01033505919661288 0.9999210551886419 3.283349097768268
34562489690018 urban05_1519102545434328000.pcd urban05_1519102546543771000.pcd 0.1756163458291118 0.9904104024133049 -0.052139061618232806 -0.12794042771964453 1.9733563718213638 0.02120713379989788 0.9724531514537399 -0.2321316990496621 -0.5798932430581583 0.13651920109460314 0.22719239969959334 0.964233437115324 0.4978286028250203
34562489690019 urban05_1519102545434328000.pcd urban05_1519102546543771000.pcd 0.1756163458291118 0.9970464251256889 0.03668096990944032 -0.06747542212233136 0.9144135537667306 -0.035788099329087525 0.9992557286462898 0.014394468173014846 -0.5658394706687588 0.06795320515248295 -0.011937135924303854 0.9976170942277549 -1.8026085881444627
34562489690020 urban05_1519102545434328000.pcd urban05_1519102546543771000.pcd 0.1756163458291118 0.9948395048362044 0.08621871488502728 -0.05348544494373903 0.20740903931399954 -0.08482217808965664 0.9960066127570837 0.02785723332075976 1.0527199696388285 0.055673671707387275 -0.0231767242667089 0.9981799846374816 -3.5551762900150514
34562489690021 urban05_1519102545434328000.pcd urban05_1519102546543771000.pcd 0.1756163458291118 0.9858833940698298 0.14766903630409045 0.07891634187146297 -0.38715907027344854 -0.13924289321289512 0.9848518518213341 -0.1033356020633318 0.22036121850612897 -0.09298037420367099 0.09088831432648643 0.9915109501825157 -0.42630732873074034
34562489690022 urban05_1519102545434328000.pcd urban05_1519102546543771000.pcd 0.1756163458291118 0.9982396080277016 -0.05921901651532981 -0.0032852774095374565 3.1899359996548236 0.05918075429023236 0.998189659885039 -0.010725727025670942 1.4664418080336648 0.0039144969459263225 0.0105124203467688 0.9999370808866491 0.2685788863283256
34562489690023 urban05_1519102545434328000.pcd urban05_1519102546543771000.pcd 0.1756163458291118 0.9864657708944605 -0.06098377550647767 0.15220467134281082 -0.45811891396397936 0.024975373357147904 0.9733154572571961 0.2281079818636035 0.26619804689441123 -0.16205404524191488 -0.2212193476827706 0.9616654754287173 -2.034670074656162
34562489690024 urban05_1519102545434328000.pcd urban05_1519102546543771000.pcd 0.1756163458291118 0.9995986299816194 0.013237969034303949 -0.025046658753540358 0.2684499952783283 -0.011073682268798462 0.9963485532832619 0.08465774584384228 -1.6691281557213535 0.02607589883166424 -0.08434640802190516 0.9960952419090873 2.6902773495593126
34562489690025 urban05_1519102545434328000.pcd urban05_1519102546543771000.pcd 0.1756163458291118 0.9233367315749244 0.22967426861820273 -0.3077320432766631 -0.6234805219652114 -0.21158027846228356 0.9730762723944659 0.09141309462387737 -0.44498418216751884 0.32044198521785333 -0.019295036604916348 0.9470716106356775 -0.03404234249180152
34562489690026 urban05_1519102545434328000.pcd urban05_1519102546543771000.pcd 0.1756163458291118 0.9867878596731118 -0.08524625844991564 0.1377780658234431 -0.1072392681511303 0.10992362306341256 0.9769839662495424 -0.18280898988814984 2.008464729542019 -0.11902317881140473 0.19553875603471313 0.9734464945717485 -0.4101071816829637
34562489690027 urban05_1519102545434328000.pcd urban05_1519102546543771000.pcd 0.1756163458291118 0.8975148504109379 -0.4375962620857354 -0.05455826885472061 -0.8310124359891079 0.43967548671677453 0.8975008921920726 0.034316393965580574 0.35496480675876735 0.03394936924596717 -0.05478740660978479 0.9979207285174384 1.034755080012494
34562489690028 urban05_1519102545434328000.pcd urban05_1519102546543771000.pcd 0.1756163458291118 0.9907497712022403 -0.13569129760790014 -0.0016621119675372447 -0.05488503037285055 0.13569905169807803 0.9907309746596183 0.006156558961364328 -0.2582154402136335 0.0008113143353245191 -0.006325156400175641 0.9999796668760632 1.2466114235843282
34562489690029 urban05_1519102545434328000.pcd urban05_1519102546543771000.pcd 0.1756163458291118 0.9091905118346862 -0.16830049976022857 -0.3808510929093398 -0.4357846576462722 0.24990695146071987 0.9521729250782376 0.17582160379078127 -1.9170647096329878 0.3330452353680963 -0.2550326695315923 0.9077660539314075 -0.9710823323819111
34562489690031 urban05_1519102552292704000.pcd urban05_1519102553906439000.pcd 0.18778357531760437 0.9793568445991353 -0.18235464081872121 -0.08721786461901172 0.35092921202863103 0.1241784721200756 0.8832125072283445 -0.45223376050151876 -0.20401187214729638 0.1594988338476137 0.432067647536004 0.8876247348705165 -0.9128277678262733
34562489690032 urban05_1519102552292704000.pcd urban05_1519102553906439000.pcd 0.18778357531760437 0.9961433900318439 -0.08392379316196875 0.025595769907795846 1.486709420464722 0.08394363940393275 0.996470458866541 0.000300016546135825 1.3888016728982662 -0.0255306071116268 0.0018497425800726615 0.9996723295925016 -0.7802007755633626
34562489690033 urban05_1519102552292704000.pcd urban05_1519102553906439000.pcd 0.18778357531760437 0.8294321509995437 0.5573035491729975 0.0381452614023102 0.48233588139330613 -0.5533934589693178 0.8290804563009501 -0.07988289272292529 -0.5641499223048564 -0.07614451036183843 0.045148101388528455 0.9960741249941025 -1.3321845902193947
34562489690034 urban05_1519102552292704000.pcd urban05_1519102553906439000.pcd 0.18778357531760437 0.9966189288318226 -0.04098618237240345 0.07120985569881787 -0.4318540322384334 0.0457416692616192 0.9967382822479219 -0.06648681368980154 -2.8849362737365696 -0.0682525485771119 0.06951927470851392 0.9952430155779698 1.672877921738325
34562489690035 urban05_1519102552292704000.pcd urban05_1519102553906439000.pcd 0.18778357531760437 0.8702393436689373 -0.09184242021548514 -0.4839922050814658 -0.7778073639937438 -0.06159441799775564 0.9544725505616453 -0.29187031006230385 -0.20945591704509509 0.4887633501012275 0.28380824525251175 0.8249625855301046 1.3129219200807527
34562489690036 urban05_1519102552292704000.pcd urban05_1519102553906439000.pcd 0.18778357531760437 0.970926161108755 -0.029114118698678 -0.23760209966878576 0.17651802593762145 0.03857285881703788 0.9986336172055782 0.0352566752485804 -0.941613141475702 0.2362509772197719 -0.04339662059771806 0.9707225190977083 1.1326525042864604
34562489690037 urban05_1519102552292704000.pcd urban05_1519102553906439000.pcd 0.18778357531760437 0.9416115651345056 -0.17891545684523674 0.2852313441871473 2.019296852682939 0.15310278924406917 0.9820070284724253 0.11055194234586492 2.525531245854773 -0.2998786360023548 -0.06042727308606212 0.952061630534888 1.0937013179985582
34562489690038 urban05_1519102552292704000.pcd urban05_1519102553906439000.pcd 0.18778357531760437 0.9620338918481376 -0.17394669208117794 -0.21031723478959516 -1.1473706317485826 0.13904665476683434 0.9754556289362492 -0.17074057448286678 0.8743890851627959 0.234854888673152 0.13501431142883508 0.9626080806723569 -2.105533370276953
34562489690039 urban05_1519102552292704000.pcd urban05_1519102553906439000.pcd 0.18778357531760437 0.9420468129167735 -0.3345109418579845 -0.025499648049210448 1.913030305615641 0.3344232151876682 0.9423910764689619 -0.0077570700147485926 0.5403050572695282 0.026625465571366982 -0.00122015120180473 0.9996447348003953 -2.9174595465666533
34562489690040 urban05_1519102552292704000.pcd urban05_1519102553906439000.pcd 0.18778357531760437 0.9757940192106126 0.1878549591945884 -0.11196671996088128 -0.26135431414293203 -0.17392592269337914 0.9769955268333707 0.12340791693745326 -0.10143468499087376 0.13257377375656013 -0.10094679219065947 0.9860192389899705 0.6579927597957022
34562489690041 urban05_1519102552292704000.pcd urban05_1519102553906439000.pcd 0.18778357531760437 0.9975525861441298 0.06417853028400332 -0.02774804727802664 1.586351306473648 -0.0661170658600757 0.9949322733622847 -0.07575160080295483 -2.112514832791091 0.02274580135349704 0.07740082475491512 0.9967405584443958 0.8708619705783789
34562489690042 urban05_1519102552292704000.pcd urban05_1519102553906439000.pcd 0.18778357531760437 0.9961869474290923 0.07567923448514363 0.04340759426240477 2.6077201914565586 -0.07773922577209474 0.9958217663506326 0.04791265426441569 -0.5512388941752376 -0.039600234194537176 -0.05110443356548231 0.9979078907001834 0.888236527743466
34562489690043 urban05_1519102552292704000.pcd urban05_1519102553906439000.pcd 0.18778357531760437 0.908481305389264 -0.3168509004174347 0.27252013625213095 -0.5362505594004007 0.2448346446619312 0.9319672242158703 0.26738191741520567 1.240220887411441 -0.33870003621417727 -0.17618910264833887 0.9242508780501582 -2.093853804206483
34562489690044 urban05_1519102552292704000.pcd urban05_1519102553906439000.pcd 0.18778357531760437 0.94999983970605 0.2988580892050807 -0.09046627589973877 -0.17202458646690633 -0.2977484021188055 0.9542945785404887 0.025840789537655298 0.2640727845459254 0.09405420561664307 0.0023874431761359144 0.9955642151669089 -0.84973507161744
34562489690045 urban05_1519102552292704000.pcd urban05_1519102553906439000.pcd 0.18778357531760437 0.9864746706942826 -0.10458228550428951 -0.12621517197748489 0.6359034560188834 0.09645752018815022 0.9929516948019369 -0.06886856023697595 0.40857996237069766 0.1325280003537343 0.05576268778189111 0.9896094440604233 0.3133970903959563
34562489690046 urban05_1519102552292704000.pcd urban05_1519102553906439000.pcd 0.18778357531760437 0.9720172315043262 0.2022428222169816 -0.11950038711391497 0.5892337903363 -0.21402262854289283 0.9721381494552993 -0.0956124094729186 -2.0977810216843062 0.09683396165734448 0.11851269651533769 0.9882195730880903 1.4408861417214562
34562489690047 urban05_1519102552292704000.pcd urban05_1519102553906439000.pcd 0.18778357531760437 0.8372686715178348 0.5360262411742384 0.10796777513395991 2.085558267124617 -0.5207477086285289 0.8419035659813582 -0.14149278973152524 1.6303439438824947 -0.1667423031294006 0.062243508581136586 0.9840339170915874 0.8161820157746964
34562489690048 urban05_1519102552292704000.pcd urban05_1519102553906439000.pcd 0.18778357531760437 0.9993553424307767 0.03560699734276939 -0.004587079168358669 1.0123651342445217 -0.03589670221571877 0.9930720777142692 -0.11188956713787224 1.677072686419163 0.0005712487205999511 0.11198209769644621 0.9937100600629958 0.6887420046494711
34562489690049 urban05_1519102552292704000.pcd urban05_1519102553906439000.pcd 0.18778357531760437 0.9767427711787477 0.1728455641978755 0.12687777538709613 0.43154785673918883 -0.1870687221666692 0.9761318507800895 0.11032634807500247 3.084749041460532 -0.10478001783255164 -0.13149532626582278 0.9857637277934581 -0.9330041284516606
34562489690050 urban05_1519102552292704000.pcd urban05_1519102553906439000.pcd 0.18778357531760437 0.8794351313094692 -0.02073434259502961 -0.4755669635875148 -1.4207586038024056 0.07826163122365053 0.9917540117156777 0.10148446838838311 -2.6223964729455536 0.46954123024172223 -0.1264676531094467 0.8738060229937069 0.28638933329278365
34562489690051 urban05_1519102552292704000.pcd urban05_1519102553906439000.pcd 0.18778357531760437 0.9969370719903233 -0.07603536531317098 0.01830567434031557 -2.0850925095491726 0.0758141564643186 0.9970437346078105 0.012490194510649609 -0.1708589783169738 -0.01920125441123241 -0.011064108685415082 0.9997544185088819 -1.469608306309738
34562489690052 urban05_1519102552292704000.pcd urban05_1519102553906439000.pcd 0.18778357531760437 0.9985181228240718 0.0538684077405318 0.007730009016262487 -2.0758114950908277 -0.05394845057859577 0.9984879939840714 0.010549433626206492 -0.08682249915404854 -0.007150040004118547 -0.010950822670682784 0.9999144745480859 1.0157794675796334
34562489690053 urban05_1519102552292704000.pcd urban05_1519102553906439000.pcd 0.18778357531760437 0.9973390575849765 -0.06267055592616376 0.037245209563333305 1.0040832843867713 0.062292023792458094 0.9979946793986949 0.01123938004233436 2.2377398659967107 -0.03787489917281455 -0.008889393218986899 0.9992429487871543 0.1575482682020029
34562489690054 urban05_1519102552292704000.pcd urban05_1519102553906439000.pcd 0.18778357531760437 0.9777709474865589 0.18170801067374343 -0.10462396048815781 -2.2614397979323964 -0.17904276572817124 0.9832395045383389 0.03440588257274114 -0.009028124675583877 0.10912223555098222 -0.014908909155025706 0.9939165267446574 0.9892802281844469
34562489690055 urban05_1519102552292704000.pcd urban05_1519102553906439000.pcd 0.18778357531760437 0.9538669799026175 -0.14329174338821146 0.2638280897255376 -0.9964856248049621 0.051693341034803414 0.9440165752998211 0.32582281082185865 2.458909973752261 -0.2957458083289075 -0.29715346512528523 0.9078734686176907 -0.39032980675443263
34562489690056 urban05_1519102552292704000.pcd urban05_1519102553906439000.pcd 0.18778357531760437 0.9035688273590116 0.34478969881060323 0.25432938842995345 0.034456485599049805 -0.3659249905962248 0.9298048242580763 0.03952075459249726 0.004885297125520923 -0.22285034324006203 -0.12877520095306033 0.9663098220225671 2.5961990311609426
34562489690057 urban05_1519102552292704000.pcd urban05_1519102553906439000.pcd 0.18778357531760437 0.92706786845138 -0.37489300885903576 0.0006318177217890658 1.9736828681227847 0.3329054814210949 0.8240101253805963 0.45845529085183756 2.313052549718804 -0.17239230761493884 -0.42480883368742794 0.8887172481145639 -2.20362483662016
34562489690058 urban05_1519102552292704000.pcd urban05_1519102553906439000.pcd 0.18778357531760437 0.9956253758253252 -0.013752575587412257 -0.09241741003400035 0.25662272665079305 0.027752224738047077 0.987997687387147 0.15195520306899135 -0.5247721575661997 0.08921841197179518 -0.15385524489714997 0.9840572333878091 -1.6153964141617385
34562489690059 urban05_1519102552292704000.pcd urban05_1519102553906439000.pcd 0.18778357531760437 0.9496564551149241 -0.06789882370770207 -0.3058469666314617 0.3549839317985921 0.12969055909013552 0.97385913341233 0.18649060875088003 0.030703456039883902 0.2851893689137871 -0.21676747451704126 0.9336374488258596 2.8623942347206293
34562489690060 urban05_1519102552292704000.pcd urban05_1519102553906439000.pcd 0.18778357531760437 0.9791173462845841 -0.19885455828249193 -0.042262120804673856 0.08662428880646615 0.20106075921555006 0.977938899202155 0.0566575725825224 -0.11940529349016553 0.030063155328415525 -0.06397166620897256 0.9974987882770322 -2.0001915515661004
34562489690062 urban05_1519103091254337000.pcd urban05_1519103094179239000.pcd 0.17778707763969503 0.8446322004311095 -0.11604868580171775 -0.5226175930052452 0.015072972866569875 0.0021721152410954653 0.976956924172018 -0.21342551447221414 0.3163223318403897 0.5353426266516439 0.17913087627777652 0.8254213477089591 0.49507751237391384
34562489690063 urban05_1519103091254337000.pcd urban05_1519103094179239000.pcd 0.17778707763969503 0.9781272989144989 0.1988895465783546 0.060909238872957044 -1.6886339798114307 -0.20766511807900898 0.9505010765655447 0.23113394856872851 -0.3042840926162942 -0.011924170891834462 -0.23872714908362833 0.9710134718112542 -2.2340109325335407
34562489690064 urban05_1519103091254337000.pcd urban05_1519103094179239000.pcd 0.17778707763969503 0.9098656975019626 0.30460578124113896 -0.2817085915334187 1.2914295567184515 -0.3256774379992406 0.945002823767948 -0.030064421645117974 1.950740802139022 0.25705761783599795 0.11910071832310673 0.9590288838233194 0.5627003962254943
34562489690065 urban05_1519103091254337000.pcd urban05_1519103094179239000.pcd 0.17778707763969503 0.9993158061901221 -0.024389190883032177 0.027804439693280558 -0.9121940903491692 0.024714419366091336 0.999629391183286 -0.011413928242712125 -2.8230109318139256 -0.027515758648149702 0.012093289486481001 0.9995482156331493 2.4692110611559768
34562489690066 urban05_1519103091254337000.pcd urban05_1519103094179239000.pcd 0.17778707763969503 0.9330154431384158 -0.3363935173309909 -0.12775595627175307 -0.11602229044468879 0.35443428593603377 0.9204253436280898 0.16490458986979945 3.223830282913412 0.062116984941637185 -0.1991396201281836 0.9780004559697113 -0.12751642450446313
34562489690067 urban05_1519103091254337000.pcd urban05_1519103094179239000.pcd 0.17778707763969503 0.98329595304144 0.15559031433221585 0.09444957817972857 -0.2508615039044298 -0.17235737991960862 0.9627280744329637 0.20844085080867822 1.4432391857139775 -0.05849788303497901 -0.22123812687825808 0.9734637583884804 -2.4837661625338803
34562489690068 urban05_1519103091254337000.pcd urban05_1519103094179239000.pcd 0.17778707763969503 0.836505122076052 -0.5463420445326753 0.04206603281016046 -0.30044739510103974 0.5472497805434545 0.8368617642982195 -0.013418835672748649 0.1167459843813767 -0.027872180317840174 0.034245551996245155 0.9990247162772312 -3.8705811453112045
34562489690069 urban05_1519103091254337000.pcd urban05_1519103094179239000.pcd 0.17778707763969503 0.9860383399638856 -0.03323832014468059 -0.16316741768877938 -0.007757010459355746 0.011807857087068645 0.9913658959009958 -0.13059186404760234 0.46989652412480015 0.16609926740439354 0.12684192728895208 0.9779172556251107 1.1400220592418218
34562489690070 urban05_1519103091254337000.pcd urban05_1519103094179239000.pcd 0.17778707763969503 0.9997193999508307 -0.008053249793465046 0.02227704041642568 -0.10412086418219972 0.009347079448394444 0.9982378806296801 -0.05859834282426313 -0.1161966693637613 -0.021765878519747605 0.05879012539303283 0.99803304939693 0.8102853940206578
34562489690071 urban05_1519103091254337000.pcd urban05_1519103094179239000.pcd 0.17778707763969503 0.9638355207709376 -0.25167247362259876 0.08764733265135777 -2.500563964256038 0.2581504789473397 0.9633763792254011 -0.0725553731284958 0.2533633419804091 -0.06617717974857015 0.09255764674643827 0.9935057437726703 -0.8016362973254476
34562489690072 urban05_1519103091254337000.pcd urban05_1519103094179239000.pcd 0.17778707763969503 0.9926599324933637 0.05762058229806899 0.10633027281965327 0.47008582130995885 -0.03822190201505804 0.9836127257148898 -0.17619617481113486 0.3623819276355667 -0.11474033566545697 0.1708387377246629 0.9785953101584034 -0.9510131707627725
34562489690073 urban05_1519103091254337000.pcd urban05_1519103094179239000.pcd 0.17778707763969503 0.8964873745501849 0.44305392252662557 -0.003689038612917016 -0.5603870510484124 -0.4430664880969035 0.8964210902684079 -0.01101435642584622 -0.30458930340051554 -0.0015730218031441846 0.011508720857245849 0.9999325351975686 -0.18221486120696206
34562489690074 urban05_1519103091254337000.pcd urban05_1519103094179239000.pcd 0.17778707763969503 0.8776706454528228 0.4791142983531853 -0.011988628944136017 1.6135006912707168 -0.4788595253725625 0.8776828671734355 0.01914000078844706 -0.6587856868726782 0.019692462273403964 -0.011057747679907127 0.999744934043608 -1.007096966364887
34562489690075 urban05_1519103091254337000.pcd urban05_1519103094179239000.pcd 0.17778707763969503 0.9467897686184192 -0.20538769063221018 0.24780038453611755 0.06031975828675966 0.2853429441735079 0.8918188978926073 -0.3510533543095831 -1.1343842833791329 -0.1488910281040283 0.4030818153903533 0.9029709363272678 3.0134296912195593
34562489690076 urban05_1519103091254337000.pcd urban05_1519103094179239000.pcd 0.17778707763969503 0.9553784099850321 0.15834323863855912 0.24935820121248103 -0.5438110068896738 -0.21016292306899412 0.9575844424817244 0.19713848250420588 -0.5999213391192209 -0.20756598830629241 -0.2407476984197717 0.9481333799650842 -0.2825080682821193
34562489690077 urban05_1519103091254337000.pcd urban05_1519103094179239000.pcd 0.17778707763969503 0.999401299009185 0.033185454961734015 -0.009786169717320905 2.6558282538996836 -0.03295834328439129 0.9992029598252153 0.022520938800970836 0.18634101611473122 0.010525737347174526 -0.022184919551613835 0.9996984736398203 -2.7867266645516047
34562489690078 urban05_1519103091254337000.pcd urban05_1519103094179239000.pcd 0.17778707763969503 0.9981556483237566 0.055972540147182746 0.02350269067262703 0.3350287184920918 -0.05641748357240526 0.9982318407859371 0.01871522344181427 -0.564597495358744 -0.022413595578098508 -0.020006668653018346 0.9995485800813635 -3.0055611959120276
34562489690079 urban05_1519103091254337000.pcd urban05_1519103094179239000.pcd 0.17778707763969503 0.8439107225823692 0.06685908484173435 0.5323011883178816 0.11659470008164552 -0.06279270460895105 0.9976940230947441 -0.025762618828782623 0.19383448790137098 -0.5327961791889992 -0.011683281009626272 0.8461629467108884 -0.6509239412909518
34562489690080 urban05_1519103091254337000.pcd urban05_1519103094179239000.pcd 0.17778707763969503 0.8732841599176941 0.38132790277498535 -0.30325534884331196 -0.4096608501631028 -0.43614347703652706 0.88927167451141 -0.13774888874383523 -0.13896762562564394 0.21714889701616227 0.25255676486070305 0.9429005446216265 2.0676524933731204
34562489690081 urban05_1519103091254337000.pcd urban05_1519103094179239000.pcd 0.17778707763969503 0.9749135425838693 -0.08940631923453982 0.20383840307336926 0.06888368855414201 0.13431664088826228 0.9665577196980727 -0.21846101362155054 -1.8953853612777531 -0.1774897869373429 0.2403594902910914 0.9543189670964017 1.3547642136883236
34562489690082 urban05_1519103091254337000.pcd urban05_1519103094179239000.pcd 0.17778707763969503 0.9654651356223682 -0.191999785200031 0.17610552058588147 0.05824389916141982 0.18669143129409385 0.9813226804865477 0.04639079913150883 -0.1980010656782157 -0.18172336497832353 -0.011911307478162488 0.9832775495124029 2.986323114770283
34562489690083 urban05_1519103091254337000.pcd urban05_1519103094179239000.pcd 0.17778707763969503 0.9709153505520192 -0.12166280061089231 0.2062075289846714 0.9616023315090947 0.13197317495450805 0.9905642669844779 -0.036952862756909025 1.0377188595994147 -0.199766021021786 0.0630919639971558 0.9778102785940149 0.10710247084247705
34562489690084 urban05_1519103091254337000.pcd urban05_1519103094179239000.pcd 0.17778707763969503 0.9988230347154899 -0.014800262998964142 0.046189799056725274 0.6440303659558214 0.01395043431560158 0.999728425950369 0.01866707607536324 -0.47230419149982916 -0.046453532741280855 -0.01800073781706755 0.9987582503959083 0.809595203395695
34562489690085 urban05_1519103091254337000.pcd urban05_1519103094179239000.pcd 0.17778707763969503 0.9341330585733795 -0.27480049162601455 0.227772076169235 0.22182211024161894 0.34905199520906266 0.836629641400949 -0.42215346471383125 -0.6172683510240871 -0.0745528907616305 0.4738518048202625 0.8774430657015099 -0.6241821764568527
34562489690086 urban05_1519103091254337000.pcd urban05_1519103094179239000.pcd 0.17778707763969503 0.9583872470022157 0.12993516956448645 -0.2541864207501304 0.20894911586887346 -0.1407975603986207 0.9897243070837598 -0.024936779129798723 -0.07255500590309827 0.2483343145224013 0.05968791902738581 0.9668337088418408 -3.3511307245980677
34562489690087 urban05_1519103091254337000.pcd urban05_1519103094179239000.pcd 0.17778707763969503 0.9354884019469801 -0.2462138619547556 -0.2534564735886809 -0.7531931795174224 0.12629748355875586 0.9028787881644929 -0.41092437203132937 0.466333595884785 0.3300157503353604 0.35240406930672796 0.875728825873996 1.322824094333359
34562489690088 urban05_1519103091254337000.pcd urban05_1519103094179239000.pcd 0.17778707763969503 0.8932706721036053 -0.4487841709442433 -0.025695802565036358 -0.9542214216354676 0.44782224995689035 0.8934057007942637 -0.03579785233584386 0.42380467489659657 0.03902228598021348 0.02047001949678225 0.9990286479869733 0.2537792147650101
34562489690089 urban05_1519103091254337000.pcd urban05_1519103094179239000.pcd 0.17778707763969503 0.9761803186717664 0.216575002563135 -0.012932660308942101 0.24487961538642222 -0.21271790350125208 0.9671190782896258 0.13939792659238623 0.4055966266934915 0.04269752882685867 -0.13332650401552706 0.9901519905343205 -2.1457348832077883
34562489690090 urban05_1519103091254337000.pcd urban05_1519103094179239000.pcd 0.17778707763969503 0.9742939494577592 -0.21945264482489238 0.050910084751071144 -1.8946514419375258 0.2184145650684812 0.9755307096552805 0.025197465852957106 2.002251886475916 -0.05519400163013925 -0.013430234503699883 0.9983853218999306 1.7265585408161699
34562489690091 urban05_1519103091254337000.pcd urban05_1519103094179239000.pcd 0.17778707763969503 0.8980452149702496 -0.4399030174538844 0.00035651648737309097 0.3109297507527571 0.43760860266382196 0.8932779992126862 -0.10272841377728699 -0.029254004161342193 0.044872070864352756 0.09241077511604238 0.9947093776067445 -0.5481394144237882
34562489690093 urban05_1519102541399989000.pcd urban05_1519102542711149000.pcd 0.17359704846181587 0.9984007520864664 0.04298297212642188 -0.03672059831154037 0.6135869078102485 -0.04390569071797447 0.9987302389682037 -0.02470222850457918 -0.6652653852510435 0.035612196727467293 0.026274966749629067 0.9990202187976728 0.3481193658646013
34562489690094 urban05_1519102541399989000.pcd urban05_1519102542711149000.pcd 0.17359704846181587 0.9979223252204837 -0.06425523328812904 -0.004722056927969905 0.5763623545839821 0.0643210942215438 0.9978096134699087 0.015452252430454432 -0.7569637522666544 0.0037188257133346477 -0.015723875543876407 0.9998694565157965 -1.1835821662414456
34562489690095 urban05_1519102541399989000.pcd urban05_1519102542711149000.pcd 0.17359704846181587 0.8464939141541276 -0.510752299604504 0.15026690170738025 0.05703353153694624 0.47115529602344924 0.8500904015809034 0.23528492550325916 -1.9693020991360481 -0.24791276757980904 -0.12836821097424886 0.9602400023338906 0.48117136055650783
34562489690096 urban05_1519102541399989000.pcd urban05_1519102542711149000.pcd 0.17359704846181587 0.8806019687052347 -0.4635622444385019 -0.09823552434635588 0.3579017029732351 0.43000451227396197 0.8688483789308955 -0.24535405815512218 0.18403540973491886 0.19908865396224099 0.17381754790668752 0.9644434498212995 -1.9040969894839928
34562489690097 urban05_1519102541399989000.pcd urban05_1519102542711149000.pcd 0.17359704846181587 0.8673306437263445 -0.49769609881997434 -0.0060122934578282754 -0.2604262245613451 0.49773217057936825 0.8672788528966562 0.009490926646583376 0.3578289341044775 0.0004907378071922889 -0.01122428339086568 0.9999368853276521 0.3206587353027065
34562489690098 urban05_1519102541399989000.pcd urban05_1519102542711149000.pcd 0.17359704846181587 0.9200715333998083 0.1455022236186156 0.3637272004529822 -0.2139483680418239 -0.2770610966621002 0.8980864582234684 0.3415814138269539 1.3788547124865242 -0.276957617955744 -0.4150539922439787 0.8666167903858172 3.085949740101846
34562489690099 urban05_1519102541399989000.pcd urban05_1519102542711149000.pcd 0.17359704846181587 0.9990159437316797 -0.020783236046545125 0.039181644546076644 0.5205372471800018 0.005625118417969732 0.9356527375106005 0.35287719228040704 1.5538432301779503 -0.04399434296230968 -0.35230953987701374 0.9348489107331525 -1.241987846290546
34562489690100 urban05_1519102541399989000.pcd urban05_1519102542711149000.pcd 0.17359704846181587 0.9335291874013881 -0.30575660246003095 -0.18717947623017495 0.5066665542566098 0.32409650499705017 0.9429614783385906 0.07605988310664752 -1.9525192715023294 0.1532472241784532 -0.13166833492377134 0.9793767088613046 -0.14667216689047505
34562489690101 urban05_1519102541399989000.pcd urban05_1519102542711149000.pcd 0.17359704846181587 0.9983462777349857 0.05331544996842647 0.021498198235274497 0.23137031703659694 -0.05364183157483322 0.9984490416268698 0.014901851552162846 0.26957435295269594 -0.020670356503848027 -0.016030410757360065 0.9996578226037919 -0.6188593955771181
34562489690102 urban05_1519102541399989000.pcd urban05_1519102542711149000.pcd 0.17359704846181587 0.987795184091774 -0.004918240152135132 0.15568071556523772 0.14851602684799334 0.043904423085917424 0.9677645399154039 -0.24800039700738288 0.26192815012054177 -0.14944255056238598 0.25180866981923533 0.9561690843597048 -0.643206796618115
34562489690103 urban05_1519102541399989000.pcd urban05_1519102542711149000.pcd 0.17359704846181587 0.9978252797092817 -0.06588661941116158 0.001914302918129212 -0.9527112320106012 0.06586653824623931 0.9955729821955123 -0.06705248885605085 -0.8912163016996428 0.002512033548802305 0.0670327569543643 0.9977476129676015 0.7309965352338503
34562489690104 urban05_1519102541399989000.pcd urban05_1519102542711149000.pcd 0.17359704846181587 0.9841076906698577 -0.12228424810983093 0.12875797384493493 1.4987607817957616 0.09166498588571986 0.9708561864324287 0.22144027553372475 2.380569963348093 -0.15208413305473523 -0.206118480321621 0.9666362234795958 0.02189151025771277
34562489690105 urban05_1519102541399989000.pcd urban05_1519102542711149000.pcd 0.17359704846181587 0.9223938818124824 -0.12120266795696431 -0.3667416530406849 0.2379387098341306 0.15048742730096643 0.9872314507234796 0.05222640066814897 0.3966382161010308 0.35572891507331333 -0.10336332029558427 0.9288557277630557 2.7298009324339185
34562489690106 urban05_1519102541399989000.pcd urban05_1519102542711149000.pcd 0.17359704846181587 0.9104796611695235 0.1892175652713623 -0.36772748005745703 -0.08835060896845075 -0.15411842727838415 0.9803824096220777 0.12287327324054739 3.454212468137359 0.38376333458248346 -0.05520003529334521 0.9217801577023376 0.6527638447930871
34562489690107 urban05_1519102541399989000.pcd urban05_1519102542711149000.pcd 0.17359704846181587 0.9692726394993012 -0.23911649663031675 -0.057739512963840466 -0.024807423885796338 0.19123955331237685 0.8801244918253812 -0.4345207844718099 -0.340701271628831 0.15471904720150123 0.4101270290146191 0.8988091212847706 2.3571937415152804
34562489690108 urban05_1519102541399989000.pcd urban05_1519102542711149000.pcd 0.17359704846181587 0.9998384422138453 0.01441038860719354 0.010743843426849533 -0.4320955807902243 -0.014590101664126479 0.9997517294616363 0.01684067611164959 -0.06448303881236778 -0.010498495359881102 -0.016994709137160835 0.9998004608203187 -0.5926222992944171
34562489690109 urban05_1519102541399989000.pcd urban05_1519102542711149000.pcd 0.17359704846181587 0.9940496716250397 -0.036093237216003826 0.10277416294682405 -0.19585947849460333 0.03128384692826851 0.9983558894298455 0.04802956341786604 0.15317083473094503 -0.10433873328500652 -0.044528600562014374 0.9935444793608734 -0.811543898295298
34562489690110 urban05_1519102541399989000.pcd urban05_1519102542711149000.pcd 0.17359704846181587 0.9399405337844261 0.3333002838520537 0.07363907748735393 -0.9915705218758386 -0.32463837184682864 0.9395568118499233 -0.10882520310593433 0.19703708509793902 -0.10545956795705305 0.07838314927679346 0.9913295927368271 0.37076012172703837
34562489690111 urban05_1519102541399989000.pcd urban05_1519102542711149000.pcd 0.17359704846181587 0.9699644762158001 -0.24199653949893332 0.02462904281432518 2.4165538953062318 0.2425842678083804 0.9698190044820334 -0.024575832790564054 0.15051516565649195 -0.017938447292913308 0.029812303098200873 0.9993945360530547 -2.5467256019863087
34562489690112 urban05_1519102541399989000.pcd urban05_1519102542711149000.pcd 0.17359704846181587 0.884111192539681 -0.44279659409754446 0.1492600933996679 0.9758223776523158 0.38561542651370617 0.871786935352805 0.3021395078152087 -0.0667805072083669 -0.26390934439825275 -0.2095679259900679 0.9415057845470233 1.7484663862821037
34562489690113 urban05_1519102541399989000.pcd urban05_1519102542711149000.pcd 0.17359704846181587 0.9478572018197884 0.2248183501708138 0.22588367445398613 -0.1695162010886607 -0.20637464679150008 0.9730888602120223 -0.1025064646398021 0.4992840100659801 -0.24285022157709604 0.05054482721051433 0.9687460917713241 -0.04597974638064242
34562489690114 urban05_1519102541399989000.pcd urban05_1519102542711149000.pcd 0.17359704846181587 0.9376829706478279 -0.034237578387637524 0.34580114919302224 0.22027426078474074 0.1428097302652153 0.9451806628808535 -0.2936645968748816 -1.5267145642118858 -0.31679019476404396 0.3247480604133928 0.8911692711034747 -3.180183965382147
34562489690115 urban05_1519102541399989000.pcd urban05_1519102542711149000.pcd 0.17359704846181587 0.9735269370906167 0.08163678030481364 -0.2134964610021108 -0.25562971833397047 -0.1257311570262557 0.9712982924014999 -0.2019190514309367 -0.6746350631903307 0.19088472676408993 0.22341679274260878 0.9558493384466009 -0.8611435537106601
34562489690116 urban05_1519102541399989000.pcd urban05_1519102542711149000.pcd 0.17359704846181587 0.9976514891448927 0.06413373171966504 0.024049338092513875 -0.8017773158375087 -0.06509331333822103 0.997015762691986 0.04150216262280214 -1.231048645165628 -0.021315880597108455 -0.042970145443404884 0.9988489374449684 -0.28571543615710177
34562489690117 urban05_1519102541399989000.pcd urban05_1519102542711149000.pcd 0.17359704846181587 0.9870212551508456 -0.1547836770526211 -0.04279083077622181 -0.5869993345642641 0.1287225476592114 0.9218748504224998 -0.365482237437903 -1.9534588726754951 0.09601847532934174 0.35523059197732887 0.9298342212022878 3.30203187425288
34562489690118 urban05_1519102541399989000.pcd urban05_1519102542711149000.pcd 0.17359704846181587 0.9797524926961191 0.19529814740149698 -0.044087262075163995 -0.10357919136947279 -0.17706261389398165 0.9479849687832423 0.2645247242169733 0.045972040517004216 0.09345525034352975 -0.25136255206887553 0.9633706366713956 1.7667859599789715
34562489690119 urban05_1519102541399989000.pcd urban05_1519102542711149000.pcd 0.17359704846181587 0.9852802645281852 -0.17090178515780893 -0.003921754855144411 1.1892284979993069 0.17087050354434083 0.9838962190769275 0.0524547529269792 0.6098191156052122 -0.0051060111411093765 -0.05235274506653064 0.9986156010869377 0.1255593451735424
34562489690120 urban05_1519102541399989000.pcd urban05_1519102542711149000.pcd 0.17359704846181587 0.895092261983488 -0.4351456607403701 0.09725274533970514 -0.13253609285016887 0.43876615913324013 0.898411418375905 -0.018471083651448686 -0.10999149266425416 -0.07933536498149489 0.05920453758472698 0.9950882988924308 2.42724185092427
