id source target overlap t1 t2 t3 t4 t5 t6 t7 t8 t9 t10 t11 t12
32069587440000 urban05_1519102864914766000.pcd urban05_1519102867335368000.pcd 0.1870662701136277 0.9740561419390654 -0.17833320434036232 0.1393265968165521 0.13734488697670807 0.20202079121880961 0.9626631789079205 -0.18018658077177493 -0.021384539164418584 -0.10199133426968005 0.20365871502245078 0.9737149970752709 0.019496756737756398
32069587440001 urban05_1519102864914766000.pcd urban05_1519102867335368000.pcd 0.1870662701136277 0.9861113265708505 0.025078601243077894 -0.1641813490271285 -0.05480149054869193 -0.04441010282400111 0.9923542022735943 -0.11515589432200046 0.09546406609450954 0.16003810288752718 0.12084784230439857 0.9796854620920595 -0.00481816889016075
32069587440002 urban05_1519102864914766000.pcd urban05_1519102867335368000.pcd 0.1870662701136277 0.995969360492314 0.012499412725095508 -0.0888189036301332 -0.12003224608800796 -0.033640376630701456 0.9700122442735349 -0.24071678591150356 -0.08480730762654992 0.08314660558721398 0.24273444469408909 0.9665229595505617 0.08568901696756145
32069587440003 urban05_1519102864914766000.pcd urban05_1519102867335368000.pcd 0.1870662701136277 0.997285454621053 0.061312739330802266 -0.04077339815410248 -0.1093589733093619 -0.0599992878561731 0.9976628777406761 0.032693544239578626 0.10179247841558584 0.04268263649344958 -0.030158421277419325 0.9986333972825173 -0.002740515648231726
32069587440004 urban05_1519102864914766000.pcd urban05_1519102867335368000.pcd 0.1870662701136277 0.9997812019725842 -0.0186790360119823 -0.009414977212827844 0.0421278508699754 0.017687585863989212 0.9952045933237917 -0.09620273766130913 -0.10242573645214458 0.011166802969471978 0.09601516047421743 0.9953172315752158 -0.1550842192642603
32069587440005 urban05_1519102864914766000.pcd urban05_1519102867335368000.pcd 0.1870662701136277 0.9745160108147692 -0.22415975828464824 0.008423029825229298 -0.030857219114602038 0.22237060371565354 0.9703117605712959 0.09511257487928694 -0.042495295555568385 -0.029493376693834242 -0.09081569282233255 0.9954308869371069 0.0735367533731811
32069587440006 urban05_1519102864914766000.pcd urban05_1519102867335368000.pcd 0.1870662701136277 0.9653493719492275 -0.2554524229790913 -0.05333525730080094 0.07881436849809476 0.24963368986830237 0.9635162609689071 -0.0965372245884063 -0.001934307034936245 0.07605005562106745 0.07987787204606533 0.9938993483232716 0.03186995419333872
32069587440007 urban05_1519102864914766000.pcd urban05_1519102867335368000.pcd 0.1870662701136277 0.9150690033798953 -0.22354270982368887 0.33567450891899375 -0.07787815327934092 0.12903210484724872 0.9508542296141579 0.28147282274414215 0.00634129737547578 -0.3820987241172289 -0.21425426695762373 0.8989414186243937 0.03946544745750672
32069587440008 urban05_1519102864914766000.pcd urban05_1519102867335368000.pcd 0.1870662701136277 0.9841254889299255 -0.045877840428659056 0.17144166878573552 -0.09038166656187283 0.06607680060606798 0.9912769813113461 -0.11403421742587291 0.11314040358772517 -0.16471453627443233 0.1235522969429052 0.9785724048122505 -0.18281390980021703
32069587440009 urban05_1519102864914766000.pcd urban05_1519102867335368000.pcd 0.1870662701136277 0.976569195058296 -0.2053577876405481 -0.06434894186054117 0.0992977083977943 0.198556259829248 0.9751181364924333 -0.09859022043866372 -0.18163693100803646 0.08299408982458877 0.08350328699460702 0.9930454078818775 -0.055794019003173045
32069587440010 urban05_1519102864914766000.pcd urban05_1519102867335368000.pcd 0.1870662701136277 0.9585678303320441 0.09789845310893033 -0.26751375204164013 0.48264914360635 -0.22397242384430768 0.8392921591295541 -0.49540390085359337 -0.7283843765519898 0.17602291899017963 0.5347939458357114 0.8264450178249289 -0.49108270101675405
32069587440011 urban05_1519102864914766000.pcd urban05_1519102867335368000.pcd 0.1870662701136277 0.9698944694838181 -0.055406042656162544 0.23713896453743474 0.7422456449057053 0.006385021090546582 0.9792251933125888 0.20267523846685495 0.21959486364031888 -0.24344188129895913 -0.19505945560035468 0.9500988681240058 0.476556101979208
32069587440012 urban05_1519102864914766000.pcd urban05_1519102867335368000.pcd 0.1870662701136277 0.8956893695573983 -0.3408930993813731 0.2855388731084301 0.8330665649821558 0.2928849766647575 0.9354171499161784 0.19802309483183714 0.9999041443845648 -0.3346026654196815 -0.09373713478048937 0.9376856647390903 -0.17875394945855896
32069587440013 urban05_1519102864914766000.pcd urban05_1519102867335368000.pcd 0.1870662701136277 0.7997748066864865 0.3172214105479599 0.5096379452901402 0.4146461763300111 -0.35605254679827997 0.9341894998762611 -0.02272800561861793 -1.0278668400560864 -0.48330822722984124 -0.1632806020655973 0.8600887177966261 0.13784870203355426
32069587440014 urban05_1519102864914766000.pcd urban05_1519102867335368000.pcd 0.1870662701136277 0.9189990852611819 0.38592238732730844 0.08065105237194321 0.6574499922987772 -0.3641307759113407 0.9092517373931889 -0.20166818311690252 -0.03802113931302668 -0.15116037616821426 0.15596534553245608 0.9761277332755307 0.5458505142732563
32069587440015 urban05_1519102864914766000.pcd urban05_1519102867335368000.pcd 0.1870662701136277 0.9520540605423843 -0.2633156972231895 -0.1557495085084509 1.1974421097939967 0.2950505755557241 0.9248575353068517 0.23996603353469 -0.45631542995877705 0.0808592831343092 -0.2744146187468911 0.9582058199306683 -0.47838628631446733
32069587440016 urban05_1519102864914766000.pcd urban05_1519102867335368000.pcd 0.1870662701136277 0.9731629134307533 0.07515274954776574 -0.21749944404153954 0.2873385913132131 0.0020412370649796827 0.9423115860028817 0.33473079965246433 -0.21703189232820025 0.23010818602173316 -0.3261915681315881 0.9168692838162062 -0.35827277715910044
32069587440017 urban05_1519102864914766000.pcd urban05_1519102867335368000.pcd 0.1870662701136277 0.8059790883895583 -0.373713123896109 -0.4590601377886646 0.5041978513571158 0.3878367378272992 0.9192588975432109 -0.06742213345125694 -0.43904190560781853 0.44719165228145197 -0.12369955665018295 0.8858431270909839 -0.05432031845252287
32069587440018 urban05_1519102864914766000.pcd urban05_1519102867335368000.pcd 0.1870662701136277 0.8885755843992269 0.0324477697328172 0.4575812201663644 -0.8316470373858866 -0.23276438208377892 0.8914382332944271 0.3887912275940233 -0.0011548733279329035 -0.39528998626670186 -0.4519790022338174 0.7996629341772656 0.7160512511753472
32069587440019 urban05_1519102864914766000.pcd urban05_1519102867335368000.pcd 0.1870662701136277 0.8676811912072406 -0.445506733388425 0.22057447932786461 0.05660151420947213 0.4778489906525371 0.6251014039202378 -0.6171779135300445 -0.6221965138867882 0.13707549947943032 0.6409149595090774 0.7552736736573983 -0.24574532551794828
32069587440020 urban05_1519102864914766000.pcd urban05_1519102867335368000.pcd 0.1870662701136277 0.594421780111209 0.6889720949665322 -0.41470495498227355 0.22759319306474782 -0.7981124323268777 0.5685483883489664 -0.199422354491838 -0.6547144455520482 0.09838339643810223 0.44952217126991756 0.887834739600835 1.1156563037531098
32069587440021 urban05_1519102864914766000.pcd urban05_1519102867335368000.pcd 0.1870662701136277 0.1867667123419786 0.6703948765112835 0.7181148269659866 -1.2420800747426084 -0.13150929553438367 0.7414588703319219 -0.6579848393345851 -0.22796581816858835 -0.9735622734828101 0.02845089020629271 0.22664299348854955 0.7059198273209549
32069587440022 urban05_1519102864914766000.pcd urban05_1519102867335368000.pcd 0.1870662701136277 0.9701099046474012 0.21410804328466165 0.11421260309538211 1.4841187088251688 -0.24005443006824112 0.9155958684665243 0.32258034077054787 0.40880421247312276 -0.03550554195645747 -0.34035562496871463 0.9396262049573403 -0.9539110898803196
32069587440023 urban05_1519102864914766000.pcd urban05_1519102867335368000.pcd 0.1870662701136277 0.05502245652435156 -0.7432308064011401 -0.6667686987961695 0.09218284411511735 0.6554620787454626 0.5306354398837726 -0.5373969606036421 1.4421803963557565 0.7532210781734027 -0.4074726964542118 0.5163564747726428 1.5800500534890025
32069587440024 urban05_1519102864914766000.pcd urban05_1519102867335368000.pcd 0.1870662701136277 0.958808450157987 -0.12599421412969292 -0.2545816448832878 1.6876544689091797 0.022556397661261676 0.9271870011594859 -0.3739190738721775 -0.014917270478295133 0.2831564317302123 0.3527743228846467 0.8918367071852857 -0.487239301782413
32069587440025 urban05_1519102864914766000.pcd urban05_1519102867335368000.pcd 0.1870662701136277 0.8945681401394888 -0.44649841058764617 -0.0196726203155968 1.3472846437438017 0.4203143660269958 0.8554397974393217 -0.3025864945239572 -0.7449487754800738 0.15193313120810922 0.2624155527015842 0.9529188849748028 -0.8920260152316339
32069587440026 urban05_1519102864914766000.pcd urban05_1519102867335368000.pcd 0.1870662701136277 0.893651478062854 0.012784761545097084 0.4485795198493928 -0.7745288003427253 -0.26861968630688293 0.8159773843041709 0.5118831628726577 0.7764315506483753 -0.3594864390828514 -0.577942435002275 0.7326336341850359 -0.010848455114115611
32069587440027 urban05_1519102864914766000.pcd urban05_1519102867335368000.pcd 0.1870662701136277 -0.003691409003764079 0.8544476692410701 0.5195243536428971 0.4451768846059621 0.0027959242257931116 0.5195346814611301 -0.8544447890687881 1.365800029253161 -0.9999892780961657 -0.001701554461348176 -0.0043067859390168994 0.14914895393742436
32069587440028 urban05_1519102864914766000.pcd urban05_1519102867335368000.pcd 0.1870662701136277 0.9200783061711121 -0.18599778106888462 -0.3447618539669785 -0.8985872722664761 0.2012165115591609 0.9795094593040748 0.008551877559964324 0.25144392269333327 0.33610686691773944 -0.077240174593859 0.9386512288595007 -0.3971633113207465
32069587440029 urban05_1519102864914766000.pcd urban05_1519102867335368000.pcd 0.1870662701136277 0.20219219081766904 -0.32322940841625014 0.9244679916077313 1.7365976179938918 0.194358562934244 0.9384324479829069 0.28560337810842573 -0.13545615440537254 -0.9598661713939537 0.1219314976029157 0.2525661159099204 0.23532702712186843
32069587440031 urban05_1519102864914766000.pcd urban05_1519102867436227000.pcd 0.1674165586313836 0.9636235121031616 0.24041835060751873 -0.11674221007471464 -0.013352029078903916 -0.2212880090416867 0.9626620818822753 0.15592733294855762 -0.03752538025048423 0.1498710911961843 -0.12442159297020813 0.9808455144549632 0.013712303527649312
32069587440032 urban05_1519102864914766000.pcd urban05_1519102867436227000.pcd 0.1674165586313836 0.9683045620608655 -0.24968902886780328 0.006454762208503433 -0.05946065863307051 0.23927386250224705 0.9347080528078009 0.26280957885797174 -0.04161434003996586 -0.07165398673745096 -0.2529352582763067 0.9648261300904566 0.0099571575014485
32069587440033 urban05_1519102864914766000.pcd urban05_1519102867436227000.pcd 0.1674165586313836 0.9500108464044037 0.2888738592715732 0.11845372574780218 -0.12371094319969422 -0.2847740170804319 0.9572603552525292 -0.05056057216522997 0.00919963020949764 -0.12799668319867563 0.014300548638035652 0.9916714896571287 -0.07095883832459252
32069587440034 urban05_1519102864914766000.pcd urban05_1519102867436227000.pcd 0.1674165586313836 0.9912813514145257 0.10777170051241865 0.07580595561334916 0.14560353015412714 -0.10807485619519634 0.9941427536789097 -0.00010375982871318936 -0.11968830199360665 -0.07537312383190145 -0.008089862568422798 0.997122583400579 0.09181818460826756
32069587440035 urban05_1519102864914766000.pcd urban05_1519102867436227000.pcd 0.1674165586313836 0.9662120025088112 0.14483878069933612 -0.21320434754817455 -0.3165213922082508 -0.1390061015205107 0.9893927949437729 0.04218057673170357 0.0467349475808202 0.21705222861786663 -0.011118674331020071 0.9760966679244112 -0.16207723692628484
32069587440036 urban05_1519102864914766000.pcd urban05_1519102867436227000.pcd 0.1674165586313836 0.9902883626531297 0.1075680648941401 -0.08807990808756322 -0.011310320215983678 -0.13722041871112606 0.8580781943628072 -0.49484580330422906 0.2288899175840462 0.022349843008996062 0.5021264021877306 0.8645053850286177 -0.07491314804395398
32069587440037 urban05_1519102864914766000.pcd urban05_1519102867436227000.pcd 0.1674165586313836 0.9946894819307017 0.09164493947020534 0.0468405764902009 0.03181282194056436 -0.09249353965486569 0.9955802218379647 0.01627780719822716 -0.141719510157708 -0.045141772877743166 -0.02052381432802559 0.9987697399235135 -0.030230777984892643
32069587440038 urban05_1519102864914766000.pcd urban05_1519102867436227000.pcd 0.1674165586313836 0.9918621186055318 -0.04320557701760841 0.1197614954395675 0.09498058173784069 0.04549049100904608 0.9988299814272139 -0.01640985770405774 0.015648765624999585 -0.11891237489471791 0.021724325459885573 0.9926670644179805 0.18067756718518918
32069587440039 urban05_1519102864914766000.pcd urban05_1519102867436227000.pcd 0.1674165586313836 0.9769205723843122 -0.145146197327114 0.15671240108487416 0.030251700717066583 0.11368907057835922 0.9744324319033133 0.19379430044772655 -0.12036082220511524 -0.1808341518721971 -0.17150515169076797 0.9684446253969248 0.09434681054759106
32069587440040 urban05_1519102864914766000.pcd urban05_1519102867436227000.pcd 0.1674165586313836 0.9764874578081527 0.11297138544224751 0.18360204469076744 0.09087733225961069 -0.145543423848067 0.9737681714598269 0.17490757566888682 -0.03487068200080479 -0.15902627618715512 -0.19751712412609845 0.967314648477424 -0.1912112292176726
32069587440041 urban05_1519102864914766000.pcd urban05_1519102867436227000.pcd 0.1674165586313836 0.9783720768914699 -0.20098977969677484 0.04889977112946057 0.7237415614667693 0.17060970350438565 0.9177473270846048 0.3586532764372979 0.9270170498921958 -0.11696327726777037 -0.34255357549806004 0.9321891651828386 -0.22805240797457865
32069587440042 urban05_1519102864914766000.pcd urban05_1519102867436227000.pcd 0.1674165586313836 0.9339165283266747 -0.26890378255954406 -0.23556458529121194 0.1622991887526124 0.33537823749195206 0.887190174546286 0.3168833097613729 -0.13040275559085115 0.12377946491661294 -0.374945795967497 0.918746044427543 -0.02693118008697318
32069587440043 urban05_1519102864914766000.pcd urban05_1519102867436227000.pcd 0.1674165586313836 0.7490011212997161 -0.6490381592621994 -0.13321707140341907 -0.24788262552205284 0.638101387422946 0.760745809622617 -0.11871155171482027 -0.16264976469574 0.17839265584849437 0.00390908725468625 0.9839516143470449 -0.117793742988096
32069587440044 urban05_1519102864914766000.pcd urban05_1519102867436227000.pcd 0.1674165586313836 0.6524975656818169 0.019964717686798618 -0.7575277795744454 0.5913910970270659 -0.08429817978167276 0.9953607096451967 -0.04637752235843799 -0.25872513399481 0.7530874741122707 0.09411943339341279 0.6511534293796687 0.49853551026602544
32069587440045 urban05_1519102864914766000.pcd urban05_1519102867436227000.pcd 0.1674165586313836 0.9936292019220762 -0.11244930735400617 0.007494155276070585 0.5652981204866498 0.0899705809719736 0.8315324973844405 0.5481414054358242 -0.4111220002019675 -0.06786975502580768 -0.5439750537195611 0.8363521012609086 0.29645057550350384
32069587440046 urban05_1519102864914766000.pcd urban05_1519102867436227000.pcd 0.1674165586313836 0.565664766650283 -0.788881138574354 0.24018726230196183 1.1671297583786966 0.43936000207440384 0.5347966590238035 0.7217723478176185 0.1869659852494476 -0.6978439369570107 -0.3027525106396448 0.6491184460125371 -0.491271147048981
32069587440047 urban05_1519102864914766000.pcd urban05_1519102867436227000.pcd 0.1674165586313836 0.8502484112829565 0.21296438056564776 -0.48137699542157053 -0.06748177466694749 -0.39838475713271765 0.8580703478240251 -0.3240445393298003 -0.28823682354602836 0.3440453813018195 0.4672916121603799 0.8144147130359564 -0.4089368454332964
32069587440048 urban05_1519102864914766000.pcd urban05_1519102867436227000.pcd 0.1674165586313836 0.8449262653423978 -0.42062548427551816 -0.33041460033196735 0.5176087675033485 0.43765604956148574 0.8987941534413745 -0.025025027908819754 -0.07408510963400361 0.3075008754731964 -0.12346364532763765 0.9435040751717128 -0.3276776236348926
32069587440049 urban05_1519102864914766000.pcd urban05_1519102867436227000.pcd 0.1674165586313836 0.890389010590083 0.2430289306012003 -0.3848952438147947 -1.44956450570023 -0.07389608153801432 0.911506160274212 0.4045934860022958 0.24755275841285385 0.44916230802877977 -0.33180334337224476 0.8295539538651239 -0.23001757725615754
32069587440050 urban05_1519102864914766000.pcd urban05_1519102867436227000.pcd 0.1674165586313836 0.8531580434502921 0.06636536193237468 0.517413752843558 -0.30737981182866214 -0.030794267130880792 0.9965519443336454 -0.07704502162179533 0.28330737135608997 -0.520742802166234 0.0497982025821803 0.8522599797078604 0.5986918628997913
32069587440051 urban05_1519102864914766000.pcd urban05_1519102867436227000.pcd 0.1674165586313836 -0.3606538304783275 -0.3916479956048628 0.8464872486340258 -1.9536665622598501 -0.3040534979619441 0.9073571813283896 0.29026611216073056 1.0380300189724967 -0.8817484249707599 -0.15269182371853812 -0.4463237860915447 -0.26703723227804205
32069587440052 urban05_1519102864914766000.pcd urban05_1519102867436227000.pcd 0.1674165586313836 0.7792860975304841 0.16197706010229673 -0.6053731165127223 1.6541219084040417 -0.5390802215520897 -0.31930331401111717 -0.7793830306036102 0.7260955477993806 -0.31953981430654144 0.9337070341719265 -0.16151000405797195 -0.49781557256106723
32069587440053 urban05_1519102864914766000.pcd urban05_1519102867436227000.pcd 0.1674165586313836 0.14270275497304524 -0.615926753374346 -0.774771035984723 0.726995802011209 0.9897581632445382 0.08577015347604872 0.11411511321246387 -1.310571917645448 -0.003834320526691859 -0.7831204985507869 0.6218581693084573 1.9651573399530053
32069587440054 urban05_1519102864914766000.pcd urban05_1519102867436227000.pcd 0.1674165586313836 0.8975614529911672 0.3497848701195394 0.26839147292684473 -1.7193770312337155 -0.41699900927174594 0.8711731680534884 0.2591700938187703 -0.05871547963725443 -0.143161672142954 -0.34454006428731154 0.9277913988231019 0.2532591031665354
32069587440055 urban05_1519102864914766000.pcd urban05_1519102867436227000.pcd 0.1674165586313836 0.7445102737902418 -0.6299741685387452 -0.2209909482189163 -0.18018470090882402 0.4426254198028232 0.7135885666102815 -0.5430231075630744 -0.32609412697810863 0.49978714465775687 0.30647007125819065 0.8101165999150035 -0.004414140438273549
32069587440056 urban05_1519102864914766000.pcd urban05_1519102867436227000.pcd 0.1674165586313836 0.7855253766467936 -0.5225375634397531 0.3315182912576006 -0.09398567412602599 0.22062761961213032 0.7369949066068708 0.6388755442962386 -1.3124321101708831 -0.5781637623616672 -0.4287108611056827 0.6942144203787659 1.0531635694636676
32069587440057 urban05_1519102864914766000.pcd urban05_1519102867436227000.pcd 0.1674165586313836 0.4245215906205353 0.8798107807356167 -0.21380928230176371 -0.8327325295583273 -0.4883820614696809 0.023665290342372858 -0.8723089567737088 -0.24339521592628247 -0.7624069655581824 0.47473460389400285 0.4397302294975508 0.39608235107874934
32069587440058 urban05_1519102864914766000.pcd urban05_1519102867436227000.pcd 0.1674165586313836 0.5501663164593088 0.7618868751202967 -0.34182658432752877 -0.15635376441274745 -0.3018557583762509 0.5631147192095343 0.7692755775043595 0.7943198410105873 0.7785885469031086 -0.32004718797233134 0.5397866912978766 0.7762751519026245
32069587440059 urban05_1519102864914766000.pcd urban05_1519102867436227000.pcd 0.1674165586313836 0.6455389657386128 -0.5365138317292226 -0.5435368911825116 1.0416759633068347 0.7621294208344203 0.4985519916484004 0.4130431666569542 -0.3451690627334065 0.049378027620726656 -0.6808809146882006 0.730727712901082 -0.4879393338977504
32069587440060 urban05_1519102864914766000.pcd urban05_1519102867436227000.pcd 0.1674165586313836 0.020040046626735364 -0.3613973677264307 0.9321965131513875 0.1953683914063615 0.006743910462179897 0.9324114067644009 0.3613357001561134 1.6597107986097988 -0.999776433110361 -0.0009545344611833206 0.021122799556073046 0.2862351660709231
32069587440062 urban05_1519102706237430000.pcd urban05_1519102708960610000.pcd 0.16426880349663084 0.952243148994167 -0.2789048278687697 0.12427824501965358 0.08397708109385374 0.29627162541186314 0.9424264854542547 -0.15509817371637363 0.06635130726458645 -0.07386548022916913 0.1845112909982305 0.980050750892361 0.22878325468912766
32069587440063 urban05_1519102706237430000.pcd urban05_1519102708960610000.pcd 0.16426880349663084 0.9594253342616579 0.09103055197307103 -0.26686413506573703 -0.02526883311243204 -0.014355353517105658 0.9609939912821297 0.2761964383279424 0.09786976206977717 0.2815971445208648 -0.2611589311647602 0.9233087570637328 -0.002925285445680797
32069587440064 urban05_1519102706237430000.pcd urban05_1519102708960610000.pcd 0.16426880349663084 0.959328161014101 0.276067157734546 -0.05896103718280845 0.03324791459944209 -0.2795499560812131 0.9581001996025278 -0.06241658094279369 -0.0003620531219412453 0.03925941339723555 0.07636053916759493 0.9963070643720937 -0.025610679543765103
32069587440065 urban05_1519102706237430000.pcd urban05_1519102708960610000.pcd 0.16426880349663084 0.958529694723788 0.08764770930902427 -0.27118020463448755 -0.03255047586619724 -0.11958271836802387 0.9874099436777801 -0.10354504620674487 -0.08254797084888603 0.25869054447435 0.13167946756850069 0.9569429032185988 -0.17679137607158912
32069587440066 urban05_1519102706237430000.pcd urban05_1519102708960610000.pcd 0.16426880349663084 0.9472755600004511 -0.30949333794076817 -0.08296316770780693 -0.11413818818106558 0.3198672748977084 0.8981914509629352 0.3015576957509319 -0.11824368704206896 -0.018813289859726058 -0.3121954374864873 0.949831600304641 -0.1465532352151462
32069587440067 urban05_1519102706237430000.pcd urban05_1519102708960610000.pcd 0.16426880349663084 0.9829768272886702 0.17512750407374889 -0.055560006573062766 -0.13858843506343008 -0.17462186006852415 0.9845379240650387 0.013866580829921213 -0.15517941437432703 0.057129353223264116 -0.003928535936330203 0.9983590554533416 0.28237552555529327
32069587440068 urban05_1519102706237430000.pcd urban05_1519102708960610000.pcd 0.16426880349663084 0.9585222629714941 0.26430293364960933 -0.10667253935393321 -0.044076498794618606 -0.22883296310111537 0.9367590420927624 0.264797983481397 -0.24662393756466294 0.16991334964142696 -0.22940456909499607 0.9583856203491212 -0.03606768377322749
32069587440069 urban05_1519102706237430000.pcd urban05_1519102708960610000.pcd 0.16426880349663084 0.9953526902069376 0.04304265172928692 -0.08614146637899775 0.041222179981672644 -0.05444837012385722 0.9893789423970173 -0.13477641979298718 0.11296266606726513 0.07942541840411127 0.13884033446182478 0.9871245941814342 0.010939982282132582
32069587440070 urban05_1519102706237430000.pcd urban05_1519102708960610000.pcd 0.16426880349663084 0.9315694551545325 -0.1485939574643539 -0.3318104670262361 0.1388716212332795 0.11635785820042595 0.9865143568713286 -0.1151098280849996 -0.06807267976917114 0.3444404143797541 0.06862404456041911 0.9362967165648252 0.008846661379859682
32069587440071 urban05_1519102706237430000.pcd urban05_1519102708960610000.pcd 0.16426880349663084 0.8751250450829721 -0.09199080705157286 0.4750724648793344 0.16096212265828308 0.18207684906533506 0.9722118069245614 -0.14714694529931152 0.0737449909161053 -0.4483348932471857 0.21527167462181288 0.8675562976559822 0.10893341224880937
32069587440072 urban05_1519102706237430000.pcd urban05_1519102708960610000.pcd 0.16426880349663084 0.8674968833513803 -0.3131652135955584 -0.38649282835427795 0.20193626980803403 0.3382016117630138 0.9410674747471743 -0.0034172757973996437 -0.11588005855062922 0.3647860018922611 -0.12774802138046637 0.9222860813526541 0.1952561042781542
32069587440073 urban05_1519102706237430000.pcd urban05_1519102708960610000.pcd 0.16426880349663084 0.9233922220198125 0.08714710790463674 -0.3738344364784645 0.9556010981195228 -0.12422955858797786 0.9893212442476563 -0.07622658626296712 -0.19294725069362462 0.363199423301235 0.1168283238950512 0.9243577887644608 0.3264257212706283
32069587440074 urban05_1519102706237430000.pcd urban05_1519102708960610000.pcd 0.16426880349663084 0.9222265571628053 0.3791023561480728 -0.07602355441979074 -0.10797805224961231 -0.3837411620967393 0.9214943784660687 -0.05992354268630908 -0.2701010468906417 0.04733812180772702 0.08443644958436841 0.9953037667995149 0.006690074942037394
32069587440075 urban05_1519102706237430000.pcd urban05_1519102708960610000.pcd 0.16426880349663084 0.9921643415586514 0.08741020016233061 -0.08927136297306815 -0.4619922286922623 -0.07803761182374577 0.9915558928531545 0.10357143664655026 0.3625175441652363 0.09757074602735372 -0.0957933622740391 0.9906076828209545 -0.20307607417583465
32069587440076 urban05_1519102706237430000.pcd urban05_1519102708960610000.pcd 0.16426880349663084 0.9722708693476824 -0.09924223109499035 0.21175536872813994 -0.08590431988082575 0.06292236793503604 0.98311275733319 0.1718431900954477 -0.011292940509095392 -0.2252335060139808 -0.15375397860224874 0.9620964514187906 0.08675520854266296
32069587440077 urban05_1519102706237430000.pcd urban05_1519102708960610000.pcd 0.16426880349663084 0.6703834477111892 0.32509185950362884 -0.6670092322594434 0.3172057508242983 -0.42424204552010725 0.9054261567467574 0.01490508274755592 -0.3551948638863845 0.6087731267457315 0.2729812403138155 0.7449003440655376 -0.49033617801228113
32069587440078 urban05_1519102706237430000.pcd urban05_1519102708960610000.pcd 0.16426880349663084 0.9985362826365346 0.02054251005015747 0.050032964525895826 -1.1538870913131125 -0.008229616681874816 0.9719992405224519 -0.23483983868382677 -0.08028875402712084 -0.053456203266597405 0.2340843474148059 0.9707455653402205 -0.42197759665829365
32069587440079 urban05_1519102706237430000.pcd urban05_1519102708960610000.pcd 0.16426880349663084 0.9429923943274162 0.3239111567520681 0.07646506896736338 -0.8068439774225928 -0.3077047028415168 0.9360721154294576 -0.1705485577911284 1.0033326848364243 -0.12681939950126056 0.13729733153618526 0.982377871627401 -0.1660554367185204
32069587440080 urban05_1519102706237430000.pcd urban05_1519102708960610000.pcd 0.16426880349663084 0.9642605949016034 -0.10698343598124083 -0.24239647180941645 -0.3636726206699317 -0.04684785240482245 0.831600390104912 -0.5533950396438458 -0.15678429133572266 0.2607811033128387 0.5449727842773486 0.7968675426643581 0.36048884599679937
32069587440081 urban05_1519102706237430000.pcd urban05_1519102708960610000.pcd 0.16426880349663084 0.7415773816841713 -0.6701342221683048 0.031354604978057865 0.08038539309215653 0.6025758480819062 0.6448152471269638 -0.4702293529555169 -0.43151878961353746 0.2948988543260558 0.36760498004172065 0.8819870998862205 0.26215654276626116
32069587440082 urban05_1519102706237430000.pcd urban05_1519102708960610000.pcd 0.16426880349663084 0.9828195563682773 -0.1724696273132171 -0.06572630580294908 1.0506332396563653 0.07766809633066016 0.7095085240801589 -0.7004036843635006 -0.49439415383988883 0.16743173663446864 0.6832656012942806 0.7107142405042488 -1.8533613315082587
32069587440083 urban05_1519102706237430000.pcd urban05_1519102708960610000.pcd 0.16426880349663084 0.783365265213427 0.6215594055865771 -0.0016633051307625574 -1.244680168111801 -0.6081382330154802 0.7669979107716406 0.20465115298172143 0.698838547229631 0.12847860056019705 -0.1593050852885723 0.9788335604173438 -1.2556127376071218
32069587440084 urban05_1519102706237430000.pcd urban05_1519102708960610000.pcd 0.16426880349663084 0.6169797762674121 -0.06096610470423447 -0.7846139749929304 -0.23466685807786952 0.7840637593950762 0.13335509849682842 0.606185152332323 0.4879203883291843 0.06767552644992553 -0.9891913625694948 0.1300787120847678 0.7146624484399751
32069587440085 urban05_1519102706237430000.pcd urban05_1519102708960610000.pcd 0.16426880349663084 0.8144840040081098 -0.10026978784370302 -0.5714558398167754 0.40330361045320257 0.06852985074588724 0.9946842116812702 -0.07685687079732291 -0.7332515480192674 0.5761245236679858 0.02343690845202828 0.8170258530490621 1.8008151384880782
32069587440086 urban05_1519102706237430000.pcd urban05_1519102708960610000.pcd 0.16426880349663084 0.46378562643652915 -0.26042904162094205 0.8468055307987037 2.834679143254661 -0.15380769821796214 0.9176364442425308 0.3664512903058433 0.23554941315554623 -0.8724941745821395 -0.30020005076335815 0.3855306016931842 -0.5176631556683745
32069587440087 urban05_1519102706237430000.pcd urban05_1519102708960610000.pcd 0.16426880349663084 0.7073927041751037 -0.3717230022590231 -0.601180149099563 -1.0138411707378723 0.4319782636725288 0.9005763584770642 -0.04854896771979535 -1.5753228344006 0.5594553975021617 -0.22535357140220535 0.7976374026222502 0.4027503713745107
32069587440088 urban05_1519102706237430000.pcd urban05_1519102708960610000.pcd 0.16426880349663084 0.7687700160026767 -0.14454973118295933 -0.622975150154626 -0.9650174899054892 0.5230933987427787 0.7025425227911836 0.4825010879385953 0.9956346978950015 0.36792113106883795 -0.6968065577225389 0.6157066366605881 -0.2483174961144982
32069587440089 urban05_1519102706237430000.pcd urban05_1519102708960610000.pcd 0.16426880349663084 0.5549854218845042 -0.5461364251238215 0.6274760446811108 0.22925692079896487 0.1775346844273702 0.8146878351938319 0.5520554021223432 -0.08844664514328182 -0.8126946642626326 -0.19498393867229277 0.5490980298078719 0.4998088137054973
32069587440090 urban05_1519102706237430000.pcd urban05_1519102708960610000.pcd 0.16426880349663084 0.32400777404942915 0.9085197896649685 0.26383850011447463 0.6594422622930745 -0.9257775789761561 0.24705374738874908 0.28618231980019876 -1.7654212503137765 0.19482001083200143 -0.33698106428744284 0.9211345860899596 -1.5808822923663006
32069587440091 urban05_1519102706237430000.pcd urban05_1519102708960610000.pcd 0.16426880349663084 0.9865494581875893 -0.040440067441687204 -0.1583817145224981 -1.1177691291854779 0.07089998328194061 0.978891643639218 0.19168813834958845 -0.2416815035875611 0.14728665560869675 -0.2003390899415843 0.9685922207621653 0.18098340980325384
32069587440093 urban05_1519102385763412000.pcd urban05_1519102387276306000.pcd 0.1550392017106201 0.9685757195912932 0.23159579227588706 -0.09068883293059032 0.13216773213090896 -0.24717391510106745 0.9368695239788867 -0.24734702491274155 -0.10204291678863149 0.02767907353613299 0.26199023653502485 0.9646735120487671 -0.12676514926620616
32069587440094 urban05_1519102385763412000.pcd urban05_1519102387276306000.pcd 0.1550392017106201 0.9957644571727874 0.05597012986833404 -0.07294169174008845 0.11673511326765791 -0.06152067064082929 0.9951918605287454 -0.0762126486958504 -0.13897155576949044 0.06832534606781636 0.08037726855185068 0.9944200027075366 0.09860671374413726
32069587440095 urban05_1519102385763412000.pcd urban05_1519102387276306000.pcd 0.1550392017106201 0.970053785366258 -0.1415753126884155 -0.19736282409250971 -0.13901514537434456 0.09659160539996658 0.9703997753646283 -0.22134664609732793 -0.08163140473169793 0.22285806079846138 0.19565455989947175 0.9550149621486005 -0.01319034758319952
32069587440096 urban05_1519102385763412000.pcd urban05_1519102387276306000.pcd 0.1550392017106201 0.9816790193366528 0.1729815423861619 0.0798979911382753 -0.10950569582003265 -0.16424607525933035 0.9807751138955374 -0.10537268490980883 -0.07080862699540512 -0.09658949091973638 0.0903192225215648 0.9912178914279978 -0.13466592527207963
32069587440097 urban05_1519102385763412000.pcd urban05_1519102387276306000.pcd 0.1550392017106201 0.9875995623853399 0.06225360099525035 0.14412353568869019 -0.06465859843676453 -0.06465787091712577 0.9978346846383583 0.012054122163474706 0.13105297112629452 -0.14306105027137644 -0.021223366740266147 0.9894862831790335 0.05498930598558909
32069587440098 urban05_1519102385763412000.pcd urban05_1519102387276306000.pcd 0.1550392017106201 0.9854769778842736 0.1339880066072783 0.1043184554404792 -0.01255578417252054 -0.13704330117916877 0.9903058278546243 0.02266055866661794 0.0184440856448439 -0.10027093129115204 -0.03662760437942321 0.9942857531592364 0.02134529417479897
32069587440099 urban05_1519102385763412000.pcd urban05_1519102387276306000.pcd 0.1550392017106201 0.9980310092061969 0.03571804778314455 0.051558953882147464 -0.1370070398953148 -0.03223638752368628 0.9972422527429039 -0.06684837068830643 -0.057696045948437163 -0.05380446061697051 0.06505467244417965 0.9964301127579885 0.07144496634844713
32069587440100 urban05_1519102385763412000.pcd urban05_1519102387276306000.pcd 0.1550392017106201 0.9822142078145293 -0.08809589997259973 0.16581424056845934 -0.12074634888369132 0.07284829575257373 0.9927213980816955 0.09590282371583286 0.15384338598110125 -0.17305599028413537 -0.08211783118630367 0.9814826977731372 0.008589884567929537
32069587440101 urban05_1519102385763412000.pcd urban05_1519102387276306000.pcd 0.1550392017106201 0.9521473094121153 0.14892736375382665 -0.2669009956980399 -0.06600121372887335 -0.1795706047754672 0.979223708615393 -0.09420895066865562 -0.11380390192319584 0.24732549217547845 0.1376283721143705 0.9591081962475901 -0.1577051248889861
32069587440102 urban05_1519102385763412000.pcd urban05_1519102387276306000.pcd 0.1550392017106201 0.9130695552286785 -0.31489507853095117 0.2591236709208357 -0.23646948851712715 0.27578867813352353 0.9448825105176433 0.176458624983988 0.11841094851790349 -0.30040737728602346 -0.08965562355403067 0.9495879510805046 -0.1869376265818664
32069587440103 urban05_1519102385763412000.pcd urban05_1519102387276306000.pcd 0.1550392017106201 0.8287253244933219 -0.34543516257758716 -0.4403281560364202 -0.23819158155003578 0.3070853795716895 0.9384337544135476 -0.15824240338987722 -0.42114487001594425 0.46788129498490266 -0.004078851834667094 0.8837819056594003 0.45699702635904416
32069587440104 urban05_1519102385763412000.pcd urban05_1519102387276306000.pcd 0.1550392017106201 0.9716442016574823 0.09989845534243408 -0.2143078253484676 -1.1265394429897864 -0.09664638769426442 0.9949888249780888 0.025626429996625226 0.47511729129156305 0.21579393209968517 -0.004187694940859568 0.9764299473490347 -0.111744125557712
32069587440105 urban05_1519102385763412000.pcd urban05_1519102387276306000.pcd 0.1550392017106201 0.98973723061815 -0.11287694204667388 -0.08762996224184062 0.37281452149027633 0.12789763068859655 0.9732418654568463 0.1908991026336185 -0.7857093912596911 0.06373704097742498 -0.20014761371615017 0.977690402086045 -0.1309469521236466
32069587440106 urban05_1519102385763412000.pcd urban05_1519102387276306000.pcd 0.1550392017106201 0.8940067843036013 0.15972558085549676 0.4186163021664453 0.029900114258782206 0.018551751929520674 0.9203028053992666 -0.39076665527471194 -0.8659042548177065 -0.4476691882623597 0.35711410668666416 0.8197937622877514 0.47657961576269975
32069587440107 urban05_1519102385763412000.pcd urban05_1519102387276306000.pcd 0.1550392017106201 0.9809067883089518 -0.012124070373976725 -0.1941001792038947 -0.3668275392968635 0.09767779500844895 0.8937510105406602 0.43779924568212325 -0.6005931360389825 0.16816932244528013 -0.4483995295215145 0.8778706857579764 -0.7264506866482524
32069587440108 urban05_1519102385763412000.pcd urban05_1519102387276306000.pcd 0.1550392017106201 0.9683981817394918 0.0524204861781059 -0.24383817222185986 -0.23035086469170013 -0.15338355677946539 0.8960957694167474 -0.4165163340651699 0.125070969976402 0.19666836581750227 0.4407544267075019 0.8758179543857356 0.10217769490533754
32069587440109 urban05_1519102385763412000.pcd urban05_1519102387276306000.pcd 0.1550392017106201 0.8626400572173202 0.4950924502503602 0.1036127279304677 0.017692231033356473 -0.4623505885878827 0.8548658967042604 -0.23544900060195462 -0.08282906925703447 -0.20514401018927408 0.1552023336071831 0.96634785182477 -0.037403717626787056
32069587440110 urban05_1519102385763412000.pcd urban05_1519102387276306000.pcd 0.1550392017106201 0.9903361312831274 0.010183368046035583 0.13831357883594725 -0.005171177019581149 -0.07248279095139587 0.8882610694737598 0.45358407982779697 0.6489598459239125 -0.11823955383485281 -0.4592260570487829 0.8804151500493183 0.3727435787515462
32069587440111 urban05_1519102385763412000.pcd urban05_1519102387276306000.pcd 0.1550392017106201 0.9435198297291258 0.31455312347416614 -0.10405125381545119 -0.2544830413924607 -0.3186140148988172 0.9475654468635296 -0.024593361306981806 -0.5067150212287269 0.09085945420250871 0.05635651180622711 0.9942678226509479 0.41024783883508176
32069587440112 urban05_1519102385763412000.pcd urban05_1519102387276306000.pcd 0.1550392017106201 0.8276828523230493 0.28046998068201257 -0.48608403173382786 1.3265772642517664 -0.4097817313169071 0.893839966094883 -0.18201386675310388 -0.40321142741105764 0.3834319087521273 0.3498381124859468 0.854747486924045 -0.05742949621122537
32069587440113 urban05_1519102385763412000.pcd urban05_1519102387276306000.pcd 0.1550392017106201 0.9382417178540415 0.1005466031642174 0.3310481225901073 -0.734104989806824 -0.08390165729588736 0.9944017496362945 -0.06423139593127228 1.5796020195846685 -0.3356530809947985 0.0324890891287179 0.9414252324567711 -0.9903146122230544
32069587440114 urban05_1519102385763412000.pcd urban05_1519102387276306000.pcd 0.1550392017106201 0.22534710350776466 0.9736624359053535 0.034643092349187 -0.8714353372619044 -0.8785937626702466 0.18771985778896116 0.4391289732967194 -1.8342858974936362 0.4210601894475415 -0.12939364705635925 0.8977558693563941 -1.3975211772417393
32069587440115 urban05_1519102385763412000.pcd urban05_1519102387276306000.pcd 0.1550392017106201 0.16292666234023861 0.040280248944936585 0.9858156035707711 -0.09594009018352194 -0.025531392474587085 0.9990038153780945 -0.03659951991924194 0.25910749141612893 -0.9863077870000715 -0.019206207458640143 0.1637927681495041 1.4232516151858463
32069587440116 urban05_1519102385763412000.pcd urban05_1519102387276306000.pcd 0.1550392017106201 0.9571928613309586 0.019039360213752785 -0.2888240450165173 0.5565637480411052 0.2677095299738866 0.32118477502440385 0.9083897554759651 1.5635481730161027 0.11006104568925812 -0.9468251385842973 0.3023387556477221 0.1849933178168706
32069587440117 urban05_1519102385763412000.pcd urban05_1519102387276306000.pcd 0.1550392017106201 0.6983086065472581 -0.6960244006590336 0.16707819639097168 -0.28651108843371004 0.38180821045713464 0.16475368511606653 -0.9094386805432221 -0.15616629085636113 0.6054647640032799 0.6988606849207569 0.3807967471270514 0.6051876097617134
32069587440118 urban05_1519102385763412000.pcd urban05_1519102387276306000.pcd 0.1550392017106201 0.8500426084358431 0.47156253778649904 0.23464086771051623 -0.019685889284085992 -0.5007996732529705 0.861605221506413 0.082680889827108 -0.827309290008929 -0.1631785865648594 -0.1877903491376515 0.9685595147730743 -1.0140019619135678
32069587440119 urban05_1519102385763412000.pcd urban05_1519102387276306000.pcd 0.1550392017106201 0.9967342141901085 -0.04593338949553866 0.0664155854621356 -0.9047759045945547 0.02858532095506339 0.9699057116819862 0.24179700137213472 -1.0443253276111315 -0.07552341152730796 -0.2391088333293257 0.9680512280531264 0.5858329480824505
32069587440120 urban05_1519102385763412000.pcd urban05_1519102387276306000.pcd 0.1550392017106201 0.5786134539167629 -0.129848804262406 -0.8051992045314859 1.8322406899451698 -0.03100414631921846 0.9830300122206577 -0.180805801855113 -0.7522570776495295 0.8150124010452423 0.12958118345298927 0.564768539348105 -1.1573213644423075
