id source target overlap t1 t2 t3 t4 t5 t6 t7 t8 t9 t10 t11 t12
34562489690000 urban05_1519102894479453000.pcd urban05_1519102896597480000.pcd 0.4035 0.993600696220151 -0.08454515230655214 -0.07489842249535925 684738.3277612422 0.07550756582029923 0.9903489711747798 -0.11622186884123158 24628.920206181312 0.08400157126342706 0.10982273223024984 0.9903952259127456 -942613.5483579255
34562489690001 urban05_1519102894479453000.pcd urban05_1519102896597480000.pcd 0.4035 0.9819394832721504 -0.18221030372451724 -0.05093384344265944 1478718.9638067835 0.18394913638988492 0.9824212649625768 0.031798952352962186 12219.819444132154 0.044244394137988655 -0.040593883356358225 0.9981956572843886 295532.1716839962
34562489690002 urban05_1519102894479453000.pcd urban05_1519102896597480000.pcd 0.4035 0.9139509585999896 -0.0374557052177675 0.4040924590001644 361742.99147807213 -0.017067267356389124 0.9913031753360678 0.13048648571256152 81941.72263717784 -0.4054656010799749 -0.12615500273579597 0.9053632208266392 1299840.0658240002
34562489690003 urban05_1519102894479453000.pcd urban05_1519102896597480000.pcd 0.4035 0.8921394970673001 -0.1367435010750852 0.43056745428124615 1175908.8682612902 0.053432720294237394 0.9783385560079055 0.1999965355458042 136721.4709533652 -0.44858896795893527 -0.1554184182846245 0.8801210445634412 1565581.5800486968
34562489690004 urban05_1519102894479453000.pcd urban05_1519102896597480000.pcd 0.4035 0.911001858916871 -0.4105513471628037 -0.03902825121385948 3365728.3176830476 0.3881848094625505 0.8856092086245942 -0.25496839667269133 647731.2239658413 0.13924139740942154 0.2171265090727674 0.966161431803891 -1844755.170404378
34562489690005 urban05_1519102894479453000.pcd urban05_1519102896597480000.pcd 0.4035 0.9298977058783006 -0.3627964645129382 -0.06057212179861168 2968232.9808456367 0.3364337578321415 0.9055029261860833 -0.2586054470798795 524022.09325075714 0.14866937543831074 0.22009810541063912 0.96408207161083 -1875285.6466074828
34562489690006 urban05_1519102894479453000.pcd urban05_1519102896597480000.pcd 0.4035 0.9949328117817741 0.06127135248795794 -0.07971525201810085 -489404.519117546 -0.04912057754734911 0.9880144670170512 0.14633721955274115 130915.01118957056 0.08772610159711751 -0.14168004209947394 0.9860176959716613 1078308.8146649897
34562489690007 urban05_1519102894479453000.pcd urban05_1519102896597480000.pcd 0.4035 0.993669603044582 -0.008217297419143758 -0.11204104608735228 70577.65736954275 -0.01187989835055213 0.9840433214452882 -0.17753199580387094 136755.50925605703 0.11171207634093734 0.17773918403675212 0.9777163159411558 -1508517.819239571
34562489690008 urban05_1519102894479453000.pcd urban05_1519102896597480000.pcd 0.4035 0.9945162968555952 0.10333040208357812 0.016129578230061233 -827524.5840922917 -0.10115594202246668 0.9895809140969101 -0.10245530659107435 154899.5351593735 -0.026548270794553602 0.100261869423873 0.9946068302889585 -788036.6865651743
34562489690009 urban05_1519102894479453000.pcd urban05_1519102896597480000.pcd 0.4035 0.999257381385978 0.03750360097659051 0.008841134510169381 -301225.39270776033 -0.03759357311728526 0.9992406447608164 0.010239976477674047 32515.09336373348 -0.008450384956530397 -0.010564741917182385 0.9999084844236046 90937.24092428561
34562489690010 urban05_1519102894479453000.pcd urban05_1519102896597480000.pcd 0.4035 0.9976637406441365 -0.06831450494016617 -0.00043476284225528526 551284.5024703612 0.06831448621302422 0.9976638349829702 -5.77972604028603e-05 -29189.9505803356 0.00043769555574382335 2.7961630819316934e-05 0.9999999038203692 -532.4426163794709
34562489690011 urban05_1519102894479453000.pcd urban05_1519102896597480000.pcd 0.4035 0.9947019291615106 -0.0840127436005451 0.05924467094244334 679661.2921536432 0.08209895319561832 0.9960429081723778 0.034033615201678115 -25835.522531571434 -0.06186949172696502 -0.028989377230656265 0.9976631605914021 276701.22611889604
34562489690012 urban05_1519102894479453000.pcd urban05_1519102896597480000.pcd 0.4035 0.9996670124023762 -0.022655854828281273 -0.012352188328692715 182519.8139125778 0.023381393685481894 0.9977925201268198 0.06215623225626218 1328.0089991768218 0.010916718546896586 -0.062424346379996186 0.9979899930536369 494585.187735154
34562489690013 urban05_1519102894479453000.pcd urban05_1519102896597480000.pcd 0.4035 0.9983063552928141 -0.03809360598152695 -0.04396928661352366 307688.99878040154 0.038845049605926656 0.9991112472478285 0.016363915912821842 -20137.45244154928 0.04330684822393699 -0.01804419037288679 0.9988988557860582 114759.53091234299
34562489690014 urban05_1519102894479453000.pcd urban05_1519102896597480000.pcd 0.4035 0.9741690940415106 0.22430580992926977 -0.026105168957824068 -1786568.4616056816 -0.21681092298496976 0.8967084545108788 -0.38588466059577514 983412.3910426165 -0.06314744562330094 0.3815767959935265 0.9221776124318822 -3025716.8704592846
34562489690015 urban05_1519102894479453000.pcd urban05_1519102896597480000.pcd 0.4035 0.9372393142710892 0.3486793415124531 -0.0022769688405387145 -2761314.1539682243 -0.3486448697798587 0.9370054545900448 -0.021622507826080262 751740.8967491008 -0.005405789567129183 0.021059317912639135 0.9997636133447798 -165641.57200710505
34562489690016 urban05_1519102894479453000.pcd urban05_1519102896597480000.pcd 0.4035 0.9988682838482199 -0.03018547215024826 -0.0367557994495905 243666.23516499845 0.028633142071586088 0.9987050577000472 -0.042051764522472446 -9687.771332776363 0.03797755517697655 0.04095173983375666 0.9984391119679596 -356165.2940269047
34562489690017 urban05_1519102894479453000.pcd urban05_1519102896597480000.pcd 0.4035 0.8995033534127542 0.3800518228179532 -0.21553266381678837 -2987191.9629996233 -0.41696399360774833 0.8940742404484365 -0.16362237194598056 1145166.5862013763 0.13051722198195626 0.2370482325167228 0.962690703303408 -1998912.7452408776
34562489690018 urban05_1519102894479453000.pcd urban05_1519102896597480000.pcd 0.4035 0.9138142059857443 -0.39541494486782613 -0.09268558849043149 3241976.708683634 0.3989027937471159 0.9167305694455532 0.021945937773935408 389764.6282748074 0.07628996054127607 -0.05702704989043 0.9954535436178851 405240.16549095185
34562489690019 urban05_1519102894479453000.pcd urban05_1519102896597480000.pcd 0.4035 0.9369121118147081 0.09321653501539512 -0.3369070678015341 -705635.9033656856 -0.028354246035390322 0.9808790318129121 0.19254184397561178 173731.29776792656 0.34841316201697725 -0.17084203976038184 0.9216405296989948 1129836.4806970968
34562489690020 urban05_1519102894479453000.pcd urban05_1519102896597480000.pcd 0.4035 0.9994435448203005 0.020428924070786503 0.026367779169699544 -163979.4718650066 -0.019162216492338763 0.9986907451007995 -0.04743000220441407 24001.489612919555 -0.027302200939351786 0.0468983444411423 0.9985264819285201 -358155.30145198834
34562489690021 urban05_1519102894479453000.pcd urban05_1519102896597480000.pcd 0.4035 0.9746743554877666 0.2158229812549025 0.058569117431910234 -1718684.6735081035 -0.2167906715917794 0.9761602549725601 0.01062832642949839 344087.4468478003 -0.05487900751008669 -0.023056395515186554 0.9982267764193441 224054.8296223456
34562489690022 urban05_1519102894479453000.pcd urban05_1519102896597480000.pcd 0.4035 0.9784649171705841 0.20474831858498585 -0.02616356059451688 -1632231.13357154 -0.19182113325849995 0.9487709233862047 0.2510744665877302 546881.3366180825 0.07623030041779066 -0.24064883331009437 0.9676141174686859 1882667.7057008059
34562489690023 urban05_1519102894479453000.pcd urban05_1519102896597480000.pcd 0.4035 0.9659749581442196 -0.2313063026300564 0.11571419360599544 1884924.0625560714 0.21826516402881377 0.9690809914299484 0.11507541101652909 95435.90648529679 -0.13875409330808247 -0.08590358789224604 0.9865940782193511 788627.9585488981
34562489690024 urban05_1519102894479453000.pcd urban05_1519102896597480000.pcd 0.4035 0.9230771410758911 0.15655289401229908 -0.35131151845553454 -1205506.5867618932 -0.20245617449953332 0.9744015261241299 -0.09774028490843131 348184.4615847451 0.3270169552640567 0.16134700884534756 0.9311428750232079 -1527857.4134205626
34562489690025 urban05_1519102894479453000.pcd urban05_1519102896597480000.pcd 0.4035 0.9556044482952488 -0.27408798781641125 0.10814764598956414 2236421.9029449346 0.2883536617859242 0.9453935885078946 -0.15193132837836593 236827.1098812789 -0.0605995390492547 0.1763710229683913 0.98245659350635 -1376474.3619655774
34562489690026 urban05_1519102894479453000.pcd urban05_1519102896597480000.pcd 0.4035 0.9774672161590636 -0.18232283189011372 -0.1063777528707007 1482774.6161912682 0.1867347923851304 0.98185531375741 0.03301908780115298 14816.385184606916 0.09842742832733553 -0.052139503429811704 0.9937773963695089 350366.6085078322
34562489690027 urban05_1519102894479453000.pcd urban05_1519102896597480000.pcd 0.4035 0.9767493890309855 0.0833252617734836 0.19752855939832395 -654114.6551825918 -0.05901532400313056 0.990283680125471 -0.12591832436130843 119647.75157568007 -0.20610148607033932 0.11133343445494974 0.9721764468511174 -750989.7010573292
34562489690028 urban05_1519102894479453000.pcd urban05_1519102896597480000.pcd 0.4035 0.9002018314400192 0.4320656500391008 -0.05436852700160769 -3406198.7350774095 -0.4319799288717767 0.9017756859356638 0.01392671200239848 1093723.4745316976 0.055045469604410084 0.010949260776520952 0.9984238127991929 -126760.46365586232
34562489690029 urban05_1519102894479453000.pcd urban05_1519102896597480000.pcd 0.4035 0.9792159246346546 -0.11363955027408051 -0.1679947188318833 928944.4878382542 0.1360699571009934 0.982310604901782 0.12865007684424157 46727.30450346302 0.15040325700074655 -0.14883523813600114 0.9773571159880955 1091852.6912501287
34562489690031 urban05_1519102919794925000.pcd urban05_1519102921812093000.pcd 0.4494 0.8681641436395161 -0.49627700658013424 0.00039043376809072745 4085518.3637214354 0.49627395338003727 0.8681554369775837 -0.004277901683008155 712211.9846349166 0.0017840670431397952 0.003907682960826269 0.9999907735167677 -32693.93113740681
34562489690032 urban05_1519102919794925000.pcd urban05_1519102921812093000.pcd 0.4494 0.9635535641587908 0.2150284520327147 -0.1591455114456748 -1704441.9054326357 -0.22522486692048266 0.9730808125113942 -0.04886196519600554 374786.82433262747 0.14435473084572514 0.08292464735275819 0.9860452396030716 -768581.0730337448
34562489690033 urban05_1519102919794925000.pcd urban05_1519102921812093000.pcd 0.4494 0.8728565869869175 0.4875072819621186 -0.02140160245068815 -3833051.6347057857 -0.4878851630291568 0.8727029343644218 -0.018911796523355114 1366887.1804865832 0.009457602738694854 0.026948810467905985 0.9995920744807864 -223466.05822651176
34562489690034 urban05_1519102919794925000.pcd urban05_1519102921812093000.pcd 0.4494 0.9498283501433553 -0.30906489054009173 0.04801040199157713 2521890.5238355147 0.3013363370552274 0.9453832932507173 0.12428532018129351 227759.53974160418 -0.08380046082265971 -0.10358244193814584 0.9910843357091467 892260.1978582824
34562489690035 urban05_1519102919794925000.pcd urban05_1519102921812093000.pcd 0.4494 0.9462028615335013 -0.017397597676719768 -0.32310597088400056 177808.6635653166 -0.06366191621968666 0.969026908433796 -0.2386084892757947 293950.7834635386 0.31724959456089336 0.2463415805874405 0.9157884692573008 -2204822.1398493247
34562489690036 urban05_1519102919794925000.pcd urban05_1519102921812093000.pcd 0.4494 0.9945021777258178 0.03207096769779531 0.09968385791858611 -254187.41688686633 -0.036217989777192774 0.9985401036895097 0.04007391346302775 37179.39560249186 -0.09825312063799832 -0.04346394315602355 0.9942118536460048 418711.99554504955
34562489690037 urban05_1519102919794925000.pcd urban05_1519102921812093000.pcd 0.4494 0.9694147140762491 0.245427044030428 -0.0008235234972288029 -1953160.8209037844 -0.2431786188309946 0.9600695296560816 -0.1383136203322007 492095.8451681773 -0.033155263170633734 0.13428352201382218 0.9903881381759625 -1057121.135662664
34562489690038 urban05_1519102919794925000.pcd urban05_1519102921812093000.pcd 0.4494 0.9277842257718171 -0.3631071191803608 -0.08584666801646715 2972202.574108449 0.37250744788614004 0.8882698825029154 0.2687281472187307 637269.0878051231 -0.021322093667015138 -0.28130025922276775 0.9593828914895548 2278252.151809604
34562489690039 urban05_1519102919794925000.pcd urban05_1519102921812093000.pcd 0.4494 0.963811774202404 0.17578939762037651 0.20041195471597828 -1388967.2670189086 -0.2366878148161389 0.9101888273002123 0.3399046586550784 888796.2848379761 -0.12266108684654359 -0.3750391797427695 0.9188579168900355 3103636.1594234724
34562489690040 urban05_1519102919794925000.pcd urban05_1519102921812093000.pcd 0.4494 0.9807920849064781 -0.06812449047290053 0.18277291917188315 561577.7278989054 0.02312467403155315 0.9710294635343029 0.23783824418965607 216813.48908866302 -0.1936804988524618 -0.2290433032116236 0.9539533686811792 1978869.6033342502
34562489690041 urban05_1519102919794925000.pcd urban05_1519102921812093000.pcd 0.4494 0.9849558162052025 -0.14261701502912338 0.09758292446799413 1158013.7432625773 0.14966032059000617 0.9863200602670383 -0.06909795333960538 4955.21980544203 -0.08639345209238966 0.08266272278971036 0.9928257881907335 -604400.5865799785
34562489690042 urban05_1519102919794925000.pcd urban05_1519102921812093000.pcd 0.4494 0.9697571049276942 -0.23619048403213558 -0.06152408223551622 1921579.623951755 0.24393385129200276 0.9463915123437808 0.21175311463471386 259953.6549217229 0.008211798591547977 -0.22035689373449763 0.9753847475471282 1767171.1277492088
34562489690043 urban05_1519102919794925000.pcd urban05_1519102921812093000.pcd 0.4494 0.9095565211699854 -0.4137910070774688 0.03852190622188717 3392778.7308377586 0.41000715282245853 0.9086251538953027 0.07933766030806862 447183.8495695206 -0.06783118332724848 -0.05636782921624321 0.996103206699925 501165.42380142753
34562489690044 urban05_1519102919794925000.pcd urban05_1519102921812093000.pcd 0.4494 0.9975102465347004 0.06961790802847034 0.011254107695454702 -558380.8954986918 -0.07015493897571559 0.9958594891914895 0.05781143766227897 82580.88408615657 -0.007182798590735345 -0.05845703267362611 0.9982640846666777 475376.16317346296
34562489690045 urban05_1519102919794925000.pcd urban05_1519102921812093000.pcd 0.4494 0.9924512401856775 0.12131503082190019 0.017977740419535884 -970769.5708456562 -0.11768625433470152 0.9833179854880444 -0.13869277182464193 216900.62422614745 -0.03450335338164622 0.13553008047077833 0.9901722657664199 -1066204.6401649907
34562489690046 urban05_1519102919794925000.pcd urban05_1519102921812093000.pcd 0.4494 0.9654978469490201 0.2559282050795963 0.04811092788070737 -2034906.1656863908 -0.25243491452735783 0.9651889626681166 -0.06846079367937943 457398.4049343794 -0.06395718461886866 0.05395387093046369 0.9964930799294327 -389175.47985976754
34562489690047 urban05_1519102919794925000.pcd urban05_1519102921812093000.pcd 0.4494 0.9089566935667334 0.4143687196152537 -0.04578529703569463 -3269950.577755436 -0.40182890786972425 0.9000716989725323 0.16853624390297772 1086213.0391203242 0.1110461976857207 -0.13479429109986307 0.9846315255294384 1006525.946023792
34562489690048 urban05_1519102919794925000.pcd urban05_1519102921812093000.pcd 0.4494 0.9999540386330026 0.00942252676755443 0.001771047955959316 -75779.40193055698 -0.009424756738128655 0.9999547984150626 0.0012550247481723283 6983.055897849707 -0.0017591423975011097 -0.0012716587616757634 0.9999976441482346 11466.767797964754
34562489690049 urban05_1519102919794925000.pcd urban05_1519102921812093000.pcd 0.4494 0.971245069627025 0.22210543528140547 0.08574491438944268 -1766818.8129908293 -0.22616161139362917 0.9732354069394461 0.040789314915155625 374188.2851567385 -0.07439045810473624 -0.05900862901193411 0.9954818137189144 527020.0587681698
34562489690050 urban05_1519102919794925000.pcd urban05_1519102921812093000.pcd 0.4494 0.9686239378318082 -0.14029499119939196 0.20514624662314393 1150787.6774536823 0.1386520145054839 0.9900869967712842 0.022435634557330737 -17633.09327500833 -0.20626023837078325 0.006712247669860633 0.9784741487634949 90872.93771234201
34562489690051 urban05_1519102919794925000.pcd urban05_1519102921812093000.pcd 0.4494 0.9038164898427269 -0.4248842190235316 -0.05088372149455532 3486075.5824422874 0.42491419395944763 0.9051696062172299 -0.010766232039933677 464528.1319530409 0.05063280024020718 -0.011890517453350838 0.9986465516560534 60104.57486601392
34562489690052 urban05_1519102919794925000.pcd urban05_1519102921812093000.pcd 0.4494 0.9910344072207659 -0.13188152362385644 0.0214025099284036 1067379.2810587795 0.13173749105590135 0.9912522609785467 0.008011776033782815 -22149.793045561004 -0.02227189158741424 -0.005120432752158581 0.9997388379039543 56841.19866279531
34562489690053 urban05_1519102919794925000.pcd urban05_1519102921812093000.pcd 0.4494 0.9411741150294177 -0.3370575896919308 -0.02415504977553684 2753202.1183234877 0.33733425797565453 0.9413478527881332 0.00835574336525198 234958.9374779874 0.019921937521415904 -0.016012535159599682 0.9996733041965038 114839.96503034304
34562489690054 urban05_1519102919794925000.pcd urban05_1519102921812093000.pcd 0.4494 0.9748816601543396 -0.06925422809875975 0.21168278292096346 574814.7332644019 0.13875170237369738 0.9323077171235171 -0.33399144551969745 447224.5626650346 -0.17422317234834087 0.35497348137907586 0.918498837089356 -2733642.704246912
34562489690055 urban05_1519102919794925000.pcd urban05_1519102921812093000.pcd 0.4494 0.9509124929823864 -0.30886111380194686 0.019241701355220027 2519493.948568668 0.3072270340658096 0.9496804949179797 0.060979563063921896 189057.44968728613 -0.03710768423316829 -0.05207465749634631 0.9979535308908374 445043.2851757286
34562489690056 urban05_1519102919794925000.pcd urban05_1519102921812093000.pcd 0.4494 0.9311796717625641 0.05980679792129552 0.3596214201331238 -432902.1550426286 -0.08727382331629342 0.9943383611473225 0.06061768153446026 106842.79340518624 -0.3539600240986541 -0.08783148907571911 0.9311272366689861 955296.4172703928
34562489690057 urban05_1519102919794925000.pcd urban05_1519102921812093000.pcd 0.4494 0.9960716786323759 0.07238762214449777 -0.05100238412806012 -579646.1440163943 -0.07055490308247687 0.9968264854037635 0.03686412413990722 75085.62095488771 0.05350903360651433 -0.03312084174421914 0.9980179322861144 228897.8149690127
34562489690058 urban05_1519102919794925000.pcd urban05_1519102921812093000.pcd 0.4494 0.9595880908475511 -0.12952818091968704 -0.24982623211181956 1070570.8704357408 0.08922672616015091 0.9820090753507567 -0.16642345768398545 82101.97792740489 0.2668881549306626 0.1374067912309602 0.953881589339745 -1292991.9880309028
34562489690059 urban05_1519102919794925000.pcd urban05_1519102921812093000.pcd 0.4494 0.9998367014532608 0.017053456538948072 0.005979134313363409 -137093.9495333149 -0.01701011753924211 0.9998292071636702 -0.007225815093651759 13322.848015505742 -0.006101338243713299 0.007122929351094732 0.9999560178073308 -53023.41064325083
34562489690060 urban05_1519102919794925000.pcd urban05_1519102921812093000.pcd 0.4494 0.9541989684997938 -0.2928069147948312 -0.06138761407858976 2388028.1365403337 0.2947456729324211 0.9552447834638916 0.0251474044910555 153060.1952834099 0.05127686419374378 -0.04208936104712195 0.997797158186523 302624.07335405564
34562489690062 urban05_1519103024082569000.pcd urban05_1519103026604030000.pcd 0.4011 0.929550659248139 0.34483406457129456 -0.13048003603076838 -2724926.3463204056 -0.33330074314589003 0.9372352214049262 0.10247318857367758 739132.8303437097 0.15762673158366194 -0.05176492701916326 0.9861410679111549 305748.48379642406
34562489690063 urban05_1519103024082569000.pcd urban05_1519103026604030000.pcd 0.4011 0.9104854943862776 0.2938475990337195 -0.290980674709325 -2301286.824665398 -0.3567071219517236 0.9140424475409313 -0.1930969529596514 942219.8212683633 0.20922761209050234 0.279606853699086 0.9370399210830903 -2396622.060690057
34562489690064 urban05_1519103024082569000.pcd urban05_1519103026604030000.pcd 0.4011 0.9494945986646641 0.2639986522075704 -0.16960164721845966 -2088553.0091310828 -0.17806466758977663 0.8983741850291229 0.40151811643984586 942695.2398375752 0.2583659831765221 -0.3510392218910097 0.9000102685144118 2642864.1122928075
34562489690065 urban05_1519103024082569000.pcd urban05_1519103026604030000.pcd 0.4011 0.9869571777787257 0.08557608294330435 -0.13635344975149463 -679339.0924297948 -0.12340708196302652 0.9460883252992729 -0.2994788354020831 520499.07526631054 0.10337418126603726 0.31239976754232357 0.9443093581486305 -2586098.8095325488
34562489690066 urban05_1519103024082569000.pcd urban05_1519103026604030000.pcd 0.4011 0.9353212170516565 0.33876186691208554 -0.102052037996536 -2680129.3794193524 -0.340629077433243 0.940197304907484 -0.0009270661686965331 720462.8327528746 0.09563499641860065 0.035628996210134975 0.9947786296905821 -353847.77760324616
34562489690067 urban05_1519103024082569000.pcd urban05_1519103026604030000.pcd 0.4011 0.9825006362887205 0.18607789789769782 -0.008216788072790256 -1484835.5066242705 -0.18602491950840508 0.9825214529158449 0.00680616500156179 271317.2892773873 0.009339647431814965 -0.005158534104862049 0.9999430786358483 34942.386812978526
34562489690068 urban05_1519103024082569000.pcd urban05_1519103026604030000.pcd 0.4011 0.9855928264062936 -0.16889219297470973 -0.009066845573130823 1368982.264121517 0.1689881206280546 0.9855552766264346 0.011127075104903862 -2504.8820394145732 0.0070566013810946 -0.012498954595705476 0.9998969849494311 95605.52231349777
34562489690069 urban05_1519103024082569000.pcd urban05_1519103026604030000.pcd 0.4011 0.9989319375924142 -0.04522170633616078 -0.009485849140220144 364592.868827846 0.045143777436805366 0.998946229638194 -0.008274638987451252 -23235.908770601945 0.009850046527867884 0.0078375740942272 0.9999207713692702 -69978.28914198537
34562489690070 urban05_1519103024082569000.pcd urban05_1519103026604030000.pcd 0.4011 0.8704715680313788 0.28674448671662717 0.4000710544223494 -2216122.686025488 -0.29449752188998185 0.9546628933332146 -0.04347378167717657 571673.396273707 -0.3943988575663628 -0.07997724320250826 0.9154524464547978 920569.3936376933
34562489690071 urban05_1519103024082569000.pcd urban05_1519103026604030000.pcd 0.4011 0.9999808205827081 0.006110945441627734 -0.0010073790465242958 -49153.63322818547 -0.006124126041256228 0.9998881338690425 -0.013646055404941926 5204.294218659416 0.0009238760548549239 0.013651962997803161 0.9999063807973935 -110489.69335896717
34562489690072 urban05_1519103024082569000.pcd urban05_1519103026604030000.pcd 0.4011 0.9049000263335428 0.3163293728848819 -0.284765991986071 -2478246.1708424473 -0.29861627954344966 0.9485985549795118 0.10482890385008518 623338.0622470791 0.30328906992040117 -0.009823916787078196 0.952847957822117 -134027.177513549
34562489690073 urban05_1519103024082569000.pcd urban05_1519103026604030000.pcd 0.4011 0.9790332936464153 -0.16378984745283118 0.12110613445746699 1332520.6490438185 0.15736004302517778 0.9856592156773416 0.060940359446280255 4820.798075873929 -0.12935078968048852 -0.04060537429584823 0.9907671657797951 417576.1669903914
34562489690074 urban05_1519103024082569000.pcd urban05_1519103026604030000.pcd 0.4011 0.9257447563388366 -0.2969081625410163 -0.2341840923881583 2441040.6066891677 0.3346497939636948 0.931621130769039 0.14174478510574412 315031.2349988095 0.17608566526325942 -0.20958914981728988 0.9618036321243858 1562593.3407546706
34562489690075 urban05_1519103024082569000.pcd urban05_1519103026604030000.pcd 0.4011 0.9463134091081169 0.09645411428627955 0.3085247730400643 -738369.1406379812 -0.12169049379770495 0.9905295156295731 0.06358224898439835 161681.0509618554 -0.29947012448897903 -0.09771326677525738 0.9490889115539507 996572.3937890555
34562489690076 urban05_1519103024082569000.pcd urban05_1519103026604030000.pcd 0.4011 0.9909947467292973 0.13343620034353224 0.01114416406988921 -1067265.4273088756 -0.13385440358652348 0.9850250866497926 0.1086672780144263 214506.95614093047 0.0035228675013371812 -0.10918039708871391 0.9940157092803508 875960.4807883601
34562489690077 urban05_1519103024082569000.pcd urban05_1519103026604030000.pcd 0.4011 0.8671925681351693 0.08254028226388119 0.4910846684380695 -570861.8565416449 -0.06411242256868627 0.9964659815203933 -0.05426918964729063 73483.26161003616 -0.49382856037647727 0.015577210160943798 0.8694197510294426 221625.24350042682
34562489690078 urban05_1519103024082569000.pcd urban05_1519103026604030000.pcd 0.4011 0.9899625661354515 0.04835273516435948 0.13280109432017884 -381999.536024997 -0.05639346454786176 0.9967533966444941 0.0574668898928135 65732.02067867247 -0.12959126053403747 -0.06437918359057535 0.9894753286026945 609022.1885879673
34562489690079 urban05_1519103024082569000.pcd urban05_1519103026604030000.pcd 0.4011 0.8942693198291203 -0.43077547390961735 0.12130488320882739 3540162.9182392852 0.4433858497139477 0.8896204078837058 -0.1094738240415017 576600.5450983108 -0.060756661246346336 0.15168395088068362 0.9865599865996103 -1177720.7185110094
34562489690080 urban05_1519103024082569000.pcd urban05_1519103026604030000.pcd 0.4011 0.9962089406040826 -0.08646787602065507 -0.009542173597659338 698361.2175211082 0.08167820008541275 0.967455877585547 -0.2394948779326737 204491.7724920196 0.029940245344661498 0.2378075510610536 0.9708507353692666 -1934363.72269343
34562489690081 urban05_1519103024082569000.pcd urban05_1519103026604030000.pcd 0.4011 0.9688147950780097 0.24554855542056245 -0.033223482189993075 -1953701.5092456597 -0.24608139700941842 0.9691623982571067 -0.012968880076016459 420995.8081227828 0.029014459909617606 0.0207401238040682 0.999363801816308 -187252.9127895588
34562489690082 urban05_1519103024082569000.pcd urban05_1519103026604030000.pcd 0.4011 0.9861179815732152 -0.07412666440358232 -0.14858184290944387 606175.8902372444 0.0913205245166274 0.9894521547173454 0.11244996810675502 20692.446969700533 0.1386790835705804 -0.12445750740554325 0.9824858475471405 903924.7624853433
34562489690083 urban05_1519103024082569000.pcd urban05_1519103026604030000.pcd 0.4011 0.9998532886568636 -0.017127953055505497 -0.00018543511793885613 137910.03981064982 0.017127996208391533 0.9998532778061624 0.00023367960610163994 -10852.273466765027 0.00018140545716819972 -0.00023682145464972457 0.9999999555038284 1777.1953712686413
34562489690084 urban05_1519103024082569000.pcd urban05_1519103026604030000.pcd 0.4011 0.9942886585367197 0.011450253285698396 0.10610822402125125 -88128.11658065289 -0.019567989476983152 0.9969323800477983 0.07578207835670056 38417.046903967755 -0.10491500032445011 -0.07742558564147758 0.9914626172453478 696653.3949706039
34562489690085 urban05_1519103024082569000.pcd urban05_1519103026604030000.pcd 0.4011 0.9941512291317418 0.05378511087767805 0.09365092345365873 -428644.1412601321 -0.04601062874661667 0.995463152210432 -0.08328345954396522 68838.21877399414 -0.09770545357444578 0.07848741580117262 0.9921156030940476 -562844.1408178348
34562489690086 urban05_1519103024082569000.pcd urban05_1519103026604030000.pcd 0.4011 0.9503800617185709 0.3085331889501039 -0.03981217909239526 -2447505.7884140797 -0.297443859879915 0.9387049951841696 0.17424144810011705 702105.1235032079 0.09113116101281132 -0.15375370997984988 0.9838978138810399 1173037.2267628727
34562489690087 urban05_1519103024082569000.pcd urban05_1519103026604030000.pcd 0.4011 0.9830312376590443 -0.08404077818502428 0.16305438782376572 688067.1364247226 0.024350094711797256 0.9407959372661688 0.3380977333715761 459185.2223615191 -0.18181490223316119 -0.32839024349929524 0.9268781955038211 2769879.27838756
34562489690088 urban05_1519103024082569000.pcd urban05_1519103026604030000.pcd 0.4011 0.9191798658969418 0.39266772279000345 0.030338648760169586 -3102519.4908581553 -0.39383793902460257 0.9164038208503444 0.07138427639013394 949270.1250128101 0.0002278476098701264 -0.07756350049993006 0.9969873878217637 623894.5007845584
34562489690089 urban05_1519103024082569000.pcd urban05_1519103026604030000.pcd 0.4011 0.9966404485790529 -0.046286038332388785 0.06756788372915788 374755.3312107299 0.05573928913101668 0.987786466289584 -0.14550267579087875 59127.69222672507 -0.060007898674368586 0.14878003787682434 0.9870478977365068 -1154882.9471120404
34562489690090 urban05_1519103024082569000.pcd urban05_1519103026604030000.pcd 0.4011 0.9617894766429146 0.1795683449719193 0.20667900740760786 -1417940.856497699 -0.17199622670988107 0.9836058865584913 -0.054191862166262816 252744.7110242421 -0.21302183131433133 0.016573153336942762 0.9769068686276898 16317.38951673382
34562489690091 urban05_1519103024082569000.pcd urban05_1519103026604030000.pcd 0.4011 0.8919158755641877 -0.4503782771370748 0.040564496787323365 3699546.122608006 0.4510478146196991 0.8924572804188942 -0.008710427894474125 548379.0822479934 -0.03227909297613561 0.02606549654910862 0.9991389543233146 -187037.31879771224
34562489690093 urban05_1519103165183565000.pcd urban05_1519103171335927000.pcd 0.4250 0.935020312514744 -0.34917955683104096 -0.06173048093209795 2855039.112279212 0.3102130728333683 0.8898325740542541 -0.33461296985511446 668508.0270650305 0.1717698012693431 0.293720321467988 0.9403315947731588 -2483830.448321827
34562489690094 urban05_1519103165183565000.pcd urban05_1519103171335927000.pcd 0.4250 0.9985618130847261 -0.04771786736151024 -0.02443993828579664 384936.1212464693 0.04805568982007511 0.9987544123012834 0.013426637130519033 -23737.467715620245 0.023768805709605222 -0.014581805210165813 0.99961113180674 100624.52615592704
34562489690095 urban05_1519103165183565000.pcd urban05_1519103171335927000.pcd 0.4250 0.991032759274073 -0.1336189755177399 -0.00019856285451679652 1081353.8509376012 0.13361911129879486 0.991032201169325 0.0010532526776835301 -21710.309287296754 5.6047639028855656e-05 -0.0010703396995350007 0.99999942561563 8571.570894985618
34562489690096 urban05_1519103165183565000.pcd urban05_1519103171335927000.pcd 0.4250 0.9738689344675813 0.22192441078838024 0.04825820526302652 -1767182.0859687137 -0.21686383085486696 0.9717993627180144 -0.09260711359184558 379245.6981410142 -0.06744907223920722 0.07972173177428847 0.9945325877702443 -594032.831889835
34562489690097 urban05_1519103165183565000.pcd urban05_1519103171335927000.pcd 0.4250 0.9927837624154182 0.07075112759266007 -0.09682292615209254 -564156.3110949743 -0.06731132580414396 0.9969948122591211 0.038347486839272193 71456.24421392423 0.09924508301560744 -0.03155348273593431 0.9945626130236639 184153.9898212817
34562489690098 urban05_1519103165183565000.pcd urban05_1519103171335927000.pcd 0.4250 0.9437083228048699 0.3293543835464062 -0.030664173029548172 -2610330.400326891 -0.3254203106390655 0.9410412992415391 0.0924277801603504 702944.0698563388 0.05929774778516833 -0.07724612068293589 0.9952471120013581 579842.5127448286
34562489690099 urban05_1519103165183565000.pcd urban05_1519103171335927000.pcd 0.4250 0.9996223326396013 0.02156339931894099 -0.01703560676858316 -173224.22648801445 -0.021780514165424286 0.9996825694786273 -0.012663707328379415 17855.8246124973 0.01675712656906467 0.01302996893399957 0.9997746839256969 -116605.86297428982
34562489690100 urban05_1519103165183565000.pcd urban05_1519103171335927000.pcd 0.4250 0.9425856089348864 -0.24601215783072133 0.2258547941229535 2019631.0578993224 0.22326411053639267 0.9671339233091432 0.12167625623373603 107577.56909392 -0.24836567149113598 -0.06426501835475203 0.9665322036231491 691527.8117510503
34562489690101 urban05_1519103165183565000.pcd urban05_1519103171335927000.pcd 0.4250 0.9305070968603115 0.3465568798670058 -0.11855324419618592 -2739449.7102756985 -0.34781812126489753 0.9375026647607597 0.01055026474699425 747160.9979744036 0.11480024918244656 0.0314178704453427 0.9928916457521072 -333419.45333141804
34562489690102 urban05_1519103165183565000.pcd urban05_1519103171335927000.pcd 0.4250 0.9816947271543066 -0.0494477307948665 0.18393037975459675 410671.59278289706 0.03899975442588202 0.9974364542490624 0.05999615729177444 -6779.281093925936 -0.1864255396455986 -0.05172467162096687 0.981106557165709 547119.860533564
34562489690103 urban05_1519103165183565000.pcd urban05_1519103171335927000.pcd 0.4250 0.9859356781180832 -0.013456223436756402 -0.16658261813483277 118169.20217606577 0.07343646627792919 0.930252111252732 0.3594970026724081 509528.1646036434 0.1501263602251317 -0.3666741599303868 0.9181569236273825 2844694.3269289928
34562489690104 urban05_1519103165183565000.pcd urban05_1519103171335927000.pcd 0.4250 0.9994138162874892 -0.03423406630080269 0.00022916847333109705 275847.9386581632 0.033720574258188536 0.9855349535864762 0.16608364799401587 92668.83084027443 -0.0059115721576341596 -0.1659785647721248 0.9861116414234297 1339563.7313846364
34562489690105 urban05_1519103165183565000.pcd urban05_1519103171335927000.pcd 0.4250 0.9970362544920972 0.06188954986935681 0.04569891514400182 -495867.8424568605 -0.06977722962702283 0.9776438238914726 0.19835244347483388 228857.1430202003 -0.03240131870692935 -0.20095332100721264 0.9790648177328324 1639569.073296343
34562489690106 urban05_1519103165183565000.pcd urban05_1519103171335927000.pcd 0.4250 0.8671396790614924 0.48363449311286566 -0.11902291404848701 -3797817.4681731365 -0.4861831520063383 0.8738150449036084 0.008556284549181826 1356766.4739696584 0.10814212732471 0.05044744167513657 0.9928546398774193 -481848.2243096967
34562489690107 urban05_1519103165183565000.pcd urban05_1519103171335927000.pcd 0.4250 0.9544253336037984 -0.2984205059933165 -0.004181408610852648 2433008.3381336257 0.2984197611611995 0.9544343776086073 -0.0008154675733274079 156977.1264483416 0.004234232370879926 -0.00046951204825193885 0.9999909253761585 803.4307133846528
34562489690108 urban05_1519103165183565000.pcd urban05_1519103171335927000.pcd 0.4250 0.9570584883768121 0.288582652940842 0.02755181024029431 -2291680.413023647 -0.2870518663640825 0.9566606159553626 -0.04900705966290408 550345.0158644607 -0.0405003190455162 0.03899382388958569 0.998418352122836 -285281.4971536557
34562489690109 urban05_1519103165183565000.pcd urban05_1519103171335927000.pcd 0.4250 0.9903412819418518 0.13250211360563677 0.04083301570798525 -1059290.2107307874 -0.126911002552224 0.9848832258239828 -0.11789244641509099 210792.15371136874 -0.055836750558740704 0.11157159755325115 0.9921864925035294 -858444.3605444632
34562489690110 urban05_1519103165183565000.pcd urban05_1519103171335927000.pcd 0.4250 0.9621647917363854 0.16340503541997678 0.21803143796772587 -1288158.0239981562 -0.18063576718938198 0.9816284646955263 0.06145141911629874 274691.90709240345 -0.20398439439031 -0.09851066794464323 0.9740051412319745 935879.5216083721
34562489690111 urban05_1519103165183565000.pcd urban05_1519103171335927000.pcd 0.4250 0.9800183662377964 -0.19854382018292446 -0.012014711972033475 1611456.5553939738 0.19857875267323985 0.9800833255818187 0.0017759232030227338 20748.845653351076 0.01142282028837863 -0.004126303873124784 0.9999262436765054 25174.9775661171
34562489690112 urban05_1519103165183565000.pcd urban05_1519103171335927000.pcd 0.4250 0.943418625494478 -0.20813610258405474 -0.2581485228918224 1714379.5095000837 0.23287822494935978 0.9700591240218147 0.06894220946898137 77296.0443013557 0.23606996720155932 -0.12515853428012555 0.9636422115506903 841160.6564399201
34562489690113 urban05_1519103165183565000.pcd urban05_1519103171335927000.pcd 0.4250 0.8777514244133797 0.47910795869410583 0.0028285784856708408 -3768870.946584344 -0.4791100370065483 0.877754845128018 6.552764934722975e-05 1320101.030646499 -0.0024514036523056782 -0.0014127173304986744 0.9999959974169284 13088.090522588367
34562489690114 urban05_1519103165183565000.pcd urban05_1519103171335927000.pcd 0.4250 0.9891409078526479 -0.1448798904342545 0.02469983320183069 1173280.1101981932 0.1454974275096779 0.9890335567158092 -0.025359855641199542 -13970.13476208839 -0.020754830775168334 0.028678232822732703 0.9993732015426766 -216155.93631992475
34562489690115 urban05_1519103165183565000.pcd urban05_1519103171335927000.pcd 0.4250 0.9536093317046302 0.2724777097488683 0.12800445373446873 -2159697.3872954617 -0.29187505320798846 0.9409722053207497 0.17140671552958084 679924.1757456925 -0.07374412383832496 -0.20081635019045682 0.9768493218994941 1667507.960802473
34562489690116 urban05_1519103165183565000.pcd urban05_1519103171335927000.pcd 0.4250 0.9099345248257383 0.414180313516713 0.02176760035822469 -3269094.9590952257 -0.41466102293819235 0.9095800652887374 0.026839166998780768 1018768.6322327533 -0.008683120752930719 -0.03344806010120542 0.9994027369831726 275212.28915463353
34562489690117 urban05_1519103165183565000.pcd urban05_1519103171335927000.pcd 0.4250 0.9849932142012853 0.0003639060688362533 0.1725926868375182 7587.913762428681 0.051100434946385574 0.9545477823845557 -0.2936448138364048 329841.1385940075 -0.16485482560638245 0.29805771038022094 0.9402044925212755 -2282261.3438563873
34562489690118 urban05_1519103165183565000.pcd urban05_1519103171335927000.pcd 0.4250 0.9934527973606928 0.039872211382501944 0.10705954500035546 -316215.50951766723 -0.03939207114867243 0.9992020562372781 -0.006596631095722838 34092.39637556659 -0.10723713977364364 0.002336144401403886 0.9942307268851147 56534.96884738421
34562489690119 urban05_1519103165183565000.pcd urban05_1519103171335927000.pcd 0.4250 0.890206870754861 -0.06674292607879916 0.45064077609474934 614049.7231215645 0.04435575263439431 0.9972080773877283 0.06007177041595093 -8704.43039206092 -0.4533919876542532 -0.03348779197125793 0.8906819147820478 587939.1713540005
34562489690120 urban05_1519103165183565000.pcd urban05_1519103171335927000.pcd 0.4250 0.9739540120574495 -0.2092157055185543 -0.0874206552341665 1701590.8703259216 0.17920216182507723 0.9464485646000071 -0.26855483567384264 305014.2201232258 0.1389250430786914 0.24589408925584075 0.9592892834148748 -2075966.2025301217
34562489690121 urban05_1519103165183565000.pcd urban05_1519103171335927000.pcd 0.4250 0.909037864981447 0.4166323294593443 0.00822569627769587 -3288190.3293932336 -0.40170909271805105 0.8813850117719093 -0.24857647887817447 1236559.1432817832 -0.11081500285436445 0.222661094655334 0.9685773443919053 -1713610.5086700628
34562489690122 urban05_1519103165183565000.pcd urban05_1519103171335927000.pcd 0.4250 0.992630368456473 0.08888096155283245 -0.08237187803741453 -709917.4897232631 -0.06682106273961053 0.9685161785382727 0.23981525698747755 300212.2142768783 0.10109350717190402 -0.23254373047464597 0.9673176914667795 1799960.5188751498
34562489690124 urban05_1519102652361767000.pcd urban05_1519102655387520000.pcd 0.4371 0.925570592948568 0.35984784604519243 0.11759508988674418 -2842937.2230593455 -0.3210273341948126 0.9106835157415833 -0.25999420158211445 944155.4999930875 -0.20065026331557118 0.20289174910080637 0.9584228763850575 -1491437.135275484
34562489690125 urban05_1519102652361767000.pcd urban05_1519102655387520000.pcd 0.4371 0.9940156679018366 -0.08507544564892355 0.06852021974061841 688679.5307844311 0.08854026684215627 0.9948557372561212 -0.049220759808226655 -20799.55470359278 -0.06398025565114086 0.05499300497532783 0.9964347927940885 -397509.28649534535
34562489690126 urban05_1519102652361767000.pcd urban05_1519102655387520000.pcd 0.4371 0.893067000069786 -0.3431494518998223 -0.2909979158812038 2836013.5410041357 0.27729071320109017 0.9291201418970805 -0.24463364914414315 375523.6487625245 0.3543179275153649 0.13778321952255468 0.9249186940803046 -1357437.0111706746
