id source target overlap t1 t2 t3 t4 t5 t6 t7 t8 t9 t10 t11 t12
34562489690030 urban05_1519102545434328000.pcd urban05_1519102546543771000.pcd 0.1756163458291118 0.7844641360264668 -0.5842035230270233 0.20814000809806676 -1.8580065996116157 0.05078509040727924 0.39500088189560173 0.9172759551487335 -6.895643337001756 -0.6180913313423619 -0.7089996805249712 0.3395328542791041 4.245777873238617
34562489690061 urban05_1519102552292704000.pcd urban05_1519102553906439000.pcd 0.18778357531760437 0.5460222647600882 0.25332909452487284 0.7985512233122382 1.2496266685713588 0.42964945087200046 0.7336144110150215 -0.5265085424914505 4.350339633941224 -0.7192086176845022 0.6305824813759823 0.29172709581054745 -9.906844677896698
34562489690092 urban05_1519103091254337000.pcd urban05_1519103094179239000.pcd 0.17778707763969503 0.684664935029198 0.5103566296917195 -0.5203556834235343 0.42585376992158497 -0.6156368899187512 0.7871109752645142 -0.03804645041673435 -1.470783332759468 0.3901604112575132 0.346399225097076 0.8531016529930732 9.893353838271668
34562489690123 urban05_1519102541399989000.pcd urban05_1519102542711149000.pcd 0.17359704846181587 -0.28878171147400106 0.10350750642871671 -0.9517832312197227 -1.8690772557981765 0.23721000407535153 -0.9554056119424795 -0.17587362120394362 2.445555377915301 -0.9275432804374784 -0.2765615894908866 0.2513506517468292 4.557248382318613
34562489690154 urban05_1519102629561215000.pcd urban05_1519102632385249000.pcd 0.1295455631480862 -0.7991321420227931 0.4847268131578739 0.3555667816203778 9.319297412695946 0.519489266135426 0.25917720328375904 0.8142223772828189 -8.28997528915615 0.3025206141011523 0.8353843988870154 -0.4589272100671751 -4.3518717835774385
34562489690185 urban05_1519102629561215000.pcd urban05_1519102632183537000.pcd 0.15073828069001768 0.9683510106960567 0.005412726643689275 0.24953360990897822 -9.602174743694597 0.21743555554287097 0.47258429401245483 -0.8540409031413616 2.4665088391497125 -0.12254835482244748 0.8812688508298874 0.4564505595212708 11.134124686318378
34562489690216 urban05_1519102788450784000.pcd urban05_1519102791276824000.pcd 0.11712231005709267 0.18548673841748756 0.3715550715061403 -0.9096930794005795 -0.5033785627724102 0.6049116362869912 -0.7727309817029743 -0.19227257266951092 7.612499843106872 -0.7743878757805014 -0.5146199167875495 -0.3680893357457374 -11.98025023640247
34562489690247 urban05_1519102689283028000.pcd urban05_1519102692109607000.pcd 0.18039636073774773 0.2269446122943598 -0.09824794295447062 0.9689393606700978 -6.930027519365642 0.38987381851101954 0.9208659908142365 0.002057328693041899 5.341140014519612 -0.892465432714455 0.37729718878747254 0.24728987594091068 9.777705573648138
34562489690278 urban05_1519102544627460000.pcd urban05_1519102546039478000.pcd 0.10033256298968492 -0.9247013914699782 -0.14866203592459193 0.35046673977460546 -1.991138860031004 0.015559695473721921 -0.9345910282529768 -0.35538360370986155 7.1817254927582415 0.3803751207561435 -0.3231705571115634 0.8665307602883757 0.6920193996237423
34562489690309 urban05_1519102900228384000.pcd urban05_1519102903052422000.pcd 0.16186949304048015 -0.9899314354606064 0.12472150120528289 0.06693504481214618 -1.2538164652754227 -0.13499039578493163 -0.9741091456708388 -0.18135315096864488 4.5092130249246445 0.042583402080281336 -0.18856277325476842 0.9811374696798303 -0.8457551677037375
34562489690340 urban05_1519102682122079000.pcd urban05_1519102685046972000.pcd 0.26765611724723876 0.5723678748165828 -0.033651526323858316 0.819306164174311 -0.01040027270876117 -0.804433662412726 -0.21678507498977134 0.553073877559705 -0.03311781017322285 0.15900156809037114 -0.9756391781994784 -0.15115123323032853 7.061142329375186
34562489690371 urban05_1519103185052674000.pcd urban05_1519103187775852000.pcd 0.23373080032336296 0.5501110777897995 -0.6616904126366485 -0.5094542176856393 -7.77463048966571 0.7578006973904898 0.13921468883956378 0.6374616642950308 -0.4598595320373641 -0.35087876129431406 -0.7367394846457227 0.5780129986743573 4.60774885662511
34562489690402 urban05_1519103100230759000.pcd urban05_1519103102752226000.pcd 0.19635738580258202 0.4622523941366346 0.22998864580636463 -0.8564040792260998 8.13232641529082 -0.0015937603069033218 0.9659941572074016 0.25855898392677396 -0.7763479685681102 0.8867469673153856 -0.11815460651754622 0.44689965866584663 6.4778868845620305
34562489690433 urban05_1519102602120540000.pcd urban05_1519102604843707000.pcd 0.21072403516241328 0.24983545643197572 0.7501786973123765 -0.6122206847274373 0.3708722614294801 0.9318726523843552 -0.3580461659281003 -0.058449147148047 5.026964386747483 -0.26305057393507647 -0.555909043965731 -0.7885236397150905 7.577928720369394
34562489690464 urban05_1519102908801354000.pcd urban05_1519102911625390000.pcd 0.2677925211097708 -0.3260111813314602 -0.5910668635730797 0.7378053079456313 -0.3935000409045516 0.6792679344545923 0.3963436724603321 0.6176623402170868 0.02591135703304567 -0.6575042074912198 0.7025323167559901 0.27228029867179815 4.926019161536009
34562489690495 urban05_1519102721569679000.pcd urban05_1519102724393716000.pcd 0.2661222723954249 0.07562476728186729 0.9655930750505363 0.24881902657958566 4.397289751633367 -0.9870423587963547 0.10790687023213708 -0.11875811255839522 7.273214103742419 -0.14152129350486858 -0.23661386428346473 0.9612416983847272 1.081675413546081
34562489690526 urban05_1519103185859543000.pcd urban05_1519103188481862000.pcd 0.27222078927005416 -0.2057668114889442 0.32414734297781 0.9233572002914687 -2.969959512913481 -0.9542273568975909 0.14281452688907634 -0.2627815866031852 -1.3512041679529931 -0.21704877479016388 -0.9351644298998308 0.27992377250282513 -2.3756750341784216
34562489690557 urban05_1519102706237430000.pcd urban05_1519102708456324000.pcd 0.2726279366235658 -0.7186932960139553 0.6640468862634352 0.2062078541385688 4.242342593403754 0.34148421880772983 0.07874696676292672 0.9365828546001216 6.409582291875408 0.6056966852888263 0.743532546745248 -0.2833564493013238 4.803426724065072
34562489690588 urban05_1519102954389375000.pcd urban05_1519102957213412000.pcd 0.27018755248670334 -0.3812167939624719 0.5750853714340187 -0.7238443006362426 -1.0547459688608403 -0.8041870750351572 -0.592498940779281 -0.04720332108897213 -0.0049102009211986425 -0.4560229208574639 0.5641115321796097 0.6883467693790684 10.845278831109791
34562489690619 urban05_1519103102651366000.pcd urban05_1519103104668542000.pcd 0.25567655025724 -0.4747595832726099 0.7463886799049184 0.46637675392391825 -1.7583840270430242 0.6346377350680941 0.6574680190677396 -0.40616591330487367 -3.743080767943592 -0.6097854403956013 0.10314912705852447 -0.7858256640429904 3.735529478547458
34562489690650 urban05_1519103023981711000.pcd urban05_1519103026704888000.pcd 0.2888419893558451 -0.8886619997064202 0.3091225628250304 0.3387079736738886 -0.039086782641614255 -0.44906986015124334 -0.4371415320579661 -0.7792583279335275 3.1438523494142716 -0.09282300890150705 -0.8446008063591339 0.5272886940907906 -5.906059088532253
34562489690681 urban05_1519102534239037000.pcd urban05_1519102536357067000.pcd 0.3193356314634911 -0.6590514549174967 -0.22144713746419187 -0.7187575008861093 0.15404350664743022 -0.7504664082772989 0.1307172793984132 0.6478527324277075 0.6126690373407844 -0.04951110803143616 0.9663716459911227 -0.25233805104642254 4.662919661993185
34562489690712 urban05_1519102676978296000.pcd urban05_1519102678995465000.pcd 0.29030620876332264 -0.9573218872847971 0.2790774332781034 -0.07517040880811846 -2.3234942347981584 -0.2887018910156959 -0.9356201790861345 0.20314058828995846 7.064741966017416 -0.013638997376464172 0.21617277053721373 0.9762598583516734 -6.1842587044831365
34562489690743 urban05_1519102729439292000.pcd urban05_1519102731458467000.pcd 0.331126824131187 -0.03729029457700567 -0.932483455781975 0.35928267231146227 -0.33684058849256826 0.9957678134899219 -0.06489518082849627 -0.06507747016238835 1.9231013640037373 0.08399937825876996 0.3553353629997192 0.9309569722892663 7.731638230080478
34562489690774 urban05_1519103116468938000.pcd urban05_1519103118990390000.pcd 0.2998139148344203 0.010028542685901753 0.9999481972358208 0.001741027406161444 4.944886756119439 -0.563756847148621 0.004215911153656771 0.8259300475138261 1.6363316908503236 0.8258799220374858 -0.009264390858358174 0.5637699224305781 6.595930283350559
34562489690805 urban05_1519102550880680000.pcd urban05_1519102551889266000.pcd 0.3086470267321331 0.04572473445896452 -0.8969038379130733 -0.4398553787274362 2.4282375855029117 0.5467350207903537 0.3909832709304055 -0.7404140050633377 0.948728841945708 0.8360562574970827 -0.20662910586207422 0.5082463447095424 8.118631344499821
34562489690836 urban05_1519102788450784000.pcd urban05_1519102790064518000.pcd 0.3529863855950812 -0.8797751462588943 0.2213096062309729 -0.4207347741927607 0.1586161337758884 -0.3835312776917487 0.19250726574480753 0.9032412256244692 -0.21196521312516517 0.2808904609581399 0.956014126896329 -0.08448395183331509 -4.527685735027373
34562489690867 urban05_1519102686660708000.pcd urban05_1519102688577018000.pcd 0.34831546903379296 -0.3398834282537887 0.9392102757476694 0.04861391908125539 -8.310730294625806 -0.9359858115049805 -0.3428519216989748 0.07989443315202525 -8.978081604715577 0.09170504816974423 -0.01834714466360279 0.9956171786499458 6.571216514775317
34562489690898 urban05_1519102624619151000.pcd urban05_1519102627342329000.pcd 0.31105031521351256 0.5493392862131381 0.8307258383838054 -0.09011620311777309 -4.711042032748184 -0.8277891728260194 0.5263199077964451 -0.19429987135650983 1.5362841069015774 -0.11397997181459012 0.1813337698793726 0.9767940570695954 2.8935919665980543
34562489690929 urban05_1519103178597735000.pcd urban05_1519103180917479000.pcd 0.2957228421602008 -0.19287402187322955 0.5071935705733133 0.8399727934019878 -6.0404641569554585 -0.9699542076173104 0.030816517620668782 -0.2413279456822403 2.044694284436963 -0.1482850188384528 -0.8612810367184618 0.48601083216040686 3.7560076141141114
34562489690960 urban05_1519102909709079000.pcd urban05_1519102911927965000.pcd 0.38728205963825973 -0.29050463762253464 -0.8876955262371742 0.3572166124612708 -2.4160557368693607 0.7407805387981568 0.027662084476060278 0.6711773256154826 3.2417992358407175 -0.6056824653708509 0.4595992404051003 0.6495516063880855 -2.844640254584239
34562489690991 urban05_1519103178597735000.pcd urban05_1519103180312327000.pcd 0.4424037577354176 0.8062137290064625 -0.26008381851804374 -0.5313904689647411 4.519474934519272 0.5834858427167345 0.20107532958209107 0.7868373295558589 4.882983359826192 -0.0977941435395609 -0.9444178731782485 0.31386491729856814 -3.504294514530157
34562489691022 urban05_1519102859062544000.pcd urban05_1519102860880427000.pcd 0.4378197376988187 0.8781624501378802 0.07495663964518952 -0.47245339806264025 0.19734302632980324 0.24524768840621308 -0.9185194233925937 0.31012197629633603 -0.10154546449122763 -0.4107119215450696 -0.3882055783005151 -0.8249922099493536 6.101361354747415
34562489691053 urban05_1519102812866837000.pcd urban05_1519102814884002000.pcd 0.42540707055889687 0.5243953997906801 -0.8508253345229426 -0.033252290331577304 -0.23815364542431094 0.8469389565842391 0.5171783599184153 0.12337320556789572 -6.49120334100971 -0.0877716839212565 -0.0928590015346967 0.991803073868803 -6.42750949722541
34562489691084 urban05_1519103072494626000.pcd urban05_1519103075217808000.pcd 0.4501886930714835 -0.08934055628174747 -0.9721439938369315 -0.21668945578880414 8.173845920081611 0.979305259623937 -0.046070883404203566 -0.19707532107103073 10.506676018831211 0.18160251506012107 -0.2298119425729143 0.9561417246280501 -6.460271541295477
34562489691115 urban05_1519103107795143000.pcd urban05_1519103108803724000.pcd 0.4396331680280047 -0.7569150013777849 0.5834908358453513 0.29430957370388233 2.87302242313902 -0.5739860087020757 -0.8088822490079056 0.12747379752001176 7.840530103432888 0.31244158254548704 -0.07244274790760963 0.9471706846033959 3.1317777819228567
34562489691146 urban05_1519102539887111000.pcd urban05_1519102540794831000.pcd 0.372442563111561 0.5309502954791958 -0.8419064939731693 0.09635994570546642 3.6478435615825298 0.8151553294977285 0.5385032474221977 0.2133917554808451 -1.839310051502018 -0.23154604838347848 -0.03475209233345629 0.9722030238362986 -2.530528205880491
34562489691177 urban05_1519103156610592000.pcd urban05_1519103159535487000.pcd 0.37341031442615275 -0.11134357145168322 -0.05321590165350398 -0.9923561240339018 1.8044511385345023 0.9036538479027075 0.41010521382193676 -0.12338329208889742 -1.248057138878038 0.41353637357191997 -0.9104843663716958 0.002426175120910312 5.410942080834683
34562489691208 urban05_1519103022670551000.pcd urban05_1519103024586861000.pcd 0.42060931227253967 -0.649061297957503 -0.0510820984778699 0.7590191372480799 -12.20660322792612 -0.2675936721706532 0.9493095933189486 -0.16493914831488032 5.010702203618812 -0.7121187106851969 -0.3101643358732759 -0.629829363116982 -2.434383321244725
34562489691239 urban05_1519102785223312000.pcd urban05_1519102787643917000.pcd 0.41620800910988803 -0.40400108072003205 0.2871360540095933 -0.8685251943754113 6.3108347740205035 -0.2589650458566828 0.8747170937445887 0.40964266249435793 3.39054827975495 0.8773370115306274 0.39041374514586474 -0.27902844980339814 -4.647922387378133
34562489691270 urban05_1519103157316600000.pcd urban05_1519103159434628000.pcd 0.49542243643689593 -0.4716367114713003 -0.8796806765862579 0.06099770186885267 -0.6610283177293367 0.881221086467314 -0.4677109046568049 0.06852668407620677 -0.06131590995864663 -0.031752309489303146 0.08607216103861454 0.9957827945572462 4.0561644433902995
34562489691301 urban05_1519102601111948000.pcd urban05_1519102602322257000.pcd 0.5257217165149545 -0.5947820287642123 -0.6406524336733735 0.4855911834944199 -5.28850763736033 0.300918219162414 0.38270206539917107 0.8734914736363085 -1.8218751722756117 -0.7454411872409848 0.6656602649757549 -0.03484032142731508 4.48196507460173
34562489691332 urban05_1519102534239037000.pcd urban05_1519102535550197000.pcd 0.526230021936697 -0.38807779086369704 -0.9160354882884713 0.10136376292568502 -5.6581706117391155 0.9198883587212995 -0.37824420067180303 0.10361820374423866 3.587953858762193 -0.05657769637751608 0.13345526911385192 0.9894385556558642 2.473479699682257
34562489691363 urban05_1519103124134170000.pcd urban05_1519103126353056000.pcd 0.47338062482086557 0.09187335371270751 0.9777250720043463 -0.18871399113917192 1.5284477686968976 0.7872297220391625 0.04473677320823295 0.6150349468616054 0.23263017695685317 0.6097775427282661 -0.20506658600808386 -0.7655841192757766 -7.546546833790138
34562489691394 urban05_1519103188280145000.pcd urban05_1519103189692163000.pcd 0.5380109101658023 0.6407092979596646 -0.6687080693186708 -0.3772547064466256 4.286690122713265 0.47518888033244566 -0.040569785685117654 0.8789480192240382 13.867210870189252 -0.6030647755560181 -0.7424174098965888 0.29176919982412475 -0.7326145556001603
34562489691425 urban05_1519103174361680000.pcd urban05_1519103175975415000.pcd 0.49966842686970403 -0.1750294008169641 0.5014574054769114 0.8472928533523807 12.569340356977815 -0.8876415829608133 -0.452704847800547 0.08456205400003725 4.479176149532095 0.4259778504200378 -0.7372915239376131 0.5243511034424129 -4.821001938575256
34562489691456 urban05_1519103135732899000.pcd urban05_1519103137245770000.pcd 0.4701734593146242 -0.2375186246082307 -0.9713274191679929 -0.010389790020036623 -3.200750786079552 0.9707550713695446 -0.23773602903950286 0.033409159026212845 3.150684298136277 -0.03492125963542214 -0.0021506438511915103 0.9993877527549058 1.3920023795344412
34562489691487 urban05_1519103039312194000.pcd urban05_1519103040825071000.pcd 0.4725055391770889 0.2071832415012112 0.9624993369034677 -0.17512889796214554 5.320819079014712 -0.6804201773440793 0.013146988362905121 -0.7327042643249984 -3.254997529340838 -0.7029249509756372 0.2709652803540897 0.6576278051744218 -0.09696014480612229
34562489691518 urban05_1519102618060918000.pcd urban05_1519102619069503000.pcd 0.5411188639980413 -0.4996370000153827 0.79114033611188 0.3527886574032824 -1.9267469985629622 -0.6269899081671896 -0.6113050176686508 0.48289732907692734 7.981296770886056 0.5977010316806624 0.020078444907726867 0.801467611808462 5.65337035256441
34562489691549 urban05_1519103135934614000.pcd urban05_1519103137245770000.pcd 0.5032718478827825 -0.386021753301261 -0.18749709386568192 -0.9032342142380039 -1.3398243552150622 -0.6199085057073793 -0.6723734341409734 0.40450884985760027 -0.4969872046368626 -0.6831549242520798 0.7160717874999672 0.14331972863753736 6.182299802102819
34562489691580 urban05_1519103109610589000.pcd urban05_1519103110215738000.pcd 0.58035177253258 0.37032340313378076 0.7133440012327333 0.5949797584764457 -4.121066012422897 -0.903116185884668 0.12661901390251296 0.41030327821196483 -8.79374665625547 0.2173516318883875 -0.6892807564582297 0.6911224977468361 -6.0262056380291025
34562489691611 urban05_1519103156610592000.pcd urban05_1519103157921751000.pcd 0.5748355049283503 0.15766970801300667 0.44763063076002996 -0.8802085443691574 6.253111127373164 -0.9866787949106943 0.10757767836255733 -0.12203277753006447 11.108034795950088 0.04006518249893881 0.8877239782294382 0.4586293924595619 -6.435145396190402
34562489691642 urban05_1519103153483981000.pcd urban05_1519103154795139000.pcd 0.5501648365911274 -0.7278182469761224 -0.4983252997734441 -0.47111834497747074 3.491808452317999 0.464990590086765 -0.8635563425681537 0.19507484292208369 -6.876104560421916 -0.5040479644829112 -0.07708656702708086 0.8602286386098834 -5.721539031583007
34562489691673 urban05_1519102811152244000.pcd urban05_1519102812261687000.pcd 0.5614140531089499 0.6093482512294398 -0.7607916871248585 -0.22336230103877264 1.2124583553375863 0.7099104552669552 0.6489443937697963 -0.27367557307406176 1.080088101937905 0.35315981400251095 0.008196499036984495 0.9355271044588974 -3.987465166297045
34562489691704 urban05_1519102728531567000.pcd urban05_1519102729338435000.pcd 0.62276037985187 -0.8322538034111122 0.34409452962418713 0.434686739377275 -0.7441891764910235 -0.5521620565591256 -0.4441736687119915 -0.7055684341857469 0.6364253588681109 -0.04970583470916129 -0.8272295368914477 0.5596611682886585 -7.305145636501908
34562489691735 urban05_1519103040219920000.pcd urban05_1519103041430215000.pcd 0.5810725901833235 0.7411363223247253 0.6704263566314608 -0.035290962934530185 5.33416480542547 -0.5784230786721607 0.664346929254721 0.4733602218704504 3.188929034504963 0.3407986117788633 -0.3304113465419855 0.8801617171212979 -2.6425117940090694
34562489691766 urban05_1519102676978296000.pcd urban05_1519102677482588000.pcd 0.6101457331367668 -0.7042805554911945 -0.569519676855364 0.4238351528974158 -3.9875463828549673 -0.6713773677101386 0.7283625369815306 -0.13689574444968544 0.3093989482362902 -0.23074082708445734 -0.3809663402406963 -0.8953341936506113 4.877159734068672
34562489691797 urban05_1519102657505548000.pcd urban05_1519102658413267000.pcd 0.6035368090123133 0.704070034991396 -0.705880587649631 -0.07757565215082744 -8.158899131592461 0.6642772836665132 0.6160483063559599 0.42334403815406735 -7.979450033710868 -0.25103998930818455 -0.349595595245943 0.9026415919692498 -4.744262391626886
34562489691828 urban05_1519102572262670000.pcd urban05_1519102572565249000.pcd 0.607709808532938 -0.030726296949503906 -0.792003551410572 0.6097427894028862 -1.6861532018903982 0.37042486869341096 0.5575692010141158 0.7429010719698482 0.10641548613869135 -0.9283540872583262 0.24869049164276855 0.276245774695719 -11.474279194048094
34562489691859 urban05_1519102543820587000.pcd urban05_1519102544224026000.pcd 0.5928528131371577 -0.014773865870757241 -0.33339471258067455 0.9426715751047561 -2.6973692474429645 0.856744560858714 0.48186009997298596 0.18384667930923565 -5.0365541771486555 -0.5155293302288841 0.8103448708280154 0.2785151701370767 -0.5932412374696893
34562489691890 urban05_1519102607264321000.pcd urban05_1519102607466038000.pcd 0.7135043427616419 -0.29844487279969395 0.9467470002321091 0.12083366853272773 -2.3800984050371197 -0.9438176098120911 -0.31157704705273986 0.11012748593555566 -5.755016621530757 0.141911864578568 -0.08117796068759858 0.9865450630307959 2.5310614087976635
34562489691921 urban05_1519102382939380000.pcd urban05_1519102383241942000.pcd 0.6824156926753913 -0.9745162240247365 -0.13528877999209898 0.17892756948223357 -0.7504020069944078 0.14776362349687672 -0.987304434007201 0.05827406078860524 -8.371150204508604 0.16877215612666488 0.08322800368848353 0.9821349493416812 10.749506535586717
34562489691952 urban05_1519102572262670000.pcd urban05_1519102572363533000.pcd 0.6699302129400035 -0.9868294262703199 0.16138593414562818 0.011057292025354992 4.648392184353179 0.07398739438062917 0.5110838565024953 -0.8563405613979183 2.4487780538635553 -0.14385252489878741 -0.8442439646704496 -0.5162931136454989 -5.690947977846203
34562489691983 urban05_1519103116468938000.pcd urban05_1519103116872370000.pcd 0.7184513378258749 0.38586666742696374 -0.9114684093716605 -0.14259121181301385 1.8653224836255762 0.9157693008464511 0.35971464297687006 0.1788070559436202 1.9411958211319684 -0.11168483601640353 -0.19957633713824333 0.9734966785040774 -5.585281373630348
34562489692014 urban05_1519102810849668000.pcd urban05_1519102811253102000.pcd 0.6905057483672478 -0.792367068722864 0.3324053734954212 -0.5115281967544958 -10.820403514594293 -0.5520455338514985 -0.033859755668685376 0.8331261882216112 7.615649947316511 0.2596154020048707 0.9425286120948408 0.2103322572132551 5.914070603384948
34562489692045 urban05_1519102580535382000.pcd urban05_1519102580837986000.pcd 0.6468726065866734 0.8832491818116089 -0.44715633299432095 0.14114565771639986 3.1435320623819045 0.2723111000856671 0.7341985449218482 0.6219317980331721 -11.469856077835757 -0.38172967869849594 -0.5108852224303543 0.7702458970374527 -7.866915820264656
34562489692076 urban05_1519103014904449000.pcd urban05_1519103015711316000.pcd 0.7095533543775625 -0.871901017949783 0.2654421263795111 0.41149616333722444 5.528424906797055 -0.4819433512783217 -0.31635515279687043 -0.8170985396251108 0.6143208084494358 -0.08671344219180904 -0.9107468884613289 0.4037584477150359 10.301324749717448
34562489692107 urban05_1519102706237430000.pcd urban05_1519102706741729000.pcd 0.6523705457415164 0.9863445079439541 0.036925850851246916 0.16050231520981503 1.9499691899080314 0.16469492540988748 -0.21933876827153864 -0.9616475894408284 -5.644760557402463 -0.00030527533630209103 0.974949735254098 -0.22242508971546648 -4.124656109041754
34562489692138 urban05_1519102804592233000.pcd urban05_1519102804693091000.pcd 0.7046783625730995 0.42147960259150785 0.6401019660393829 0.6423584806568846 5.727692083762958 -0.5065677822241988 0.753717076325036 -0.4186880113742169 4.008612859371751 -0.7521595752310551 -0.1489296542954303 0.6419314071298291 1.2676902567798485
34562489692169 urban05_1519102833845397000.pcd urban05_1519102834147973000.pcd 0.6972790066836321 -0.9604927145863853 0.05376801784873139 -0.27306179791961804 7.897158975983961 -0.18203744832450497 -0.8635400949290546 0.4702774413656496 1.205377817935356 -0.21051392503580135 0.5014055291942215 0.8392117627032423 5.324398540626268
34562489692200 urban05_1519102913844276000.pcd urban05_1519102914348568000.pcd 0.772959604286892 0.6241179362034174 -0.19852770575798473 -0.7556874696299113 -12.97453630394876 -0.17409682832233803 0.9075298348951427 -0.38220399414880196 1.3824763897396983 0.7616870066354614 0.370103159702354 0.5318426036912091 -5.690247769065878
34562489692231 urban05_1519103064930242000.pcd urban05_1519103065535391000.pcd 0.7513036865358151 0.058624530106944905 -0.8302597548443165 -0.5542850385456883 2.81901176151479 0.9926167533222781 0.10754029020680145 -0.05609872553076817 -2.3183480916276866 0.10618448800874564 -0.5469038539524951 0.8304342412486543 2.5837930925770793
34562489692262 urban05_1519103157316600000.pcd urban05_1519103157417458000.pcd 0.7983066840078545 -0.48111666178114454 0.4666353537597463 0.7421443285359554 -8.851107296416096 0.8529762841747166 0.05374197993936471 0.5191755562694471 -9.053802303835786 0.20238136374691384 0.8828155221866645 -0.4238850521004792 1.4899445683895676
34562489692293 urban05_1519102602120540000.pcd urban05_1519102602322257000.pcd 0.7423927471261489 -0.6055820840447037 0.5655433651257092 0.5598491240024961 -2.7827334411182902 -0.6638773252288729 0.028881679552357042 -0.7472835777890429 9.904642680225706 -0.4387906522831029 -0.8242126853843755 0.35796118884656397 6.775379312464778
34562489692324 urban05_1519103119494680000.pcd urban05_1519103119998974000.pcd 0.7513510611645968 0.3520031910437873 -0.46706997557459895 -0.8111346321121634 -3.6703372592267014 0.38142876307654994 -0.7197979761941642 0.5800025622052706 -3.9913555159578165 -0.8547548491777536 -0.5135528321249229 -0.07521726147359212 2.8077375895886494
34562489692355 urban05_1519102736097955000.pcd urban05_1519102736400525000.pcd 0.7350150808884014 0.5941364981689499 -0.7844283921795783 0.17797168057334106 -1.4424762054915445 -0.08728266050827882 0.15707841076762413 0.9837215612383995 -2.0648193059500817 -0.799614631380726 -0.5999987253430455 0.024859019863754883 8.343390231927827
34562489692386 urban05_1519103034773565000.pcd urban05_1519103035176998000.pcd 0.7749657877930846 -0.41561278973109755 -0.007281866499986855 -0.9095124976778554 0.9787844745424561 -0.7429162307618437 -0.574180518520376 0.3440816853921279 -2.6837154276953417 -0.5247299144155492 0.8186963457668225 0.23322695029842036 -7.606290204263109
34562489692417 urban05_1519102728531567000.pcd urban05_1519102728733283000.pcd 0.747441531700421 0.3551212463433203 0.7064248880012132 0.612252217642403 -2.482091641880373 -0.9330301504492038 0.2273320986561801 0.2788814358707173 -4.886824007528501 0.05782420555704115 -0.6702865018281738 0.7398461777414591 12.788026240037436
34562489692448 urban05_1519102425404679000.pcd urban05_1519102425505529000.pcd 0.734576724979012 -0.8109232166752938 -0.4134837876441487 -0.41404672926185865 4.076947269661608 0.46641773176431744 -0.8840329844491066 -0.03066238578184237 3.0179206742232707 -0.35335256635946993 -0.21798357681590097 0.9097390417508321 9.475724648821265
34562489692479 urban05_1519102615337738000.pcd urban05_1519102615539456000.pcd 0.7388863272668095 0.22120161367152613 0.9691743798859225 -0.10849362876155748 -8.429350129681408 -0.9642284049201326 0.23401084835289765 0.12450905990462702 5.170758069901742 0.14605967703062248 0.07707103363712536 0.9862690436791655 9.442036026430513
34562489692510 urban05_1519103102651366000.pcd urban05_1519103102853084000.pcd 0.8374388714163652 -0.5274871901791047 -0.8317446413857569 0.1730841290327669 12.269316847202555 -0.8249300861393701 0.45274621578977853 -0.33839506064676284 -4.0194692412293875 0.2030950939314983 -0.321281365183407 -0.9249490078954851 -6.546667232981343
34562489692541 urban05_1519103020754243000.pcd urban05_1519103021056816000.pcd 0.8877586747010153 -0.5214261145655579 -0.34278566094624685 0.7814171726412915 2.6070799274375807 0.8399147682368256 -0.36772710773888884 0.39914904024896636 1.041421354031985 0.1505257092550802 0.8644505566448761 0.47965325597729314 3.625020748762252
34562489692572 urban05_1519103037698459000.pcd urban05_1519103037900175000.pcd 0.8902790079716564 -0.8136340021223935 0.18270269666394437 0.5519233961538683 -0.6966908837531303 0.5678032029420074 0.4536667711231846 0.6868667873084722 3.810650527592612 -0.12489689075030991 0.8722420451975397 -0.47285788697083014 -5.853824763441608
34562489692603 urban05_1519103067451702000.pcd urban05_1519103067754278000.pcd 0.8520294858635812 0.9374316187671212 0.3081401285491866 -0.16208522854765517 0.7224521854680279 -0.03410089927947499 -0.3820380093332398 -0.9235172375722214 6.57430990856149 -0.3464954383595633 0.8712615110300617 -0.3476266540322072 -6.999960617377503
34562489692634 urban05_1519103034773565000.pcd urban05_1519103034975282000.pcd 0.8800474409269228 0.5809171590548512 0.5440177733418916 0.6054584350752501 4.247834485715102 -0.581974775679583 0.7976470065179483 -0.15831807687581123 8.138477822149847 -0.5690699559705641 -0.2603918494905063 0.7799714545613664 9.513758737266562
34562489692665 urban05_1519102962256334000.pcd urban05_1519102962458051000.pcd 0.8829690511692184 0.8910017316253265 -0.38025179501527306 -0.24804130024722204 -5.222616522222542 0.0891803538165076 0.6822933667824789 -0.725618788440454 0.6715682694670977 0.4451547806480711 0.624407186083162 0.6418355608984868 -5.382009833296031
34562489692696 urban05_1519103072494626000.pcd urban05_1519103072898058000.pcd 0.8344630491334775 0.3459704911603814 -0.4379379498850119 -0.8297679020646419 -1.3418119644809932 0.2080925458299625 0.898172614872621 -0.38727696324837513 0.3969108426125543 0.9148780856574549 -0.038682113998477013 0.40187284362141146 -6.600931739075606
34562489692727 urban05_1519102954389375000.pcd urban05_1519102954591092000.pcd 0.8729868433330223 -0.7626142495632641 -0.4142810993025798 -0.49678031072467604 3.448588596960334 0.4042029838651257 -0.9047946023313412 0.13403982776249357 5.969086149895378 -0.5050143108839477 -0.09857940125967518 0.8574629131628348 -10.970112522219393
34562489692758 urban05_1519103109610589000.pcd urban05_1519103109812305000.pcd 0.8128497220450196 -0.2361753905353136 0.970035208189279 -0.05703402299219827 -2.999703570782142 -0.9702429509405305 -0.2321876236525799 0.06868423088875371 2.020468040148231 0.05338352794358758 0.07155838382572956 0.9960068256033923 12.315463989436775
34562489692789 urban05_1519103022670551000.pcd urban05_1519103022973125000.pcd 0.863542565564852 0.9643834322165552 0.038868662778818425 -0.26163681453496457 -0.15381632254076832 0.2600052717888134 0.04243790024124661 0.964674185030956 2.591623406499004 0.048598912624072094 -0.9983427526039844 0.030820350660842766 5.378956634468795
34562489692820 urban05_1519102477346786000.pcd urban05_1519102478153654000.pcd 0.9858106465726787 0.01916594298760195 -0.8064371049735841 0.5910091897349995 -8.6732266992329 -0.2917296820298297 -0.5699056264953476 -0.7681805578844859 -5.381563775264568 0.95630876773779 -0.15769201822150036 -0.24618441895672344 -7.580704814681447
34562489692851 urban05_1519102489954090000.pcd urban05_1519102490054954000.pcd 0.964683232055833 0.7322240783596599 -0.5637897832283645 0.3820850421014421 10.039371331371427 -0.6277438658840426 -0.7762905313476638 0.05753824627948899 10.021192520507926 0.2641695249556696 -0.28198243077765633 -0.9223341969250736 -2.721675012616186
34562489692882 urban05_1519102492376247000.pcd urban05_1519102493183120000.pcd 0.9616211054076639 -0.26100761774221987 0.44550172148991096 0.8563896540886379 0.24272075825744283 -0.17726197665181656 -0.8941746293313165 0.4111324894650059 0.577568061186829 0.9489221333249752 -0.044496611216227916 0.31235690560038815 14.985330537196267
34562489692913 urban05_1519102467059221000.pcd urban05_1519102468067803000.pcd 0.9492361068841683 -0.4619199093400242 -0.872269545970238 -0.1605485488199097 -3.16812698415265 0.8863339642583076 -0.46057646619327036 -0.04776423966810823 -6.351004090693448 -0.03228159161901735 -0.16436288498865675 0.9858715640897391 -1.0212777608098946
34562489692944 urban05_1519102455863931000.pcd urban05_1519102457881103000.pcd 0.9674654959858074 0.6372073826116613 -0.6032714728439971 0.4796147220403374 -2.8290691544178928 0.3374561854277933 0.7778873289742072 0.5301081270249457 6.068023946934676 -0.6928853256215767 -0.17593985754799213 0.699253238865773 -1.9452026056591474
34562489692975 urban05_1519102497419167000.pcd urban05_1519102500344066000.pcd 0.9547429398986241 0.2051230008964633 0.9460601648478185 -0.25078819547847125 -6.141555589102922 -0.9286714804672137 0.26903532241333017 0.2553219079138902 4.504808731151451 0.3090207693182823 0.1805274488327853 0.9337644265808496 -8.111883040680327
34562489693006 urban05_1519102441037735000.pcd urban05_1519102441743745000.pcd 0.9651856763925729 -0.3121552976106501 -0.9073810277855232 0.28145823951075566 -3.9844292896010165 0.3273225218209535 -0.3808439623121047 -0.8647646171526604 6.7688203802336515 0.891862678265201 -0.17781323568650215 0.41588870666600036 6.729077205337332
34562489693037 urban05_1519102430851022000.pcd urban05_1519102433675066000.pcd 0.9717532859037743 0.6421133183243938 0.765427367774064 0.04256091038621433 -0.09587957753670001 -0.7496138838850741 0.6152835753313632 0.24393676847533485 -0.1528786652224801 0.16052884948559915 -0.18853929720332135 0.968856760255564 10.454265709477378
34562489693068 urban05_1519102442752331000.pcd urban05_1519102444870357000.pcd 0.9590057615154898 0.6815147618566584 0.7252679159711334 -0.09759139016507157 -3.215836406984783 -0.7266220936841062 0.6864869639040816 0.02749511520037942 -2.952840620112334 0.08693654203836404 0.052173733359278815 0.9948466913076439 11.552900349856479
34562489693099 urban05_1519102501856931000.pcd urban05_1519102503369813000.pcd 0.9750551809633236 0.3005773344323684 0.946862471337735 -0.11447587692491751 -6.1568891201479286 -0.9314059844816979 0.31724367084170474 0.17843582987326057 -8.151797213520892 0.20527093826747922 0.052989750736126245 0.977269629232236 5.946337629851058
