id source target overlap t1 t2 t3 t4 t5 t6 t7 t8 t9 t10 t11 t12
34562489690030 urban05_1519102428127840000.pcd urban05_1519102531717576000.pcd 0.6318 0.9275433728492866 0.28555982687773196 0.24107856967579847 -2246611.1391324443 0.30117631530453515 -0.18924938065218777 -0.9346001813729476 9356676.980349164 -0.22126029599309563 0.9394893598100635 -0.26154086529780507 -7403041.313363417
34562489690061 urban05_1519103147735048000.pcd urban05_1519103150155652000.pcd 0.6085 -0.3486857879312565 0.9370877278167664 -0.016876364240237696 -6592076.38153361 -0.1784149058531757 -0.04868860609225206 0.98274998906446 8562547.723609477 0.9201012676136044 0.3456819492134408 0.1841674437131461 -3427421.61174382
34562489690092 urban05_1519102701898964000.pcd urban05_1519102703411850000.pcd 0.6154 0.6056547891150483 -0.49408891134204747 0.6237454802327923 4252205.482811973 0.7193804643332711 0.00494536920664107 -0.6945986545186056 7500486.405564681 0.34010884134002395 0.8693973148177077 0.35843309700710685 -7233687.662850346
34562489690123 urban05_1519102631679245000.pcd urban05_1519102632385249000.pcd 0.6287 -0.1035727316620828 0.9945793066759521 -0.009202825003050669 -7226742.154916081 -0.9946026751733787 -0.10350879632731658 0.0071726996889907605 9577112.031689592 0.006181245344794539 0.009896050467367197 0.9999319278786606 -83951.47466809068
34562489690154 urban05_1519102677684305000.pcd urban05_1519102678692890000.pcd 0.6282 -0.749308727489712 0.14553243730202264 -0.6460315322030968 58111.99322391045 0.474687441147198 -0.5621828096590517 -0.6772165988374617 12235402.728312928 -0.4617448041124811 -0.814107362831701 0.35216606545540285 6874514.665769183
34562489690185 urban05_1519103043951683000.pcd urban05_1519103047582588000.pcd 0.6049 0.7517070268937227 0.42855505748594874 -0.5012754815685835 -3273502.073790039 0.10710807586657306 0.670663546881139 0.7339879201791885 2574381.8307458432 0.6507414277597213 -0.6054345295637055 0.4582407932618112 4414037.034887078
34562489690216 urban05_1519102559554513000.pcd urban05_1519102560462238000.pcd 0.6046 0.8694086393992833 -0.48784501127746444 -0.07833174777558341 4016784.509655338 -0.170046182934752 -0.14657808111139475 -0.9744737871318152 9344579.588882636 0.46391045839386713 0.8605359441123839 -0.21039243209630948 -7249263.11373756
34562489690247 urban05_1519103044153399000.pcd urban05_1519103045867995000.pcd 0.6005 0.4557517529074437 -0.8578727598887524 0.2373703173580198 7284499.988277153 0.870709431361569 0.4850446934169777 0.08122026548862638 3531434.8372051446 -0.18481186612283654 0.16966429568086722 0.9680178722065568 -1235230.8991413305
34562489690278 urban05_1519102425808105000.pcd urban05_1519102426514115000.pcd 0.6331 -0.5086463957146913 0.08019993695527033 0.8572320655684931 414246.63411250105 -0.8592494270429554 0.015729164717913885 -0.5113149865822735 8522505.473736413 -0.05449097404898756 -0.9966546861825554 0.060911166936327615 8056971.349139911
34562489690309 urban05_1519102884385755000.pcd urban05_1519102886201208000.pcd 0.6160 0.21670721317009706 0.031123884253787842 0.9757403791936701 299681.0652311847 -0.30277375862523404 0.9523491418915666 0.03686682826533186 596078.4461922089 -0.9280980739383089 -0.30341788966267924 0.2158044239227908 3093313.3392052213
34562489690340 urban05_1519102884385755000.pcd urban05_1519102885596057000.pcd 0.6451 0.01956164911876357 -0.8055021827514879 0.5922698502087903 7169534.672078852 0.9805353590663779 0.13120966205486873 0.14606311719259032 6301287.921762353 -0.19536568660930095 0.5778842947909518 0.7923900493630903 -4512265.516240896
34562489690371 urban05_1519102386267710000.pcd urban05_1519102386872860000.pcd 0.6637 0.641805970861065 0.7168743690154098 0.2723531435762104 -5516203.49873529 -0.7397412760693096 0.6723672027093239 -0.02655539870136532 3155175.902642323 -0.20215820598342135 -0.1844274485254213 0.9618308458268365 1625690.2078180183
34562489690402 urban05_1519102752739598000.pcd urban05_1519102753546470000.pcd 0.6561 -0.8054078320020036 -0.4457001278433632 -0.3907295998388687 4854407.043464733 0.4095576992813289 -0.8950071873406954 0.17670491098971253 14958838.60374263 -0.4284632015812062 -0.017706796686789997 0.9033857173112024 443488.87216545513
34562489690433 urban05_1519102644389189000.pcd urban05_1519102644590898000.pcd 0.6595 0.023813057742830324 -0.973843542325627 0.22596834590626072 8520916.553502075 0.7317325407006335 0.17099014205347213 0.6597953168978461 6155775.397701727 -0.6811757681837577 0.14963664788817033 0.7166648075970101 -725368.3591183667
34562489690464 urban05_1519102532927877000.pcd urban05_1519102534339896000.pcd 0.6489 0.826009267131498 -0.22465426494000426 -0.5169517887164641 1929724.000929528 -0.5633963936934034 -0.3569282930149779 -0.7451085137204388 11312965.136226507 -0.017122914067202705 0.9067153108278697 -0.42139548042683933 -7282722.266374053
34562489690495 urban05_1519102428934716000.pcd urban05_1519102533734745000.pcd 0.6606 0.09585271263102574 0.9606231961944539 0.26079749311376793 -7093659.948508811 -0.8509570576835518 -0.056847295680109544 0.5221498548811543 9100459.634771172 0.5164148946920744 -0.2719769473815934 0.8120001210795253 1825490.8487652952
34562489690526 urban05_1519103044153399000.pcd urban05_1519103049398040000.pcd 0.6407 -0.8398861075120491 0.5196545970787211 -0.15668575603165416 -2888327.866510494 -0.5378964047095877 -0.8354886354138468 0.1123663557067143 15145630.402266337 -0.07251747519569679 0.17865564594845693 0.9812356373277427 -1386465.836088707
34562489690557 urban05_1519103055953840000.pcd urban05_1519103057264999000.pcd 0.6770 0.7252318559590101 -0.6529691083488698 0.218334831495874 5446582.180949422 0.671084099085844 0.5995143936871279 -0.43615206489949876 2750766.405536799 0.15389895079691399 0.4628324052008862 0.8729841222150446 -3831910.792732345
34562489690588 urban05_1519102865217341000.pcd urban05_1519102865721633000.pcd 0.6635 -0.8456377492237144 0.5158614227715178 0.1370539659550039 -2854111.295870568 -0.5120677554500729 -0.8565277110789831 0.06439638174713076 15296832.430190813 0.15061012886314906 -0.015724905403314823 0.9884681666264634 20730.63977012143
34562489690619 urban05_1519103170629918000.pcd urban05_1519103171739360000.pcd 0.6551 0.3756621895269876 -0.7486155748916399 0.5463081917649134 6461619.115907357 0.6277056399921803 -0.22814692345160198 -0.7442678354205401 9440448.744553564 0.6818090266942768 0.6225140177933575 0.3842040457477959 -5487395.698113173
34562489690650 urban05_1519102471900424000.pcd urban05_1519102533633886000.pcd 0.6970 0.40538125084885585 -0.00517127217634511 0.9141330862649568 459114.2920006069 0.9071793791923435 0.12551103361481636 -0.40158754264684904 6398557.62663223 -0.11265707003296033 0.9920787460605224 0.055571091284678464 -7902487.033441155
34562489690681 urban05_1519102398976315000.pcd urban05_1519102399278897000.pcd 0.7093 -0.6950422446518744 0.19765674306539485 -0.6912655713038689 -400173.6942198192 0.04085272586285213 0.9707719403444767 0.2365013628489147 206440.09235423256 0.7178073090592338 0.1361383552148323 -0.6828023252014755 -1598975.2600406772
34562489690712 urban05_1519103096902424000.pcd urban05_1519103097507575000.pcd 0.6854 -0.7252516436738141 0.46208082940980055 0.5103835424858273 -2505818.4782466954 -0.307387409101199 -0.8806505205283972 0.3605102514757599 15346877.935557332 0.6160544083719258 0.10457517767144472 0.7807310664630316 -1274113.5857489083
34562489690743 urban05_1519102697158627000.pcd urban05_1519102698671505000.pcd 0.6805 -0.16898601791315115 -0.9046291772103802 0.39126688780105917 8099505.236937217 0.8714419113084616 -0.3225958912449868 -0.36948732883132523 10028877.893195499 0.46047010865517785 0.27852817216849574 0.8428459742702492 -2564419.6578815584
34562489690774 urban05_1519102655891813000.pcd urban05_1519102656698674000.pcd 0.6850 0.6003394372997983 0.7997451593107827 0.0004900831889554716 -6153728.2391861975 -0.7965731784289314 0.5979035969716193 0.08934461447691833 3794674.070057013 0.07115990043691173 -0.05402748270436142 0.9960006524508097 384701.00369655306
34562489690805 urban05_1519102639142769000.pcd urban05_1519102639546203000.pcd 0.7067 -0.17690090826223037 -0.9723838644415463 -0.15223563587321493 8650243.21366953 0.4632794046059933 -0.2187342273553463 0.8587942309140041 9479909.08357079 -0.8683767972049428 0.08139384471189315 0.4891797012541526 -44752.307785489946
34562489690836 urban05_1519102865923351000.pcd urban05_1519102866225925000.pcd 0.7025 -0.4663251966309159 -0.5392259752504328 0.7012675371085968 5368349.990571194 -0.0449801416038923 -0.777260053667215 -0.6275695944152584 14331081.717970144 0.8834690701141898 -0.324194627636637 0.3382014866364588 1987931.8016718947
34562489690867 urban05_1519102687366717000.pcd urban05_1519102688274443000.pcd 0.6983 0.3381130851518964 -0.5796511110388898 -0.7414068593697033 5128774.117787865 -0.18679807882426364 -0.813465143053656 0.550800271227474 14721616.307090221 -0.9223806260956647 -0.047739402049831015 -0.383320923111815 1032315.2954541335
34562489690898 urban05_1519102918988057000.pcd urban05_1519102919694067000.pcd 0.7152 -0.9773118296677517 0.1656310270415549 0.13201496306340274 56190.62127134693 -0.014396742327387232 -0.6737897834795068 0.7387828243056267 13476897.235352157 0.21131569132894676 0.7201206083426577 0.6608872733215326 -5942284.038265834
34562489690929 urban05_1519102539987970000.pcd urban05_1519102540492252000.pcd 0.6993 -0.2478941728593193 0.36445628601215957 0.89761912560318 -2055843.0770757624 -0.941435410057188 0.1279852899446157 -0.31196014849375747 7677118.882284262 -0.22857788115399208 -0.9223835325633345 0.31138524548079655 7581703.33264685
34562489690960 urban05_1519103157820892000.pcd urban05_1519103158224327000.pcd 0.7500 0.2178121552649634 0.9542499832123799 0.20485320245972266 -7128139.807810777 -0.899615324093558 0.27769045333718373 -0.33701673664883736 6443446.22866035 -0.3784839939480584 -0.11088273835255884 0.9189422640517542 1158011.2872103627
34562489690991 urban05_1519103129378809000.pcd urban05_1519103130387396000.pcd 0.7355 0.25645340779111336 0.9471796943010645 0.1925675890072532 -7098389.480921039 -0.9565798371194952 0.27726962478715966 -0.08986974121931907 6486717.7199311 -0.1385159371652395 -0.16115887153405234 0.9771597378510364 1393916.1849250905
34562489691022 urban05_1519103111627751000.pcd urban05_1519103112132041000.pcd 0.7436 0.9093736025410477 -0.33148961371341135 -0.2513051670810808 2730715.427948467 0.3780544038958916 0.40657373314851025 0.8317287221255534 4508798.376514757 -0.17353535287208385 -0.8513591695129719 0.49504852872192645 6971668.401226546
34562489691053 urban05_1519102428127840000.pcd urban05_1519102430346731000.pcd 0.7275 -0.9443109692284285 0.29932487906072686 -0.13667995526099472 -1042553.9213264391 -0.2589025116409817 -0.9322299277053702 -0.2528178224659643 15727599.727075016 -0.20309180894575138 -0.20335185926300695 0.9578109095606612 1778712.1952471563
34562489691084 urban05_1519102388284879000.pcd urban05_1519102388486596000.pcd 0.7350 -0.926511976290872 -0.3760682467815995 0.012175038077817862 4377879.732789551 0.251581268622962 -0.5951058620202374 0.7632534823158104 12656648.025825128 -0.2797899624140283 0.7102265038364619 0.6459844349367813 -5517655.193258677
34562489691115 urban05_1519102687366717000.pcd urban05_1519102687871009000.pcd 0.7447 0.2713888806354005 0.8974466866225699 0.347760722534381 -6708693.355125587 -0.928264727641064 0.33953093769158144 -0.1518003220277749 5966059.413929448 -0.254308220246466 -0.28161709291242576 0.9252130252512817 2444469.951307074
34562489691146 urban05_1519102665273074000.pcd urban05_1519102665373940000.pcd 0.7503 -0.8007973886339103 -0.38064571159134486 -0.46242013862312326 4327630.922594911 -0.0036251518904530655 0.7751364947238232 -0.6317834065730403 1811825.2926168505 0.598924369708631 -0.5042541589262135 -0.6221071793306486 3636580.174761164
34562489691177 urban05_1519102537869942000.pcd urban05_1519102538475092000.pcd 0.7295 0.2838442114902041 0.9164877478505431 -0.2819267132489278 -6870533.124199971 0.9587646848939013 -0.26690215720526944 0.09763973309811595 9519410.632262014 0.014238771147890183 -0.2980158494426303 -0.9544547191340117 2387981.0582223576
34562489691208 urban05_1519102652664342000.pcd urban05_1519102653067769000.pcd 0.7219 0.09929979353100771 -0.840924379636936 0.5319640389508802 7398388.111115394 0.8981542729851527 0.305866213373414 0.3158556021904963 4953789.621601207 -0.428320502571627 0.4464213785750449 0.785652276664394 -3290841.0869753193
34562489691239 urban05_1519102532121013000.pcd urban05_1519102533432169000.pcd 0.7491 -0.9900476781616039 0.046463681605603435 -0.13284096227621478 1023961.7089191846 -0.06933059951218506 -0.9824651586985027 0.17307651462520027 15998552.736044511 -0.12246984501541029 0.1805639450033679 0.975908704145384 -1366707.5208604545
34562489691270 urban05_1519103147735048000.pcd urban05_1519103148037623000.pcd 0.7838 -0.7879720395007098 0.529934777623088 0.3134791802188156 -3007753.3551423834 -0.55350222438838 -0.8326871805316284 0.0163507484661521 15133931.189735485 0.26969492498415304 -0.1606274909343232 0.9494542941047434 1102898.0662105635
34562489691301 urban05_1519103012786421000.pcd urban05_1519103013593290000.pcd 0.7733 -0.40509724496745414 0.5507213865383407 -0.7297959828123655 -3443727.8753642263 0.3745000126186169 0.828139354911285 0.417055091559589 1119590.728233831 0.8340539327096508 -0.10436073618180794 -0.5417221373316368 253920.81101406692
34562489691332 urban05_1519102738417700000.pcd urban05_1519102738720276000.pcd 0.7902 0.8483059563459601 -0.4170979360279647 -0.3261998102224739 3462444.57117182 0.5279264423289423 0.7137800454248653 0.46023007098969887 1931853.786187231 0.040873902650372745 -0.5626254158092123 0.8257008935247913 4497981.2914961
34562489691363 urban05_1519102884385755000.pcd urban05_1519102884587473000.pcd 0.7556 0.12596598278986126 -0.9894151024944058 0.072043918103954 8574585.535415802 -0.920538890852348 -0.14364928061434667 -0.36328093069594247 9848265.182746395 0.36978469628706084 -0.020558189000141364 -0.928890003852405 -94064.24351462082
34562489691394 urban05_1519102546140336000.pcd urban05_1519102546241195000.pcd 0.7724 0.6501302584785257 0.6377255855982246 0.41308198276376895 -4885171.083715484 -0.6720729071004051 0.7362671085808369 -0.07892244524610278 2593946.635868287 -0.354469539667734 -0.2263113392992396 0.9072676138562034 2069799.8806735594
34562489691425 urban05_1519102745276076000.pcd urban05_1519102745376943000.pcd 0.7782 0.21460277437801717 -0.9516521634048798 0.21978127562663247 8208390.268955491 0.9766796233718542 0.2075911635907644 -0.054798011727119705 5689288.623876247 0.006523995667604296 0.22641569885024407 0.9740089161782273 -1826242.4500841561
34562489691456 urban05_1519102539181103000.pcd urban05_1519102539483677000.pcd 0.7651 -0.18451827474039068 0.9450601008128027 -0.26984145741254295 -6771448.683854563 -0.9307557405920172 -0.07984391652424422 0.35681746082426435 9341600.270760799 0.31566874669792 0.3169958278049808 0.8943527757615558 -2772093.2750001727
34562489691487 urban05_1519103044153399000.pcd urban05_1519103045161986000.pcd 0.7760 -0.6346321135629754 -0.1460125124373335 -0.7588955307855809 2323294.365310725 -0.13012325418819706 0.9881584885884026 -0.08130645823154371 186695.62440569268 0.7617808209413419 0.04715026662089451 -0.6461167334185937 -914326.9789451095
34562489691518 urban05_1519102879037603000.pcd urban05_1519102879340178000.pcd 0.7574 0.43307559572169485 0.35067007187643545 0.830346932962647 -2423290.4070119015 -0.8903823038079712 0.30975639395460947 0.3335720753747926 6178951.581450962 -0.14023152803812922 -0.8837881403902252 0.44637836131434394 7209340.886967563
34562489691549 urban05_1519103172142797000.pcd urban05_1519103172445371000.pcd 0.7556 -0.24334889751305327 0.8681292299946217 -0.43258866618085 -6111238.403702506 0.13702827219168373 -0.4107521022060801 -0.9013911266223159 11254345.56046914 -0.960210688702924 -0.27862941438805644 -0.01900217720224119 2916422.572075177
34562489691580 urban05_1519103062812210000.pcd urban05_1519103063820800000.pcd 0.7945 -0.8812772213994112 -0.4545917260452228 -0.12921618185722067 4979184.400734256 0.40064082458522754 -0.8636489147185299 0.3059370552600231 14712764.506986631 -0.2506738692369075 0.2178460803336397 0.9432421198001429 -1576590.80064727
34562489691611 urban05_1519102535449347000.pcd urban05_1519102535751914000.pcd 0.8031 -0.703287939863625 0.7087682099167494 -0.055079018271793595 -4506020.196978227 -0.7003938597775963 -0.7040805030067044 -0.11712850409557304 14202114.957444374 -0.12179702306796586 -0.04379805814454147 0.9915882286889798 437933.4645560809
34562489691642 urban05_1519103131597699000.pcd urban05_1519103132303707000.pcd 0.7969 -0.9781506164200059 0.19790250455288178 0.06368650005189072 -202789.98621930915 -0.10079638693192372 -0.7193664509417118 0.6872786899366194 13904044.3538731 0.1818281055795082 0.665842705112268 0.7235965948442163 -5484791.460402616
34562489691673 urban05_1519102471900424000.pcd urban05_1519102532524443000.pcd 0.8159 -0.37701691235806056 0.30779637225336653 -0.8735671931933239 -1509056.912769593 0.4347276853117984 -0.7740144044655296 -0.46034067960948016 13967524.027977431 -0.8178447819846019 -0.5533200655204356 0.15800891643518233 5026285.127966672
34562489691704 urban05_1519102652664342000.pcd urban05_1519102652765200000.pcd 0.8062 0.6065164964866091 -0.7401319400192108 -0.29041771787032683 6231268.015369666 0.10782380525037 0.43846748476003106 -0.8922557323041094 4442279.727216985 0.7877256924278524 0.5098538772742751 0.34574160484015953 -4655351.0971851
34562489691735 urban05_1519102976679094000.pcd urban05_1519102977687680000.pcd 0.8065 0.20861856892863412 -0.05313991577056176 0.976552324276619 983355.238701079 -0.7776991533809536 0.5964431685372323 0.19859399169112574 3793234.9551144056 -0.5930112305249513 -0.8008943101665567 0.08310225276199651 6860538.806261731
34562489691766 urban05_1519102821238084000.pcd urban05_1519102821338949000.pcd 0.8115 -0.9874296736984646 0.1414233024243337 0.07058391481874166 258326.79275350878 -0.06490461246098654 -0.7699771669098193 0.6347618086485808 14286346.34593717 0.14411811399346403 0.6222014239528256 0.7694773273138352 -5107313.436182517
34562489691797 urban05_1519103014400158000.pcd urban05_1519103015207025000.pcd 0.7992 -0.7485529936202836 -0.6488485076539035 -0.136616360138213 6448912.747214165 0.6623671652863232 -0.7412279879018216 -0.10886141787418258 13544138.559454866 -0.03062930121096691 -0.1719787314359516 0.9846243760140253 1405220.2851615457
34562489691828 urban05_1519102396253142000.pcd urban05_1519102396353994000.pcd 0.8026 0.5639133098240716 0.755196731721941 0.3341850915282715 -5769828.458789787 -0.824821645612527 0.5350777498261196 0.18265008779099873 4319500.84220626 -0.040878257451895494 -0.3786419126794012 0.9246400759377571 3075046.228861316
34562489691859 urban05_1519103005222040000.pcd urban05_1519103005928046000.pcd 0.8261 -0.5183262078365333 0.5996118572958158 0.6097569703251136 -3757748.6234322744 -0.359597219862668 0.49409759733650105 -0.7915537908274695 4323082.268807316 -0.7759044926644252 -0.6295499860190288 -0.04048497704830478 5610430.146221975
34562489691890 urban05_1519103092868076000.pcd urban05_1519103093271510000.pcd 0.8478 0.7038182642388809 0.7103342278454594 -0.00807066756616997 -5507015.067595171 -0.7102571042132226 0.7038623967709179 0.01061001067606567 2881566.6279473538 0.013217293157680896 -0.001735270322969074 0.9999111420513775 4684.015929491528
34562489691921 urban05_1519103062812210000.pcd urban05_1519103063619085000.pcd 0.8594 -0.926979908925242 0.3213033941057254 -0.19357783288664854 -1231269.975839241 -0.3578139729252974 -0.912296605289364 0.19920859609192873 15637037.170792168 -0.11259400174238798 0.25392721971786236 0.960647468043294 -1963906.5826942509
34562489691952 urban05_1519102948136150000.pcd urban05_1519102948943018000.pcd 0.8329 0.20709077068202109 -0.9782786124241989 0.009185269278073449 8427968.572212938 0.5268444277058779 0.10360617897660729 -0.8436235586285705 6842224.144819887 0.8243472336907502 0.17954586085803087 0.5368565191512125 -2023574.9877498774
34562489691983 urban05_1519103015913035000.pcd urban05_1519103016417326000.pcd 0.8621 -0.029100480240707605 -0.9924176919566723 -0.1194164425075193 8707728.514933066 0.9812879138184984 -0.05111177250546556 0.18563840363752496 7767544.2762966165 -0.19033442211932994 -0.11177974504685997 0.9753348637025951 1033079.5521146768
34562489692014 urban05_1519103011374403000.pcd urban05_1519103011878696000.pcd 0.8637 -0.9863130714522037 0.1648778165423687 0.0013530316849766021 68885.18593828822 -0.16481901574924465 -0.986124170944906 0.019844685073624715 16095608.528848544 0.004606205593519921 0.019350066936373114 0.9998021593193263 -158923.3451273657
34562489692045 urban05_1519103048389456000.pcd urban05_1519103049095465000.pcd 0.8667 0.7884568788194904 0.5214141842541814 -0.3262866817704551 -4046464.1739092413 -0.12624116165353572 0.6563549377095171 0.7438154104673431 2853442.360002903 0.6019957801734108 -0.5452755672161396 0.5833314979070854 3964231.8618799914
34562489692076 urban05_1519103043346532000.pcd urban05_1519103044153399000.pcd 0.8394 0.9575367291683199 0.24788274337782035 -0.14723300523021743 -1964530.7697331358 0.15719953051894192 -0.0207925656325062 0.9873479512406161 8102399.894107816 0.24168516689747388 -0.9685668870810645 -0.05887669616950841 7623128.812817094
34562489692107 urban05_1519102531213271000.pcd urban05_1519102532322726000.pcd 0.8413 0.5032398613716744 -0.8540629044415999 0.1316290134559875 7220239.591560575 0.8114451497326545 0.5194154527284717 0.2678887015949474 3296554.7900766586 -0.29716394616771363 -0.02800254852072384 0.9544157618011013 434020.4247194148
34562489692138 urban05_1519102980209142000.pcd urban05_1519102980915151000.pcd 0.8322 -0.44688216033652506 -0.27130234985486235 0.8524619462100291 3199158.865205867 0.7571430457576553 -0.6222383091461133 0.19888161024038215 12520243.877725173 0.4764774318199989 0.7343122779813887 0.48348188732568104 -6242771.1617148165
34562489692169 urban05_1519102531717576000.pcd urban05_1519102532423579000.pcd 0.8479 -0.15735458960189955 -0.3884301455792525 0.907943585877723 3937870.0349701275 0.9435848781294753 -0.3303865572981922 0.022187846268424682 10040846.010116797 0.2913539272029821 0.8602131972725882 0.4185046527118549 -7125379.7062559165
34562489692200 urban05_1519103043951683000.pcd urban05_1519103044455977000.pcd 0.8991 0.024325499231872175 0.49085086559480745 -0.8709039544243373 -3263647.6814082535 -0.3901756096257282 -0.7974096868029023 -0.46032682416527526 14735557.207514867 -0.9204190696309542 0.3510031611506159 0.17212064699495894 -2177291.110447279
34562489692231 urban05_1519103055953840000.pcd urban05_1519103056458134000.pcd 0.9003 0.6159922146949652 0.7877402895272941 0.004339088688496405 -6068116.369294034 -0.787713927851673 0.6158985879343299 0.013255083892139924 3643756.202287814 0.007769125026736115 -0.011582989076799098 0.9999027327997287 87730.7472399789
34562489692262 urban05_1519103065232816000.pcd urban05_1519103065636250000.pcd 0.9030 -0.06955176391912021 0.9926877055023839 0.09865937096977206 -7235436.3476626575 -0.6698953557033918 -0.11975911578443021 0.7327332165212367 9479735.423746873 0.739190614485036 -0.015128566718085712 0.6733263413281046 -397555.60848695313
34562489692293 urban05_1519103063719943000.pcd urban05_1519103064325090000.pcd 0.8988 0.7101728053675153 -0.7040045715171728 0.005670079307682076 5867798.4178867 0.6997652993030445 0.7067354614087055 0.10418019715255245 1867886.0105261886 -0.07735058117269591 -0.07001821813175682 0.9945422749797517 617692.0351628729
34562489692324 urban05_1519103040522496000.pcd urban05_1519103041026787000.pcd 0.9082 0.890603107428148 -0.19902365064908117 0.40892015299033524 1678074.6143758697 0.43929724289696553 0.6091094636148265 -0.660305682027637 2836437.627455892 -0.11766068766776425 0.7677077880399357 0.6299053220606872 -6094016.953239606
34562489692355 urban05_1519102948136150000.pcd urban05_1519102948640444000.pcd 0.8838 -0.15876837710433028 -0.9869995515793283 -0.024989750176057174 8755134.039938511 0.9872141926942631 -0.1590643868358464 0.010327564260273675 8632106.366824325 -0.014168280582732333 -0.023030545428643273 0.9996343600550093 195252.1174139866
34562489692386 urban05_1519103092868076000.pcd urban05_1519103093170652000.pcd 0.8767 0.5458325870418839 -0.3970120135174609 -0.7378673648061522 3513358.680777103 0.8378667785123013 0.25148660728761135 0.4844932897578509 5433585.751635491 -0.00678589629911347 -0.8826867776724527 0.46991276225874035 7106592.753198926
34562489692417 urban05_1519103062307923000.pcd urban05_1519103062711358000.pcd 0.8840 -0.6929538920791535 0.04729114184746161 -0.719429253891664 808986.5477965393 0.3408064570142755 0.9008123275904011 -0.26905038434936507 558637.7531565487 0.6353470408443955 -0.43162564609152626 -0.6403385349378427 3026572.6323113707
34562489692448 urban05_1519102948136150000.pcd urban05_1519102948539584000.pcd 0.8950 -0.97941776189564 -0.20127982019417123 -0.015075863687945862 3009873.8572476674 -0.06009037198641766 0.21946149874197177 0.9737688625975167 6322102.103801188 -0.19269144993452453 0.954632434265948 -0.22703946918895176 -7545232.027143074
34562489692479 urban05_1519103118586958000.pcd urban05_1519103119091248000.pcd 0.8939 0.9579544575046384 -0.06601090244588524 0.27922359876141173 560592.8234952806 -0.22399718723860218 0.4360888222065909 0.8715800590052889 4694216.284064881 -0.1793000765649268 -0.8974793033294686 0.4029669746257914 7346773.606597148
34562489692510 urban05_1519103126958206000.pcd urban05_1519103127260782000.pcd 0.9154 0.6763787442074505 0.6448706969995172 -0.35588422068941106 -4961003.086335605 -0.23548976696692955 -0.2684814728123695 -0.9340568871382311 10371226.212774362 -0.6978942355674058 0.7155833165382337 -0.02973471126357946 -5266941.059906588
34562489692541 urban05_1519102919794925000.pcd urban05_1519102919996642000.pcd 0.9451 -0.5239094060592652 0.8486872718842163 0.07244893915271541 -5757947.78431992 -0.737188103655161 -0.4091772910698229 -0.5377059087475873 11855747.95845139 -0.4266997001076228 -0.33511767935232445 0.8400139920939276 2996000.2876331178
34562489692572 urban05_1519103032857254000.pcd urban05_1519103033058970000.pcd 0.9465 0.14145044829445397 0.7468826910132076 -0.6497368825472103 -5405926.950568397 -0.01944867964413005 -0.6541128017655059 -0.7561469377221468 13322264.741652248 -0.9897542723006545 0.11959384779891263 -0.07799866685561048 -266713.1917918109
34562489692603 urban05_1519102918786340000.pcd urban05_1519102918988057000.pcd 0.9153 -0.9664676303434352 -0.2206686930260727 0.1313226843180936 3156642.1936649936 0.23608371770246098 -0.9647425710608002 0.11634539019136547 15641977.370823836 0.1010187989145064 0.14344720109211356 0.9844887519747032 -1225086.3936084579
34562489692634 urban05_1519103005121179000.pcd urban05_1519103005423755000.pcd 0.9280 -0.7893437002181315 0.5609351933145783 0.2495761042790059 -3256123.5842984812 -0.0829237128886473 0.30537602217137855 -0.9486143278084865 5647143.232851564 -0.6083257193039842 -0.7694785208073857 -0.19453181037909412 6618547.443979757
34562489692665 urban05_1519103011273545000.pcd urban05_1519103011475261000.pcd 0.9341 -0.690369257091004 -0.617572635669758 -0.3768213483011854 6156415.107968651 -0.4064415000392418 0.7619803219072774 -0.5041738748407466 2200645.1895003635 0.5984944410013062 -0.19491030936815576 -0.7770549371778959 1147994.8352824303
34562489692696 urban05_1519103002196285000.pcd urban05_1519103002398002000.pcd 0.9465 -0.7522059393317405 0.4948448051327729 -0.4351032563279225 -2750376.757751348 -0.5067746200549198 -0.8564923686124669 -0.09798115623321438 15292873.670400029 -0.4211480847662085 0.1467972797490263 0.8950334347699199 -885215.2357638516
34562489692727 urban05_1519103119998974000.pcd urban05_1519103120301549000.pcd 0.9247 -0.07956804168544723 -0.9206961995751061 -0.3820830208610422 8165902.073043124 0.7282768516627903 -0.3154130633267012 0.6083809882096914 10071629.381636305 -0.6806480397933115 -0.22985453567598566 0.6956185293353678 2327450.910798044
34562489692758 urban05_1519102935024551000.pcd urban05_1519102935327126000.pcd 0.9154 -0.6892752918449195 -0.7184128150329905 0.09371552298565662 6966760.421132864 0.7244564500204034 -0.6820332356384259 0.09996758228752994 13024327.28569931 -0.00790089083177184 0.13679799955026253 0.9905674551705759 -1095079.8782287377
34562489692789 urban05_1519102986058931000.pcd urban05_1519102986361506000.pcd 0.9421 -0.9966939286540614 0.0007224646065865526 0.08124463446299321 1396872.6489460692 -0.012025610061464055 -0.990258332419048 -0.13872209549057538 16021627.49514452 0.0803529544371753 -0.13924048663926356 0.9869931557988022 1063848.1755573018
34562489692820 urban05_1519102936739144000.pcd urban05_1519102936940861000.pcd 0.9571 0.03666521635974562 -0.3660443610942535 -0.9298748236297147 3621902.665293581 0.9777815068921709 0.20532063798689004 -0.04227008867192228 5706973.235600677 0.20639521963691104 -0.9076645643230523 0.36543953259503137 7157948.411429364
34562489692851 urban05_1519103089237164000.pcd urban05_1519103089338023000.pcd 0.9527 0.31879199524534296 0.8746078690276418 0.36528446340136106 -6558254.4371504905 -0.3269642557066322 -0.26025924584696036 0.9084929831547292 10369143.31079348 0.889643770987973 -0.40905525346351246 0.20299694666718582 2666234.567236023
34562489692882 urban05_1519103056458134000.pcd urban05_1519103056659850000.pcd 0.9672 0.2323036868580429 -0.8717396262299113 0.4313989118353167 7553006.164889707 0.8196815911335038 -0.06330439462032827 -0.569310673339787 7979211.529662834 0.5236001205395282 0.48586271485090177 0.6998430796176407 -4276908.7738875225
34562489692913 urban05_1519103108904582000.pcd urban05_1519103109005441000.pcd 0.9584 0.9117119830438707 -0.21584682282056147 0.3495588778052734 1798586.3414509734 0.410823944685217 0.48360546528494747 -0.7728838466547269 3866227.6405621166 -0.0022240610357465163 0.8482546215758561 0.5295839409647074 -6823076.26369053
34562489692944 urban05_1519103031142660000.pcd urban05_1519103031243518000.pcd 0.9848 0.7383669164758024 -0.6471964253803126 -0.18960770983523012 5390990.618368958 0.6100404631407357 0.5211005914247807 0.5969127297585304 3424412.5369702517 -0.2875150952298888 -0.556408986799898 0.7795794439460668 4678727.290126342
34562489692975 urban05_1519103012786421000.pcd urban05_1519103012887280000.pcd 0.9702 0.34081655965697477 -0.9314242660651982 -0.12764368080124577 7957109.540555708 -0.001806221993598256 0.1351234190250935 -0.9908271288136385 6959972.815032831 0.940128081819543 0.3379208460806695 0.04436993980648207 -3379162.7148929904
34562489693006 urban05_1519103132001131000.pcd urban05_1519103132101990000.pcd 0.9496 0.6955664441422287 0.20681894482703317 0.6880503221741622 -1450247.633281331 -0.5567949925840912 0.7604055576980546 0.3343093239130372 2318729.355364884 -0.4540557873396368 -0.615637321710228 0.6440683427252417 5272160.480766103
34562489693037 urban05_1519103096196412000.pcd urban05_1519103096297271000.pcd 0.9607 -0.36873979175702426 -0.9131141352046244 -0.17393545373067865 8308118.865755472 0.5916428022115716 -0.08623226342825946 -0.8015751938123324 8323897.406264002 0.7169307920338095 -0.3984803292931157 0.5720346725507333 2702450.4314629273
34562489693068 urban05_1519102976073943000.pcd urban05_1519102976275663000.pcd 0.9503 -0.5634291421694666 0.6816956663238837 -0.46673185049813715 -4386399.32540532 -0.7820596078745513 -0.6222022381351466 0.035314934386426994 13601254.600697944 -0.26632756426116 0.38490959117025225 0.8836935187834452 -2909787.151945184
34562489693099 urban05_1519102933713391000.pcd urban05_1519102933814250000.pcd 0.9761 -0.549898631092399 0.7946409226386325 0.2572106132933258 -5304819.327420065 -0.727260820878722 -0.6069825004084219 0.32041214492079995 13440170.89177458 0.4107349436528542 -0.010865001885096398 0.9116900557736295 -201080.6077818607
