id source target overlap t1 t2 t3 t4 t5 t6 t7 t8 t9 t10 t11 t12
32069587440030 urban05_1519102864914766000.pcd urban05_1519102867335368000.pcd 0.1870662701136277 -0.7861155096924899 0.49979880904789475 -0.36362557101395176 -1.581722173850154 0.06981090450310781 0.6563490184370133 0.7512206091483559 -11.61301784710012 0.6141244523981881 0.5651611420392196 -0.5508575500939878 32.497550510913406
32069587440061 urban05_1519102864914766000.pcd urban05_1519102867436227000.pcd 0.1674165586313836 -0.004355508332843816 -0.4105904429979029 0.9118094744330904 -18.510914176477982 0.14767423298316087 0.9015567148331118 0.4066790022267712 -9.641248165989598 -0.9890264660058384 0.13642205854667697 0.05670689095594461 -14.800955258541244
32069587440092 urban05_1519102706237430000.pcd urban05_1519102708960610000.pcd 0.16426880349663084 0.17582271497597302 -0.7153154719534252 -0.6763210395089941 -9.948565590258255 0.13194691353380683 -0.6637001520709755 0.7362690541845869 7.544665080049007 -0.9755390227496693 -0.2186912977807135 -0.022309893939852235 0.7897574303317646
32069587440123 urban05_1519102385763412000.pcd urban05_1519102387276306000.pcd 0.1550392017106201 0.5247180110103016 0.843726454275981 -0.11312240837373426 2.639684952353715 -0.8207527195446085 0.46615185994637404 -0.3302535644450567 18.51164072650606 -0.22591144787620232 0.2661355177788508 0.9370890586785552 -4.752811933553562
32069587440154 urban05_1519102788450784000.pcd urban05_1519102790972245000.pcd 0.1571695212999561 0.09385104989174214 0.7714958818275778 0.6292742524188524 -15.261800638915883 0.07090645152517205 0.6252792919875112 -0.7771731352431739 -17.16956576441604 -0.9930580323255664 0.11755811896540502 0.003979082681916102 23.279761989631886
32069587440185 urban05_1519102916769171000.pcd urban05_1519102919189775000.pcd 0.1785420172580472 -0.7679466833384638 -0.5271580430713105 -0.3638162849223208 2.0392564767102646 -0.4204150626458013 -0.013673849489465687 0.9072288580841475 18.542767796969162 -0.4832277585673033 0.8496572388118432 -0.21112439433815852 6.221428749524786
32069587440216 urban05_1519103101340204000.pcd urban05_1519103104265107000.pcd 0.14415764843521497 0.328945194847742 -0.9335420151455496 -0.14245829124542897 -7.27782974998332 -0.042984622918871895 0.1358955874595125 -0.9897902361114481 -2.332781610061355 0.9433702247681465 0.33171025800692444 0.004574248995862562 -9.1325203657028
32069587440247 urban05_1519103201290886000.pcd urban05_1519103203005483000.pcd 0.1820924135209044 -0.6672559744451042 0.16194491269597772 -0.7270098416247244 11.018535382429427 -0.18379508868420863 -0.9816927040533442 -0.0499880004000694 -9.7087927136958 -0.7217955596586048 0.10026604639819808 0.684805001439677 -8.470842872628419
32069587440278 urban05_1519102686660708000.pcd urban05_1519102689484745000.pcd 0.1644112455552429 0.3304569846084707 0.17963652805621116 0.9265683456234557 -2.7281392029989444 0.4136381279876003 0.8548535310136424 -0.3132553903581259 -10.427559232269694 -0.8483523327005067 0.4867814276463496 0.20818780295730877 14.419322286058218
32069587440309 urban05_1519102833845397000.pcd urban05_1519102836772828000.pcd 0.16040717022288095 -0.4284706708362225 -0.05174061851821957 0.9020730528225026 -12.872512278708726 -0.17833381545971275 0.9835632485707746 -0.02829109973977531 6.665453349055758 -0.88578210328316 -0.1729920358174239 -0.43065510683957364 -1.2502550454447146
32069587440340 urban05_1519102580535382000.pcd urban05_1519102582955995000.pcd 0.2501404135818228 -0.17750578506941572 0.8364254310711089 0.5185404463727015 -5.829208103549689 -0.5488576684984506 0.35321070495576073 -0.7576261991477723 -15.615449508785783 -0.8168518568243177 -0.41908793368714947 0.3963815684924061 0.4254032961340532
32069587440371 urban05_1519103116468938000.pcd urban05_1519103119393822000.pcd 0.25676139545807664 -0.18471346767609867 -0.7264594526956407 0.6619196314117151 -10.373841834268058 -0.9715571332826825 0.03342661773281936 -0.23443420824290892 0.64391547634236 0.14818121212423135 -0.6863958951043442 -0.7119712097811958 -6.3331395747679196
32069587440402 urban05_1519102927056734000.pcd urban05_1519102929477336000.pcd 0.1952840814668464 0.2198463874405417 0.9734284193637645 -0.06406776337836545 4.473781677983923 0.07158398345157913 -0.08159480568242844 -0.9940915556420598 1.5582554996264708 -0.9729045684148816 0.21396121157959852 -0.08762020712622737 -3.1710400236936915
32069587440433 urban05_1519102534239037000.pcd urban05_1519102536558782000.pcd 0.2709808837355061 -0.38090080079282035 0.7354624479379059 0.5603655660625223 2.3070695759106195 -0.055624659871535254 0.5867274828402413 -0.807871746067487 -1.870914373992718 -0.9229412100288751 -0.338889139030948 -0.18257511954617095 -6.435633638888719
32069587440464 urban05_1519102900228384000.pcd urban05_1519102902447270000.pcd 0.24793768356531734 0.6954322661081681 -0.5582231278081409 0.45250514122576946 0.3763567597633998 0.6978091213159117 0.6749573965477073 -0.23978103147216612 2.987925780370168 -0.17157037466874314 0.48251368107612924 0.8589203421216604 14.376769549026328
32069587440495 urban05_1519102761720747000.pcd urban05_1519102763838775000.pcd 0.25747120909768473 -0.6739039788628751 -0.4105487320100166 -0.6142500841821297 -9.191159887985513 0.24346429560156868 0.6615547070020054 -0.7092746339822981 -8.09510388065445 0.697551836095367 -0.6275309620157864 -0.345870391435179 -10.981581702962856
32069587440526 urban05_1519102808427282000.pcd urban05_1519102811051379000.pcd 0.22624204502914594 0.12086319704279724 -0.32256729655630517 0.9387983951802169 2.7506818972456424 0.2470612295406041 0.9257467595814156 0.2862755420611297 -1.3260103273329147 -0.9614326999111685 0.19734050855530244 0.1915825859118091 -12.783598020517415
32069587440557 urban05_1519102729439292000.pcd urban05_1519102732063617000.pcd 0.20352038513615164 0.584689895582369 0.5172584568864891 0.6249651308539436 -11.539272103436655 -0.4503239662573515 0.8477198187579718 -0.2803202352653113 -3.5741056586257525 -0.6747933397849496 -0.11753636741179257 0.7285870921979841 -1.770102563028736
32069587440588 urban05_1519102788450784000.pcd urban05_1519102790669670000.pcd 0.21338383838383837 0.80004994228779 -0.5481783449837304 0.24376339334732372 9.256819242382369 0.5221867608720469 0.4362525472308053 -0.7328060465120315 10.617841368242125 0.29536600450164135 0.713571452011312 0.6352752995821608 -5.022029329367425
32069587440619 urban05_1519103129479668000.pcd urban05_1519103132001131000.pcd 0.25139978727247186 0.063781106000105 -0.8897863876747176 -0.45189838993537046 -6.157029027648097 0.6673245607903597 0.3747186588942737 -0.6436333251490558 10.223806241205512 0.742030930004509 -0.26051124924895985 0.6176762808554247 -6.802400679873255
32069587440650 urban05_1519102579325089000.pcd urban05_1519102581140542000.pcd 0.3619016243886369 0.26768004402968704 -0.843480668516799 0.4657120954696351 5.489958412230152 0.17248246977839993 0.5174920866570348 0.838123939442426 1.0099636856635579 -0.9479436648068323 -0.1440218805800067 0.2840079334574831 -13.266551715663333
32069587440681 urban05_1519102571556658000.pcd urban05_1519102574078126000.pcd 0.306977349648529 0.5526070717837193 -0.5095424441644683 0.6595391738248179 -9.04350171626023 -0.10395262053161075 0.7430256402948013 0.661140492292759 -0.06029142430368192 -0.8269336593096416 -0.43391173694589147 0.35763295100055476 2.6304178536434044
32069587440712 urban05_1519103101340204000.pcd urban05_1519103103155661000.pcd 0.3029394559812811 -0.42215460717817677 -0.25106456160485313 0.871063759746898 0.759595541993848 0.6263643179348823 -0.7754074329313465 0.08006905877296452 -12.60407458799886 0.655326810725922 0.5794047798050873 0.48459970313941525 -4.964930123096273
32069587440743 urban05_1519102859062544000.pcd urban05_1519102861687295000.pcd 0.32531857501627753 -0.29911108005615394 -0.7640083247105485 0.5716850895034977 7.493828735682207 -0.5504574890729395 0.6275310987300066 0.5506371517162871 -0.7964876185674661 -0.7794415401498407 -0.1499866657396311 -0.6082556087609488 -9.439713669169638
32069587440774 urban05_1519102827894749000.pcd urban05_1519102830315346000.pcd 0.3214189516780693 0.3712642878364555 -0.08295716228253242 0.9248140017340349 -5.870934456481268 0.3154390459845406 0.9480339113634196 -0.041592200871548135 -13.652642165564796 -0.8733046643901845 0.3071641452562553 0.378139063075136 -0.7759923583971794
32069587440805 urban05_1519102571556658000.pcd urban05_1519102573876410000.pcd 0.34069252798750327 0.036080434641360404 0.9464436299560958 0.3208467820496563 -2.0814235116716477 -0.2365052286475079 0.3200222253465735 -0.9174154195927913 10.934920931815949 -0.9709600810839139 -0.042781194463877126 0.23538540809014347 10.86415228223192
32069587440836 urban05_1519103116468938000.pcd urban05_1519103118687817000.pcd 0.32707629491788764 0.6574211124869178 0.747109287961033 -0.09810806643095865 -7.6427475222683405 -0.4362992473997453 0.48356845954010425 0.7588178382566045 -4.4966154675542445 0.614361821384499 -0.4560583918539035 0.6438713346971987 -6.1638632920441925
32069587440867 urban05_1519103021762825000.pcd urban05_1519103024687720000.pcd 0.32574828034950737 0.5416686310835994 -0.3838417696896461 -0.7478372750415294 17.01752898057052 -0.5176196437114609 -0.853284900204863 0.06304588429388194 -6.604303139929869 -0.6623178984023004 0.3529452860202241 -0.660881703886605 4.338390263974613
32069587440898 urban05_1519103145919598000.pcd urban05_1519103148642774000.pcd 0.3090660730547405 -0.4156953656801411 0.1681385995391655 0.893827038244571 -2.210644620655859 -0.09206279995337756 0.969936665250494 -0.22527162774636106 2.8947655940343697 -0.9048324727908466 -0.1759325914882141 -0.3877188664940655 -8.101480098698877
32069587440929 urban05_1519102686660708000.pcd urban05_1519102688778735000.pcd 0.29485047709191375 0.8665121157000308 -0.46477190834107734 0.18205446042887777 2.078188898055667 0.3145518015018753 0.7916271468198806 0.523816403513426 8.059700399518647 -0.38757440255644016 -0.3966277015474444 0.8321493548926239 2.493721522706305
32069587440960 urban05_1519103107795143000.pcd urban05_1519103109308014000.pcd 0.38734320303383896 -0.20283311305526452 -0.18341544755862396 0.9618822702624162 0.12892346150653977 -0.5204550304260106 0.8522573803891433 0.05276285508286707 -4.008480181756444 -0.8294487865761037 -0.48991441208552433 -0.26832550992837856 2.3873506098044768
32069587440991 urban05_1519102602120540000.pcd urban05_1519102603734270000.pcd 0.44869643617420923 -0.025805899049484105 0.021628802980705433 0.9994329644632851 21.833070107680527 -0.02569998349211416 0.9994211182514448 -0.022292134073196426 -14.811124010891085 -0.9993365631371411 -0.026260679249671612 -0.02523510060596107 -11.14314523780247
32069587441022 urban05_1519102396757428000.pcd urban05_1519102397362585000.pcd 0.4230654761904762 -0.1058424089074323 -0.6855009770437722 0.72033727860545 -8.323153804222148 0.360465521795556 0.6486845460468389 0.670278276029191 5.647271356444073 -0.9267480736820173 0.3306006203745547 0.1784411324068252 14.584012375680423
32069587441053 urban05_1519103118082668000.pcd urban05_1519103119696398000.pcd 0.4344249043453268 -0.5558111419922513 -0.6400443970318132 0.5304876476087375 -2.191868764641884 -0.19854757063117653 0.7218739682781461 0.6629304911669247 -4.66837126460288 -0.8072501697947962 0.26313711967441 -0.5283048548099172 -7.111065521158112
32069587441084 urban05_1519103078041854000.pcd urban05_1519103079756450000.pcd 0.45087700025632577 0.7588142033930059 -0.06164086405340333 -0.6483836893443484 14.0121590144471 0.004369127801482256 0.995970750102049 -0.08957218130321984 21.840654912313397 0.651292496080903 0.06513577219863462 0.7560260681542637 -4.831802480410766
32069587441115 urban05_1519103078041854000.pcd urban05_1519103079958168000.pcd 0.42116152184261596 0.6560192840105981 0.12000732261402491 0.7451422290578058 -19.76200655826848 -0.749067519030297 -0.01733439079656357 0.6622668426167112 4.505111998266662 0.09239345723598585 -0.9926216607624102 0.07852189277683458 -15.639276670138075
32069587441146 urban05_1519103118082668000.pcd urban05_1519103119898116000.pcd 0.411180369685103 -0.15329934397335104 0.3510239241843417 -0.9237323832082351 -0.6774765065940656 -0.9502888125585 -0.3087399317193382 0.04038350267243551 28.168591452762062 -0.27101749733826486 0.8840033140278174 0.38090373708371467 5.439186700870163
32069587441177 urban05_1519102964676937000.pcd urban05_1519102966492389000.pcd 0.3788591697129827 0.8888970294405997 0.36330993311865867 -0.2790483175885375 3.6413786470666394 -0.22206444004570933 -0.191059733016885 -0.9561294697302778 -3.0033752565262706 -0.4006862307577627 0.9118673537948556 -0.08915421226338416 -3.1282275006301523
32069587441208 urban05_1519102425404679000.pcd urban05_1519102426514115000.pcd 0.4055771107026978 -0.41850762334447145 0.6541296548034811 -0.6300521914169022 -6.766826098300004 0.05349996539042412 0.710278453501093 0.7018847998035852 -3.151365456777179 0.9066361579519016 0.2600363689924434 -0.33225286138036536 -0.7443640372560939
32069587441239 urban05_1519103151063377000.pcd urban05_1519103153685697000.pcd 0.4398672293124743 0.02325110734383236 0.4490928052577551 0.8931825335691501 -4.123890507373195 -0.03899776384741577 -0.8923366364416331 0.449682667754645 -11.88897173187581 0.9989687484712357 -0.04528774149539039 -0.0032341997557232965 -23.211681649295713
32069587441270 urban05_1519102624619151000.pcd urban05_1519102625930311000.pcd 0.47205899845366955 0.10204282534020676 0.5828940328170964 -0.8061152574556629 11.926752069872826 0.22274897491828471 0.7763804352308927 0.5895899540897411 -9.598291540517588 0.9695205804775067 -0.23972477197175804 -0.05061499514617346 -26.824078642134175
32069587441301 urban05_1519102901438685000.pcd urban05_1519102902749846000.pcd 0.47195313688695034 -0.025466436625871336 -0.5962336549493017 0.8024069349845983 -6.868208251112856 0.9939236932307216 -0.10108282005312796 -0.04356553138329722 -7.488218491189463 0.10708479182490194 0.7964218054497904 0.5951849755865091 -1.0408783410146445
32069587441332 urban05_1519102859062544000.pcd urban05_1519102860174417000.pcd 0.5026741698446656 0.14467819279613764 -0.4119037599807679 -0.8996685573270579 -3.862834305936558 0.7854314060346362 -0.5051903294083451 0.35760346403068044 15.930258064345647 -0.6018020662507716 -0.7583653628601412 0.25043212547576305 2.8798196275511434
32069587441363 urban05_1519102602624822000.pcd urban05_1519102603935993000.pcd 0.5094481668297824 0.002909102889126103 0.8369682339252451 0.547243741417329 5.677588972127877 -0.19467831207409797 -0.5363015757905637 0.8212679067226103 1.3817436345172407 0.9808628303327436 -0.10892564071243305 0.16137940657663036 4.940665726771646
32069587441394 urban05_1519102638335896000.pcd urban05_1519102639850551000.pcd 0.4700024956326429 -0.01374199352936567 -0.9738147920870195 0.22692709914497589 -17.268490986966555 -0.005281856632988247 0.22701605856432563 0.973876691960757 -3.936510517095347 -0.9998916239294873 0.012184410795501144 -0.00826320332673991 -3.8914128292171952
32069587441425 urban05_1519102835259950000.pcd urban05_1519102836671970000.pcd 0.47576132572904334 -0.09042844856732582 0.5406969253239982 0.8363429503707682 -10.699117646735365 0.26230594760436116 -0.7972004563202186 0.5437527216430401 14.397304197676974 0.960738406404722 0.26854844514167264 -0.06973841890167429 3.9882860147708654
32069587441456 urban05_1519102607264321000.pcd urban05_1519102608275448000.pcd 0.5386290547213289 -0.3207269178331868 -0.9449351318644739 -0.06505259983654482 -9.296343065857451 0.31119222709835886 -0.16999386355720986 0.935019510035195 4.607558860332559 -0.8945913267916181 0.2796420621458118 0.34857807605764624 -1.2112652502588397
32069587441487 urban05_1519103041329363000.pcd urban05_1519103043346532000.pcd 0.4992334546260552 0.2609364619963941 0.9142727329509686 0.30986695948934484 2.50233072990322 0.25038689054637403 -0.3741006022011681 0.8929474477679196 10.437468518985417 0.9323189195995769 -0.15541592329967457 -0.3265383942840217 7.698849122852063
32069587441518 urban05_1519103124134170000.pcd urban05_1519103125747905000.pcd 0.49690097449125825 -0.8181708139994397 0.49055004486297454 0.29992861251375746 8.139612218823485 -0.491901585719103 -0.3270928066973133 -0.8068724346350579 -6.873523492541373 -0.29770681733296933 -0.8076948367371227 0.5089201328515764 -12.98714174390746
32069587441549 urban05_1519102835259950000.pcd urban05_1519102836772828000.pcd 0.45547724093403635 -0.17508226452167786 0.2536010395863538 -0.9513320731325534 -9.979404783279438 -0.9608066978596336 -0.25494975238293427 0.10886281783945945 13.064702535886255 -0.21493415270270116 0.9331061764239914 0.2882987574051801 -0.5357775409261737
32069587441580 urban05_1519102618060918000.pcd urban05_1519102618565210000.pcd 0.6127800220345208 0.42887404485853187 -0.8987713144402933 -0.09097899749914362 0.1817623812355334 0.05730457386138632 0.12757561478544954 -0.990172029662866 -6.686870354686975 0.9015449181606243 0.41944557078527095 0.10621757711118873 2.4296550253834663
32069587441611 urban05_1519102819826067000.pcd urban05_1519102821742382000.pcd 0.5528557314891458 0.3657819580008393 -0.9306479686042168 -0.009895338999583059 -5.99494914221657 0.36661216076003716 0.13430446499205134 0.9206290427018123 5.232288277438312 -0.8554525602182326 -0.3403772454439974 0.39031301284997894 -19.22746865664545
32069587441642 urban05_1519103157316600000.pcd urban05_1519103158829477000.pcd 0.553872440262158 0.22272189884033822 -0.5302531323575377 -0.8180626940534412 7.568183626353847 0.9579831890767141 0.27460681627485406 0.08282092671419417 -9.964193416989083 0.18072953611228992 -0.8021363425755055 0.569134538309026 -7.127152577256162
32069587441673 urban05_1519102792688844000.pcd urban05_1519102793195268000.pcd 0.6157452311671516 -0.3292919923732886 -0.42166723355765634 0.8448452686158944 -24.839193770668327 0.8932200141701669 0.15099275827502873 0.4235081973638116 13.881796957151352 -0.3061450473953099 0.8940905609010373 0.32692090612714236 23.41070375280157
32069587441704 urban05_1519103188885295000.pcd urban05_1519103189692163000.pcd 0.5987014781047106 0.04964055063877559 -0.49416783593180835 -0.8679481353530017 1.4724116687078572 -0.061542788397773135 -0.8688815823498988 0.4911794794668883 6.987034911468482 -0.9968692496654245 0.02903352861106806 -0.0735442267474763 -5.889376848053599
32069587441735 urban05_1519103018737070000.pcd urban05_1519103019947371000.pcd 0.618298357746836 0.8295780529153135 -0.5570666095472474 -0.03843236460031471 -1.6310995779725044 0.5069644264657691 0.7802409740905897 -0.3663483214761617 -3.436578316046246 0.23406692295040474 0.28443068554166573 0.92968374230317 9.827916249225474
32069587441766 urban05_1519102798540758000.pcd urban05_1519102799347635000.pcd 0.5705084026931029 0.5695910801470087 -0.8193369434110551 0.06521483403945116 -12.218228832743831 -0.07101888206675627 -0.12810744673760094 -0.9892142338646168 11.626408800159414 0.8188542726315544 0.5588161193560919 -0.13115725271919182 11.04963482987548
32069587441797 urban05_1519103156913167000.pcd urban05_1519103158224327000.pcd 0.5730537068565238 0.5218755716099602 0.40802447064085506 -0.7491074149379561 18.13766085713029 -0.22605243965419114 -0.7806322929211283 -0.5826778850918316 -0.04753917851747432 -0.8225242745859634 0.4734229130565518 -0.3151579970584327 -4.117962805660687
32069587441828 urban05_1519102864914766000.pcd urban05_1519102865620775000.pcd 0.6171483769287476 0.6111897220572199 0.24945302354601584 -0.7511459995868777 -4.649289266911883 -0.3792102988973801 -0.7407271579839693 -0.5545474070222958 13.30928955231898 -0.6947277688863303 0.62377597458442 -0.35812967018871655 -4.686920561780759
32069587441859 urban05_1519102948035291000.pcd urban05_1519102949346453000.pcd 0.5824940487090277 -0.7842844219472237 0.16356206352787359 -0.598452501762181 5.196151347399209 0.16847258169420223 -0.8722252622893566 -0.459173258195154 2.6563018760770456 -0.5970887159444563 -0.4609452713704383 0.6565169625326016 12.838811917580852
32069587441890 urban05_1519102788450784000.pcd urban05_1519102788854219000.pcd 0.6528875713658322 0.2249319654356936 -0.9697312147697797 -0.09501043114502361 -2.0449495249743594 0.4376019674788695 0.18766005301220845 -0.8793680813869 -1.5603341851013066 0.870580340338477 0.1562212392876925 0.4665670320667322 -19.015029866553643
32069587441921 urban05_1519103145919598000.pcd urban05_1519103146020457000.pcd 0.6731761610846909 -0.18362759656803737 0.2872402229776824 0.940092527404817 -5.415467580054564 -0.03763891153307758 -0.9577077175683864 0.2852704682376996 -17.18778344371215 0.9822750216295081 0.01699947098243021 0.18667297573314204 11.315190939968005
32069587441952 urban05_1519103119494680000.pcd urban05_1519103120200691000.pcd 0.6737053076124692 0.20361081774050838 0.036139751694333866 -0.9783846652756334 5.0846680661969925 0.5534454762633234 0.8200833732401179 0.14546946668896713 14.273788747036583 0.8076142270308917 -0.5711017241110214 0.14697646415230603 -9.720217540287013
32069587441983 urban05_1519102544627460000.pcd urban05_1519102544930035000.pcd 0.6335606786539654 -0.6805771491962795 -0.5556562721882149 -0.47755717057726355 0.7798513370294842 -0.3860624461068223 -0.2820053547971937 0.8783101773130755 3.136540807510548 -0.6227122382753386 0.782124726014723 -0.022591619209621064 5.5638480007363516
32069587442014 urban05_1519103072494626000.pcd urban05_1519103073301494000.pcd 0.6983658813615212 -0.6546085060086723 -0.7328558846188521 0.1854992081940359 -4.506645322144546 -0.3788136865236845 0.5303433891160875 0.7584431953173542 21.178869070405423 -0.654207837589424 0.4262137280759294 -0.6247831329639012 -19.290376179946126
32069587442045 urban05_1519102811152244000.pcd urban05_1519102811656531000.pcd 0.6692711179106109 -0.38725244204175185 0.7380846079758153 0.5525094185639609 -12.48910012367764 -0.10271449603258176 -0.630075361267353 0.7697108362421481 10.12549314921947 0.9162342923278258 0.24132167451971887 0.3198102108587631 11.781006151242865
32069587442076 urban05_1519102536558782000.pcd urban05_1519102536962211000.pcd 0.6832340151393139 0.7225122881279702 0.14798814085535533 -0.6753336239742995 -15.830281725726309 0.5347817462418254 0.49944726576613874 0.6815870543116793 -5.256531038986388 0.43816033297256496 -0.8536111168939307 0.2817154303982432 -15.072389844473157
32069587442107 urban05_1519102552292704000.pcd urban05_1519102552696141000.pcd 0.6330251814882033 -0.3620843326255174 -0.8469781221239323 0.3892595492862714 6.816313001766964 0.8170256670154696 -0.08733924011270466 0.5699481700772995 -5.479193262859834 -0.4487359975587658 0.5244043456913308 0.7236270356440442 1.627453753432178
32069587442138 urban05_1519103149550500000.pcd urban05_1519103150155652000.pcd 0.6561839943675194 -0.6925410237548132 0.534887812383243 -0.48402681597252833 17.895782822755926 0.7211527983667345 0.5301276221250596 -0.4459858133033583 -8.919434486384691 0.01804360896448548 -0.65792076454836 -0.7528709688596301 4.231254118732251
32069587442169 urban05_1519102581543976000.pcd urban05_1519102581947410000.pcd 0.638784113601065 0.2888072668140108 0.2815384340493957 -0.9150554479311268 15.41452911381056 -0.20131251950410953 0.9522736692932935 0.22945179942984714 19.453127891568517 0.9359827093094875 0.11794477065008588 0.3317007671832707 -6.822865337459465
32069587442200 urban05_1519103124134170000.pcd urban05_1519103124739322000.pcd 0.8023251648036687 0.48662312114517653 0.8716374326934968 -0.05870369574751538 6.229535252686535 0.2620263462633355 -0.08152236056032008 0.961611303278284 -10.920231186484113 0.8333907437875787 -0.4833242086386354 -0.26806263729401625 0.7657906682984944
32069587442231 urban05_1519103039312194000.pcd urban05_1519103039816479000.pcd 0.7492263463404809 0.38739492232249106 -0.9095858320086304 0.15026239838335656 -11.77229482065317 0.7194097930971116 0.19633311802281772 -0.6662603517870542 -19.49701031455481 0.5765194912183994 0.3662061181583478 0.7304234082151749 -9.26354178351969
32069587442262 urban05_1519103116468938000.pcd urban05_1519103116771512000.pcd 0.7777637260392766 0.4387621900241987 0.8558017695040803 0.2740275021213277 2.605384357993803 -0.3155216712092938 0.43225397239119157 -0.8447500093810769 -13.789324358437767 -0.8413880291532936 0.28418274871237403 0.45968070411081696 9.447995483002604
32069587442293 urban05_1519102729439292000.pcd urban05_1519102729641010000.pcd 0.7368737776440499 -0.5571445953869104 0.8092005711994874 0.18650559080515172 2.856142283547576 0.041688958226194284 0.25156540710170483 -0.9669420234490628 -19.63479096693039 -0.8293683925694119 -0.530951298633101 -0.17389303576237067 3.3941952403695623
32069587442324 urban05_1519103013189857000.pcd urban05_1519103013694149000.pcd 0.7750518377158375 0.2049666458345898 -0.4240744666997526 0.8821278369877229 -2.6391617003263694 -0.8140338372886872 0.4265555464013513 0.39420715059889533 5.154475815939497 -0.5434497086615958 -0.7988812255445521 -0.25778130581572745 -0.17551321388479252
32069587442355 urban05_1519102913844276000.pcd urban05_1519102914247710000.pcd 0.8085921040578914 -0.7738043565098486 0.08432009088648396 -0.6277873366987218 -26.427005308530408 0.591169391621484 0.45206115684692977 -0.6679516905286642 11.522454923470395 0.2274765224287196 -0.8879925859730535 -0.3996543494078672 -9.266261568635187
32069587442386 urban05_1519103015005307000.pcd urban05_1519103015711316000.pcd 0.7427509967379485 0.49943064772718204 0.8610237604680884 -0.09595369727217096 11.33638935257692 -0.489224296495209 0.3716968953893547 0.7889873292244197 3.4451243278111505 0.7150025285476794 -0.34710157283899934 0.6068705647031479 16.07307632651884
32069587442417 urban05_1519102728531567000.pcd urban05_1519102728632425000.pcd 0.7455053935277667 0.38824214282529945 -0.9189784962212442 0.06889529749816747 5.149465558532571 0.23725617456869147 0.1719133285499892 0.9561146976675416 -18.366696794863003 -0.8904928669918984 -0.35485818427902244 0.28477732158081853 -9.691713414035801
32069587442448 urban05_1519102656496964000.pcd urban05_1519102656597815000.pcd 0.735204296545914 0.34850569066812764 -0.12936640519917392 -0.9283362089123608 18.723324188391643 0.9020625893789873 0.3153334394404884 0.2946996891981873 11.101835999831852 0.2546112103085952 -0.9401218831494536 0.22659209255558183 -4.058306248721839
32069587442479 urban05_1519102425404679000.pcd urban05_1519102425505529000.pcd 0.734576724979012 0.5739743323004995 0.6728367048753772 -0.466737864794191 13.631843052931828 -0.7492099610693321 0.2014393836677827 -0.6309568994329439 5.663491601759309 -0.33051157331428793 0.7118377225744564 0.6197169972054386 -12.518020347311275
32069587442510 urban05_1519103124134170000.pcd urban05_1519103124638463000.pcd 0.8521782745772427 -0.16205046133700637 0.8708260588526382 0.46411380415114256 -15.00603556733587 0.6460514548205971 -0.26188740438708724 0.7169606022283124 -5.569796569901611 0.745893535100455 0.4160251947257232 -0.5201594675181552 6.676082707360051
32069587442541 urban05_1519103013189857000.pcd urban05_1519103013492433000.pcd 0.8641393104207571 0.35503167152003967 -0.14090134916289804 0.9241749412431403 -14.340406499036732 0.1570258915619288 0.983519224760689 0.0896259109036813 1.637573237258769 -0.9215722335209909 0.11329935714825715 0.37130563431346375 -15.568030251630312
32069587442572 urban05_1519103014904449000.pcd urban05_1519103015207025000.pcd 0.882769130292805 0.3269795363732692 0.8112842270127963 0.4846671907539969 -14.708680302454448 0.7550752834736342 -0.5326814944927075 0.38224565623722445 0.17461189436925498 0.568283115251837 0.24097370899180054 -0.7867566157932212 -8.4396483851836
32069587442603 urban05_1519103020754243000.pcd urban05_1519103021056816000.pcd 0.8877586747010153 0.37976151198792185 0.4888348806271529 -0.7853799421266658 4.264932154244777 -0.5524186094758452 -0.5611568485480732 -0.6163900317431883 1.6398070017653235 -0.7420342808236162 0.6679397059689087 0.0569357117523491 7.084438681213118
32069587442634 urban05_1519102909709079000.pcd urban05_1519102910011655000.pcd 0.810738145673782 -0.170645738541916 -0.9577162486346988 -0.2316454597408802 18.47009471612517 -0.6537668899899376 0.2859416898397452 -0.7005898968472751 15.556964048056837 0.737203422041955 0.0318894514325766 -0.6749179042053637 7.275328640682349
32069587442665 urban05_1519102467664373000.pcd urban05_1519102470084969000.pcd 0.8798456622656297 0.17903281776397253 -0.9582230900983004 -0.22305999140580246 -5.501546619745693 -0.2670017612156584 0.17089246511280923 -0.94842280912861 -3.9759682560598337 0.9469199066823069 0.22935621851201615 -0.225251893129979 6.595711852202567
32069587442696 urban05_1519102908801354000.pcd urban05_1519102909003070000.pcd 0.86761669154178 0.7021877323107051 0.46219190089242634 0.5415819747201663 -11.519755176598565 0.6132698679830669 -0.006193324742706896 -0.7898491702550955 -4.485164921349541 -0.3617076963742698 0.8867583038675627 -0.28779724269968615 -21.509957269464856
32069587442727 urban05_1519102934822834000.pcd urban05_1519102935125409000.pcd 0.874348109517601 -0.47434160037784123 0.5990135413460084 0.6451223321472462 10.194063685464718 -0.4124149542240728 0.49621850295181136 -0.7639902505010249 -22.450118835405842 -0.7777621433853309 -0.6284504551771578 0.011665063406555043 -0.021664071803746857
32069587442758 urban05_1519103031041801000.pcd urban05_1519103031344377000.pcd 0.8241604216113178 0.04129053203043842 0.9768695734486308 -0.20981164990279746 6.61898666247808 -0.8501313522377612 0.14467758529574748 0.5063053231552951 2.8259396492106776 0.5249493079403377 0.15746184548417572 0.8364412659055498 -19.093027814278052
32069587442789 urban05_1519103021762825000.pcd urban05_1519103022166259000.pcd 0.812139802937349 -0.00975663879527261 0.44964570351481514 -0.8931537097891299 12.333583698223716 -0.7638281425708651 -0.5797992462654741 -0.28354788422192473 -5.156946273624187 -0.6453459356160544 0.6794494648909917 0.34910893435027474 -13.264382893460784
32069587442820 urban05_1519102501856931000.pcd urban05_1519102502260373000.pcd 0.9731200677289632 -0.40817216641347726 -0.7200950158381944 0.5611226699486656 -3.307948865777948 0.6066670203041543 0.24534046780905788 0.7561502372746511 3.152073247506501 -0.6821661154298175 0.6490540986853277 0.33671674733991114 -7.018580808828835
32069587442851 urban05_1519102430851022000.pcd urban05_1519102431557028000.pcd 0.9685578198480647 0.3727693869213819 0.9210169773029828 -0.11300757361315833 21.820608263139455 0.13788213936625499 0.0654551150630111 0.9882834328045129 3.98873712427312 0.9176227437340692 -0.383983535365469 -0.10259212811026969 21.19125522690115
32069587442882 urban05_1519102434381077000.pcd urban05_1519102434784521000.pcd 0.9678125093655408 0.5443667481072858 0.5869167409692335 0.5993276088460744 5.88872414374161 -0.0011943516966713696 0.7150072262507029 -0.6991160418223155 1.5163116544408286 -0.8388464800421613 0.3798597182899637 0.38992714363268677 -1.4441494536484987
32069587442913 urban05_1519102500041490000.pcd urban05_1519102500949248000.pcd 0.9484936831875608 0.48172896179869024 -0.7628601911809081 0.4312557664261249 1.0285911764365527 0.6808414022503977 0.6356444390933771 0.36388340444622946 13.113535147253268 -0.551717493239129 0.1183236061024778 0.8255951380021792 1.9598273381229454
32069587442944 urban05_1519102478758804000.pcd urban05_1519102481179408000.pcd 0.9630959565479783 -0.8743558296900795 -0.1854219386391159 -0.44846470068254485 -7.828101256801615 -0.03211956496575538 0.9442111905591386 -0.32777059228872996 2.125729169026966 0.48422124760628094 -0.2721836370802002 -0.8315322309281887 -7.977231050084326
32069587442975 urban05_1519102500041490000.pcd urban05_1519102500142349000.pcd 0.9771015549076774 0.006801340948776255 -0.9952404702231171 0.09721187268727705 -12.65650852964578 -0.5994330390908224 -0.08186932630696399 -0.7962270059828318 4.753634010403196 0.8003960103646439 -0.05285659694033201 -0.5971368408934824 -16.22824943096617
32069587443006 urban05_1519102444567777000.pcd urban05_1519102446988379000.pcd 0.9668401889687961 0.5178045211423683 0.8065834865424788 -0.28513427910635664 4.491155979335608 -0.2390140699545953 -0.18362832309130528 -0.9534951039845013 -12.063869137022188 -0.8214321349011509 0.5618751802630672 0.09770122597021597 -12.262812528346654
32069587443037 urban05_1519102482187993000.pcd urban05_1519102483297435000.pcd 0.9740585774058578 0.2646104967541797 0.6311978428538515 0.7290888616514112 6.661866288386461 -0.5727320347347976 0.7111215732798283 -0.40777950464014245 12.04414957651711 -0.7758603620472208 -0.3096698099470888 0.5496774576160907 1.1435008540819498
32069587443068 urban05_1519102472102145000.pcd urban05_1519102473413301000.pcd 0.9433612440191388 0.026337993696274375 -0.9729756735374994 0.2294006294505414 16.190028545974297 0.7161529089154562 -0.1417406438309759 -0.6833992983156412 -1.2413396360563353 0.6974462854872662 0.18228529449911762 0.6930661947241293 9.331753459102641
32069587443099 urban05_1519102451224441000.pcd urban05_1519102453846755000.pcd 0.9558792484694955 0.7654220682359938 -0.6410486607268326 0.05644175792502701 14.81865784921869 0.4119094218653756 0.5554287093715289 0.7223777245904038 -4.075716197012724 -0.4944286456465332 -0.5296749601276348 0.6891913747123675 10.89245622097617
