id source target overlap scale t1 t2 t3 t4 t5 t6 t7 t8 t9 t10 t11 t12
26875431820030 PointCloud20.pcd PointCloud0.pcd 0.12 82.29 0.777891822386568 -0.35149716469323516 -0.5208973563733273 4.17363477894625 0.5647111724910587 0.02739856038721422 0.8248336866014155 -2.4331633430934714 -0.2756548645097312 -0.9357879365012808 0.21980749207157801 16.44386998002566
26875431820061 PointCloud2.pcd PointCloud11.pcd 0.13 53.43 -0.565405794251653 -0.8224688200175692 -0.062139584208174004 -5.577019043617044 0.7793039928542105 -0.5080126805115419 -0.3668901786106607 -0.9093764235149147 0.27018803553847814 -0.2558674589282219 0.9281865485523223 7.075661440316967
26875431820092 PointCloud12.pcd PointCloud22.pcd 0.12 218.98 0.1628787166870374 0.7906494884529255 0.5902066672442046 2.876707042023681 -0.9370458345366633 0.3112412219827922 -0.15834773669410818 3.3130264814840737 -0.30889420135035256 -0.5272592229139151 0.79156938055002 -3.7920361169410293
26875431820123 PointCloud30.pcd PointCloud19.pcd 0.15 76.57 -0.82061439514867 0.05709182171295715 -0.5686233712821498 12.019895826505675 -0.31914823148174243 -0.871166216995918 0.3731136940760768 21.712348832584354 -0.47406373075448177 0.4876576117098102 0.733112292165822 -5.058517112047207
26875431820154 PointCloud13.pcd PointCloud0.pcd 0.16 161.17 0.94075751915725 0.09575129888911359 0.3252798470704022 -2.2511768178742275 0.25299700138346115 0.44049194428383465 -0.8613706312105285 7.090292616628712 -0.22576050903573358 0.8926357240118137 0.39017131721569664 10.179002159053995
26875431820185 PointCloud26.pcd PointCloud9.pcd 0.14 74.61 0.6709728401832299 -0.25619525731810266 -0.6958156637099807 2.88737957322766 0.7243661650865103 0.4269453242855143 0.5413052271580236 -0.3312618773570204 0.15839541222621423 -0.8672264296009711 0.47204789289566734 -6.150251386609994
26875431820216 PointCloud27.pcd PointCloud7.pcd 0.10 81.00 0.5153705597746294 -0.7212006651216707 -0.4628852846501441 7.9343259142781255 -0.8542355759842946 -0.47543410964182453 -0.21034254945651434 20.13261749811095 -0.06837226660251769 0.5038174352055965 -0.8611000087925264 2.0185857860765246
26875431820247 PointCloud29.pcd PointCloud17.pcd 0.15 82.84 0.6931756370776343 0.716733234279118 0.07616434232507133 -4.21457721710952 -0.622260966255892 0.6484143323884645 -0.4385774087062687 8.963410505664074 -0.36372905580431614 0.25661707743838236 0.8954601328538774 -7.39445709693111
26875431820278 PointCloud27.pcd PointCloud13.pcd 0.11 81.00 0.1560105533481606 -0.9284160678716096 0.3372007001205955 6.241544189117099 -0.38881504430976105 -0.3715419603480301 -0.8430773588580953 16.02889185834353 0.9080107755761491 0.00042026011208540215 -0.4189466013933506 -5.850429415095444
26875431820309 PointCloud10.pcd PointCloud23.pcd 0.11 133.43 -0.9766888545394857 -0.11583878313316333 -0.1807214921933078 10.223225389609912 -0.12557465763177783 0.9911363544137123 0.04335587987987627 1.3296050495650733 0.17409734856972875 0.0650392441663065 -0.9825782462171989 8.554137914668166
26875431820340 PointCloud21.pcd PointCloud4.pcd 0.20 75.42 -0.37164499273514096 0.5992731244167474 0.7090498725242722 0.8245893836927494 -0.6001622928603568 -0.7377876826987687 0.30898957504514646 12.346849226109553 0.7082974104170481 -0.31071056887362314 0.6338562303762054 -2.975902456322703
26875431820371 PointCloud9.pcd PointCloud20.pcd 0.19 91.84 -0.812409744716424 0.18197849178479306 -0.5539623048705811 10.305193912407491 0.24586303657342903 -0.7545527097389888 -0.6084419244861763 -4.154609507160983 -0.5287171019899841 -0.6305030029692811 0.568264189712876 8.871413664580876
26875431820402 PointCloud26.pcd PointCloud10.pcd 0.20 74.61 0.8847382600825384 0.3646052650253339 -0.2903467097487565 1.61110426539992 -0.4655042976696659 0.6600622414829118 -0.5895961212725414 13.817372550333399 -0.02332295001053125 0.6567958876883748 0.7537076368980522 -2.2181294238552347
26875431820433 PointCloud25.pcd PointCloud12.pcd 0.21 70.65 0.7455184459950359 0.22407585384389994 -0.6276880263357538 -1.4882549175320896 0.6363933371903041 0.04046313640054705 0.770302703469499 6.710750666161692 0.19800446222480617 -0.9737313522305616 -0.11243436584206534 4.36660526374868
26875431820464 PointCloud11.pcd PointCloud20.pcd 0.23 202.73 -0.5234970726657797 -0.5092686471290288 -0.6830785166887683 16.120478392374764 0.8517042014130928 -0.29070026653057474 -0.4359969132165254 -10.88331008396408 0.02346845128347791 -0.8100239503190145 0.5859269849596735 6.372800624409823
26875431820495 PointCloud20.pcd PointCloud4.pcd 0.22 82.29 0.7302381102867002 0.2505854507157741 -0.6355778742014871 -1.4371526892364344 -0.5997130249213998 0.6807389780435599 -0.42064085811037694 4.196485892632442 0.3272561535319599 0.6883323148463845 0.6473809035750779 -7.281860869467309
26875431820526 PointCloud19.pcd PointCloud3.pcd 0.23 93.28 -0.5136106350446232 0.29295418856439737 0.8064626209388969 11.285178764270281 0.47964938430733495 0.8773604206660885 -0.013234817045176012 -2.782488118315222 -0.7114355794466943 0.38002175681294914 -0.5911369389964953 -2.615227134779065
26875431820557 PointCloud31.pcd PointCloud20.pcd 0.19 63.11 0.4608653681119698 0.8855762417047282 0.0579468083948312 -8.60969034875643 -0.8855669907960815 0.46316948626731874 -0.035286425197815316 10.477773003088608 -0.05808801328494102 -0.035053489398301135 0.9976958632737792 1.1373105880291225
26875431820588 PointCloud16.pcd PointCloud0.pcd 0.22 148.94 0.3810270381473548 0.07688398476457153 0.9213616277485053 -0.004402390720846139 0.8291815966312854 0.41241603302877067 -0.3773206799379066 -9.964545756054685 -0.40899422490867327 0.9077454866797925 0.09339087430697124 11.702405744715657
26875431820619 PointCloud14.pcd PointCloud20.pcd 0.20 141.17 0.7053272155624536 0.6208732112314417 -0.34209644044052057 -0.6836296160478477 0.5742679451641954 -0.2175160664123648 0.7892420972105993 -3.812490035467069 0.4156078032758884 -0.7531289507299863 -0.5099675846841062 -5.56584381242566
26875431820650 PointCloud30.pcd PointCloud22.pcd 0.29 76.57 0.5766332700997069 -0.3472317176755487 0.739543241503975 6.837720955318827 -0.6301710288666184 0.38707610861663544 0.6730947633991744 12.301525274703753 -0.5199793709286037 -0.8541675598957683 0.004385593506356145 13.828488266737354
26875431820681 PointCloud4.pcd PointCloud10.pcd 0.27 43.00 -0.33973053861360963 0.779151002870325 0.5267892138792075 -2.922242615495009 -0.5759565759681411 0.27044859976797375 -0.7714477153265783 3.0435083307363215 -0.7435436663252278 -0.5654920597229541 0.35687749530886537 -1.711482586760373
26875431820712 PointCloud12.pcd PointCloud5.pcd 0.30 218.98 0.5052244058544689 0.5661186360052215 0.6513508959820247 4.129995714738428 -0.8624544107955054 0.35775902973791934 0.35802355500771194 5.8559584484127285 -0.03034285794674718 -0.7426426910759776 0.6690001078946501 -1.7785250918707454
26875431820743 PointCloud3.pcd PointCloud15.pcd 0.29 46.52 -0.3527259665850503 0.5199897283527695 0.7779428480963466 -2.6545478470720982 -0.4934722887134442 -0.809740335629037 0.3174991167346612 7.134111546924203 0.7950279823808453 -0.27190305489822625 0.5422169639253782 -6.814750751438995
26875431820774 PointCloud11.pcd PointCloud18.pcd 0.30 202.73 -0.2800706057842874 0.6007656417079933 0.7487597074621508 4.726754667154592 -0.9594773552114059 -0.14995752649007893 -0.23857062913423177 4.267227601191734 -0.03104288343804723 -0.7852346044286131 0.6184197242938582 -9.703799357817925
26875431820805 PointCloud31.pcd PointCloud23.pcd 0.30 63.11 0.09910480708853325 0.9706237115968634 0.21924380880169264 -7.674690277417002 -0.44638931481752037 -0.1535493408684026 0.8815663216886314 14.27797791695542 0.8893339175071922 -0.18523555383567064 0.418058575760028 -3.086616428841542
26875431820836 PointCloud16.pcd PointCloud3.pcd 0.30 148.94 -0.4002459718887306 -0.07844240923820939 -0.9130443310265666 2.4737806770197706 0.312615603994718 -0.948252714994731 -0.05557222907297396 2.393287017806214 -0.861437546271268 -0.30767446585315905 0.4040566506519973 14.33650403680354
26875431820867 PointCloud23.pcd PointCloud26.pcd 0.30 74.80 0.9530547977704749 -0.2646657036080076 -0.1471007062537691 2.188463312579737 0.26678793136089746 0.504192742842775 0.8213488161219037 8.667763287146565 -0.14321575376631052 -0.8220351229712498 0.5511329281351187 8.735908823207922
26875431820898 PointCloud24.pcd PointCloud10.pcd 0.28 63.58 -0.7700946823097564 -0.06475089414431202 0.6346349359952912 5.4524974645851145 -0.03586689703811962 -0.9888669367116883 -0.14441519025122834 18.196287917443875 0.63692051778467 -0.13397575596335948 0.7591987558202095 0.2343258714105314
26875431820929 PointCloud18.pcd PointCloud2.pcd 0.27 121.20 0.6309503204913404 -0.5647058412000346 -0.5319859076953413 4.077879434207122 0.7114200592643863 0.6946707277166962 0.10636766110906384 -3.051430751105374 0.30948859809067586 -0.44557815584711624 0.8400457813022758 2.367110193408991
26875431820960 PointCloud16.pcd PointCloud9.pcd 0.38 148.94 0.9290252614579294 -0.3185029808284089 -0.18832927222405973 1.3214843280021586 0.09735450330655518 0.7014471225390775 -0.7060411000555012 -6.1838293828531565 0.3569792210464914 0.6375953148236478 0.6826697959159858 -14.115103943357179
26875431820991 PointCloud29.pcd PointCloud23.pcd 0.38 82.84 -0.7432798292025294 0.6556053441599651 0.13310420057065345 6.417770309482887 -0.6023602945250645 -0.5693231353313007 -0.5594937382636336 18.03092949484225 -0.29102778403502416 -0.4960370956747402 0.8180770309905004 6.350856146210412
26875431821022 PointCloud17.pcd PointCloud4.pcd 0.36 143.40 0.7993600570466186 0.20324293826403755 0.5654341758721589 3.5464058801786145 -0.35553031682458 -0.5986388416451509 0.7177950481107861 4.890929438048093 0.4843776347201022 -0.7748056822968922 -0.4062689523744176 7.1066074168012445
26875431821053 PointCloud24.pcd PointCloud17.pcd 0.35 63.58 -0.6297875993528175 -0.7725887024730513 0.08046288903849741 7.649883225310732 -0.6566996959123221 0.5848996851856101 0.4760649826005243 -2.8522015884725653 -0.41486514566793675 0.24697986776411696 -0.8757213345746127 12.0344152974424
26875431821084 PointCloud17.pcd PointCloud7.pcd 0.38 143.40 -0.1397783037653756 0.7229282722928313 0.6766363417051852 -5.004692918342163 -0.9618324499089493 -0.2614771400326531 0.08067244599299328 9.162855948871394 0.23524532747458027 -0.6395345325782228 0.7318847023550439 1.4354423119753168
26875431821115 PointCloud17.pcd PointCloud20.pcd 0.35 143.40 -0.6436954446611483 0.7614719342862653 -0.0762670821312881 6.773786438950943 -0.76460836079723 -0.6357474661224627 0.10582633848830539 11.5933237395397 0.03209718245360278 0.12643438066128282 0.9914555553656141 -14.484325600079101
26875431821146 PointCloud21.pcd PointCloud13.pcd 0.33 75.42 -0.1955700989866947 0.43219524545460253 -0.8803179006408822 7.802414281362619 -0.6399497630576589 -0.7364337865109862 -0.21938454559867548 24.47479648188645 -0.743112802436333 0.5204541746316643 0.4206076734484197 7.283403158172824
26875431821177 PointCloud18.pcd PointCloud21.pcd 0.33 121.20 -0.42563612705590936 -0.4226811303565604 -0.8001090859285042 11.197308346404567 0.5732987240731777 0.5581449104721715 -0.5998356707383101 -4.725975219089893 0.7001160334693902 -0.7140132498452059 0.004755914693882146 1.1277400068251877
26875431821208 PointCloud6.pcd PointCloud10.pcd 0.31 71.71 -0.9413209650729361 0.24980053077512246 0.22696813771677957 7.423029565163663 -0.20244470859926303 -0.9559576857857824 0.212511277223705 6.589084310493634 0.27005736552502213 0.15409282206370944 0.9504338070134744 -3.4864030864822704
26875431821239 PointCloud18.pcd PointCloud7.pcd 0.33 121.20 0.1573075066241313 -0.7831328470860761 -0.6016288658089429 8.618999634004687 0.9451085560328365 0.2960623810914431 -0.13826381962028803 -7.349090620423182 0.2863986132529719 -0.5468546519115671 0.7867183892661039 -3.2167253798693074
26875431821270 PointCloud5.pcd PointCloud16.pcd 0.44 54.77 -0.34646629242309 -0.12478196834533664 0.9297260718031207 4.551403456169421 0.2817755100689353 -0.9591868392408759 -0.023731189445316117 -8.067265678487637 0.8947422367028336 0.2537519808848033 0.36748641071072163 -11.541147063129488
26875431821301 PointCloud8.pcd PointCloud2.pcd 0.44 82.36 0.690790689287951 -0.2954877276156064 0.6599206213035345 1.3106678286021771 -0.7128765201754711 -0.4309280597606937 0.553270344671929 1.5583388895717671 0.120893716030192 -0.8526359188654026 -0.5083273544527798 -6.295693113435558
26875431821332 PointCloud15.pcd PointCloud6.pcd 0.41 141.00 0.20413327907892515 0.6301896525243884 -0.7491265622200806 6.4641209918181906 0.17762359026813884 0.7286945561652955 0.6614031327377572 -0.6071113759085125 0.9626938581671444 -0.268076939825591 0.03681426056577103 -8.83621744424216
26875431821363 PointCloud13.pcd PointCloud16.pcd 0.40 161.17 -0.8550208158581126 -0.42123675406075567 0.3024880187341076 7.735459842111007 -0.01623431046751181 0.604740471953808 0.7962571247685826 -4.709299598015426 -0.5183395138449044 0.6759057320436364 -0.5239041799581142 3.56869987539053
26875431821394 PointCloud4.pcd PointCloud17.pcd 0.41 43.00 -0.1338253879773328 0.2103031839093093 -0.9684334444711846 0.3351815104635124 0.38106146224679044 -0.8911711951428272 -0.24618298669494298 3.042043165651587 -0.9148130560519203 -0.40197819814675495 0.03912289216857511 -10.244045455507536
26875431821425 PointCloud16.pcd PointCloud6.pcd 0.42 148.94 0.0586296568347483 0.7797332837789918 -0.6233607057768964 11.439114251276917 -0.8937994255532812 -0.2371119535580153 -0.38065799395326855 4.235371041822329 -0.4446179823399687 0.5794772882927617 0.683023368657913 -6.691418615889646
26875431821456 PointCloud16.pcd PointCloud5.pcd 0.41 148.94 0.3443142194943575 0.9341328703463091 -0.09403987873533914 3.490979595583166 -0.9011725933696798 0.3569254498519835 0.24595158102221085 4.04078291714491 0.2633166823681275 6.153474703002315e-05 0.9647094490053043 -15.977755180244277
26875431821487 PointCloud0.pcd PointCloud4.pcd 0.39 42.11 -0.918047838326738 -0.3499527441664977 0.1863363716345822 0.4661023258064648 0.3963416205454279 -0.8220158549362183 0.40890494501399965 -5.103391373746489 0.010074044224013923 0.44924716035142154 0.89335071643177 3.021097391298782
26875431821518 PointCloud18.pcd PointCloud20.pcd 0.45 121.20 -0.6499852018980627 -0.7528737800955805 -0.10344229578913144 6.843196877011651 0.34633015665190636 -0.17229944134451783 -0.9221541764292092 4.160556870327261 0.6764426508633238 -0.635211755052564 0.3727349813688552 -3.6483606455818425
26875431821549 PointCloud10.pcd PointCloud6.pcd 0.40 133.43 -0.6931971697737571 0.3677266837984431 -0.6198828678389594 12.650200427902702 -0.5254049781760588 -0.8465608038247099 0.08534878051546069 -0.10314648337252619 -0.4933835148497243 0.3848530777456001 0.7800389835285612 15.108279835681719
26875431821580 PointCloud27.pcd PointCloud24.pcd 0.50 81.00 0.4871323661310962 -0.47585337108251347 -0.732301595721959 13.377529233809213 0.3440535292232201 0.875272600633417 -0.3398897521395159 0.7921916799004101 0.8027012064875487 -0.08637964928050154 0.5900926446699798 -0.05738435957179
26875431821611 PointCloud9.pcd PointCloud2.pcd 0.48 91.84 -0.5561706404942356 0.5667754303816153 -0.6078156218525207 10.953594105143306 -0.7806561656471918 -0.6071396957327354 0.1481800961755178 -2.083603571277775 -0.2850441539292745 0.5569084317742874 0.7801300077098994 2.744884664162097
26875431821642 PointCloud28.pcd PointCloud30.pcd 0.49 92.84 0.6833041940415965 0.7271035395630373 0.0664516452773515 -7.664045921109665 -0.7286016667864051 0.6731473310975519 0.1265396451406238 7.734796900838098 0.047275676211307856 -0.13488184974690084 0.9897332453987883 0.8693786761581637
26875431821673 PointCloud6.pcd PointCloud13.pcd 0.46 71.71 0.7953245359605824 -0.5878522111907377 0.14794816760353774 -2.268135763495201 -0.2528548591164108 -0.5435358388164583 -0.8003956597479207 6.015883169614733 0.5509294897900314 0.5991648935979557 -0.5809286768265501 -0.44801802501234333
26875431821704 PointCloud16.pcd PointCloud11.pcd 0.53 148.94 0.8494449720009218 0.338873984628118 0.40448443985475474 1.1449341560352213 0.35437847113618703 0.2015942757184755 -0.9131131623149026 -4.768453426158729 -0.3909720434219451 0.9189799619903608 0.051153599312886266 -11.773020361188657
26875431821735 PointCloud15.pcd PointCloud9.pcd 0.47 141.00 -0.8026508922997853 0.5688619354936519 0.17929763923926859 -1.3602656962400466 -0.3511252795995463 -0.6936587519025337 0.628926525068835 4.236864901491506 0.48214373698773605 0.44185250282807687 0.7565076223198717 -8.680732893932102
26875431821766 PointCloud14.pcd PointCloud8.pcd 0.51 141.17 0.5890034087948994 0.4456817410142145 0.6741237053794557 -0.42771408744541484 -0.5340996783758964 0.8407074064298441 -0.08915486712888257 2.3240046792306144 -0.6064754883643299 -0.30753673357916667 0.7332180027199987 -1.8600546293332485
26875431821797 PointCloud25.pcd PointCloud27.pcd 0.49 70.65 0.17965091967786007 0.9781684022362512 0.10446111202489931 10.924843991474 -0.9724321219264459 0.1605358658738364 0.16912718295344337 12.787669918672027 0.14866511125522683 -0.1319651947852808 0.9800427909335154 -1.7223481852907
26875431821828 PointCloud8.pcd PointCloud13.pcd 0.46 82.36 0.12926134104581682 -0.9891937026231578 0.06919049357913581 2.9072459960155426 0.11691810512038414 -0.05408545331312847 -0.9916677469974365 -10.875766835994417 0.984693689634546 0.1362739242503891 0.10866349508139056 -9.890479870884919
26875431821859 PointCloud18.pcd PointCloud11.pcd 0.48 121.20 -0.15891137212266448 0.9666893559067351 0.2006461187930481 6.636647555459893 -0.5799816297596341 -0.2558691637984835 0.7734030515574812 0.2844380567668303 0.7989796524013932 0.006531477144317954 0.601322588013175 -16.10071657334676
26875431821890 PointCloud9.pcd PointCloud11.pcd 0.55 91.84 0.6821873966325227 0.6671253017305534 -0.2992727646590299 1.7046622416574686 -0.7173613536303332 0.6898572352127001 -0.09741500573497633 2.5659828787164267 0.1414674669081098 0.28114200471577966 0.949181820828336 5.332513552638357
26875431821921 PointCloud18.pcd PointCloud12.pcd 0.53 121.20 -0.4023705309915736 0.9117163341352614 -0.08289319550192287 7.333828860558455 -0.5431916521962052 -0.1648776011354993 0.8232607154651317 2.131693786960079 0.7369130103166291 0.3762827430467202 0.5615785897907077 -3.213567084352367
26875431821952 PointCloud15.pcd PointCloud10.pcd 0.57 141.00 0.13857455052265133 0.8265861827673346 -0.5454836169909887 2.9290735276929256 -0.6083141641448178 0.5056877868413987 0.6117464670435293 2.4208069229954834 0.7815055800493282 0.2470529188201881 0.5728995406301078 1.850600557577728
26875431821983 PointCloud17.pcd PointCloud12.pcd 0.58 143.40 -0.3184968296585523 0.5111149694890067 -0.7983240303671831 1.6516312676864477 -0.6791131972921116 -0.7105949949133222 -0.18401091942550868 8.989976880261253 -0.6613357957657643 0.48354549027820265 0.5734271741646676 1.1532667994972314
26875431822014 PointCloud21.pcd PointCloud18.pcd 0.56 75.42 0.3595252769528563 0.9329517395693687 -0.018510182777614514 -2.5854824633397593 -0.14342653386031756 0.03564873284752623 -0.9890187041867211 1.5706872068702569 -0.9220468559768463 0.35823207489120007 0.1466266548154135 13.381896867175374
26875431822045 PointCloud18.pcd PointCloud14.pcd 0.55 121.20 -0.9100406162728101 -0.3922387519411408 0.13407027339966274 8.972388794456922 0.1888919680396294 -0.1045033681814895 0.9764214614851723 3.6226049677932184 -0.36897954027821067 0.9139079863500374 0.1691930593780371 9.576719068639711
26875431822076 PointCloud16.pcd PointCloud12.pcd 0.57 148.94 0.6327700448199435 -0.11083849411963906 -0.7663660343464196 2.8729923800345585 -0.5667988826627952 0.6080151031858541 -0.555928647319152 2.7431592347582736 0.5275804175580947 0.7861504070590983 0.3219106094710772 3.53884465099251
26875431822107 PointCloud0.pcd PointCloud2.pcd 0.53 42.11 0.22247211239726075 0.6475739793365043 0.728803197366604 3.3456707300929436 0.9632932168893606 -0.03080762592118766 -0.2666778364994873 -2.5534846225241563 -0.1502409315081868 0.7613795580860998 -0.6306574593455369 7.31469187892149
26875431822138 PointCloud5.pcd PointCloud1.pcd 0.55 54.77 0.8147461831280695 -0.5027308841939484 -0.28887768199674624 5.469953182801532 0.1631324142231868 0.6768494248665243 -0.7178179932876926 1.963880350876537 0.5563959673721198 0.5377141565324705 0.6334721883055459 -4.723691761700441
26875431822169 PointCloud20.pcd PointCloud17.pcd 0.56 82.29 0.16275201609338563 0.9770699403611105 0.1372811454653356 -1.1047687219862956 -0.9703457437414953 0.18370542652526445 -0.15710332226892984 6.20363978089745 -0.17872022510142194 -0.10764129276400822 0.9779940865014423 13.699157851636395
26875431822200 PointCloud22.pcd PointCloud21.pcd 0.65 78.85 0.7265648856468283 -0.5444184508372849 -0.41918017287670284 -4.3718200867918 -0.34271923600127613 -0.8159135701233866 0.4656485491904937 11.244847202863578 -0.5955224531616867 -0.19466277629901607 -0.7793968253103463 0.9956112358710043
26875431822231 PointCloud25.pcd PointCloud26.pcd 0.61 70.65 0.7332661080709331 0.6782863881890228 -0.047417194687126185 -6.548931935947906 0.10834078327903218 -0.04770676048339678 0.9929684484829644 8.550894916471847 0.6712548617574343 -0.7332473256696339 -0.10846782917223696 5.0063336772692875
26875431822262 PointCloud25.pcd PointCloud24.pcd 0.66 70.65 0.34309046952602046 -0.9349398553707151 -0.09042342926366712 12.71708436348955 0.8079393177527239 0.24463787531309428 0.5360842926178291 0.13594069187215307 -0.47908557539303775 -0.2569820554079244 0.8393075923930633 5.2026048915100365
26875431822293 PointCloud19.pcd PointCloud20.pcd 0.63 93.28 0.6136062121020455 0.38862779404430753 0.6873542421241284 10.5630101655882 -0.3847913522923237 0.9073096839938117 -0.169483782504682 4.019617405199956 -0.6895092687345287 -0.16049166653538383 0.7062714728076385 3.65468035302749
26875431822324 PointCloud22.pcd PointCloud23.pcd 0.63 78.85 -0.007690491770550811 -0.825013313364481 -0.5650609605234531 15.35623201618364 0.9896340999198574 -0.08731713515653561 0.1140178327450096 1.6390631816665087 -0.1434057342373058 -0.5583267418630562 0.817132819502707 16.247952433933364
26875431822355 PointCloud15.pcd PointCloud16.pcd 0.62 141.00 0.28744514104740787 -0.8868271887233719 -0.3618187781600566 8.643476301891846 0.6219773142285214 -0.11444202282731847 0.7746271645096537 -2.5339286151346614 -0.728367703480399 -0.4477058864390683 0.5186905896336439 -0.41249316177350037
26875431822386 PointCloud7.pcd PointCloud9.pcd 0.60 82.07 -0.5891869923219442 0.380253513640621 -0.7129277336747281 6.810693688041918 -0.07329359610568684 0.853550252754576 0.5158294435106399 -1.0268407927528047 0.804665605608018 0.3561730357376342 -0.4750305587695598 2.622048566476817
26875431822417 PointCloud29.pcd PointCloud26.pcd 0.61 82.84 -0.7211839179171642 -0.6051016461730725 -0.33726214483141503 17.210222610035228 0.6656201506787114 -0.47038183957570623 -0.5793882463493921 7.882287374554069 0.19194679353429764 -0.6423339651583216 0.7419996668839477 -2.2915911998209637
26875431822448 PointCloud9.pcd PointCloud6.pcd 0.67 91.84 -0.48415094614030285 0.8619144996109425 0.15066936222028718 1.2530317073774366 -0.7033241826751548 -0.28091723316575345 -0.6530088836875216 1.5493548013770106 -0.5205122048672586 -0.42212427491310694 0.7422116551990469 1.0187599659547062
26875431822479 PointCloud12.pcd PointCloud10.pcd 0.62 218.98 0.7522309128357765 0.5859570476932153 -0.30133534813046037 3.442650170542036 -0.6471005225725756 0.570816899601236 -0.5053998227304124 4.8392569207298495 -0.12413527887169826 0.5751716312443476 0.8085592292164887 -0.9706197419006171
26875431822510 PointCloud6.pcd PointCloud4.pcd 0.68 71.71 -0.7429978427612162 0.5833153284013685 0.32817287106673393 1.5455151790179833 -0.5884552567656679 -0.33573744516853343 -0.7355275512831304 11.853082341139588 -0.31886457381940575 -0.7396104350019069 0.5927071688441595 -9.96089735774201
26875431822541 PointCloud8.pcd PointCloud9.pcd 0.69 82.36 0.6994666514563946 0.43023117197925526 -0.5706553619810603 1.361343201985989 -0.6531459778031734 0.7089404585562458 -0.26608975534882257 -1.088614287707924 0.2900805667050361 0.5588421645504358 0.7768839681320941 0.7715891111084934
26875431822572 PointCloud28.pcd PointCloud27.pcd 0.70 92.84 -0.779056114499483 0.5791994397111122 -0.23999912395528095 2.702789320477875 0.6267791251637178 0.7104689064958754 -0.3199716568097244 -5.886927632554155 -0.014815489191152165 -0.3997023166568956 -0.9165252638848196 12.063647850299711
26875431822603 PointCloud15.pcd PointCloud14.pcd 0.70 141.00 0.275120762275738 0.7309000373477663 0.6245748166311625 -0.26675770782441344 -0.02333337042017275 0.6545296983068479 -0.7556761395327903 6.349205765384748 -0.9611264849069822 0.19332875999028187 0.1971290708418424 0.8554710805036541
26875431822634 PointCloud4.pcd PointCloud3.pcd 0.71 43.00 -0.2335574271528975 0.9661891426508054 0.10922210786018136 1.7867712027120768 -0.9406985495475699 -0.25295018115354817 0.2260584984765797 1.921925569070258 0.24604301880122012 -0.04994743715236369 0.9679711185883046 7.837882761463548
26875431822665 PointCloud13.pcd PointCloud12.pcd 0.73 161.17 0.40209290465073916 0.6093084829012363 -0.6834211503122547 2.007416828300035 0.07795300145661133 0.7209279566790843 0.6886117998135277 -1.3130396266975373 0.9122744244981535 -0.3301606486895649 0.24238259108988958 7.469402490994987
26875431822696 PointCloud12.pcd PointCloud13.pcd 0.69 218.98 0.6505426072653979 -0.7142873919271948 0.2580461932797778 4.073353481954136 0.7352203078190194 0.6774780121911174 0.0217862793537318 -4.387952630230319 -0.19038228673604307 0.1755478986812954 0.9658869085797451 -1.6849577222685994
26875431822727 PointCloud31.pcd PointCloud30.pcd 0.70 63.11 0.36228809067214357 0.7849898154930958 0.5025319183188748 -6.334128967437845 -0.9251739678566838 0.23741824082119561 0.2961177268008257 14.21727204805056 0.1131391557218471 -0.572209374702551 0.8122659434846837 1.710157861151123
26875431822758 PointCloud11.pcd PointCloud12.pcd 0.69 202.73 0.2795181000030417 0.45261490598243975 0.846764063156436 2.0830417561757684 0.26104426363100547 0.812871007608942 -0.5206693935830773 4.373590874883949 -0.9239726858495524 0.36657942095994767 0.10905963475380681 -6.466136142635651
26875431822789 PointCloud7.pcd PointCloud5.pcd 0.71 82.07 0.7466708410776846 -0.04710222876738174 -0.6635239521897367 10.550458467658586 -0.24948718221328514 -0.9445038325478268 -0.21370226066595932 -4.548878029928217 -0.6166350630604926 0.3251059678744944 -0.716984873380722 12.711506093621464
26875431822820 PointCloud8.pcd PointCloud7.pcd 0.81 82.36 0.009956065086834054 -0.03373504275413447 0.999381220385076 2.2048671842913525 -0.9354591793203091 0.3527966634072731 0.021228238600256355 1.9360872442119088 -0.353294495560518 -0.9350916859747349 -0.02804528886581742 8.004604786372058
26875431822851 PointCloud7.pcd PointCloud8.pcd 0.80 82.07 0.872827998215727 0.42178651290971064 0.24549424241353035 -10.568776185819978 -0.19401343405869492 0.761465575237109 -0.6184892603219323 3.7555270492623856 -0.4478058429001113 0.4922055619924312 0.746460723553648 -3.637282613494092
26875431822882 PointCloud7.pcd PointCloud6.pcd 0.75 82.07 0.5226962938863469 0.7138147113527511 -0.46610850905541995 -2.8883084788054907 -0.5494350439298181 -0.13598798749008945 -0.8243957785919541 -5.243171333278898 -0.6518509928344949 0.6870049673144903 0.3211144002157165 5.8388193265230885
26875431822913 PointCloud9.pcd PointCloud7.pcd 0.80 91.84 0.5394221939650026 -0.8418269224399609 -0.018738444792650466 5.982660352111599 0.6571382044622881 0.40695524634061125 0.6344736461918119 -1.416481882815662 -0.5264912885262807 -0.35456291420721997 0.7727173241068304 -2.795220082851733
26875431822944 PointCloud16.pcd PointCloud1.pcd 0.24 148.94 0.34649505270171554 -0.385337389580265 0.8552521702075374 5.4946587253964365 0.913796755218802 0.34464369472275136 -0.21493304501504634 -3.637045610398724 -0.21193552935934157 0.8559998947893148 0.4715373914292032 2.013100539889107
26875431822975 PointCloud26.pcd PointCloud11.pcd 0.25 74.61 0.21580192095781675 -0.9617138136150036 0.16892623127567208 13.741732618786193 0.8984695875314304 0.26331775533268015 0.35130636203698296 0.6314894156899307 -0.3823374572181193 0.07596249356520893 0.9208950908650442 -1.7617758224236468
26875431823006 PointCloud13.pcd PointCloud1.pcd 0.22 161.17 0.07994137839102411 -0.9751879373780898 -0.20644094267661497 5.386090072839469 0.9712843648911924 0.029647497545618906 0.23606716927009397 -10.608629311370732 -0.22408939854186719 -0.21938439479951355 0.9495548582254715 6.797776202311625
26875431823037 PointCloud2.pcd PointCloud0.pcd 0.66 53.43 0.24025502880861693 -0.6572336264331576 0.7143678894083156 1.4252588173974352 0.9699635664864271 0.13369244247145307 -0.20321665904877956 -7.816040545636627 0.0380552338200853 0.7417346500680269 0.669612953927387 2.1395203789140527
26875431823068 PointCloud1.pcd PointCloud10.pcd 0.11 53.84 0.0007221753996288771 0.6862636914512926 -0.7273524759415736 -4.948156402948037 -0.3047285309504493 0.6929102322469101 0.653464560991883 2.697327350527279 0.9524389748889287 0.22117313544637007 0.20962452926446457 1.7472815050604087
26875431823099 PointCloud26.pcd PointCloud31.pcd 0.21 74.61 -0.27174693572956277 -0.42134912032089966 0.8652274393050633 11.61173494074336 -0.708028554734287 -0.5213926432230572 -0.4762827702885657 17.84148635648116 0.6518045478534725 -0.742034116734317 -0.15664035559156672 -7.321776447822375
