id source target overlap t1 t2 t3 t4 t5 t6 t7 t8 t9 t10 t11 t12
26875431820000 PointCloud23.pcd PointCloud5.pcd 0.14416091362499112 0.9473743550737096 0.15392893393419427 0.2806914937196263 -0.09849691868010332 -0.17894176021460756 0.9816692605612364 0.06561485594324779 -0.08111307863114194 -0.2654461862599846 -0.11238926179594613 0.9575525970060296 0.030737908377924623
26875431820001 PointCloud23.pcd PointCloud5.pcd 0.14416091362499112 0.9652890919341152 0.1276390557199958 -0.22787110489906243 0.037256269354841026 -0.15722404297953668 0.9806403381915547 -0.11672672110841786 0.012447841065262996 0.20856070891273004 0.14850184701363606 0.9666693499492773 0.04288489222234801
26875431820002 PointCloud23.pcd PointCloud5.pcd 0.14416091362499112 0.9903949478848237 -0.13469763018667202 0.03121531076750721 0.029869050913128328 0.13642007931921907 0.9887155201639817 -0.061896543889020175 0.009312244514840725 -0.02252574444397987 0.06556041953009424 0.9975943174598995 -0.05538157857804487
26875431820003 PointCloud23.pcd PointCloud5.pcd 0.14416091362499112 0.9816697372863917 -0.06010935804661703 0.18086290932994079 -0.05541434282066522 0.02508774232807964 0.9814601719891516 0.19001719917919263 0.0342371851009669 -0.18893155395789943 -0.18199669193215762 0.964977757279827 0.037259805150193934
26875431820004 PointCloud23.pcd PointCloud5.pcd 0.14416091362499112 0.9670844620634413 -0.2217415517852344 0.12481317016781811 -0.0858467838085305 0.2283964957926349 0.9726778655610534 -0.0416270411780428 0.04611226410967525 -0.11217256324569479 0.06876375542005973 0.9913066437764961 -0.14126359053965057
26875431820005 PointCloud23.pcd PointCloud5.pcd 0.14416091362499112 0.9986866008456179 0.01269416199183619 -0.04963800502388577 -0.09065155463636235 -0.019882408904473778 0.9889186248598655 -0.14712118549491357 0.055129312568413746 0.04722036750790477 0.14791487976738002 0.9878721704936427 0.14338032557975092
26875431820006 PointCloud23.pcd PointCloud5.pcd 0.14416091362499112 0.9840952030554131 -0.14140956573112115 -0.10751728253197743 -0.012538101820322486 0.11076993557344918 0.9616492020086065 -0.25091997459202875 0.052789333340289527 0.1388763935893327 0.23501946088770218 0.9620182952042412 -0.0033975937686676625
26875431820007 PointCloud23.pcd PointCloud5.pcd 0.14416091362499112 0.9650918200264219 -0.0028842061418171486 -0.2618958958689874 -0.11172670948631583 0.07822854303216958 0.9574688908395341 0.2777293973089201 -0.17553773484158813 0.24995614409962397 -0.28852210388364274 0.9242710217232845 -0.03211069555350445
26875431820008 PointCloud23.pcd PointCloud5.pcd 0.14416091362499112 0.9771583405797828 -0.18449771022735884 -0.10546171037976998 0.02857349501621242 0.2013889432949652 0.9623894210969077 0.1823433455854522 -0.16204218257146724 0.06785330466456468 -0.19941714339950792 0.9775626486136209 0.07812104451407104
26875431820009 PointCloud23.pcd PointCloud5.pcd 0.14416091362499112 0.9884007580565417 0.1385285113128083 -0.06223980259215831 -0.22109337373726104 -0.14743827746072552 0.9735467910395803 -0.17455257086605663 0.02283642657218145 0.03641285230063438 0.18170442264841202 0.9826787913541939 0.03721699822478387
26875431820010 PointCloud23.pcd PointCloud5.pcd 0.14416091362499112 0.9415759156838348 -0.3366775805678808 0.009110529463547123 0.41536415522880354 0.24896965304784324 0.6775589912536507 -0.6920461872104865 -0.14083902605929735 0.22682351479814564 0.6538822677778419 0.7217957280424442 0.12689912540578413
26875431820011 PointCloud23.pcd PointCloud5.pcd 0.14416091362499112 0.8688270441297524 -0.17761868633286723 -0.46215924707198447 0.49959865914460744 0.17700044539048662 0.9831764753372959 -0.04510942999973294 0.22338587372370702 0.46239637727854926 -0.04261009984402725 0.885648897515802 -0.5155849588385785
26875431820012 PointCloud23.pcd PointCloud5.pcd 0.14416091362499112 0.9964623935147048 0.0688425248941209 -0.04820171238812642 -0.5643201387884678 -0.06354060429267322 0.9925444931644514 0.10400971442631667 0.1921397648818982 0.05500263554655572 -0.10057900305294525 0.9934075569612948 0.27889391203139646
26875431820013 PointCloud23.pcd PointCloud5.pcd 0.14416091362499112 0.9316067838441434 0.28332808679435834 0.2276708051749727 0.5664727782240798 -0.20717428392336626 0.9285983285006207 -0.30787003814384734 0.10818938410188951 -0.2986429580224724 0.2396462800447821 0.9237867957945091 -0.7721667843937408
26875431820014 PointCloud23.pcd PointCloud5.pcd 0.14416091362499112 0.6847562139690926 -0.43200028578232 0.5869281732160317 0.24137434549256784 0.4739116912319891 0.8757840338651451 0.0917062426475442 -0.14419993151399071 -0.5536394461599988 0.21535570368784815 0.8044285453318782 0.4101761489131683
26875431820015 PointCloud23.pcd PointCloud5.pcd 0.14416091362499112 0.7888917935325942 -0.6051818386869836 0.10679269741123873 0.6558338494357936 0.4724267628989122 0.7083780530268668 0.5244172839320996 -0.23576885773379003 -0.39301741919892264 -0.3632567633414512 0.8447377297675955 -0.49700817189916846
26875431820016 PointCloud23.pcd PointCloud5.pcd 0.14416091362499112 0.8271363787060436 -0.18674265003390603 -0.5300684801790863 0.7346357019654283 0.13371498252630495 0.9814873205695569 -0.13712382363827808 -0.10277957802923561 0.5458623585383426 0.042542005353599976 0.8367941582680007 -0.7440977254036908
26875431820017 PointCloud23.pcd PointCloud5.pcd 0.14416091362499112 0.8504982525572411 0.024950891402645094 0.5253857396383088 -0.40214563266037606 0.07412236603342842 0.9832204549644192 -0.1666835678558835 -0.6779893455354428 -0.5207289095591734 0.18070691729364946 0.8343778597203669 0.662318462362854
26875431820018 PointCloud23.pcd PointCloud5.pcd 0.14416091362499112 0.5726112817608436 0.45878144176317737 0.6794379358660392 -0.4202542759878698 -0.09418602520259897 0.8600838509071053 -0.5013828497917929 -0.3439261824301713 -0.8143987430348472 0.22310391772110258 0.5357045167261112 0.24009452157321992
26875431820019 PointCloud23.pcd PointCloud5.pcd 0.14416091362499112 0.6906697645863175 0.7158816997160727 -0.10241419968884946 -0.07038460315427698 -0.6629295468950899 0.6833427902944997 0.30588731063252395 0.09098981931006622 0.288963132838346 -0.14337371782915484 0.9465433349277222 0.260856966948743
26875431820020 PointCloud23.pcd PointCloud5.pcd 0.14416091362499112 0.8893043291573475 -0.4462060034563344 0.10018988283018276 1.7409910121642507 0.1367250835740031 0.4684807724371045 0.8728298902869995 -0.5613101147289519 -0.4363989707408599 -0.7625129299469351 0.47762953216908444 -0.4806816762425087
26875431820021 PointCloud23.pcd PointCloud5.pcd 0.14416091362499112 0.6622093143481715 -0.09890188281809184 -0.7427632473174485 -0.10233810003141874 -0.09593608704090084 0.9719028635417823 -0.21494439058176087 0.5040992966441343 0.7431521319311446 0.21359597705556235 0.6341148692404828 0.832660268311525
26875431820022 PointCloud23.pcd PointCloud5.pcd 0.14416091362499112 0.6270516858226474 -0.7408638020396195 -0.24068030691017428 -0.47935445218670486 0.6910568914848981 0.6716543273372688 -0.2670596137575863 -2.2820486782725156 0.35950877046075813 0.0011363962868632949 0.9331410142980929 0.36828331636094686
26875431820023 PointCloud23.pcd PointCloud5.pcd 0.14416091362499112 0.29269710795648807 -0.9349490687056725 -0.20049598978609 1.8006166637288115 0.11040086253806147 0.2413193762183414 -0.9641455326932977 0.4596856608699896 0.9498105350777912 0.2600676788606892 0.17385266712723574 -0.08185704477055278
26875431820024 PointCloud23.pcd PointCloud5.pcd 0.14416091362499112 0.40426075121957267 0.7550395623732431 -0.5162252456773195 1.1953400639271152 -0.10507079937097225 0.5990001154003876 0.7938255405754263 0.870158759617683 0.9085886704900805 -0.2666723101515126 0.321484847007637 -1.5436478821483415
26875431820025 PointCloud23.pcd PointCloud5.pcd 0.14416091362499112 0.7118047876842819 0.7021632960042783 -0.017339261061035338 0.3243327768269249 -0.47022098066718865 0.45804903630576654 -0.7543761062492277 0.22377547583542493 -0.52175298137157 0.5451218084829911 0.6562134106722533 -0.3783369285995628
26875431820026 PointCloud23.pcd PointCloud5.pcd 0.14416091362499112 0.4146149527030056 -0.7523203036630178 -0.5119654301722618 -0.7056333140962991 0.6516298155112982 -0.14725316705243047 0.7441069065193122 0.6698628785317043 -0.6351952648845831 -0.6421297886637978 0.42918097578852493 -1.8320215301493281
26875431820027 PointCloud23.pcd PointCloud5.pcd 0.14416091362499112 0.8544322709808879 -0.1203594159342333 0.5054296244804145 1.6430191611966516 -0.31680580259368474 0.6503392284524582 0.6904295556961859 0.34036416461286473 -0.4118004100889336 -0.7500483310639598 0.5175402625098404 -0.9100324489929578
26875431820028 PointCloud23.pcd PointCloud5.pcd 0.14416091362499112 0.31129946996322777 -0.8466788149072424 0.4315409880739966 -0.5074579575146153 0.8845238439555883 0.09213078724243462 -0.4573067761537323 -0.08098268006648858 0.34743374832425816 0.5240676506228533 0.7775878651933807 -0.8867669005576488
26875431820029 PointCloud23.pcd PointCloud5.pcd 0.14416091362499112 0.9400233887879041 0.25210486660636444 -0.22978068840764718 1.0880593898008606 -0.3115399440809612 0.9088602207391965 -0.2773372719270363 0.997221048586199 0.13892045124364025 0.3322893850114482 0.932890600678867 -1.4236176115371302
26875431820031 PointCloud31.pcd PointCloud18.pcd 0.12947340617638656 0.9914717788298172 0.10812034248417368 -0.07275784030015608 0.009704129846602539 -0.09865093229401281 0.9874781644162243 0.12310511101772482 0.0022041791315932594 0.08515694535127555 -0.11487761462647646 0.9897229048153683 -0.03665629689763393
26875431820032 PointCloud31.pcd PointCloud18.pcd 0.12947340617638656 0.9815120026740684 0.15710527205271924 0.10932576137389032 -0.17347290321466885 -0.1376958896533212 0.9763277932157605 -0.16680492249038623 -0.0033649950754051313 -0.13294371207138803 0.14866732555502718 0.9799101977900809 -0.0427425376137662
26875431820033 PointCloud31.pcd PointCloud18.pcd 0.12947340617638656 0.9697615574479673 0.21552436820450616 0.11450663040252615 0.14058153786205327 -0.21739232614889614 0.9760763800668442 0.003934057342866849 -0.048510999583333124 -0.11091933207364812 -0.028707960318585246 0.993414694267546 0.06550821667615235
26875431820034 PointCloud31.pcd PointCloud18.pcd 0.12947340617638656 0.9954101053722582 0.03672712679782564 0.08837330071897491 -0.15115287651934073 -0.056413613707140334 0.9711170750891296 0.23183858751043906 0.18647292470939836 -0.0773060561100583 -0.23575993007190682 0.9687316599870153 0.05061422549268918
26875431820035 PointCloud31.pcd PointCloud18.pcd 0.12947340617638656 0.9663899827012735 0.24535409833000707 0.07675785150263728 0.17135067428644593 -0.2349993326807667 0.9641536713522062 -0.12321936397196558 0.02607262931075104 -0.1042387402755138 0.10103991513620063 0.9894064991574711 -0.004694760289499003
26875431820036 PointCloud31.pcd PointCloud18.pcd 0.12947340617638656 0.9662997004502767 0.2514103895944877 -0.05529651809701837 -0.10311604449929555 -0.2571586942801932 0.9524556935343316 -0.1633938732331848 -0.054966560882360294 0.011588566167222019 0.17210743115270724 0.985010018870978 0.28308172318304303
26875431820037 PointCloud31.pcd PointCloud18.pcd 0.12947340617638656 0.9921033595731965 0.10486716509218957 0.06880262792295486 -0.1374351452071877 -0.09106460250956519 0.9794811705427545 -0.17978841654002792 0.04163463124084888 -0.08624478009335987 0.17210320809828955 0.9812962466395788 -0.15739404876937507
26875431820038 PointCloud31.pcd PointCloud18.pcd 0.12947340617638656 0.9957797980704499 -0.007629285294411117 -0.09145702685234391 -0.03629602969656845 0.012205884217928693 0.9986952420964846 0.04958658895611187 0.03815931744435138 0.09095938733980344 -0.05049363741839519 0.9945736686817257 0.11083837056239068
26875431820039 PointCloud31.pcd PointCloud18.pcd 0.12947340617638656 0.9696703940624402 -0.06351620485172148 -0.2360191064300225 0.20577381371051576 0.09798302749785855 0.9856715390125069 0.13729873816998478 0.1974525368866676 0.2239166210917493 -0.1562603881409178 0.9620000196969352 -0.0460718852778312
26875431820040 PointCloud31.pcd PointCloud18.pcd 0.12947340617638656 0.9683459436754601 0.23701527320155522 -0.07829363726686202 0.04607929015093129 -0.23808834724057018 0.9712329264597938 -0.004532269696157427 0.011604419167021165 0.07496714130561809 0.02302960767223715 0.9969200393687181 0.03446401229906098
26875431820041 PointCloud31.pcd PointCloud18.pcd 0.12947340617638656 0.763706322534272 0.07286971870599813 -0.6414379603803371 0.6441055927883048 -0.06018701245994422 0.9973182456396305 0.04163940976329808 0.5892026671159536 0.6427520334097161 0.0068059540108665224 0.7660440604414845 0.599144254700405
26875431820042 PointCloud31.pcd PointCloud18.pcd 0.12947340617638656 0.8404126637598389 0.24606083109453702 0.48286708522445093 0.4444084673572592 -0.1921303092096247 0.96839026894728 -0.15907932389606186 0.342820683713264 -0.5067469771741173 0.04091887595327959 0.8611231890476613 0.4616091346121337
26875431820043 PointCloud31.pcd PointCloud18.pcd 0.12947340617638656 0.9633074368342556 -0.14074247410788612 0.22853957670785902 -0.9849158504512383 0.04703048035451071 0.9268257549626653 0.3725347686532214 -0.566347739600901 -0.2642478307525728 -0.34811718705039 0.8994373285686352 0.16574043683018147
26875431820044 PointCloud31.pcd PointCloud18.pcd 0.12947340617638656 0.9139356182636589 0.3943126351250929 -0.09612092097836225 0.5266932117305579 -0.38919446886511405 0.9186438575822579 0.06797888150881576 0.5748353036121987 0.11510582554251969 -0.024718590313632247 0.9930456385378678 -0.5758050349107878
26875431820045 PointCloud31.pcd PointCloud18.pcd 0.12947340617638656 0.8270297968445957 0.39403169929342646 -0.4009497912246892 -0.5759010716224766 -0.38850543772941787 0.916118120232463 0.09895006132596473 -0.16503156895641877 0.4063068298538194 0.07393652503109371 0.9107404406747656 -0.388359782686225
26875431820046 PointCloud31.pcd PointCloud18.pcd 0.12947340617638656 0.7643981305026943 -0.38942992675110527 -0.513848061429266 0.1515593376909732 0.44621335539554136 0.8948113074551225 -0.014365427842796458 0.9599504966632184 0.46539138319337015 -0.21830496146694206 0.8577609248784178 0.8243150712093005
26875431820047 PointCloud31.pcd PointCloud18.pcd 0.12947340617638656 0.994614011426363 -0.08813485393607852 -0.0545455387362229 0.4082528680336735 0.09955090530074766 0.9588165492770341 0.2660083496551988 -0.6427056162369787 0.02885455818688378 -0.2700056894847719 0.9624262787962996 1.274533349644249
26875431820048 PointCloud31.pcd PointCloud18.pcd 0.12947340617638656 0.9730320158214308 -0.22011984453278535 0.06896339775087831 0.19950924384956076 0.21152304175873773 0.9707139287659682 0.1138967572184168 -0.06480856561356768 -0.09201466726351148 -0.09623784360947671 0.9910961499601257 -0.41073588844724684
26875431820049 PointCloud31.pcd PointCloud18.pcd 0.12947340617638656 0.7769884003714105 -0.25186698521729023 -0.5769333128237872 -0.15796040749152573 -0.06535445667170779 0.8792468604352944 -0.47186200674330997 0.3182202193958115 0.6261132650578667 0.4043364690109352 0.6667039816487872 -0.28545741782519574
26875431820050 PointCloud31.pcd PointCloud18.pcd 0.12947340617638656 0.9047824753781533 0.25916577728024637 0.3379375269710469 -0.5195271321562519 -0.1315990020159218 0.9248221057563056 -0.3569114391174453 -0.23878996937890237 -0.40503132584652596 0.27845497408234277 0.8708687917773876 0.4041796065181925
26875431820051 PointCloud31.pcd PointCloud18.pcd 0.12947340617638656 0.6263056864993888 -0.7639825283588206 -0.1551511631312934 0.23065438633791727 0.6475922562423289 0.6206614283517009 -0.4420448631206979 0.36975505811894 0.43401089469447585 0.1763805196695211 0.8834729512371108 0.34470001177680565
26875431820052 PointCloud31.pcd PointCloud18.pcd 0.12947340617638656 0.8446006597483394 0.4675351558440506 -0.26088427243233514 0.10152600319304164 -0.3107301777254343 0.8248637771101996 0.472277996377361 0.7770209589188232 0.4360005529851878 -0.3178216909862729 0.8419577724180923 -1.185982220248249
26875431820053 PointCloud31.pcd PointCloud18.pcd 0.12947340617638656 0.885359469079379 -0.4336884443029015 -0.16749013042448258 -0.22154711056735915 -0.06586850526876448 0.2396161979117163 -0.9686306921174823 0.991350809075498 0.4602172862085254 0.8686186798454563 0.1835800601873685 0.34538873394398656
26875431820054 PointCloud31.pcd PointCloud18.pcd 0.12947340617638656 0.4425082149709797 -0.895190319005077 -0.05311094466101865 0.8256032158166049 0.8265262738637593 0.4301102770319596 -0.3631245904705176 0.2587644452980039 0.34790918110347036 0.1167880231491207 0.9302256496962622 0.05806416162784847
26875431820055 PointCloud31.pcd PointCloud18.pcd 0.12947340617638656 0.4999824560539182 -0.8170508172862689 -0.28713325410013296 -1.7439178710859145 0.3389523354876646 0.4897172774180636 -0.8032983894330281 0.3188752569103036 0.7969497210651053 0.3043106146194692 0.5217913298668075 0.8179597803374532
26875431820056 PointCloud31.pcd PointCloud18.pcd 0.12947340617638656 0.5175740932295315 -0.05415026597026707 0.853923185487417 -0.5205241004436582 0.00036329476675822647 0.9980092247792182 0.06306706963619313 -2.1847006019547845 -0.8556383149640627 -0.03233165555509529 0.5165633920580571 -1.5042819842786088
26875431820057 PointCloud31.pcd PointCloud18.pcd 0.12947340617638656 0.7274494893319452 -0.6335855754724113 0.2634132855874691 -0.6492603495923592 0.6540450535668556 0.5241969077439284 -0.5453830487065329 -2.800382042724887 0.2074664030040071 0.5690227767541444 0.7957202844967458 0.6257449772122825
26875431820058 PointCloud31.pcd PointCloud18.pcd 0.12947340617638656 0.6608849034553033 -0.6623344221147631 0.3529082850639484 -2.011006192168593 0.7125530882679469 0.40616448384875514 -0.5721000860511084 0.9502515968973679 0.23558276843751919 0.6295581985343189 0.7403764136393981 0.8461093762213028
26875431820059 PointCloud31.pcd PointCloud18.pcd 0.12947340617638656 -0.4187401720778044 0.5266555914741743 0.7397908868438692 0.9347930638553236 -0.9034040679091012 -0.32438461231680354 -0.2804206008433852 -0.7004330428705513 0.09229170262563635 -0.7857534672281534 0.6116156721057731 -1.5779580479787398
26875431820060 PointCloud31.pcd PointCloud18.pcd 0.12947340617638656 0.546487888331036 0.5124305330130898 -0.6623940947377223 -2.1404226983763954 -0.8196220174709634 0.16485086198245802 -0.5486747139977103 0.2736428167188157 -0.17196143865504776 0.8427568701230278 0.5100883467362541 -1.3609002318220285
26875431820062 PointCloud19.pcd PointCloud24.pcd 0.16503066466844 0.9975726998364974 0.0690810343858281 0.008747527027958125 0.09120400312311905 -0.06833091386632414 0.9953455891809648 -0.06795619403844248 0.23526846801781334 -0.013401296620619051 0.06719351744165124 0.9976499568800192 -0.11807581230926933
26875431820063 PointCloud19.pcd PointCloud24.pcd 0.16503066466844 0.9907440636614813 0.09823641018735228 0.09367928283797276 0.012799547665719871 -0.13338970916390502 0.8325145669611597 0.5377050132615852 -0.0038699585175878837 -0.025167157342526114 -0.545223902182374 0.8379125913126747 0.057138087621211725
26875431820064 PointCloud19.pcd PointCloud24.pcd 0.16503066466844 0.9877954906233515 -0.06275871270047226 -0.14255319247337878 0.030344866077256095 0.04449246537400507 0.9907897746617511 -0.12789074614943668 -0.06769315967549878 0.14926650404265368 0.1199873593587936 0.981489961418347 -0.10377788386222575
26875431820065 PointCloud19.pcd PointCloud24.pcd 0.16503066466844 0.9843047435062653 0.1456412247172803 0.09966346157903487 -0.03717715860499391 -0.15623584818457498 0.9817581922011841 0.10835687236123533 0.012852583208889837 -0.08206419227112112 -0.12222718890947819 0.9891036258341059 0.1579449127652791
26875431820066 PointCloud19.pcd PointCloud24.pcd 0.16503066466844 0.945586728373848 0.16541387928030157 0.28018563072485475 -0.04965289209839416 -0.12502381052439207 0.9797374340880888 -0.1564723842997517 0.1537212913176626 -0.300391055001982 0.11292833474345611 0.9471073884659894 -0.07650220853418178
26875431820067 PointCloud19.pcd PointCloud24.pcd 0.16503066466844 0.9645200780538842 0.2640093479370642 0.00028850091059730645 0.0073894568768947 -0.2634914466819259 0.9626952751202419 -0.0615635020659775 -0.00041882539838036326 -0.016531078500660736 0.059303216295644744 0.9981031269265702 0.19821605629874467
26875431820068 PointCloud19.pcd PointCloud24.pcd 0.16503066466844 0.9922718516511675 0.11826712536860955 -0.03754276864868636 -0.15748092924324464 -0.11010133008935614 0.9787230466785564 0.17314414518775642 -0.06066842909534884 0.057221233238351626 -0.1676725527845563 0.9841806975903318 -0.13072443753505933
26875431820069 PointCloud19.pcd PointCloud24.pcd 0.16503066466844 0.996234474225923 0.05921618832358063 -0.06332705112529381 0.08759050345312307 -0.05947614086069051 0.9982272453487628 -0.0022260529509981882 -0.08405235609498561 0.06308296943009774 0.005984119304256867 0.9979903452859824 -0.11573560980076641
26875431820070 PointCloud19.pcd PointCloud24.pcd 0.16503066466844 0.9660296515694091 -0.24114333011447744 0.09293334509198693 0.031866174093273684 0.2329480975266731 0.9682314284996606 0.09090151112171022 0.04665566696287274 -0.11190127857799383 -0.06616490918007034 0.9915141494934923 0.0039888450986904295
26875431820071 PointCloud19.pcd PointCloud24.pcd 0.16503066466844 0.9062353149279606 0.004389879616373736 -0.4227508520800094 0.10696729559291451 -0.06184838364317443 0.9905647231946495 -0.1222959795047831 0.04493377357785572 0.4182252161433442 0.13697539238586381 0.8979562408394921 0.0069567617135878005
26875431820072 PointCloud19.pcd PointCloud24.pcd 0.16503066466844 0.8254916598502798 -0.5375403219059064 0.17208696011878477 -0.003928499822619651 0.5540021450844465 0.829977435723193 -0.06495444120446854 -0.04869033230149641 -0.10791266264652011 0.14895589453139252 0.9829379424586736 0.13454588864990166
26875431820073 PointCloud19.pcd PointCloud24.pcd 0.16503066466844 0.9290054167648203 -0.2069413412778796 0.3067967028697266 0.200378009285034 0.07200557609056137 0.9142691823318444 0.3986565680509074 -0.37257617912404306 -0.36299329557650173 -0.34826303781534657 0.8642619532630935 0.17240304042027324
26875431820074 PointCloud19.pcd PointCloud24.pcd 0.16503066466844 0.938600460738856 -0.33127950480002527 -0.096348662680172 0.5100791486699793 0.3340418223420463 0.8027707703518767 0.4939384083011356 0.3841530917000546 -0.08628578114157809 -0.4957953004699667 0.8641422244079289 -0.06217174906638164
26875431820075 PointCloud19.pcd PointCloud24.pcd 0.16503066466844 0.723133112906614 0.5509489740273527 -0.41657379782722465 0.17934890062572204 -0.6215294296648143 0.7821259678947723 -0.04449874610813327 0.694149002862169 0.30129664631143965 0.2910913917704761 0.9080121874504803 -0.8336947038707895
26875431820076 PointCloud19.pcd PointCloud24.pcd 0.16503066466844 0.615657396587202 0.714592378691074 -0.33215012019281465 0.3973350773298772 -0.6731087338085573 0.6960557098227114 0.24986212456841456 0.1848144036803146 0.40974455761865736 0.06974368171980831 0.9095302173991013 0.4309019736042386
26875431820077 PointCloud19.pcd PointCloud24.pcd 0.16503066466844 0.9112468541263907 0.20680331444573 -0.35617630462878425 -0.10929596238332162 -0.2638729032938125 0.9571439516850576 -0.11935889853716777 0.4972902407474422 0.31622817988289764 0.20275069639084395 0.926764205912689 -0.34256659048266475
26875431820078 PointCloud19.pcd PointCloud24.pcd 0.16503066466844 0.9643463819931435 0.243404281333842 -0.10387690486864805 0.3210179439388837 -0.21007727342360666 0.9427882736748331 0.25887798325105066 -0.15950671493091045 0.16094593728217393 -0.2278258695793433 0.9603081684661329 0.028728892789297304
26875431820079 PointCloud19.pcd PointCloud24.pcd 0.16503066466844 0.954834341070457 -0.2968441721027827 0.013225679610508703 0.2835545429765001 0.2900749231902703 0.940859220657536 0.17504418253644682 -0.49107805346713496 -0.0644043480574494 -0.16330175869324753 0.984471744418796 -0.2284704717364342
26875431820080 PointCloud19.pcd PointCloud24.pcd 0.16503066466844 0.9408865613805151 -0.28749646055477057 -0.1791040585303112 -0.7695709424559514 0.33871487634096303 0.7951902829832809 0.5029360261447726 0.0481021159057539 -0.0021705204159314373 -0.533870957270995 0.8455631790846116 0.07423128675736113
26875431820081 PointCloud19.pcd PointCloud24.pcd 0.16503066466844 0.9760258404420217 0.20184230960504906 0.08144471034232095 -0.3764077323357946 -0.21113366980617054 0.787092236849536 0.5795760382946941 0.00983415020760693 0.0528784669182455 -0.582876910457511 0.8108380695255265 0.605767344897338
26875431820082 PointCloud19.pcd PointCloud24.pcd 0.16503066466844 0.1409143443429134 0.43984699367005203 0.8869485721944786 -0.0630439392635233 -0.14515628687508647 0.8953852302242086 -0.4209690509728464 -0.691071079931101 -0.9793226230099276 -0.06942558358241294 0.19001917904568733 0.026770545156281387
26875431820083 PointCloud19.pcd PointCloud24.pcd 0.16503066466844 0.5011008164192827 -0.8531456048683672 0.14505360622099794 0.6208810059345028 0.3097904680483044 0.3333540523995885 0.8904520995849159 -1.839064855078299 -0.8080395025556244 -0.40127004952096845 0.4313403640596353 0.6402849126323322
26875431820084 PointCloud19.pcd PointCloud24.pcd 0.16503066466844 0.8467688336581268 0.3529135086460882 0.39803843754135526 1.2842352976188187 -0.3087442194821501 -0.28328630208457534 0.9079790074597568 -0.17835716437874763 0.43319689435822817 -0.891740391855362 -0.13091800583583613 1.4290411519074366
26875431820085 PointCloud19.pcd PointCloud24.pcd 0.16503066466844 0.13620542091743704 -0.8210205273048212 -0.554412641501632 -0.0761467996238952 0.9857826803437213 0.05674156968330468 0.15815467556864446 -1.6778306727762153 -0.09838999160002151 -0.5680719039118094 0.8170763254059927 0.463608623331784
26875431820086 PointCloud19.pcd PointCloud24.pcd 0.16503066466844 0.552438175308069 0.5015475776980047 -0.6657793101077524 -0.2566562092089087 -0.5155251930083269 -0.4220672209333909 -0.7457164584393262 -0.426613337684825 -0.6550159065519082 0.7551882469416668 0.025394366405832702 0.1025683621137795
26875431820087 PointCloud19.pcd PointCloud24.pcd 0.16503066466844 0.7958994707663338 -0.4622215440276919 0.39101825618572583 -0.3400900613863303 -0.05229017781644274 0.5909589744818468 0.8050051104081816 -1.3615291509731202 -0.6031664527622489 -0.6611495554834929 0.4461742883069186 -1.5013916776581637
26875431820088 PointCloud19.pcd PointCloud24.pcd 0.16503066466844 0.4874897793501449 -0.1586261507529334 0.8585985437481566 0.15609757997251072 0.7593292449313545 0.5624497107429982 -0.32721464007146317 0.08037192474051785 -0.43101370375096726 0.8114727766120228 0.3946379606632491 2.178604614678599
26875431820089 PointCloud19.pcd PointCloud24.pcd 0.16503066466844 0.022019314375169186 0.9564705845908879 0.2909968566957604 -0.22604359072959426 -0.4155323196500113 -0.2559795478475905 0.8728157665911084 -1.068870768207911 0.9093118503135922 -0.14013740362982519 0.3918079465543841 0.0011629473601762715
26875431820090 PointCloud19.pcd PointCloud24.pcd 0.16503066466844 0.6557420090461904 0.7007364973223589 -0.28101739962581923 -0.5841320652321778 -0.7320279492436523 0.4990274454068969 -0.46379595756841085 0.821377817501388 -0.18476335972859595 0.5098430837532838 0.8401919607153733 -1.4752657996852274
26875431820091 PointCloud19.pcd PointCloud24.pcd 0.16503066466844 0.293215562267095 -0.8145249053048972 -0.5005734837987724 0.4586405839351549 0.7212522330433576 -0.1552229096070537 0.6750563418434723 -1.297490557961584 -0.6275506755429093 -0.5589767678277595 0.5419641341034196 -0.42846950057281685
26875431820093 PointCloud10.pcd PointCloud23.pcd 0.11055190399207014 0.9059509142481987 0.27828701774552067 0.3190756598789028 -0.13719458361574213 -0.21770873491801465 0.9525652915565217 -0.21265528928817284 -0.05277494375447276 -0.3631196052449532 0.1231896954949687 0.9235629113442172 0.10224260805430035
26875431820094 PointCloud10.pcd PointCloud23.pcd 0.11055190399207014 0.9886476416602347 -0.14454940710370154 0.04100377477287739 0.0317358056971593 0.10710504854573258 0.8693840766549863 0.4823897136494243 0.05650587235357697 -0.10537717597123564 -0.4725217414730518 0.8749964883470116 -0.10784567645484465
26875431820095 PointCloud10.pcd PointCloud23.pcd 0.11055190399207014 0.9862811242822483 -0.02926363643216543 0.16245979030920274 -0.01113361731581247 -0.015463949935870332 0.9634542958083018 0.2674260386366857 -0.11508338486433585 -0.1643484412366755 -0.26626952411287186 0.9497842546556453 0.08830822915479214
26875431820096 PointCloud10.pcd PointCloud23.pcd 0.11055190399207014 0.9173431763879176 -0.34876533767998524 -0.19194852426494896 -0.08556835899838217 0.3978534876191931 0.8200482103281008 0.4113800373461545 -0.040869462071879165 0.013931946158754885 -0.45374405998386885 0.8910231360102748 -0.09527859079036159
26875431820097 PointCloud10.pcd PointCloud23.pcd 0.11055190399207014 0.982712524530667 0.17401040936244344 0.06321765231387527 0.06341879839754251 -0.18121754177107274 0.9739865424150981 0.13605299610347346 -0.008901217294942379 -0.03789850504983887 -0.14515713081966428 0.9886825125828768 -0.1093667930255732
26875431820098 PointCloud10.pcd PointCloud23.pcd 0.11055190399207014 0.9761075986059966 0.14528128978076277 -0.16157754418010106 -0.07132820603626942 -0.14661925290552608 0.9891861687263529 0.0036767210805928804 -0.18570981366731876 0.16036443066047984 0.020101503429274494 0.9868531698985532 -0.0035401492962527886
26875431820099 PointCloud10.pcd PointCloud23.pcd 0.11055190399207014 0.9387142566720622 0.34391311704468863 -0.02322309723582068 0.09238201157244992 -0.32826233989952736 0.9124830726464069 0.2441689544914743 -0.03363360790660175 0.10516358934681357 -0.22158161037951407 0.9694545937883405 0.1332284722630222
26875431820100 PointCloud10.pcd PointCloud23.pcd 0.11055190399207014 0.9451210809428645 -0.3119079590271547 0.09726030769489488 0.0813161661420419 0.31461757851797495 0.9491225311865645 -0.013498151039837014 -0.012222029424270734 -0.08810176868188693 0.04335718959438181 0.9951674394118809 -0.007079084840747413
26875431820101 PointCloud10.pcd PointCloud23.pcd 0.11055190399207014 0.9947771860087523 -0.034471470441623436 -0.09607324248769955 -0.24650316324759625 0.0334552421946957 0.9993661310868946 -0.012168927894678683 -0.010799623557435184 0.09643182548413304 0.008891218251956155 0.9952998790675068 -0.14961760309094782
26875431820102 PointCloud10.pcd PointCloud23.pcd 0.11055190399207014 0.9925036421295019 -0.025938269808518495 0.1194308440856634 0.08396744722136991 0.04300416417326693 0.9888432341741178 -0.14261732044821762 0.0047301805737287594 -0.11439913558865838 0.146684233602018 0.9825459650261439 -0.16373160249183652
26875431820103 PointCloud10.pcd PointCloud23.pcd 0.11055190399207014 0.8446975070816578 0.5322416427881254 -0.056612323854705424 -0.1194741957892787 -0.5282013860544117 0.8460087806788427 0.07261156095620153 -0.12414448104169985 0.0865414195644539 -0.031432096597194634 0.9957522814451764 0.14364244325110495
26875431820104 PointCloud10.pcd PointCloud23.pcd 0.11055190399207014 0.8534501818570291 -0.33863785628841886 -0.39616560852323907 -0.05532830594638842 0.3695537141609389 0.9292075382610601 0.0018447733400024369 0.44959883825634517 0.36749535975037734 -0.14797889419510157 0.9181772200587074 0.7628826801667169
26875431820105 PointCloud10.pcd PointCloud23.pcd 0.11055190399207014 0.7282288146734048 0.43341450159697315 0.53088102554604 0.3700169090771106 -0.36963011150276404 0.9006960149648466 -0.22829864059362892 -0.5505881626874028 -0.5771103656579234 -0.029975964236236427 0.8161158419111136 0.2322046023205929
26875431820106 PointCloud10.pcd PointCloud23.pcd 0.11055190399207014 0.9857604272474635 0.13987524350645525 -0.09333432555554357 0.4105624068698225 -0.1675310968050458 0.8647282500279914 -0.47347479891418304 -0.6114796550257777 0.01448142521289672 0.48236912199843135 0.8758483421610535 0.4214944683308695
26875431820107 PointCloud10.pcd PointCloud23.pcd 0.11055190399207014 0.718844881401314 -0.4462847415921732 -0.533002782267727 0.1713520073101281 0.3244400321676448 0.8934758225867728 -0.3105472910523407 0.26757626576782145 0.6148176168671393 0.050307890781633696 0.7870631576404239 -0.07927664199528112
26875431820108 PointCloud10.pcd PointCloud23.pcd 0.11055190399207014 0.7737193591443446 -0.11615661617584157 -0.6227888838152481 -0.10280176522712203 -0.13081492669490724 0.9325705418114668 -0.33645154108619135 0.6803650706256879 0.6198756393334638 0.34178915293503 0.7063528627370912 0.0001058764488439603
26875431820109 PointCloud10.pcd PointCloud23.pcd 0.11055190399207014 0.822380975757744 0.551368809999311 -0.14029243055733473 -0.3265720247528169 -0.5430251618994759 0.8342580785019375 0.09558834656119662 0.020620506417281335 0.16974452643837726 -0.002427717899398607 0.9854851099484011 -0.26550297792827593
26875431820110 PointCloud10.pcd PointCloud23.pcd 0.11055190399207014 0.9913290267885125 -0.003832707135201773 -0.13134713930100106 1.5813476632961765 -0.002083411159722673 0.9989904438158898 -0.044874854456269285 -0.48203545285901217 0.1313865291591202 0.044759395891226926 0.9903202393342126 0.35684350497652295
26875431820111 PointCloud10.pcd PointCloud23.pcd 0.11055190399207014 0.9737824985477664 0.21036621971712494 -0.08656615461019027 0.6029818902456304 -0.22700839543712403 0.8741279873207105 -0.42938030949696077 0.3190601184450709 -0.0146572140303457 0.437774274466385 0.8989654335358499 -0.08303854782114006
26875431820112 PointCloud10.pcd PointCloud23.pcd 0.11055190399207014 0.533089189872169 -0.8431588194047347 -0.0699937204429664 -0.7199029162707197 0.708195742042503 0.3994309688375246 0.5821629429003401 0.16681944081893607 -0.4628981600679599 -0.35991402639176223 0.8100538173554687 -0.28839989148778816
26875431820113 PointCloud10.pcd PointCloud23.pcd 0.11055190399207014 -0.41277270415318607 0.5245415526864423 0.7446306830982472 -0.43875248512607484 0.06342074383671578 0.8320937189239528 -0.5509971435302575 -2.7069950060776735 -0.9086234115172598 -0.18021154910993306 -0.3767323899137613 -0.07437772336244983
26875431820114 PointCloud10.pcd PointCloud23.pcd 0.11055190399207014 0.7253800815351679 -0.19031854214426702 0.6615153738410879 0.7736908860477186 0.09714598506958089 0.9797038500872 0.1753368863336467 -1.1172282336677533 -0.681459019235122 -0.06292232227435854 0.7291463409101823 1.5152865277715022
26875431820115 PointCloud10.pcd PointCloud23.pcd 0.11055190399207014 0.8343171814648817 -0.5495514290751158 -0.04368143214219602 0.6383327711375522 0.5504599284109042 0.8347823805238627 0.011499755683262782 0.5883441948024116 0.030144782738602223 -0.033639321759073554 0.998979323162012 0.6771071302302967
26875431820116 PointCloud10.pcd PointCloud23.pcd 0.11055190399207014 0.9548963871520266 0.2553681084076021 -0.15152563813536674 -0.367984640913345 -0.07345095282302284 0.6975689922833057 0.7127429119494935 1.271218213193011 0.28771139590464084 -0.6694659290906271 0.6848631414037599 -1.518534537354444
26875431820117 PointCloud10.pcd PointCloud23.pcd 0.11055190399207014 0.8923190823734516 0.07314860595163153 -0.4454390381180506 0.25198792392494795 -0.0022124528146893127 0.9874799879809374 0.1577288128076492 -0.24043917605477647 0.45139977878233833 -0.13975891665471865 0.8813090745764254 0.11981392042033047
26875431820118 PointCloud10.pcd PointCloud23.pcd 0.11055190399207014 0.6464412287696647 0.30325119529179484 0.700108884603576 -0.43959908715631363 -0.4507356976976677 0.8921617236346882 0.0297454148093223 -1.1579483324746846 -0.6155900166245082 -0.3347927290657305 0.7134162599751688 0.137756908150268
26875431820119 PointCloud10.pcd PointCloud23.pcd 0.11055190399207014 0.27033827484699874 -0.7740026494865344 -0.5725706207452261 0.9155806727043863 0.26534644592133133 0.6315806229598497 -0.7284896569880496 0.10375376425792644 0.9254774339710647 0.04500905786031495 0.3761192682127044 1.2099417543994544
26875431820120 PointCloud10.pcd PointCloud23.pcd 0.11055190399207014 0.9810781334794718 -0.010852721716599248 -0.19330782301753233 0.34237551440063435 -0.16963547136435297 0.43307790396315315 -0.8852498720439758 -0.35464234123589666 0.09332471732306144 0.9012911558038411 0.4230422551073908 -0.3144482686480676
26875431820121 PointCloud10.pcd PointCloud23.pcd 0.11055190399207014 0.5776356104390712 -0.3230107583726076 -0.7496673605861697 -0.01438779162199703 0.6927235305593722 0.679796759554788 0.24085364001436207 -1.6510104949465423 0.431823125552627 -0.6584378601465459 0.6164319691284655 0.5208638375958474
26875431820122 PointCloud10.pcd PointCloud23.pcd 0.11055190399207014 -0.07791414823341791 -0.5249316713705234 0.8475707202925368 1.2053144001998577 0.631073670461769 0.6321822455954353 0.44954602745861644 -0.9144288949199312 -0.7718001088073073 0.5699055612520914 0.2820146153995695 -0.16504151904546233
26875431820124 PointCloud0.pcd PointCloud12.pcd 0.13967483108108109 0.9556073214815687 0.27138996696594636 0.1147263394388792 0.002086020892644982 -0.26222001740640016 0.9609036371413961 -0.08890929422632743 0.0280889818641075 -0.134370047265786 0.05487882978580197 0.9894104327523193 0.0321146881348527
26875431820125 PointCloud0.pcd PointCloud12.pcd 0.13967483108108109 0.9303343550998279 -0.33398172397997716 -0.15144040335508135 -0.10854922281264744 0.3469103677488228 0.9354138133952823 0.06822165680832148 0.03886940292639904 0.11887465865088281 -0.11600519711055288 0.9861093295238504 -0.07553950480127308
26875431820126 PointCloud0.pcd PointCloud12.pcd 0.13967483108108109 0.9468737892845819 0.0787793031918686 -0.3118073901536994 -0.12744572613094726 -0.01051652197838792 0.976600142452436 0.2148058763799544 0.08817935880976978 0.3214333989045566 -0.20011492485690768 0.9255455617732596 -0.04122327047650791
26875431820127 PointCloud0.pcd PointCloud12.pcd 0.13967483108108109 0.9921340272627651 0.051551877358048614 -0.11407223977913268 -0.10559207664696853 -0.013153149071042702 0.9491514335646503 0.31454499015512005 -0.02595021163879052 0.12448721467235964 -0.31057037866324333 0.9423635037925057 -0.027106361109890564
26875431820128 PointCloud0.pcd PointCloud12.pcd 0.13967483108108109 0.9951743333821859 -0.06592870844547791 -0.0726735961682992 -0.1744676052743277 0.0671149637471074 0.9976470070628591 0.014001104947248481 -0.1295736957727582 0.07157952094381688 -0.018811026054699358 0.9972574980817257 -0.04335447974145286
26875431820129 PointCloud0.pcd PointCloud12.pcd 0.13967483108108109 0.9653675642091949 -0.2607397408089527 -0.008958433774176147 -0.0447613235227194 0.2595280306493478 0.9562397290687256 0.13509545461577058 -0.08104321543166365 -0.026658343535885316 -0.1327417346332748 0.9907920894953048 0.00768362189866163
26875431820130 PointCloud0.pcd PointCloud12.pcd 0.13967483108108109 0.9734072924226659 0.16783260343877623 -0.15591812043934083 -0.08122245862144689 -0.20554658839536147 0.9403753479126372 -0.27100702027293344 0.06132183655252235 0.10113774299143798 0.29584864755673435 0.9498656403310148 0.16175650131366637
26875431820131 PointCloud0.pcd PointCloud12.pcd 0.13967483108108109 0.932338601797863 -0.31842830574563047 0.1713130050450722 0.04329695719639447 0.29417313104780335 0.9434744229645838 0.15270292132496108 -0.012895063225001516 -0.21025437110114403 -0.09197514507524629 0.9733106760542851 -0.16802620706265659
26875431820132 PointCloud0.pcd PointCloud12.pcd 0.13967483108108109 0.9776909653044452 -0.14789647912315854 0.14915430877127003 0.08912523523637211 0.1194267082512008 0.9755506979078428 0.18449416567415763 0.0030083474172902533 -0.17279362753974695 -0.16256527081296943 0.9714498932045652 -0.06068673739995343
26875431820133 PointCloud0.pcd PointCloud12.pcd 0.13967483108108109 0.9912602771013881 -0.0615153759791241 -0.11670013521425912 0.06869261975450447 0.06067877907566273 0.9980998702634927 -0.01071143080480046 -0.01431864293025535 0.11713730751031576 0.0035365941449528506 0.9931094318810428 -0.16408975335561005
