id source target overlap t1 t2 t3 t4 t5 t6 t7 t8 t9 t10 t11 t12
26875431820030 PointCloud18.pcd PointCloud19.pcd 0.6084 -0.858795518097573 0.502635742208459 0.09913409479121049 8.261678377449446 -0.2600785102557575 -0.2610145388137524 -0.9296400265860921 5.554884263382709 -0.4413948647171453 -0.8241533359650955 0.3548828711264285 1.9387919616180158
26875431820061 PointCloud10.pcd PointCloud8.pcd 0.6134 0.4720913294758041 -0.8155503395636703 0.33467509658077266 1.8055248802139494 -0.5340809110368543 0.037438477091774086 0.8446040142570317 0.758613443661184 -0.7013468165606879 -0.5774738124544094 -0.4178954879267759 0.9751710482406821
26875431820092 PointCloud1.pcd PointCloud2.pcd 0.6096 -0.19782232301714647 -0.95580317433111 -0.21750085161827348 4.888389433451737 -0.005931933091057107 -0.22071443377735173 0.9753204349813177 -1.3047635261742612 -0.9802199450561611 0.19423035463314553 0.037992481534897704 -1.9780046735598034
26875431820123 PointCloud9.pcd PointCloud10.pcd 0.6169 -0.6563943813016747 0.22359058970135526 0.720523187963158 1.24714760687012 0.630852230075434 0.6864449023544813 0.3616888992496158 3.1641785799070994 -0.41372923513385373 0.6919542211942545 -0.5916311991156394 5.522525933532789
26875431820154 PointCloud20.pcd PointCloud18.pcd 0.6191 -0.9241268953682528 0.1815576352160255 0.3361938523408765 18.390003955103033 -0.3601584679062003 -0.707709319363158 -0.6078103300224458 10.7341147040326 0.12757491623549244 -0.6827769360349694 0.719402735862331 5.010315269607524
26875431820185 PointCloud14.pcd PointCloud10.pcd 0.6026 -0.35150348929533554 -0.7115843967704889 -0.6083526471430724 10.372485736409267 0.9195545705178056 -0.14048283175499937 -0.3669931413826567 -6.0349393257001775 0.17568349055337576 -0.6884128269104782 0.7037208899074305 0.8693833021595143
26875431820216 PointCloud4.pcd PointCloud1.pcd 0.6165 0.5081927002156067 0.33123352939889217 -0.7949997034273181 4.027452772818683 0.058882835636018954 0.9075608382788707 0.41577173604036044 -0.4498380715267798 0.8592281368269036 -0.25810399807927586 0.44171182354614535 -5.171399233176127
26875431820247 PointCloud16.pcd PointCloud13.pcd 0.6200 -0.8767353445108118 -0.47940225773207223 0.03884084148032805 6.842551345212149 0.4660931506341761 -0.8269053636268661 0.3146183315336661 -0.9367145753508774 -0.11871103831327298 0.29394046146543423 0.9484232675847174 8.184464848597335
26875431820278 PointCloud29.pcd PointCloud26.pcd 0.6112 0.6364673414916422 -0.7646417718928411 -0.1011547521925568 10.919149951015333 0.7570841803500648 0.6444042517434976 -0.10754861318758815 -1.6234127039970394 0.14742071454931865 -0.008131482735598584 0.9890404500880077 -4.2379531922959135
26875431820309 PointCloud31.pcd PointCloud28.pcd 0.6030 -0.5429680380030765 0.8156285610223487 0.19983933584683083 -6.4560438313638535 -0.3704929596175822 -0.44623216712244973 0.8146237290301618 17.388818626921147 0.7536051197947731 0.36827558087635237 0.5444744437981371 -6.270452042352134
26875431820340 PointCloud15.pcd PointCloud16.pcd 0.6233 0.6131408734346622 -0.0983670566458636 0.7838253577746821 0.930797069236736 0.7157606718078902 0.48903901270981665 -0.4985253300895802 -2.540116682138138 -0.3342827097187299 0.8666976209812951 0.3702570779451301 8.064907087305127
26875431820371 PointCloud30.pcd PointCloud27.pcd 0.6304 0.2746065884981351 -0.436807065639548 0.856615905152819 7.497885238708932 0.3434407375001874 0.8766568575563476 0.33692909331899024 -1.0014695983580801 -0.8981312161253183 0.20167384933797702 0.39075308970558326 10.564702989058397
26875431820402 PointCloud6.pcd PointCloud7.pcd 0.6273 0.5516144233284986 0.7081728727835745 -0.4406957116077112 -0.02565704726632345 -0.8328925854944531 0.4960673612099308 -0.24537138009674464 -0.8064566647027958 0.04484940361178791 0.5024025829906481 0.8634698463756518 7.68114474398975
26875431820433 PointCloud28.pcd PointCloud29.pcd 0.6272 -0.692231690740044 0.6699662667315768 -0.26825452051537485 2.986524053708143 -0.5920367750919727 -0.7397521868036073 -0.31977986030702055 21.026298724689763 -0.4126835873570414 -0.06254521213517797 0.9087245749758771 1.4299046448700161
26875431820464 PointCloud19.pcd PointCloud20.pcd 0.6267 -0.6079762224140561 0.14993560494749958 0.7796693064037867 7.22710443124577 0.2174859472550511 -0.9129945812907219 0.3451677234046558 4.016159056559125 0.7635867833623808 0.37942088622373854 0.5224701095483699 4.242164519619753
26875431820495 PointCloud22.pcd PointCloud23.pcd 0.6343 -0.2817450350211771 -0.8676198158261222 0.4097018311244916 13.190867611285801 0.8257877650332376 -0.43669189985482626 -0.3568959956662341 1.744423386518521 0.488563509036774 0.23777308465641797 0.8395056032276651 -4.41748606233597
26875431820526 PointCloud12.pcd PointCloud10.pcd 0.6229 -0.15240752750197142 -0.3021586509428451 -0.940995268437167 4.679466866528799 0.973741622760308 -0.20882717830052125 -0.09065573179432584 -5.963813223538829 -0.1691129730826652 -0.9301028756344335 0.32605128902014713 -7.32806767583708
26875431820557 PointCloud23.pcd PointCloud21.pcd 0.6312 0.4385906715534599 -0.8362805934931099 -0.3290486161239653 11.952836479562112 0.20795134967963702 0.4506466732759009 -0.8681438890136706 1.7598157135211465 0.8742965509440731 0.3123337074543428 0.37155510519319007 -9.896344425399711
26875431820588 PointCloud25.pcd PointCloud23.pcd 0.6270 0.47919317020787583 0.8145435515460804 0.32694450333477665 -4.142383258311545 -0.8143452425001936 0.27363875380633534 0.5118238548881998 9.517323236932167 0.32743813407028044 -0.5115081964641562 0.794445487938952 0.21412188595959059
26875431820619 PointCloud16.pcd PointCloud17.pcd 0.6334 -0.8098172652163784 -0.139611920956836 -0.5698284904111134 5.754380584681938 -0.07603314775815799 -0.938106605990404 0.3378978488229115 7.416874290008767 -0.5817344388975542 0.3169613656645037 0.749079792329656 -0.5281080961037161
26875431820650 PointCloud13.pcd PointCloud11.pcd 0.6556 -0.5349238175615106 0.42494949603516147 0.7302564174486121 10.399771441501459 0.6244025602934754 0.7810975121620335 0.002849419806624426 -2.946097969693514 -0.5691906113986529 0.4574981992464494 -0.6831672164132906 -0.872587786539194
26875431820681 PointCloud3.pcd PointCloud1.pcd 0.6449 0.8476707309413724 -0.29804536727454506 0.43888869995877205 -0.18100491352245207 0.400582410419604 -0.1828192367109428 -0.8978367664285354 1.6152222186486362 0.3478333859303034 0.936881041399926 -0.0355787843756753 -1.9480996312546666
26875431820712 PointCloud18.pcd PointCloud16.pcd 0.6470 0.12098461967522772 0.7065745333251819 0.6972195856818292 -0.7358429533448472 -0.9535506449709604 -0.11247386959159728 0.2794473047545052 5.39184064167119 0.27586933370257993 -0.6986430114982854 0.6601469936363422 -1.0153355830691173
26875431820743 PointCloud17.pcd PointCloud18.pcd 0.6447 0.5706801853581268 -0.5748113827475727 -0.5864435184256346 3.75934888602121 0.5482439818221712 0.7983793546189495 -0.24903602653833162 -1.899758634738895 0.6113531405295837 -0.1793942038697272 0.770756159354281 0.3871709705244637
26875431820774 PointCloud9.pcd PointCloud14.pcd 0.6459 0.6225115265489428 0.32232471463349227 -0.7131522822302002 2.390553737070097 -0.17074127705947256 -0.8333612980528221 -0.5256960749480789 0.24737178035808327 -0.7637583489702785 0.44901639752257777 -0.46374288041331824 8.33840768606997
26875431820805 PointCloud14.pcd PointCloud15.pcd 0.6596 0.9503620408427061 -0.29228656632695127 -0.10667968161785772 7.740430514932575 0.11033638628711975 0.6371618587492224 -0.7627913526098311 -3.5869899200428463 0.2909258895086277 0.7131572960434724 0.6377842879168293 -2.3551544114965197
26875431820836 PointCloud30.pcd PointCloud31.pcd 0.6566 -0.9922433320752977 0.05345352839255813 -0.11223141384878008 9.895238184868465 -0.08425373956204311 0.3746508053038431 0.9233298876647463 6.887563777189293 0.09140282994481941 0.9256238406542733 -0.3672411037595201 -9.817459749076239
26875431820867 PointCloud21.pcd PointCloud19.pcd 0.6465 -0.7402095420341187 0.5430597896313061 0.39645415720766713 11.122146282659694 -0.5773463491055217 -0.815558001791974 0.039196159092535945 10.592656735899006 0.34461721816555396 -0.19987798928017075 0.9172174018983454 2.8744401876019086
26875431820898 PointCloud5.pcd PointCloud6.pcd 0.6578 -0.7750684246720785 -0.6170246965283634 0.13619640579113582 7.3324088450109235 0.6034331997046745 -0.7867219661050946 -0.13014192845471775 0.8918693688687016 0.18744948805083786 -0.018683466536363103 0.9820965418469121 1.0899918165978775
26875431820929 PointCloud17.pcd PointCloud15.pcd 0.6622 -0.34963592221838524 0.8779798525916868 -0.32696498335078483 -0.5778003559352758 0.22782193216148328 -0.2588408012398442 -0.9386685287361688 4.987235035899038 -0.9087639347601266 -0.40268203095816835 -0.10952302416705367 0.06739826160515516
26875431820960 PointCloud30.pcd PointCloud28.pcd 0.6800 0.7903835497585778 0.03672648610504048 -0.6115104328540977 0.8913018145680134 -0.6101778084684321 0.13609809332813722 -0.7804872523271005 14.409604905362867 0.05456084973395409 0.9900143808101081 0.12997938092438716 -4.855356889114985
26875431820991 PointCloud14.pcd PointCloud12.pcd 0.6802 0.4671410648348213 -0.8356171408619675 0.28900383984068523 3.6425832517185843 0.3828024192230506 -0.10350060225338131 -0.9180141247116886 4.026703837771101 0.7970204096395334 0.5394734648069899 0.2715268815185199 -2.5318477443192755
26875431821022 PointCloud23.pcd PointCloud22.pcd 0.6858 -0.8604793778256874 0.4986591749747868 -0.10447137191682201 6.53083019411246 -0.23164627064973525 -0.5655510746350556 -0.79151246817293 11.143553894033127 -0.4537788510175277 -0.6568797524605237 0.6021575750388046 7.893031080317041
26875431821053 PointCloud26.pcd PointCloud27.pcd 0.6716 -0.7063074870761455 0.7078086516513253 0.011689582871677222 3.6741709524054316 -0.7076794854678079 -0.7055690995253313 -0.036905170952484474 21.212521089984122 -0.01787399083024365 -0.0343388765475267 0.9992504000545881 -0.030318040279514458
26875431821084 PointCloud5.pcd PointCloud3.pcd 0.6755 0.7298482072972451 0.23409900069586093 -0.6422766165587822 0.48327125773342616 -0.3913619501651308 0.9134207614938586 -0.11179595893825955 -1.7717018303448258 0.5604974739175398 0.3329567094160721 0.7582759467284177 -4.223380969666735
26875431821115 PointCloud24.pcd PointCloud22.pcd 0.6770 0.9837406971475354 0.013318605311555043 0.1791001271027911 -1.06908441275396 -0.1765071075233113 -0.11242162439930248 0.9778581795747153 7.23749690714378 0.03315843436344866 -0.9935713326782215 -0.10824289866124104 6.24041922765284
26875431821146 PointCloud6.pcd PointCloud4.pcd 0.6793 0.3052274499701374 0.7946363710630223 -0.5247754201260939 2.3797094491626547 0.5440333301810144 -0.5977984965060557 -0.5887823818927118 -0.47775343290698047 -0.7815778524477794 -0.10578277439588385 -0.6147731819168978 8.33469245932648
26875431821177 PointCloud18.pcd PointCloud17.pcd 0.6840 -0.4451223204672208 -0.41189952333628504 -0.7951131381741956 2.2469316663071917 -0.16466642648015467 -0.8351360171459927 0.524816921274251 11.272273042523711 -0.88019945910693 0.3645361649286236 0.30391165928111186 4.304013024097988
26875431821208 PointCloud9.pcd PointCloud6.pcd 0.6676 0.3093799706813647 0.10637962946367563 -0.9449695276443408 4.090701081743932 -0.8464310472435509 0.48370921831935615 -0.22266538656707058 2.446962788172073 0.4334034102350643 0.8687397576651182 0.23969296495426817 -3.946265075021574
26875431821239 PointCloud20.pcd PointCloud19.pcd 0.6826 -0.9633233326350156 0.13023847504409636 -0.2346190453035626 12.192974205027861 0.23702534261917552 0.8228803214020307 -0.5164174315469537 -0.10120404562289564 0.12580597663556897 -0.5530876207866874 -0.8235696327423031 3.513603634573067
26875431821270 PointCloud13.pcd PointCloud14.pcd 0.6987 -0.25330315539328513 0.022068081972010878 0.9671352083477684 2.7313656961861077 0.9653934688589738 0.06991460124838261 0.2512516643063625 -8.14371484688771 -0.06207223012138868 0.9973088530091148 -0.039013971310302376 -1.521276587386069
26875431821301 PointCloud1.pcd PointCloud0.pcd 0.6882 0.17951832272741636 -0.31822075020828594 -0.9308645046095649 -0.010948546434856654 0.3194581699838052 0.9138129021046704 -0.25078368682519625 -0.061404981073706705 0.9304405673850067 -0.25235200431919613 0.2657043779849158 -5.017550759435128
26875431821332 PointCloud7.pcd PointCloud5.pcd 0.7061 0.670997770530817 0.7414077225079466 -0.00875105412239241 1.5511141944381475 0.15989130826659959 -0.13316182048205688 0.9781118029687097 -0.9735178438046784 0.7240143378990975 -0.6577100566142229 -0.20789593537404066 -4.1210630555024785
26875431821363 PointCloud11.pcd PointCloud12.pcd 0.6939 -0.5736965933614545 0.7080025979593964 -0.41183071770838986 7.4588762198616685 -0.4863015940401229 0.11015952817316396 0.8668192648913046 -1.972165535143241 0.6590773690542694 0.6975651938244994 0.28110464593295337 -10.645016009794317
26875431821394 PointCloud24.pcd PointCloud23.pcd 0.7031 -0.18869701749440856 0.6805254892027786 -0.7080102358963701 5.485778673150624 0.9176868335925759 -0.13449053989516832 -0.3738491274960237 3.9194644473340112 -0.3496345392542718 -0.7202758868822591 -0.5991313176061056 18.524851205397983
26875431821425 PointCloud31.pcd PointCloud30.pcd 0.6980 -0.6590139798129916 -0.2245592011944647 0.7178257027788468 10.711211728232923 -0.7515407737016582 0.15881121961279163 -0.6402854535197643 14.025327484367683 0.029783214651115886 -0.9614323489897775 -0.2734242096834953 12.248643917824591
26875431821456 PointCloud29.pcd PointCloud28.pcd 0.6997 -0.1899604741184103 0.1331869648933522 0.9727159146714965 3.912738590741064 0.9794059992420272 -0.0433202191742012 0.1971984971023507 4.315569942960892 0.06840253592839551 0.9901437223924597 -0.12221498306414172 -5.8258897034386345
26875431821487 PointCloud16.pcd PointCloud15.pcd 0.6896 -0.09488291031059976 -0.8635869094350177 -0.49519176405051923 9.566887479522531 -0.9921742338001032 0.12259360580385209 -0.023687498795524342 6.972035547871206 0.08116355779639603 0.48906897025724727 -0.8684607182926276 -0.17526327593730862
26875431821518 PointCloud27.pcd PointCloud26.pcd 0.6929 -0.09291674727934396 0.7709449836286528 0.6300875417692711 -2.3888957657458487 -0.8781655519846823 -0.3616949628302042 0.3130527386411045 17.254273737875234 0.46924592846658236 -0.5242333317150615 0.7106248465515834 0.8991637115014557
26875431821549 PointCloud10.pcd PointCloud9.pcd 0.6970 0.042446767516284956 0.386780585379086 -0.9211943609799346 6.523077509794179 0.6086565633813399 0.7211667406728408 0.3308409285444117 -2.11526070734221 0.7922975828438678 -0.5747341219391129 -0.2048053448976404 -2.9308815326950315
26875431821580 PointCloud14.pcd PointCloud13.pcd 0.7105 -0.4184768016353453 0.8803735525694253 -0.22320298929302246 10.791625525173039 -0.6189329514630016 -0.09657951762198352 0.77948341763581 3.052060626712026 0.6646797485152902 0.46434341247851696 0.5853084889196947 4.694337827332862
26875431821611 PointCloud5.pcd PointCloud4.pcd 0.7123 0.5602096536058134 0.7160754708504306 -0.41641453391204875 4.935353750331245 -0.24215586817327914 0.6223144755146234 0.7443690140476058 2.1897339721296847 0.7921651844887531 -0.31616548453506654 0.5220284540833062 -4.468991302983956
26875431821642 PointCloud13.pcd PointCloud12.pcd 0.7271 0.6077445486173776 -0.6696241904737048 0.42690749250662674 0.9695506609467537 0.45861584714568226 0.7348187656587755 0.4997128039009626 -2.891225664272805 -0.6483194184757297 -0.10791119111634895 0.7536823644342109 0.8155419836148534
26875431821673 PointCloud30.pcd PointCloud29.pcd 0.7103 0.1724258184136232 0.9761757407711933 -0.13172038670685945 -7.205255002795136 -0.8915897049840626 0.09782321393013843 -0.4421520290384413 13.583759081106974 -0.4187327729123008 0.19367896619455283 0.8872154884485419 -7.560970715923555
26875431821704 PointCloud6.pcd PointCloud5.pcd 0.7279 -0.4600733969673726 0.689640614975391 -0.5592211472926139 5.425360653749656 -0.5799538933596137 0.24349241289773405 0.7774091113681816 5.221649331271413 0.6722990041491426 0.681987732321927 0.2879353781362536 7.267330003612692
26875431821735 PointCloud8.pcd PointCloud6.pcd 0.7203 -0.8946888899118406 0.10060289852781959 -0.4352135649036222 7.155440032916566 -0.1579747959238397 0.8400818537130641 0.5189474375260401 0.3549953317596565 0.41782263476401005 0.5330492809017036 -0.7357191787693436 3.356596630276673
26875431821766 PointCloud4.pcd PointCloud3.pcd 0.7135 -0.26050660243859824 0.8986262807728718 0.35299733368711733 0.2916079796013263 -0.21896841288787178 -0.41108599285434144 0.8849074192458367 -3.680608601571054 0.9403133223789104 0.15322895934932268 0.3038613857887491 1.6891282266091525
26875431821797 PointCloud27.pcd PointCloud28.pcd 0.6489 -0.40379443250120783 -0.5707901550587157 0.7149466100129961 16.810722386451527 -0.7216379940771817 0.6790651932345645 0.1345699403342571 7.394855612806041 -0.5623065549905045 -0.46159404483306676 -0.686106606869049 3.7595432374972093
26875431821828 PointCloud28.pcd PointCloud26.pcd 0.6531 0.3754002244583958 -0.8616187892367855 0.34159586284192855 13.968940453576478 0.9263746165632807 0.336830771053509 -0.16844910643494998 -2.8631881274963873 0.03007891726476447 0.3796815688252911 0.9246281225609272 -7.9785428954321125
26875431821859 PointCloud14.pcd PointCloud11.pcd 0.6452 -0.044351872796481756 0.7665141579259046 0.6406941213079659 4.3372416222135985 0.8698711274399021 -0.2857505851701707 0.4020831067345891 -4.545263571688851 0.49128111405373465 0.5751544564497842 -0.6540949611486662 -2.0455250980721815
26875431821890 PointCloud7.pcd PointCloud6.pcd 0.7463 -0.35368161663498293 0.9353649852153105 -0.001287822824494021 11.65831767250548 -0.9351524477978295 -0.3535711713338647 0.021847795754423378 2.051507974674832 0.019980326128296505 0.008931474388990873 0.9997604789813639 -6.09489495981067
26875431821921 PointCloud2.pcd PointCloud1.pcd 0.7300 0.6352091954641925 -0.6868752305576253 -0.353145431294449 -0.47216440958917744 0.6071151876425787 0.7267033750227808 -0.32142394693646603 1.0308106829166233 0.47741012445427866 -0.010228508049010793 0.8786210506763661 -1.4118989496804093
26875431821952 PointCloud8.pcd PointCloud4.pcd 0.6175 -0.6451829417968465 0.5178822847374017 0.5617267224990594 5.255348736149632 0.663140471740231 0.014434724930546181 0.7483557666353102 -3.6393365908851405 0.37945182349609313 0.8553300987755241 -0.35274174090138743 -1.0838708109879405
26875431821983 PointCloud31.pcd PointCloud29.pcd 0.6624 -0.8843504578812978 0.43512686356829994 0.16908246581580547 0.29707875976511744 -0.4299677838689369 -0.9002812479361791 0.06798072851412622 28.98274225761685 0.18180201451021952 -0.012581224729345433 0.9832546670646093 -7.7476388484118495
26875431822014 PointCloud19.pcd PointCloud17.pcd 0.6585 0.4632848756317932 0.22500584489666148 0.8571694661927556 -2.2921510757014607 0.1784545681733828 0.9237318274237877 -0.338929901458047 3.1097699006231148 -0.8680559262564167 0.3099869041857245 0.3877976638976376 -2.8609149359676413
26875431822045 PointCloud22.pcd PointCloud21.pcd 0.6548 0.8478210286223562 -0.4421442676918784 0.2927592013463327 8.958513114437583 0.18809846783425102 0.7669312962639212 0.6135432773727938 -5.613181021880022 -0.49580083685300214 -0.46510733530890946 0.7333871397956939 9.42699127053911
26875431822076 PointCloud15.pcd PointCloud13.pcd 0.6545 0.8581582985108357 0.5006008155711265 -0.1138558656658079 0.5596662471741256 -0.46531814270072663 0.6647465474859052 -0.584457914378029 4.511478300148915 -0.21689481499227609 0.5545366093010381 0.8033964078674825 1.9317749658400163
26875431822107 PointCloud2.pcd PointCloud0.pcd 0.6639 0.45329198504041424 0.2815060912444288 -0.8457426895282064 1.0355955246689523 0.7102325103967788 -0.6873915416968532 0.15186391796313126 -0.19733388093907644 -0.5386057532867713 -0.669512650362864 -0.5115238543122727 0.44636337311176844
26875431822138 PointCloud8.pcd PointCloud4.pcd 0.6175 0.5711814059159488 0.8202008618859244 -0.031974172349992586 5.194192189698097 -0.7422719779681515 0.499498820371451 -0.44669143619592394 5.846886664235135 -0.35040563959378346 0.2788753746911257 0.894116554556371 -3.0643347618115615
26875431822169 PointCloud27.pcd PointCloud28.pcd 0.6489 0.5896653179071314 0.6857129909324785 -0.42672298616774357 -4.647509670002068 -0.5442407375284289 0.7277399106734738 0.4173687123245776 1.5367555255948329 0.596738495885755 -0.013867821725095847 0.8023159296988983 -5.616732253431438
26875431822200 PointCloud15.pcd PointCloud12.pcd 0.6464 0.5270622218714656 0.7216524012071 0.44880198986628933 3.4521487916237033 -0.0031648173140041425 -0.5264395749490156 0.8502066559718694 6.523847769542503 0.8498208035858401 -0.44953218545453055 -0.27518251403966526 -0.17205311653388078
26875431822231 PointCloud7.pcd PointCloud8.pcd 0.7954 0.46109100599523223 0.2663341611379068 0.8464403102412315 1.5122956677287323 -0.8872957991272592 0.14920188188575934 0.43640000377276134 0.825519903336982 -0.010062258266559987 -0.9522630482449244 0.3051128281568338 -4.363077096658284
26875431822262 PointCloud21.pcd PointCloud20.pcd 0.6998 0.5354736888230347 0.37237968684676037 -0.758024602108771 1.032207327351227 -0.021637525848960948 0.903300807118852 0.4284617478066931 0.3996909377277229 0.8442746863748715 -0.21302821569533784 0.49175119040453097 -0.4045111033575717
26875431822293 PointCloud31.pcd PointCloud29.pcd 0.6624 -0.6278679980184815 0.45912707705116856 -0.6284776083383675 4.702509190668453 0.04758740087788277 -0.7833239365630319 -0.6197895204705246 20.941985923943683 -0.7768637051259067 -0.41905362130143375 0.46997536758026226 9.199758452229963
26875431822324 PointCloud4.pcd PointCloud5.pcd 0.6536 0.49116443555373396 0.6914845727074729 0.5297231191431481 1.991362845220909 0.8709851510976284 -0.39819763129816915 -0.28779074515343434 -1.8297980115846344 0.011931630845091634 0.6027335498676769 -0.7978533098566963 -2.7152735359809763
26875431822355 PointCloud0.pcd PointCloud1.pcd 0.6565 -0.1847186313886044 0.9445804902561561 -0.2713793003258731 -3.131738601933519 -0.7952354903425847 0.0185958044798325 0.6060154378853202 0.7160096524596526 0.5774768758292487 0.3277527932500155 0.7477289377838088 -4.2070292422956195
26875431822386 PointCloud26.pcd PointCloud24.pcd 0.6253 -0.0352867836365473 0.8800028785135008 -0.47365575760096057 -0.413231005138612 -0.9902796033796732 0.03301637103490579 0.135115603739473 13.63921942421865 0.1345405144585985 0.4738194308506542 0.8702838599661478 -0.6049411053836851
26875431822417 PointCloud29.pcd PointCloud30.pcd 0.6610 0.6734075376880516 0.7382139575884189 0.03952772453050459 -6.80977416681637 -0.7278362828030241 0.6714107613795193 -0.13950603907806497 13.684285182332637 -0.12952464483792894 0.06517470617822846 0.9894319704023061 2.37181641648344
26875431822448 PointCloud9.pcd PointCloud7.pcd 0.7969 0.4009728287217269 0.30830002970044473 -0.862653976002894 3.2903901033650307 0.19359639565279868 -0.948919265052364 -0.24914386206111183 -0.9090779686406071 -0.89540003697629 -0.06710678132041642 -0.4401766164662454 9.439914219221333
26875431822479 PointCloud19.pcd PointCloud18.pcd 0.7057 0.4651570775795162 0.6560747150808786 0.5943019951247246 -3.857986240189554 0.014922805473369993 0.665447636296196 -0.7462953525412106 4.371138301180653 -0.8851023686865198 0.3560132182649262 0.2997472024325866 6.908293421629093
26875431822510 PointCloud12.pcd PointCloud11.pcd 0.7037 -0.9946603301383434 -0.10297558750218959 -0.006845146284819178 6.927701861440715 0.1030138786426928 -0.9946647241478201 -0.005497939880467674 -3.9561853056108136 -0.006242471951898267 -0.006173727765262584 0.9999614575719457 6.684792734953401
26875431822541 PointCloud14.pcd PointCloud11.pcd 0.6452 -0.08802723925588585 -0.9695754791290452 -0.22841758999838369 5.012370538079002 0.8810324357872052 0.03121360860930844 -0.4720249545611432 -4.263139239909323 0.4647935587331772 -0.2427943593028215 0.8514797982635179 2.6512311650043787
26875431822572 PointCloud9.pcd PointCloud7.pcd 0.7969 0.5664299038162786 0.7882875200909124 -0.2403329975920923 -0.5203787437166332 -0.8112168931016696 0.5847152598335164 0.005934413559713095 2.7405893149184704 0.14520439528180823 0.19160075831463386 0.9706723613063789 9.120143151406317
26875431822603 PointCloud8.pcd PointCloud7.pcd 0.8121 0.6306202038247057 0.6200531551937719 0.46674644429533096 5.073256178474193 0.7759854909733143 -0.49381667118440986 -0.39241765130948464 -7.952399890656444 -0.012832627439095412 0.6096549679897607 -0.7925630218969422 -0.8993621573883165
26875431822634 PointCloud20.pcd PointCloud21.pcd 0.6083 -0.894676497328923 0.2874398389894963 -0.34195365780898085 6.253410715000859 -0.2640162369366251 -0.9577239761767038 -0.11428128495124634 9.446664868213249 -0.3603462109708842 -0.011963461788988126 0.9327419170493787 -0.2735658844738307
26875431822665 PointCloud15.pcd PointCloud14.pcd 0.6993 0.14035120660203354 0.3292073123800364 -0.9337687531079986 4.055508282140283 0.4980494311726803 -0.8385707557841601 -0.2207846273003447 0.14350394220114238 -0.8557150827897817 -0.43407560749147805 -0.28165593206425005 4.242442460771741
26875431822696 PointCloud12.pcd PointCloud13.pcd 0.6887 0.09683105756714022 0.9896012915680736 -0.10636272851534831 0.20749811592733386 -0.8904126185306871 0.03837966507585949 -0.45353320724064955 1.7651624394869363 -0.44473488175738396 0.1386228157103489 0.8848698208848466 2.126975028248536
26875431822727 PointCloud4.pcd PointCloud5.pcd 0.6536 -0.15296106951382726 -0.5248584107859003 0.8373330041509682 -1.0014620621350285 -0.15569142697810465 -0.8239237339652372 -0.5448943568934284 0.2843859347567361 0.9758909215576851 -0.21371319387459536 0.04431230060843172 1.793778952318481
26875431822758 PointCloud27.pcd PointCloud28.pcd 0.6489 0.040165444954789464 -0.6954858949804862 0.7174162717103482 1.6450285770714974 -0.6068284815260209 0.5534388511247677 0.5704950762929697 3.3498685021888037 -0.793817315911166 -0.4582628153678734 -0.39981153186308027 10.482698820041335
26875431822789 PointCloud16.pcd PointCloud14.pcd 0.6591 -0.5719519659509722 -0.400643414272868 0.7157903346962686 7.015437013963967 0.5167219966407689 -0.8536867708112506 -0.06494055381220504 5.735225460085379 0.6370787446088548 0.33272173349758477 0.6952890918358832 -5.627745404135123
26875431822820 PointCloud9.pcd PointCloud7.pcd 0.7969 0.391099294018732 -0.9027635776877241 -0.1790510123358986 -1.8303131477701342 0.32572918386829564 -0.046182190675600754 0.9443345297302734 -0.20185921720829958 -0.8607797865857119 -0.4276507080139855 0.2759946212167792 0.6114853527772994
26875431822851 PointCloud7.pcd PointCloud8.pcd 0.7954 0.8424526827932989 0.1867494335756705 -0.5053692969636554 -3.8563427589684878 0.2408392285759869 0.7085353236600508 0.6633054809850966 -9.169634496144639 0.4819439212536004 -0.6805162335941098 0.5519308947518612 1.3793813177006897
26875431822882 PointCloud8.pcd PointCloud7.pcd 0.8121 0.1470820474589421 0.009407701786397882 -0.9890795551735887 5.216353413658463 -0.874984308131699 -0.4650824657380261 -0.1345390671378781 -4.384493808604918 -0.4612692617534559 0.885217371728626 -0.06017368985932142 -2.7269791646538093
26875431822913 PointCloud9.pcd PointCloud8.pcd 0.8122 -0.8456871286836997 -0.1742208321602332 -0.5044406625363538 3.073850676409708 0.46316746378350804 -0.7091636828681634 -0.5315663377163905 1.8720097250007723 -0.26512106832741994 -0.6831793121445194 0.6804240197014423 5.063763693443835
26875431822944 PointCloud26.pcd PointCloud24.pcd 0.6253 0.7893141583776879 0.3805453090113913 0.48183859037435656 -5.407782486155506 0.6066271805310071 -0.3621786344815725 -0.7076935075059432 13.627831116676106 -0.09479780179689429 0.8508888908162382 -0.5167218519280838 -4.538566568272831
26875431822975 PointCloud8.pcd PointCloud5.pcd 0.6631 -0.9078780701908864 0.3431830665691238 -0.24079616377069635 3.6735063615855585 0.06208034422979117 0.6780900298662216 0.7323523347790578 -3.8021914652277777 0.41461239794147775 0.6499379156629032 -0.6369279906370724 -2.995588455312902
26875431823006 PointCloud9.pcd PointCloud5.pcd 0.6190 -0.5143506505992681 0.3243882636204316 -0.793861236396784 10.054811162984846 -0.299187976939139 -0.9354135695417338 -0.18838261165048326 -5.344912688300979 -0.8036976811483124 0.1406190184239421 0.5781836464085718 6.628495792980068
26875431823037 PointCloud8.pcd PointCloud9.pcd 0.6887 0.7120505488954539 -0.2258974421823336 0.6647964812129814 -0.18357586913219892 -0.7019511268509242 -0.2502954591474151 0.6667959197857336 1.4403136330209452 0.015768047767575344 -0.9414470397986623 -0.3367919831645871 8.81330947905485
26875431823068 PointCloud17.pcd PointCloud14.pcd 0.6082 0.8773719782742544 -0.4755922986842368 -0.06348525160511478 -0.5902707556820599 0.25559525618741374 0.35128982814008225 0.9007033483116411 -2.9371228066528943 -0.4060658527303316 -0.8064784076945613 0.42977098688584536 12.33644532014254
26875431823099 PointCloud25.pcd PointCloud24.pcd 0.6608 -0.4837630127992804 0.35263607518482865 0.8010125753854322 4.083410717412857 -0.8744790735862521 -0.15764213979780267 -0.4587322809871788 15.443391951364386 -0.03549221473919456 -0.9223864451726345 0.38463430483343136 4.917504422772749
