id source target overlap t1 t2 t3 t4 t5 t6 t7 t8 t9 t10 t11 t12
26875431820000 PointCloud8.pcd PointCloud12.pcd 0.4139 0.8884865072235567 -0.4586874688274004 0.014054622812345326 -0.007335519683533853 0.455921871605417 0.8788160024785785 -0.14077528468941167 -1.0316354829917818 0.05222043157135337 0.1314847509344099 0.9899418098041005 0.22264885883532348
26875431820001 PointCloud8.pcd PointCloud12.pcd 0.4139 0.9082458345843574 -0.2943503950190536 0.2974009900997153 -0.19681038842493592 0.3271662603605323 0.9426472667983459 -0.06616924118736955 -1.1354189380825124 -0.2608672881790054 0.15739750744447967 0.9524569715259564 0.8113157134520932
26875431820002 PointCloud8.pcd PointCloud12.pcd 0.4139 0.8886280362238368 -0.3861678341997472 0.24741587876780222 -0.13365252471917666 0.3877028378581856 0.9207069539597105 0.044555745386436654 -1.239214593437618 -0.24500351579860383 0.05633035380421525 0.9678843776436393 1.5604304385171828
26875431820003 PointCloud8.pcd PointCloud12.pcd 0.4139 0.9930778167953664 -0.10045609694202863 0.06086889498029637 0.12998885991265263 0.10301232248585619 0.99385863563743 -0.040416256444357264 0.10724964719459368 -0.056435017542467124 0.04640673395187197 0.9973271799359034 0.5535201692651524
26875431820004 PointCloud8.pcd PointCloud12.pcd 0.4139 0.955891019620337 0.29369333024991234 -0.004072637463415113 -0.4888406680049262 -0.29365549557213283 0.9552900445906293 -0.03445838978127789 1.492510336997546 -0.006229649225885763 0.034134417715105524 0.9993978351976619 -0.3423783832540308
26875431820005 PointCloud8.pcd PointCloud12.pcd 0.4139 0.921156592495175 0.27193637485034183 -0.2784261843576003 0.7622374264579732 -0.24013536861475038 0.9601105308576289 0.14325771628969924 0.45731201497587337 0.30627689570539923 -0.06510281537334908 0.9497136866379927 -0.8650178696346049
26875431820006 PointCloud8.pcd PointCloud12.pcd 0.4139 0.9999996874217426 -0.0007611442822063488 0.00021404625427663495 0.2236697181199654 0.0007609423064118229 0.9999992666958285 0.0009421117830362276 -0.708451887047029 -0.00021476318031248104 -0.0009419486117021599 0.9999995333046858 -0.5443155564545982
26875431820007 PointCloud8.pcd PointCloud12.pcd 0.4139 0.9877663734886433 0.10518662313221902 0.11512326315360667 -0.10892792528196704 -0.045426301141443554 0.900320637560017 -0.43285009038711225 0.5879592184964685 -0.14917788901074092 0.422325140025508 0.8940846903580969 0.7615673449547958
26875431820008 PointCloud8.pcd PointCloud12.pcd 0.4139 0.9649195275628348 -0.030204465693642615 0.2608025988752357 0.10326516650673323 0.05355076637294229 0.9951197657343213 -0.08287923301853138 -0.18895000368882398 -0.25702649814520306 0.09393796941083533 0.96182796650658 1.0045064396390588
26875431820009 PointCloud8.pcd PointCloud12.pcd 0.4139 0.9783200984390105 0.15135515131178465 0.14135559119352661 -0.04540624181783004 -0.154732258580813 0.9878689401714295 0.013148581636701894 0.38085180653403927 -0.1376506924964966 -0.03473579156955202 0.9898715632036671 0.41469673499225346
26875431820010 PointCloud8.pcd PointCloud12.pcd 0.4139 0.9590614117066929 0.14552319339263262 0.2429489838628178 -0.4043501093190276 -0.13878941971987238 0.9893124969220354 -0.04470212978940631 0.7938642117591161 -0.24685766252840188 0.009153339210270707 0.9690085194838668 1.1297117022487686
26875431820011 PointCloud8.pcd PointCloud12.pcd 0.4139 0.9107848884021872 -0.1405176326227045 -0.38823405566787395 0.6369139022472399 0.05160898333880226 0.9716753322418255 -0.2306156142837538 0.10567642544828323 0.40964301519365665 0.19000485160871164 0.8922391811998625 -1.7881837326811607
26875431820012 PointCloud8.pcd PointCloud12.pcd 0.4139 0.9430937516753042 -0.2712990618195334 0.19227842990528268 -0.2920831830554427 0.320832798557068 0.894381191595846 -0.31168670085461553 0.013287458811424346 -0.08740990173338234 0.3556390068249485 0.9305269506594233 0.8263777724401956
26875431820013 PointCloud8.pcd PointCloud12.pcd 0.4139 0.9409448397029044 0.33855990232210975 -3.429459081275769e-05 0.49746328310426335 -0.3385588824784491 0.9409417467990965 -0.0025519062695732618 0.6631404618278877 -0.0008317039251767867 0.002412813774101073 0.999996743293833 0.35427387491517615
26875431820014 PointCloud8.pcd PointCloud12.pcd 0.4139 0.9523541782175757 0.2987065693705469 -0.06161091337096777 0.7133083778510234 -0.29819672304374484 0.9543435222696196 0.01752586283149281 0.9692846026909063 0.06403306643835177 0.0016813437765143407 0.9979463610262863 -0.12709689611037445
26875431820015 PointCloud8.pcd PointCloud12.pcd 0.4139 0.9805882767103584 -0.18469851645849347 -0.06582620751829202 0.06901801222468684 0.1940780208513279 0.9620851615491605 0.1916399325541459 -0.8618335253448374 0.02793480625744805 -0.20069529128745817 0.9792553531405388 -0.1377762030760712
26875431820016 PointCloud8.pcd PointCloud12.pcd 0.4139 0.9032577682302936 -0.039541583455547216 -0.4272725913388982 0.034907875830241686 -0.014670923907688236 0.9923171012342068 -0.12284760717993536 -0.3236839196245945 0.4288474881858631 0.11723153916915395 0.8957380186754982 -0.929301013248059
26875431820017 PointCloud8.pcd PointCloud12.pcd 0.4139 0.9828598660635385 0.14178325093404467 0.11783035872022499 -0.030906839938531938 -0.15924276429687342 0.9749764911932662 0.15512119016935533 0.33207434728792606 -0.09288824307011948 -0.1712260242341701 0.9808432203590469 -0.5915448396105729
26875431820018 PointCloud8.pcd PointCloud12.pcd 0.4139 0.9786523486361812 -0.06333592072625213 0.19552018221821613 -0.5045958059346596 0.040466339701440646 0.9920903913950881 0.11882394814475987 -0.012541925648439867 -0.2014995182625858 -0.10837534981396314 0.9734745644816033 -0.23734310837451345
26875431820019 PointCloud8.pcd PointCloud12.pcd 0.4139 0.9778634278336014 -0.09773976451908892 0.18501366148820503 -0.06782756687953384 0.09484957490089233 0.9951918074318997 0.024429993073036047 -0.587983945554212 -0.18651186194620195 -0.006340729625336324 0.9824322472828236 1.0189601663913144
26875431820020 PointCloud8.pcd PointCloud12.pcd 0.4139 0.9948556001985125 0.10125924239355122 -0.0029833845781975887 0.07733189913818705 -0.101168117198036 0.9946184973471527 0.02233957917008484 0.3052249993768268 0.005229418348329103 -0.021922832042783037 0.9997459890486994 0.00934124128424818
26875431820021 PointCloud8.pcd PointCloud12.pcd 0.4139 0.9450078631170148 -0.008245282351711916 0.32694365564413963 -0.9429297951567248 0.0907915098527445 0.9670026537833191 -0.2380394280674469 -0.35415571174176086 -0.3141926803502465 0.2546328393883216 0.914573713114131 0.9799023184565946
26875431820022 PointCloud8.pcd PointCloud12.pcd 0.4139 0.9994854576992933 -0.030930318282247838 -0.008493247823602975 -0.020082210916281706 0.030972291974703203 0.9995084486628302 0.004855736963268399 -0.11748589998613972 0.008338883466509602 -0.005116293832605837 0.9999521421347876 -0.052260118089196395
26875431820023 PointCloud8.pcd PointCloud12.pcd 0.4139 0.9975611373277727 0.06976646531689712 0.0021018112443496645 -0.3998242354249051 -0.06970133241176227 0.9973113609657728 -0.022622412528799932 0.3246906701414312 -0.0036744459916705874 0.02242074052711852 0.9997418711051718 0.060595646769112665
26875431820024 PointCloud8.pcd PointCloud12.pcd 0.4139 0.9968662467363102 -0.008391911426028933 0.07865915039256326 -0.34849696760047033 0.007081908916607146 0.9998317936691207 0.016918360868771094 -0.45739977486096645 -0.07878789681136995 -0.01630828596164446 0.9967579982749245 0.6303251699239687
26875431820025 PointCloud8.pcd PointCloud12.pcd 0.4139 0.8960684610694227 0.42030436963502094 0.1428479959340837 0.28701895943318423 -0.4283189561075995 0.9031477526373738 0.029445012225456684 1.217281200659281 -0.11663697919430437 -0.08756925129158466 0.9893065456736141 -0.3470113920411505
26875431820026 PointCloud8.pcd PointCloud12.pcd 0.4139 0.9802743743524387 -0.19744888985408238 -0.00872277956418184 0.3383586454866383 0.19741855168251582 0.9803102072495752 -0.004220546631996477 -0.4634131223908896 0.00938437208942055 0.0024152552008990143 0.9999530489492003 -0.919417405052845
26875431820027 PointCloud8.pcd PointCloud12.pcd 0.4139 0.9940687105246112 -0.10868183452531126 0.003956968555548907 -0.21781605616951616 0.10874945679255758 0.9930435727813887 -0.045144414991208616 -0.46818657053619384 0.0009769356480306174 0.04530696857865985 0.9989726343573941 -0.6782649611517937
26875431820028 PointCloud8.pcd PointCloud12.pcd 0.4139 0.9999408950537818 0.01038302852586459 0.0032247662973660914 0.4071311693995243 -0.010226666869566355 0.9989249827372899 -0.045213871190642185 0.3529495789154278 -0.0036907565322654217 0.04517822021656179 0.9989721251037404 -0.20508565785331645
26875431820029 PointCloud8.pcd PointCloud12.pcd 0.4139 0.9996469851915972 -0.00931176234285311 -0.024883650845903243 0.27654057017508427 0.010847648720481757 0.9979973784775549 0.06231822421382993 0.08009012201748217 0.024253525817654407 -0.06256615406110856 0.997746081351069 -0.22202599254047461
26875431820031 PointCloud15.pcd PointCloud6.pcd 0.4099 0.9722961403773788 -0.12280210666419421 -0.19889660129345704 0.4105257573995118 0.10098379189419528 0.9880566667912702 -0.11638856036567578 -0.27326160149371054 0.21081387331464313 0.09307881503414493 0.9730847059788357 -0.861478140335151
26875431820032 PointCloud15.pcd PointCloud6.pcd 0.4099 0.8831972210613053 0.4022223043323713 0.2412050716862006 -0.38314343265706263 -0.39663994581805223 0.9150257529791131 -0.07351615309889081 1.5527973757467712 -0.25027868884713395 -0.03074230444459619 0.967685635227885 1.2328491940738004
26875431820033 PointCloud15.pcd PointCloud6.pcd 0.4099 0.996481595379757 -0.009459999963714848 0.08327627795537368 0.18130494228723926 0.031578728249276905 0.9627611931941938 -0.2685026420753627 0.4346407342030889 -0.07763513374479664 0.2701877000901013 0.9596725445319612 1.1991012580567841
26875431820034 PointCloud15.pcd PointCloud6.pcd 0.4099 0.9938821251563394 -0.0155776946521313 0.10934192573776656 0.2316928875087383 0.017366398632023137 0.9997301936024235 -0.01542556962365689 -0.050907527068748966 -0.10907212977324666 0.01723007338886231 0.9938844978556324 0.31564204614887914
26875431820035 PointCloud15.pcd PointCloud6.pcd 0.4099 0.9404604860157834 -0.23810962697751367 -0.2425652072816422 0.508217034231377 0.19918890249800866 0.9643298508133683 -0.1743322114581978 -0.6080797316539617 0.27542304799089623 0.11563625889355071 0.9543429154473293 -1.4774796013320528
26875431820036 PointCloud15.pcd PointCloud6.pcd 0.4099 0.9576405121741289 0.28793835329266054 0.004019222061920451 0.26079618841489527 -0.27661128876466184 0.9159083982090449 0.2908573551040002 0.9325023742202355 0.08006774863092442 -0.2796485487057864 0.9567579865545531 -0.008186517792437176
26875431820037 PointCloud15.pcd PointCloud6.pcd 0.4099 0.9966695224559992 0.08113294732357952 0.008204137122194265 -0.25176018792703925 -0.08106912290948902 0.9966776907997338 -0.007834409537191465 0.8200434987600604 -0.008812509178245258 0.007143215011431876 0.9999356550105031 0.827777973339721
26875431820038 PointCloud15.pcd PointCloud6.pcd 0.4099 0.9840476944096506 0.1463299482774302 0.10118142796074622 -0.12752988039025936 -0.17117448427331985 0.9337318346969048 0.3143949058227808 0.42805319679296583 -0.0484709300593052 -0.32669926095826546 0.9438846125605127 0.8255890894216826
26875431820039 PointCloud15.pcd PointCloud6.pcd 0.4099 0.9716074023048635 0.18063274178004413 -0.15280990931028954 0.34963780906979647 -0.2160585191738597 0.9405990489805216 -0.261901022047141 1.4606029696697997 0.09642495568468722 0.28748085441288446 0.9529202412937002 -0.8583730104566956
26875431820040 PointCloud15.pcd PointCloud6.pcd 0.4099 0.9811803196380203 0.17995784138600032 0.07000254051620716 -0.1176745044889147 -0.19096271030252945 0.9580518047600971 0.21370536415783492 0.6115597385293773 -0.02860810425289101 -0.22305137237778155 0.9743868131555578 0.28003078307605
26875431820041 PointCloud15.pcd PointCloud6.pcd 0.4099 0.9978128424493616 -0.06604330400327366 -0.0027952530219332644 0.07222341591116876 0.06603285650878146 0.9978106701898584 -0.0036780859908982838 -0.1887194347006726 0.0030320462424125345 0.0034854628956483367 0.9999893290650591 -0.15652664601949295
26875431820042 PointCloud15.pcd PointCloud6.pcd 0.4099 0.8836796420003145 0.46795925102641184 -0.011154805825101657 0.5377064084802834 -0.46077113913046247 0.8738099001651722 0.1553905264736165 2.5173678182747867 0.08246361414958736 -0.13217563221763462 0.9877901369163677 -0.6509059512377586
26875431820043 PointCloud15.pcd PointCloud6.pcd 0.4099 0.9788221067219244 -0.13131215540782343 -0.15704904085859717 0.3882875505016026 0.10921891959017413 0.9838383131865952 -0.14189221652264847 -0.12462374919962638 0.17314303623307747 0.12173451173889313 0.977344462129747 -1.0782047733730118
26875431820044 PointCloud15.pcd PointCloud6.pcd 0.4099 0.9993546787789798 -0.0033941292088862708 -0.035758997322012404 -0.049607105666885865 0.003572205635140832 0.9999815301088278 0.004917193112717118 -0.6063198753546013 0.03574164726845383 -0.005041758435394305 0.9993483453343067 -0.258191886063575
26875431820045 PointCloud15.pcd PointCloud6.pcd 0.4099 0.9845296422066628 -0.005390067302546077 0.17513517862181288 -0.5047414617098536 0.07130327246196677 0.9253471875842669 -0.3723552413570968 0.3314422346249988 -0.16005382517339228 0.37908248390602445 0.911416064946742 1.5136678492472684
26875431820046 PointCloud15.pcd PointCloud6.pcd 0.4099 0.9977774479588492 0.0653043328896743 0.01324796024150704 -0.0011921236107665933 -0.06116281864940618 0.976460708009043 -0.20684195737165628 0.5513869738917981 -0.02644378867684808 0.20557195776737847 0.9782846703389056 0.08770865391326388
26875431820047 PointCloud15.pcd PointCloud6.pcd 0.4099 0.9887038363561296 -0.14675939831745824 -0.030436868764207474 0.22608387297600974 0.14975699750113122 0.9755974359047054 0.16056925221103371 -0.9126991457209002 0.006129084280553318 -0.16331356974134761 0.9865551744652805 -0.12073900538228632
26875431820048 PointCloud15.pcd PointCloud6.pcd 0.4099 0.9031460197830966 -0.4031401321450353 -0.1476661802987871 0.8590923809110871 0.4188862142975468 0.9028227304979342 0.09718773980149994 -1.8511771807062223 0.09413610583309723 -0.14963004761857784 0.9842505994045632 0.4098305134739155
26875431820049 PointCloud15.pcd PointCloud6.pcd 0.4099 0.8959222681812832 -0.4060417754849293 -0.18014817772586833 0.8190161631101645 0.4052192060853323 0.9132055717768921 -0.043046239036788496 -1.4438600195449374 0.18199089097116306 -0.034433417441282456 0.9826971330816207 -1.1553587640350675
26875431820050 PointCloud15.pcd PointCloud6.pcd 0.4099 0.9566998806813845 -0.2486893271398107 -0.1512579150688422 0.5250987324420002 0.24011668243208814 0.9680092171499444 -0.07281575605979487 -0.7690598363864607 0.1645275573332097 0.0333432763762056 0.9858087587349117 -1.2499360530269064
26875431820051 PointCloud15.pcd PointCloud6.pcd 0.4099 0.9713806765443848 0.06813794277321387 0.22754516472737366 -0.5511978590863604 -0.07592502149972045 0.9967839279816011 0.025635756822012603 0.18725185463289346 -0.22506659535888565 -0.042178450329577205 0.9734300211013399 0.7991492617900646
26875431820052 PointCloud15.pcd PointCloud6.pcd 0.4099 0.9626350671140131 -0.2062118473478345 0.17552891948562938 0.07073297153923441 0.14613936559982077 0.9412797875378544 0.3043610477619852 -1.5191238636044053 -0.22798467795990385 -0.2673369327011981 0.9362446000001462 1.6590419092741027
26875431820053 PointCloud15.pcd PointCloud6.pcd 0.4099 0.993428111521873 -0.049740422446916524 -0.1030848078665675 -0.6265484799024317 0.031309386613945556 0.9843794380574623 -0.17325369906450228 0.09658833919208486 0.11009227742191248 0.16888757297230877 0.9794675482871189 -0.586534795526376
26875431820054 PointCloud15.pcd PointCloud6.pcd 0.4099 0.9294009364681378 -0.14885428602475614 0.337722224356361 -0.10833793019369953 0.2296351653892701 0.9495920945182846 -0.2134069934304394 -0.8322396180070425 -0.2889318087521531 0.2758935583888053 0.9167339604982309 1.4304047448083508
26875431820055 PointCloud15.pcd PointCloud6.pcd 0.4099 0.9791041076746927 0.19657520122872943 0.052089697603542644 -0.24749170882325977 -0.1936654558995297 0.9794649353737346 -0.05605471937806378 1.228621700162043 -0.062039000038454105 0.044795430963555705 0.9970679675122546 -0.002085515609380195
26875431820056 PointCloud15.pcd PointCloud6.pcd 0.4099 0.9181485514043282 0.33657940242328005 -0.2090874061690982 0.4762096122027213 -0.2937653823283208 0.9323345350407696 0.21084168211197551 1.233015715992541 0.26590437698471464 -0.13216134319346012 0.9548969796086231 -0.2150744732162133
26875431820057 PointCloud15.pcd PointCloud6.pcd 0.4099 0.916317043383443 0.3976186472498238 -0.04756561115181535 -0.23751547612948087 -0.3992925779533993 0.9162305417398319 -0.03297016188105322 1.7612677014718494 0.030471514507061877 0.04920371675345749 0.9983238357673784 -0.4516470641994077
26875431820058 PointCloud15.pcd PointCloud6.pcd 0.4099 0.9994487538145567 0.013911457037558708 0.030143985496642194 0.10741814234729663 -0.011045334189096059 0.9955820037232656 -0.0932441657961435 0.23762654999006474 -0.031307971687428146 0.09285981491183184 0.9951868496334542 -0.2963333073752885
26875431820059 PointCloud15.pcd PointCloud6.pcd 0.4099 0.9544465975711254 0.17705964784125397 -0.2401698846467502 0.7564980754449282 -0.17576273896511416 0.984062562012383 0.026987657125176243 0.5335229534530623 0.2411206170703437 0.016454639222907727 0.9703556527746209 -0.5924602444732805
26875431820060 PointCloud15.pcd PointCloud6.pcd 0.4099 0.9855459101709902 -0.14292254303769994 -0.09095276596602911 -0.12639457647734353 0.09844792063987572 0.9201081650614842 -0.3790896615694939 0.037897014176384185 0.13786684107108274 0.3646561548621187 0.9208792661659049 -1.2468428028234089
26875431820062 PointCloud11.pcd PointCloud7.pcd 0.4312 0.9532189352211632 -0.23135368394838912 -0.19454854011105008 -0.2085232753684938 0.18271308023447896 0.9537008043625447 -0.23889475940142424 -0.4751241161391159 0.24081028185495076 0.19217244516773052 0.9513570094718359 -0.5634852636129579
26875431820063 PointCloud11.pcd PointCloud7.pcd 0.4312 0.9556857860321332 0.11263825819955564 0.2719876856879989 -0.021057481536612244 -0.07273112106989713 0.9856061347645259 -0.15261301105229177 0.4645129508045842 -0.2852627953380171 0.1260681161289451 0.9501220804147429 1.2756801711559997
26875431820064 PointCloud11.pcd PointCloud7.pcd 0.4312 0.9977685626807233 -0.003266638713661601 -0.0666875130557286 -0.04322964430919107 -0.005638116269706816 0.9911126677340167 -0.132905573630642 -0.26163967240096025 0.0665289934612935 0.13298499512604853 0.9888826442507483 -0.1404742624942561
26875431820065 PointCloud11.pcd PointCloud7.pcd 0.4312 0.9982398493812302 -0.05481272974450835 -0.022644376019097044 0.10301450181355687 0.05561123242291412 0.9977930626929659 0.03628215636088543 0.04690220181714844 0.02060567726970878 -0.03747757595878638 0.9990850000698189 -0.003774965738851499
26875431820066 PointCloud11.pcd PointCloud7.pcd 0.4312 0.8848033037529773 -0.45932539153677227 0.07837919594769523 0.1093407025964428 0.4616454820966715 0.8869610830880615 -0.013545698467944532 -2.0782212443621106 -0.06329741327691148 0.04816868045570221 0.9968315884318716 0.280780826338908
26875431820067 PointCloud11.pcd PointCloud7.pcd 0.4312 0.9997241867834566 -0.010992552153820424 0.020753654071068207 0.22318268246029227 0.011011494312447054 0.999939052714329 -0.0007986549800328774 -0.35429297142649674 -0.0207436099356639 0.0010269634441999877 0.9997843007333738 -0.5945605437021207
26875431820068 PointCloud11.pcd PointCloud7.pcd 0.4312 0.9997796194530328 0.020924913074758557 -0.0016913128517764746 -0.024216757599103467 -0.020929840233901688 0.9997765947010452 -0.0029499958924066308 0.11949777440910207 0.001629206595903694 0.0029847446784715377 0.999994218475823 -0.5109265773021452
26875431820069 PointCloud11.pcd PointCloud7.pcd 0.4312 0.9842618569459672 0.15852760456451773 -0.07808710234291022 0.11100007281771074 -0.1556852855801034 0.9869441342617671 0.04127187541332175 0.761687722721895 0.08361033916399263 -0.028465319905579937 0.9960918816793736 -0.5104212781103992
26875431820070 PointCloud11.pcd PointCloud7.pcd 0.4312 0.9873229950676524 -0.130221676256652 0.09075030822839296 -0.12601316236661475 0.13518029625095637 0.9895179954325853 -0.05079787614243136 -0.5436227805819865 -0.08318407850150346 0.062421564767200725 0.9945772756985101 0.4141732789380407
26875431820071 PointCloud11.pcd PointCloud7.pcd 0.4312 0.9399953125716765 0.3408856908866174 -0.01434427035542794 -0.47357709480500887 -0.34093973602332445 0.9400840623301703 -0.0014325338216999287 1.5602728722943366 0.012996489665364305 0.006237106825925123 0.9998960894787118 -0.4044202646751993
26875431820072 PointCloud11.pcd PointCloud7.pcd 0.4312 0.998590758989708 0.053069745766710016 -0.00031328041090488107 0.1908997912727326 -0.0529689095393123 0.9970240187802062 0.05601250393959633 0.3161635383015905 0.003284917438116719 -0.05591697470020985 0.998430018207486 -0.012811922876905468
26875431820073 PointCloud11.pcd PointCloud7.pcd 0.4312 0.952801083377434 0.30358851144656135 0.002027617431644908 0.23950150304007156 -0.3035682536267937 0.9527841256153085 -0.006980355682237137 1.5357298570423474 -0.00405103749263007 0.006035370173647683 0.9999735813520776 -0.14244352092534474
26875431820074 PointCloud11.pcd PointCloud7.pcd 0.4312 0.9442479000640727 0.1868928197803885 0.27104792406348427 -0.18771676014102034 -0.2388673215549377 0.9554567184903333 0.17333453719571837 1.1532891027339085 -0.22657957965747733 -0.22841526438970558 0.9468305873153982 1.6282016086143003
26875431820075 PointCloud11.pcd PointCloud7.pcd 0.4312 0.9377582999437839 0.15776344106367843 -0.30938659885375064 0.8498332384841438 -0.23613208497824165 0.942897562465333 -0.2349166344488238 1.3778125713686764 0.2546586133048965 0.2933511264009073 0.9214630254703366 -0.9784447105303731
26875431820076 PointCloud11.pcd PointCloud7.pcd 0.4312 0.9993270748591772 0.02747864298614828 0.024296535412285734 0.026837662439980647 -0.029398090985533407 0.9961543910333471 0.08253594048284478 -0.07264075019873359 -0.021935124795791572 -0.08319467173215601 0.9962918733461454 -0.0054008323167318295
26875431820077 PointCloud11.pcd PointCloud7.pcd 0.4312 0.957988185152124 -0.2778113687606128 0.07127047422526755 -0.01865946280409503 0.28200456667153667 0.957685977282008 -0.05754123125033056 -1.4146791318357153 -0.05226912554595224 0.07522241889729436 0.9957959259857923 0.7130466482160513
26875431820078 PointCloud11.pcd PointCloud7.pcd 0.4312 0.9650959434018321 -0.2535185037855631 -0.0657129231404079 0.6283664718199136 0.26070757437202313 0.9538630969869972 0.14891861156830102 -1.4060308492590055 0.024927508788158862 -0.1608526047184314 0.986663599643218 0.34699946180911856
26875431820079 PointCloud11.pcd PointCloud7.pcd 0.4312 0.8851527385926206 0.13346748685076215 -0.4457477530125371 1.1252333208605578 -0.21326987694755184 0.9677985803450316 -0.13372309998245446 1.076945742914783 0.41354635646896976 0.2134299365971959 0.885114158295616 -1.2285753360189204
26875431820080 PointCloud11.pcd PointCloud7.pcd 0.4312 0.9688356316301026 -0.2465712188930155 -0.02366754946151004 0.08211763210540912 0.24709010239363174 0.9687364812241508 0.02227355482529106 -1.2219297180339335 0.017435601022189356 -0.02742743077765944 0.9994717283935208 0.7149753208390273
26875431820081 PointCloud11.pcd PointCloud7.pcd 0.4312 0.9170436276325158 -0.38873913190595466 -0.0889543272899114 0.21583610353505245 0.39876936729615375 0.8918075208911753 0.21368747597405255 -2.2198011193696336 -0.0037385458163696206 -0.23143299895853417 0.9728436617813975 -0.2304409754254848
26875431820082 PointCloud11.pcd PointCloud7.pcd 0.4312 0.9917743150255448 -0.12126051933936526 0.04098285623475769 0.15479014463974217 0.1260249416364885 0.9810876140383483 -0.14691769010592431 -0.10793882609172717 -0.022392457237450765 0.1508740535350203 0.9882993462654828 0.3286865296727375
26875431820083 PointCloud11.pcd PointCloud7.pcd 0.4312 0.9181599533380049 0.3274029404612934 -0.2231358659284768 0.43133352696860294 -0.32888288837621366 0.9438421021154036 0.031593227244062015 1.557125106468985 0.22094874025364217 0.04437793203468005 0.9742752451584993 -1.3629338214473865
26875431820084 PointCloud11.pcd PointCloud7.pcd 0.4312 0.9844310512551054 -0.13655005172461684 0.11067786002074842 -0.2979715158213416 0.09161970071283312 0.935995974379079 0.3398784582574327 -1.088139396278911 -0.1500044524874472 -0.3244466355506911 0.9339341758998747 -0.045978502936286136
26875431820085 PointCloud11.pcd PointCloud7.pcd 0.4312 0.9992788674913163 0.037862737959265404 -0.0028562316958206345 0.11179070219277065 -0.03784950513940263 0.9992730788763547 0.004552888497732262 0.14695460254545958 0.003026540264814308 -0.004441498305577847 0.9999855564691057 -0.07421708435101237
26875431820086 PointCloud11.pcd PointCloud7.pcd 0.4312 0.9735772487278099 -0.22558733024257685 -0.035464026754087226 -0.17827518391538977 0.22391070267533023 0.9735348900648466 -0.04575822389327411 -0.6637009673882361 0.044847942952022886 0.036608390574480565 0.9983228374391314 0.026504636314923724
26875431820087 PointCloud11.pcd PointCloud7.pcd 0.4312 0.9721812762986064 0.12678677869166297 0.1969484165039255 0.02764122338180286 -0.08733315801460961 0.9764101806362743 -0.19747424809588013 0.5794734399264865 -0.21733956272526103 0.17478063937069596 0.9603203853795684 1.3427597089850931
26875431820088 PointCloud11.pcd PointCloud7.pcd 0.4312 0.9666760586638717 -0.2559229272707931 0.006391627588589089 -0.10192744931047226 0.2555930561492756 0.9662401635457974 0.032436645931167074 -1.3546920814037153 -0.01447712866407269 -0.029722073415880585 0.9994533561389971 0.3045481040086677
26875431820089 PointCloud11.pcd PointCloud7.pcd 0.4312 0.9992495136726744 -0.03516008841521321 0.016253541385128953 -0.03589543212149149 0.03434935287947508 0.9982697864474147 0.04772374066431221 -0.33995723614000034 -0.017903390228808817 -0.04712962602087586 0.9987283249059513 -0.008864730892826689
26875431820090 PointCloud11.pcd PointCloud7.pcd 0.4312 0.9992409601795139 -0.038474266449858845 -0.006101993171762243 -0.18168346551208092 0.03862427646694556 0.9988959461398965 0.026740494623059437 0.23434137795161797 0.005066435327518028 -0.026955882594086603 0.9996237850444766 -0.44655108325177095
26875431820091 PointCloud11.pcd PointCloud7.pcd 0.4312 0.9928840930081877 -0.11861564508222745 -0.0105596682256428 -0.17464072957698384 0.11858716593043382 0.9929382097816808 -0.0032856707289011917 -0.5245641062108846 0.010874830016894668 0.0020100490735439776 0.9999388470175692 0.7669738654076665
26875431820093 PointCloud23.pcd PointCloud25.pcd 0.4146 0.9324295841994372 0.30571525134211297 0.19264800960947714 -1.9993846415036711 -0.31286372097895077 0.9497716478663909 0.007078771388138033 1.888317102121816 -0.18080752917085546 -0.06687302898769411 0.9812423937993819 1.0400807363039677
26875431820094 PointCloud23.pcd PointCloud25.pcd 0.4146 0.9405015459300803 -0.26957870517479365 -0.20684333158071758 3.035003695818702 0.28241729180549036 0.9586636555468577 0.03470545811235222 -1.1490172136683163 0.18893733191823556 -0.09105667053993023 0.9777583379126977 0.07313364614060403
26875431820095 PointCloud23.pcd PointCloud25.pcd 0.4146 0.9610380717422474 0.007412423513388904 0.2763166311310292 -0.10572414395881324 -0.012993092869503236 0.9997468044208536 0.018371352371995293 0.14092982871565868 -0.27611049273728727 -0.02124577670855345 0.9608910514581884 0.8849422136898394
26875431820096 PointCloud23.pcd PointCloud25.pcd 0.4146 0.9691684737822128 -0.19339939383058513 0.15267332410286508 1.0267557215587173 0.1543075858463181 0.9594590371437094 0.23585488121628326 -0.5788678661333604 -0.19209799160047827 -0.20502446319702475 0.9597204442512592 2.3995832489067572
26875431820097 PointCloud23.pcd PointCloud25.pcd 0.4146 0.9596762912442146 -0.27922891756606916 -0.03244422319351914 2.384051337477602 0.2795498230201713 0.9601141248246104 0.005723963806964179 -1.8310028040109243 0.02955186073905399 -0.01456292920925871 0.9994571569705756 -0.0004899486224454463
26875431820098 PointCloud23.pcd PointCloud25.pcd 0.4146 0.9639061416377658 0.21032272977871597 -0.1632461315052357 -0.745248904166024 -0.20153099619912096 0.97705880624232 0.06885743761804158 1.0408510289610917 0.17398335461757652 -0.033472951509566765 0.9841795333338592 -0.3939667675079699
26875431820099 PointCloud23.pcd PointCloud25.pcd 0.4146 0.9076482566208195 0.41915808126262244 -0.021935021436594808 -2.284692099961873 -0.41972850918483906 0.9061996774781376 -0.051284725952197574 2.8687464555817708 -0.001618897976884302 0.05575524594830805 0.9984431539745185 -0.2986439837632484
26875431820100 PointCloud23.pcd PointCloud25.pcd 0.4146 0.9724250763480266 0.2325837771974624 0.017153934653484956 -1.778927050938941 -0.23221832777043108 0.9724390007886357 -0.02090545365938122 0.8894644546917687 -0.021543424450153857 0.016345529350898384 0.9996342853930128 0.6190377896105279
26875431820101 PointCloud23.pcd PointCloud25.pcd 0.4146 0.9550229379176699 -0.1918470417347911 -0.22611037266943673 1.866014325267459 0.25339737439455157 0.9240371011760077 0.28626073132755714 -1.026792130879231 0.15401609883726347 -0.3306813394007133 0.9310901637709962 1.5530645194944008
26875431820102 PointCloud23.pcd PointCloud25.pcd 0.4146 0.9753359622159992 -0.21723734741276315 -0.039085748006886266 1.3880318949359287 0.22071395642606487 0.9616856888335984 0.16262221659847323 -0.7504264756390544 0.0022605855313427153 -0.1672380661862425 0.985913951098848 1.4551100983462895
26875431820103 PointCloud23.pcd PointCloud25.pcd 0.4146 0.9967981984278342 0.07980466931341061 -0.004956446993692821 -0.32130766499961183 -0.07975556392671439 0.9967699347246121 0.009420575981565548 0.3214475933071998 0.00569224329731989 -0.008995108941522226 0.9999433415855992 0.7870089267823961
26875431820104 PointCloud23.pcd PointCloud25.pcd 0.4146 0.9990470157939483 -0.03858931585404218 -0.020394237792164052 -0.4211285087376435 0.039734856547274836 0.9974597801950137 0.059119608155688876 -0.6124830874118099 0.018061046713129712 -0.059873630215911196 0.998042557708034 0.8922182832241483
26875431820105 PointCloud23.pcd PointCloud25.pcd 0.4146 0.9910127233706683 0.07869795402980763 -0.10816845265128712 -0.3174561125521329 -0.041313683669866375 0.9491641743760019 0.3120585676163194 0.08979799250933396 0.1272279908631653 -0.30478517370870434 0.9438850757524866 1.0418731453369423
26875431820106 PointCloud23.pcd PointCloud25.pcd 0.4146 0.9526622681240914 0.2979216174888268 0.0606408503032668 -1.4081409628460886 -0.29145782650259283 0.951680978853697 -0.09672460833962522 2.209652525711604 -0.08652709554264784 0.07447163433758251 0.9934621469467486 -0.1469639952815991
26875431820107 PointCloud23.pcd PointCloud25.pcd 0.4146 0.8931307296045096 -0.44690690188415577 -0.050908946997771695 3.6635983730942874 0.44779104308561174 0.8727561378427259 0.19437053683660138 -1.7992785189461937 -0.04243443847179043 -0.19639486985701632 0.979606233915153 1.5323905788250887
26875431820108 PointCloud23.pcd PointCloud25.pcd 0.4146 0.9638153863357668 -0.2606942217060303 -0.055663487417909684 2.3456754523726904 0.25609847025176113 0.9634932075375808 -0.07806671866840588 -1.7555214389718687 0.07398293449941327 0.060986570636750406 0.9953929694371084 -1.0578216597545333
26875431820109 PointCloud23.pcd PointCloud25.pcd 0.4146 0.8927684657414299 0.45047777021142626 -0.005851933273252882 -2.433410779504773 -0.44995285207529795 0.8909285712795748 -0.06155251243483547 3.41688213927807 -0.022514384002193175 0.057585236155432824 0.9980866911696221 -0.48424404359649686
26875431820110 PointCloud23.pcd PointCloud25.pcd 0.4146 0.9966094226502689 -0.009594804380828855 -0.08171657367750573 -0.019608772038834488 0.016030144185830902 0.9967880621610808 0.07846396377024613 -0.42930075888359254 0.08070125873912418 -0.0795078540903391 0.9935621812326948 0.24438171068929493
26875431820111 PointCloud23.pcd PointCloud25.pcd 0.4146 0.9863294644614191 0.16478475090614877 -0.00041641811733907595 -1.2120848661941097 -0.16471546413433372 0.9859819992411244 0.026614151263685215 0.7506534050463536 0.0047961870544191414 -0.02618173105953439 0.9996456940078645 -0.40060233248917765
26875431820112 PointCloud23.pcd PointCloud25.pcd 0.4146 0.8720434452880248 0.45811008137281356 0.17226544306617544 -2.2779837476111227 -0.44977526005060015 0.8888940107070784 -0.08700375380119688 3.101369016107532 -0.1929830173269311 -0.001609681235034112 0.98120077657415 0.9208457536305228
26875431820113 PointCloud23.pcd PointCloud25.pcd 0.4146 0.9439012296653769 0.23897631930780291 -0.22790521592601673 -0.922833825883012 -0.16429677308105797 0.9385126665225287 0.3036454266606432 0.7462368414797302 0.28645599835112656 -0.2491672000622629 0.9251262980922073 0.36215346633841383
26875431820114 PointCloud23.pcd PointCloud25.pcd 0.4146 0.9097855501473924 0.3912963430778365 -0.13848257882101553 -2.5368489914516914 -0.3797537638987149 0.9193513377702636 0.10286008236816602 2.138990143222152 0.167562918176325 -0.04099133608384689 0.9850088216956716 -0.40487493157622767
26875431820115 PointCloud23.pcd PointCloud25.pcd 0.4146 0.9745296386598739 0.19676302378287835 -0.10759319609191875 -1.4365691622429066 -0.2208276105803394 0.9255672399794794 -0.3075068303016155 1.9398190320605504 0.03907876378333384 0.3234340686269569 0.9454434163251544 -2.169141408905068
26875431820116 PointCloud23.pcd PointCloud25.pcd 0.4146 0.9525533115188142 0.2610865384859272 -0.15644810045499813 -1.8502926703129443 -0.25426932676267544 0.9651138495539862 0.06246892720978392 1.8364320164296675 0.16730002445366382 -0.019725030304715636 0.9857086917529343 -0.9059558364205609
26875431820117 PointCloud23.pcd PointCloud25.pcd 0.4146 0.9677018514235188 -0.2519961954306363 -0.007144525175149368 2.319070589106375 0.252016225473284 0.9662820963728184 0.05278950963543858 -0.3227946331545186 -0.0063991288229477295 -0.0528850424773936 0.9985801036634324 0.5825020324566217
26875431820118 PointCloud23.pcd PointCloud25.pcd 0.4146 0.9118340116942689 -0.2798716638683406 -0.30038406562449715 2.1824721415144097 0.1949383797220173 0.9390477421101661 -0.283175504147434 0.3062707119707907 0.3613277781030546 0.1996526729131502 0.9108133985453575 -2.777193481813235
26875431820119 PointCloud23.pcd PointCloud25.pcd 0.4146 0.9567985878018059 -0.007711057291896563 0.2906492765790258 -0.19861737614972785 -0.05846970461581453 0.9741235112673776 0.21832241854251844 0.5400007805030148 -0.28481179052597055 -0.22588475909533223 0.9315891366830307 2.756355674062156
26875431820120 PointCloud23.pcd PointCloud25.pcd 0.4146 0.9876772471003941 -0.0941017177050873 0.12505407744307762 -0.05882385212858399 0.1337313197414279 0.922528382375645 -0.3620183943276801 0.2723689084282604 -0.08129938302596872 0.37428097792477755 0.9237446399753934 -1.9000965520318718
26875431820121 PointCloud23.pcd PointCloud25.pcd 0.4146 0.9343407508723518 0.35162812584390124 0.05800881290627788 -2.0590305461998057 -0.3529860608468546 0.9355119495571363 0.014772714159109083 2.265683491322537 -0.049073435860052 -0.03427905120203381 0.9982067644238731 0.6685392472517466
26875431820122 PointCloud23.pcd PointCloud25.pcd 0.4146 0.9018521185301861 -0.083481328892858 -0.42390284739418493 2.420874481274514 0.051056214635692106 0.9948725509838127 -0.08730332322446474 0.44807770756379217 0.4290175045958956 0.057091812243470576 0.9014901584183086 -2.4092828218623055
26875431820124 PointCloud26.pcd PointCloud20.pcd 0.4063 0.9793002615686369 -0.11797737447900969 0.16447594596973397 0.8591968892916615 0.08580074185684522 0.9779135053847703 0.19058701079267118 -0.6189286096730089 -0.18332820401786065 -0.17252975133903795 0.9677934978674301 3.303035525145077
26875431820125 PointCloud26.pcd PointCloud20.pcd 0.4063 0.9704146064194151 -0.23689252411148676 0.04666287247845309 2.2054166107249387 0.23782995574857957 0.9711814939713515 -0.015601856178117197 -0.9966289759390043 -0.04162215511576016 0.02623809801915203 0.9987888457606328 -0.019233505625895653
26875431820126 PointCloud26.pcd PointCloud20.pcd 0.4063 0.9999437289862472 -0.002839445429363007 0.010221370296222741 0.4644415713401573 0.002268354967932509 0.9984585288278449 0.05545647641777517 -0.5600853377618257 -0.01036307998706422 -0.05543017012953747 0.9984087854243834 -0.030885890828256102
26875431820127 PointCloud26.pcd PointCloud20.pcd 0.4063 0.9972312910920907 0.07366022996754233 0.010194242881667521 -0.6333609158714673 -0.0737206925277109 0.99726270889097 0.005687613618994215 0.049058048340156424 -0.0097473873441226 -0.006423392917534777 0.9999318619102956 0.12019699732907618
26875431820128 PointCloud26.pcd PointCloud20.pcd 0.4063 0.9517371626376411 0.306893381801328 0.003581265278740307 -2.7267593231027014 -0.3069100084436976 0.951720671823979 0.005831769886032051 1.7962723123859639 -0.0016186326148510928 -0.006649438281425093 0.9999765822253038 0.47708832312380345
26875431820129 PointCloud26.pcd PointCloud20.pcd 0.4063 0.9404149211013563 0.3379995406007694 -0.037095642919332594 -2.871400981646172 -0.32984999064280995 0.9333114204018447 0.14187591839501557 2.3934642226865677 0.08257578242358947 -0.12118623313380016 0.9891891310846335 1.271594509187831
26875431820130 PointCloud26.pcd PointCloud20.pcd 0.4063 0.9955080894292838 0.0934230896533074 0.015354810337060407 -0.7479401324441026 -0.09380123843341776 0.995248942671306 0.02609348156157772 0.5843134841159543 -0.012844125085583614 -0.02741657220145099 0.9995415749329831 0.8739458927034158
26875431820131 PointCloud26.pcd PointCloud20.pcd 0.4063 0.9907511961686658 -0.12911294165672707 0.04173626225603367 1.6831793059390439 0.13296150642522078 0.9851407674052273 -0.10871479294638647 -0.1435913316846793 -0.027079606708624877 0.11325862745498155 0.9931964449229165 -1.6455987522477438
26875431820132 PointCloud26.pcd PointCloud20.pcd 0.4063 0.8870956331921368 -0.45976650773680283 -0.04094015064635165 4.405618794444251 0.45916193404925454 0.8698824388034269 0.18020782719280024 -2.094512169302678 -0.047240405286042966 -0.178659735320823 0.9827761917565482 1.5392181042449509
26875431820133 PointCloud26.pcd PointCloud20.pcd 0.4063 0.9853347666592074 -0.018645122154303476 -0.16961060412750292 0.5300579446131994 -0.04013691777161464 0.9407948759057446 -0.3365917843639225 1.0757935953629272 0.1658445821980328 0.3384632341766913 0.9262495417900158 -4.665684416242289
26875431820134 PointCloud26.pcd PointCloud20.pcd 0.4063 0.9785275130728835 -0.20355262163331556 -0.03240735079580112 2.2096877546802602 0.20365712901487204 0.9790422706755793 -7.766482913123748e-05 -1.1014564460019607 0.03174397518927953 -0.006523990849947664 0.9994747408426949 0.1435977835418798
26875431820135 PointCloud26.pcd PointCloud20.pcd 0.4063 0.9813528866639005 0.06197491812676715 0.18194950222413472 -0.5624158607031209 -0.03200543913882161 0.986065941514611 -0.16324708527393428 0.6721762906738775 -0.18953143196304165 0.15437962465326988 0.96966219261656 -0.9508863929178036
26875431820136 PointCloud26.pcd PointCloud20.pcd 0.4063 0.9957881608068757 -0.07938214077964584 -0.04587389804780498 0.9275923761843226 0.08033014531406507 0.9965833307887149 0.019202409950116642 -0.7040762218602354 0.04419283370277477 -0.02280658938358908 0.998762660961055 -0.036417053847111136
26875431820137 PointCloud26.pcd PointCloud20.pcd 0.4063 0.9373935671637353 0.03560875128255469 -0.3464467016326533 0.5721727422721896 -0.00858085978713341 0.9968187744920023 0.07923824622981042 0.012187016853923843 0.348166151550321 -0.07130461171873574 0.9347170605387917 -1.158268567868435
26875431820138 PointCloud26.pcd PointCloud20.pcd 0.4063 0.9995296539512117 -0.0303040004786794 -0.0047051490050070135 0.5732573700003529 0.030323399965372207 0.9995316985265815 0.004107925888709681 0.2939377030684159 0.004578458988697478 -0.0042486698571747115 0.9999804930686067 -0.8118632927673406
