id source target overlap t1 t2 t3 t4 t5 t6 t7 t8 t9 t10 t11 t12
26875431820030 PointCloud4.pcd PointCloud21.pcd 0.12689605116445418 0.5237754337855147 0.7702682353156122 0.36379409097258353 -2.0230556265321336 0.40185731820073556 0.15313237013051167 -0.9028073842336052 1.6158534368877404 -0.7511125020736297 0.6190616470772393 -0.2293309537474323 -6.841422192617006
26875431820061 PointCloud8.pcd PointCloud22.pcd 0.12055691040884027 -0.9965287908239923 0.08184354642564863 -0.015231643619258762 0.6865290783791126 -0.08267310900551396 -0.9944121999097423 0.06564703891287654 -0.9689672927277986 -0.009773745762695924 0.06667841164229257 0.9977266475917274 6.470192243737235
26875431820092 PointCloud12.pcd PointCloud0.pcd 0.1488671408453215 0.46876967952950743 -0.8826638114513227 -0.03405265787022638 -2.4204453588354684 0.624409897425812 0.35838988395700294 -0.6940237539695402 1.8789027135294252 0.6247937800190473 0.30407447612634275 0.7191463310189383 -12.18360812238176
26875431820123 PointCloud22.pcd PointCloud4.pcd 0.16598395212838296 0.5272327112869128 -0.8098422399088033 -0.2572570982665846 4.663744320911054 0.8423600314578971 0.4583718781171991 0.2834162993787806 -5.80151586093781 -0.11160307142414042 -0.36612944133298536 0.9238473827629186 6.0670489241595735
26875431820154 PointCloud10.pcd PointCloud21.pcd 0.15616039082874103 -0.6921559634559569 0.7014397775703174 0.17000694307721503 2.521293744799663 -0.6094960352673422 -0.6942197433162616 0.3828492274816479 -1.0894583161895137 0.3865678533527415 0.16137281813244558 0.9080330986931291 11.232560061151034
26875431820185 PointCloud27.pcd PointCloud14.pcd 0.1000527480654511 -0.20609217637019822 0.7675504947895202 0.6069532542027911 7.4125880893413765 -0.9151795654471351 -0.37074638495291207 0.1580932668785749 3.982072839082514 0.34637029004663256 -0.5228894299875548 0.7788544576365355 -2.505379289174032
26875431820216 PointCloud5.pcd PointCloud21.pcd 0.16054832589583945 -0.0770291588356502 -0.9552612569195965 -0.2855563687215976 5.133617434626424 0.9148613406300593 -0.18157655457191618 0.3606364960044429 -3.484095900707064 -0.3963524140328185 -0.23346495638143375 0.8879182834203677 5.206866205312813
26875431820247 PointCloud22.pcd PointCloud28.pcd 0.13985584115327077 0.6741849297471596 0.7384420761638217 0.013340938973024324 1.3142064884598397 -0.7262898850095023 0.6595945498165044 0.1934891024973931 -1.004644726747644 0.13408088392720802 -0.14013682600668254 0.9810117158128496 4.656869627830643
26875431820278 PointCloud13.pcd PointCloud0.pcd 0.1596368819007607 0.5538249116988938 -0.37942646113231643 0.7411568847243605 -5.876164139736895 -0.31395402221501595 0.7292726390796201 0.607942669850422 9.130247525996609 -0.7711749730876422 -0.5693829804994637 0.28476689133538974 -4.008025447167278
26875431820309 PointCloud0.pcd PointCloud12.pcd 0.13967483108108109 -0.7659417841335078 -0.5343270955720647 0.3575300522416268 6.058783864759931 -0.0012053905878712246 -0.5549176917163957 -0.8319043829994393 0.8803674712618595 0.6429088040709269 -0.6376212907029286 0.4243905739886569 -3.9228508320147606
26875431820340 PointCloud7.pcd PointCloud20.pcd 0.20411832363681032 0.6370471322754305 0.7124762868486583 -0.29419125061428797 0.203426625979537 -0.7708227894089574 0.5879407216371648 -0.24527114622100238 -0.40283486574265126 -0.0017828593451496566 0.3830186007482124 0.9237389094833222 6.264333495313134
26875431820371 PointCloud3.pcd PointCloud11.pcd 0.18390395306072557 0.8024575431587592 -0.5813247052989063 0.13462346911570844 -0.19105307410787606 -0.1259573438314868 -0.3855471088986121 -0.9140504222168702 3.634356358536577 0.5832637816310259 0.7165298415481811 -0.3826073015618149 12.006138114061654
26875431820402 PointCloud9.pcd PointCloud19.pcd 0.22591331607080317 -0.0671408595914113 0.9753752876797558 -0.21008368131999222 0.8579590520499293 -0.9971927745339096 -0.058604388412801744 0.04660575153481315 -2.081352955046813 0.033146272651531514 0.21262307927973179 0.9765719383470504 4.065740099276115
26875431820433 PointCloud1.pcd PointCloud7.pcd 0.22980551121565992 0.3912603308212934 -0.908956990328346 0.14391852993567958 -5.529630082114116 0.9087591337824513 0.4062762717068903 0.09537519496660372 0.8944486662961412 -0.1451626339406277 0.09347074826481326 0.9849827556491714 7.396226519013125
26875431820464 PointCloud19.pcd PointCloud23.pcd 0.2245184623977614 -0.8353785884008174 0.5448860351964859 -0.07240043293594048 4.263369216797159 -0.4642561499839431 -0.6288949369775787 0.6236644814690456 -6.286843792379928 0.29429380089214285 0.5546083004173495 0.7783320575850866 -3.0783966037854973
26875431820495 PointCloud14.pcd PointCloud19.pcd 0.2318933050258889 0.24165975890210756 0.5998389601818397 0.7627540775212841 3.686726074660752 -0.626133925922568 -0.5041237231296771 0.5948239895857138 3.1841901894407645 0.7413210287966799 -0.6213312269843215 0.2537531056716156 -0.40774816195460456
26875431820526 PointCloud18.pcd PointCloud23.pcd 0.18119765053671175 -0.639981071385923 -0.7683367903731902 -0.009099715751052201 -2.985126638418332 0.5995593792659079 -0.49192229054356174 -0.6313010460950106 10.060723455980163 0.480575466500325 -0.409476539774136 0.775484483643996 0.35644613888340076
26875431820557 PointCloud13.pcd PointCloud1.pcd 0.21520929087797422 -0.5610261459566084 -0.8219510583434246 0.09821466917522496 1.709438851162812 0.8254248871998702 -0.5644439857477381 -0.008760282203749789 11.368831846051435 0.0626372025569187 0.07615408486307061 0.9951266935493752 -9.047300707801494
26875431820588 PointCloud31.pcd PointCloud20.pcd 0.18519456857470906 -0.41779891016473936 0.8986059299056682 0.13398303401373268 -1.5515562399173852 -0.3833050030541615 -0.3080423956248276 0.8707394312487324 5.820464527722263 0.823724071093473 0.3124376181513459 0.47313992588356835 11.251758414725577
26875431820619 PointCloud22.pcd PointCloud14.pcd 0.20722426220590234 0.47294452165800777 -0.5856911824556339 -0.6582471558824995 -7.767906099031765 0.32920756724193634 -0.5755096147122802 0.7486060786851578 4.813278127981719 -0.8172795464859769 -0.5707490886260302 -0.07937015010841147 -2.218402183025015
26875431820650 PointCloud12.pcd PointCloud4.pcd 0.27189213921124716 0.11400499695446259 -0.8249367739866496 0.5536083268827453 -1.3169528759643876 0.9214942469010818 0.2960570557702455 0.2513932629504259 -4.423314818502637 -0.3712831986470991 0.4814868000819475 0.7939264750272694 2.5384756919527103
26875431820681 PointCloud15.pcd PointCloud3.pcd 0.2950098178617374 0.6621210028636212 0.7491454460348687 0.01941335241761271 5.139096003795984 -0.749396765741457 0.661880842599596 0.01783921791707037 5.089078398663749 0.0005148428075444963 -0.026360024371511366 0.9996523816067348 7.764663675746376
26875431820712 PointCloud14.pcd PointCloud18.pcd 0.30411681337978463 0.7654536602688762 -0.6388908859566506 -0.07680579289680417 -2.868822454886968 -0.27751906667214477 -0.22007065617141908 -0.9351748894862946 -2.9270133772119658 0.5805720124277456 0.7371481141085607 -0.3457582916602152 4.196464535183153
26875431820743 PointCloud13.pcd PointCloud18.pcd 0.24436062252087756 0.5172326243736138 0.7954505481425276 -0.3157987298000684 -6.218042998765777 -0.8427585927600567 0.4091027660480335 -0.3498469395906399 1.5919910541194955 -0.14909180598769672 0.44709434381526286 0.8819740818843412 -6.7335855600781995
26875431820774 PointCloud13.pcd PointCloud17.pcd 0.2869342735634684 -0.13077444292000096 -0.8464678348048424 -0.5161300705440101 -0.769167146578936 0.947452880445177 0.046598223522549276 -0.31648324584514637 -4.240569846533967 0.29194363225646863 -0.5303968421902077 0.7958945315678173 2.979303955231818
26875431820805 PointCloud25.pcd PointCloud29.pcd 0.2579369221387801 0.7917031438419804 -0.03200830385012843 0.610066882001771 4.998982581387269 -0.5823249138640364 -0.34141759797025584 0.7377883968249049 -1.5070733063291895 0.18467221427157746 -0.9393665377693942 -0.28894061845848884 11.731317535057716
26875431820836 PointCloud21.pcd PointCloud24.pcd 0.27622688625301783 -0.8682231723958579 -0.3570807040509156 0.3445023856366944 -2.3270545535471605 0.4892032371101482 -0.5000802810475383 0.7145627371395504 1.129015312820927 -0.08287771543559447 0.788931608760808 0.608866324394985 6.695062228353477
26875431820867 PointCloud10.pcd PointCloud3.pcd 0.24615602468640477 0.29300007817844337 -0.9218720628432044 0.2535800740133997 -0.6402426335947164 0.8768883160800716 0.3648062523624595 0.3130228096473394 4.136217386343807 -0.3810745797211919 0.13064569639476348 0.9152671012900249 3.7633137874139324
26875431820898 PointCloud11.pcd PointCloud4.pcd 0.24647823210589884 -0.47879728278282685 -0.5121198588233625 -0.7130823319915593 -0.7820671443349513 0.2173884086219564 -0.8560994675677986 0.46886669899550804 2.175556855383993 -0.8505853524465341 0.0694762680983241 0.5212270199965987 3.7910285786523175
26875431820929 PointCloud22.pcd PointCloud11.pcd 0.2857609139126887 -0.9422728578506584 -0.32436156072281297 -0.08313506650874632 9.189076092575556 0.32291272882862554 -0.9459308992688021 0.030693702431698673 6.510309489290648 -0.08859588544849746 0.0020764715206458614 0.996065488483373 -0.9266972180955525
26875431820960 PointCloud3.pcd PointCloud14.pcd 0.3217455542682214 0.6075625796419963 0.4716554468127555 -0.6390687375475529 -4.3219750374212 -0.6770195222518155 0.7282691259477162 -0.10615388208291446 2.7308036255758714 0.41534597422954117 0.4971571378178229 0.7617890141030546 -3.67014298603819
26875431820991 PointCloud10.pcd PointCloud5.pcd 0.3434383960917126 0.3801119547742149 -0.6638639651676704 -0.6440493285374834 5.4108064637854225 0.9153766127815318 0.36987397353210855 0.15899339758675088 -1.80410015572401 0.13266709693942502 -0.6499829839737553 0.748279066882295 -6.403416344441121
26875431821022 PointCloud24.pcd PointCloud27.pcd 0.32254200577579417 -0.29636217910756507 -0.9540733183713427 0.04374427924323415 -8.945653060238001 -0.674633612104295 0.24154137459309577 0.697515056309747 -3.4246683696354028 -0.6760465577264092 0.1772057209335306 -0.7152336571042365 -7.183622194371076
26875431821053 PointCloud6.pcd PointCloud10.pcd 0.31401656033663633 0.6800738979491808 0.7331271270564541 -0.004910081685358791 -0.8969204862852718 -0.7317738384054606 0.6791972926111115 0.05655163247046728 5.633234980142011 0.044794450030621255 -0.03486621980780079 0.9983876020678383 -3.4055160525453183
26875431821084 PointCloud18.pcd PointCloud9.pcd 0.3843177200684245 -0.7618264305239245 0.6329434441536176 0.1378516821012053 3.1018279702349356 0.6340579680827493 0.6850355080405773 0.3587434261897529 -2.794342500817176 0.132631002657564 0.3607061812979419 -0.9232009899840364 -3.2409292493505184
26875431821115 PointCloud20.pcd PointCloud22.pcd 0.3439799238872649 0.4729182633154449 -0.8220636271956371 -0.3171115088807978 -0.22936246134865085 0.8235116735849753 0.28440146496321744 0.49086080531658766 -2.211018464460188 -0.3133318363843302 -0.49328206897142385 0.8114776403199874 10.042606190812116
26875431821146 PointCloud31.pcd PointCloud24.pcd 0.3277775681488629 -0.1245067661720039 0.991516626606854 -0.03732082983474976 3.2144067845011257 -0.9920308884494449 -0.12512702253654867 -0.014762946634836413 6.029753176546538 -0.019307551361965443 0.03518532923396401 0.999194280941951 6.113731427693926
26875431821177 PointCloud13.pcd PointCloud6.pcd 0.3698206732337773 0.63802472220799 0.7669465491139958 -0.06868365637872043 4.3994397568492465 -0.760544977062278 0.6137185223992938 -0.21194554283911335 -0.6739578868509862 -0.12039847057482145 0.18746350595825426 0.9748649353716048 -10.702783486220602
26875431821208 PointCloud28.pcd PointCloud22.pcd 0.32558240305920716 -0.5641628197792512 -0.6174850950205422 0.548117204807691 2.737029229532975 0.7093781913496016 -0.7021909613345356 -0.06091334383900471 -1.5819131025536048 0.42249602887635784 0.354457347571683 0.8341804926610037 10.551481508109253
26875431821239 PointCloud8.pcd PointCloud17.pcd 0.3393165907260449 0.7061870213248616 -0.705126682258885 0.06400197558589066 -1.018870251302852 0.7018609464772195 0.7090750241725202 0.06785146943759895 -5.08529898458339 -0.09322608391657874 -0.0029953399335277617 0.9956404598128089 -0.37339548513149756
26875431821270 PointCloud5.pcd PointCloud14.pcd 0.42976778986184966 -0.27084142967778035 -0.41553314053629353 0.8683185642874053 7.965364053424728 0.8366031292812307 -0.5478081360552044 -0.00120422114869434 -1.5394375611540592 0.476172368000232 0.7261118751182681 0.4960054644510321 -12.238317546974065
26875431821301 PointCloud7.pcd PointCloud16.pcd 0.4127759600674476 0.009474662306218351 -0.8196213487223171 -0.5728272649698101 11.689326606450246 0.8092623575008878 -0.3302073176485931 0.48585755536311903 2.6752561762775264 -0.5873709794553084 -0.46817087915624467 0.6601601020993171 -7.408231329444651
26875431821332 PointCloud5.pcd PointCloud15.pcd 0.41789273975897173 -0.3429354009781231 0.258956038665295 0.9029601767490925 3.99027139408707 -0.7744966679255163 0.46599663949649484 -0.4277873810086578 -2.804292043542012 -0.5315545335412413 -0.8460430852011924 0.040753844665273764 2.4903526344359115
26875431821363 PointCloud24.pcd PointCloud26.pcd 0.451184694145445 0.9434227888752108 -0.11782261962027754 -0.30995366062806096 -12.264618657201382 0.03457022534825067 -0.8947009880646349 0.4453257700555152 4.351741851982469 -0.3297852952305348 -0.4308456478392022 -0.8400081468579502 2.6469048353920153
26875431821394 PointCloud5.pcd PointCloud18.pcd 0.39984501509766723 -0.31644300804686093 0.5975617139265128 0.7367386379900696 -2.7419331335348742 -0.14242167347063814 0.737918317100948 -0.6596913097902136 8.749699088509098 -0.937859205629543 -0.3136822521854131 -0.1484033526569048 2.829451860571712
26875431821425 PointCloud16.pcd PointCloud10.pcd 0.4518432246303423 0.296692685163302 -0.651789788670669 0.6979566762738462 -0.14228176296670975 -0.8808818371715452 0.0954711924876754 0.4636080676026513 10.337351492714296 -0.3688097605973478 -0.7523664817026512 -0.5458241820389611 -6.013720220330392
26875431821456 PointCloud10.pcd PointCloud6.pcd 0.3987290985686133 -0.9820329176023137 -0.18868348505402738 0.0031450299448541365 0.24608124608849724 0.1871043063078625 -0.9757126180987523 -0.1139160455946916 0.01569941148223987 0.0245627218878725 -0.1112808579709238 0.9934854016756935 4.6099583233601775
26875431821487 PointCloud9.pcd PointCloud1.pcd 0.4160805635775924 0.7848858738172894 0.42973950145166595 -0.4464057862238614 -12.392519922362062 0.3488658473335048 0.28892341895905393 0.8915244688404727 -4.136101826387091 0.5121003667703685 -0.8554806946209159 0.07685047484934249 4.863045489166685
26875431821518 PointCloud4.pcd PointCloud8.pcd 0.41367050259819493 -0.04662509110636148 -0.9929033208254601 0.10940336545599055 -0.15757197754277547 0.9236698592193047 -0.001152366777494751 0.3831875039984997 3.9872614184211863 -0.380342072415232 0.11891874345360226 0.9171685997712213 -6.201676806625924
26875431821549 PointCloud16.pcd PointCloud5.pcd 0.41496185267706437 0.8003583593556667 -0.45254322406141245 -0.3932316454274854 -1.71995072412888 0.2137475863908819 0.8281999681055898 -0.5180702482694526 3.4259107116287333 0.5601236166433066 0.3305895388332819 0.7595867895720805 -2.853826691833243
26875431821580 PointCloud14.pcd PointCloud16.pcd 0.5059711015623677 -0.8267540848127345 0.5625201069045858 0.006986599567118668 -6.732719204245618 0.31937556073187306 0.4591004271945415 0.8289909824340619 -0.48893299443303306 0.4631165452158447 0.68760303015464 -0.5592183280879638 4.367344195530076
26875431821611 PointCloud16.pcd PointCloud11.pcd 0.5270857245740779 0.33044323984612184 -0.6569730909476222 -0.6776382685553742 6.740654152198403 -0.40820207603732583 0.5478666659058437 -0.7302144763752851 0.354742398205062 0.8509866804826122 0.5179077853826313 -0.08713894353985857 7.320564445812239
26875431821642 PointCloud17.pcd PointCloud19.pcd 0.45809406807455627 -0.691527315449375 -0.13369034279278666 0.7098710194333391 -2.615187129907709 -0.40742561689574364 -0.7393026201748049 -0.536130583440071 5.33478324249483 0.5964849861350272 -0.659968581105658 0.45677908584881716 1.8897275995731826
26875431821673 PointCloud7.pcd PointCloud13.pcd 0.5081517794329489 -0.7596163466346237 -0.5506546139364111 0.34606719300738303 -5.827038284166421 0.5143673784588453 -0.8342883780465999 -0.19846687943772495 -0.7195158833532138 0.3980065400252139 0.02724698895135992 0.9169778599782235 -13.503275311274125
26875431821704 PointCloud8.pcd PointCloud3.pcd 0.5021092531160061 0.3482848859551143 -0.9196208220517873 -0.1816457592789551 -7.303775698889148 0.9363290439088904 0.35050842648817226 0.020778943511372147 -5.160542319170107 0.044559620149820164 -0.1773171920868945 0.9831444724161975 4.400669369070835
26875431821735 PointCloud24.pcd PointCloud20.pcd 0.5164030366675418 0.41446755239726196 -0.5698278916861779 -0.709586373788497 -1.5312041126173703 -0.7965387009333682 0.1499733458946636 -0.5856911246011346 -8.683222227345698 0.44016218138909335 0.8079629752517409 -0.3917308830015189 -3.1700619327733524
26875431821766 PointCloud12.pcd PointCloud15.pcd 0.4909056336940181 -0.6635372941470363 -0.47231611458069556 0.5802031947373477 -0.9254703262050386 0.14404056733791906 -0.8416666006697964 -0.5204321745222137 -4.776909618867195 0.7341461531854537 -0.26175335952828716 0.6265098598894159 -2.065175219303243
26875431821797 PointCloud1.pcd PointCloud3.pcd 0.4680962782491809 -0.768374343030044 -0.13393964742189723 -0.6258282830151147 5.005045715121259 0.6316998063416304 -0.31570163082667385 -0.7080168323997147 2.8266644500454237 -0.1027434846649426 -0.9393575736331063 0.3271866825178377 -13.591444099814415
26875431821828 PointCloud20.pcd PointCloud16.pcd 0.49201367823065467 -0.2953857204231909 0.07288735051000003 0.9525936753441654 -1.8731648053811023 0.12655471547666722 -0.9853136626890284 0.11463372151749955 1.5099505658182266 0.9469589115482745 0.15441638596329155 0.2818233481905703 6.187280464742556
26875431821859 PointCloud22.pcd PointCloud19.pcd 0.490890792873657 0.5415121123439194 -0.8005096417779215 0.25680526786927504 -5.176770666775253 0.8373028264694976 0.48614456480221463 -0.25017481667717 -1.1949589795242543 0.07542286769287368 0.35049647007330753 0.9335221558673015 -0.9436963117091044
26875431821890 PointCloud5.pcd PointCloud1.pcd 0.5474975282580231 0.08674955961016195 -0.8024308621782159 0.5904059834820172 -7.486171002895761 0.38097641718018727 0.5743142724049031 0.7245826978782854 -11.80955272353828 -0.9205061018048664 0.16207352632663946 0.3555287451164213 1.7624921738453587
26875431821921 PointCloud21.pcd PointCloud18.pcd 0.5606799737026745 0.32917257048068105 -0.9000115582296303 0.285700216829133 6.022967614966794 -0.520133090018226 0.07970337038145814 0.850358125390666 1.886987631885402 -0.7881034116860761 -0.4285167065621931 -0.44188962952965793 -8.907487564058982
26875431821952 PointCloud9.pcd PointCloud12.pcd 0.5589213023832627 0.766628932511179 -0.25982700214247034 -0.5871711920678897 -4.164601411651166 -0.40551395553705294 0.5130953418455614 -0.7564995717388605 9.300520415298978 0.49783381936291055 0.8180605718001834 0.2879902588013938 -6.701750234563418
26875431821983 PointCloud5.pcd PointCloud7.pcd 0.5275098201640702 0.004350476106100731 -0.60267395085957 0.7979756777702983 -0.786993776000283 0.7778588419952865 0.5035160616919425 0.3760414838126077 3.0248566874591556 -0.6284239773332986 0.6190764771605788 0.47098579611177804 11.326158208490963
26875431822014 PointCloud0.pcd PointCloud2.pcd 0.5273754222972973 0.2048705760579585 0.9578772298248123 -0.20124427854929006 3.2881367426234336 -0.8307716024699595 0.2788885902349973 0.48170499142756623 -0.16208515049885666 0.5175389759188926 0.06850085269454514 0.8529132673284807 11.663504829229815
26875431822045 PointCloud24.pcd PointCloud25.pcd 0.5772129605320732 0.662540494353481 -0.6825093020615501 0.30857923770289664 -4.343215199175271 0.7486952551259644 0.5911940526851854 -0.2999083310305556 3.3018420227142604 0.02226001558202817 0.42973322500025757 0.9026814759576968 7.072440776947333
26875431822076 PointCloud12.pcd PointCloud14.pcd 0.5593525500472396 0.2721707206626143 -0.6605808817118444 -0.6996827835032068 -7.7211076921243835 0.8327100761319803 0.526070431550953 -0.17275366900898395 9.456341517933506 0.48220019485921484 -0.5356144133279054 0.6932533247761159 -3.520676472145447
26875431822107 PointCloud15.pcd PointCloud10.pcd 0.5655088360755637 0.14798144561853221 -0.988924701845687 0.011376547458178055 -0.03918783234686004 0.9868331717732015 0.1484082471039102 0.064306168285689 -6.053355688012815 -0.06528233176512623 0.0017106346668773406 0.9978653671153961 -13.328539797958772
26875431822138 PointCloud10.pcd PointCloud7.pcd 0.5957896227417013 0.02943765225455958 0.5793467242570567 0.814549444614848 -0.17851210767067296 0.6958012480683498 -0.5969297182255628 0.3994189964006176 -0.40780849625272264 0.7176308576254689 0.555006562656486 -0.42068238326790647 7.975934922432525
26875431822169 PointCloud26.pcd PointCloud28.pcd 0.5354998253122544 -0.165972899337055 0.6617852056849949 0.731090513016084 -7.6547386368422545 0.965572425128687 -0.041529614081451324 0.2567979419414257 3.384735920065083 0.20030698569135796 0.7485423386093233 -0.6321087555101 -4.540134394523777
26875431822200 PointCloud15.pcd PointCloud16.pcd 0.6232931590944998 -0.3709680749802564 -0.9169699261957966 -0.14679523765408004 9.179293642160328 0.8617869601958554 -0.39882540822675105 0.3134669503937414 -5.893419713468332 -0.34598543695050193 -0.010219990471640017 0.9381842192303863 8.88545117842319
26875431822231 PointCloud13.pcd PointCloud11.pcd 0.6556445289023461 0.12128626183088409 -0.9924634306724056 -0.017492326004550668 -8.813242362688769 0.8987121581373478 0.11727697766382716 -0.4225666424673734 -7.1482104438177 0.42143338679701325 0.035530962384903636 0.9061630378716634 6.681271237002003
26875431822262 PointCloud16.pcd PointCloud14.pcd 0.6591384781581258 0.43874689193270844 0.8567648359262497 -0.27102616246343153 -8.43207220876679 -0.7342582552445444 0.16793446998287753 -0.6577711063864141 8.559897998008573 -0.5180405190953943 0.4875982257062018 0.7027673803354407 -5.983632365688069
26875431822293 PointCloud27.pcd PointCloud28.pcd 0.6489099639464254 0.7979518878092337 -0.6018338148554914 0.03269318030057873 -5.320263853349631 0.5483370063087951 0.7023661928955198 -0.4538813265488698 9.269307979626644 0.25019854566721306 0.3801023419737629 0.8904621818876263 7.55080650127644
26875431822324 PointCloud14.pcd PointCloud10.pcd 0.6026493057712179 0.3653249271898176 0.5600489258019032 -0.7435609580134562 1.3370650225585148 -0.9178281996052611 0.3500007594079063 -0.18732555731467598 -4.05484228733021 0.15533542282145285 0.7508959109770297 0.6418926992066956 9.61900029869896
26875431822355 PointCloud0.pcd PointCloud1.pcd 0.6564980996621622 0.6440985622970448 0.45703106943482236 0.6134000681595515 4.29074340930317 0.5328280668116433 0.3072982539692932 -0.7884554739014694 9.028770519529989 -0.5488454183690039 0.8346798096747555 -0.04558861762180039 -11.069079435337708
26875431822386 PointCloud4.pcd PointCloud2.pcd 0.6555498285401721 0.3916689735109776 0.6237474359592066 -0.6764130035142528 -7.125083429349141 0.08654361184838638 -0.7568614735136228 -0.6478201240769106 -8.745919989125877 -0.9160270838993205 0.19519181859161897 -0.35042051241016625 -6.829862923079404
26875431822417 PointCloud23.pcd PointCloud21.pcd 0.63119946128536 -0.5827589709807699 0.0030403077903435882 -0.8126393654444597 1.7363517716266865 0.6108184648968671 -0.6579274835320019 -0.4404908958812682 -4.4978799400311305 -0.5359970006282395 -0.7530751509257144 0.38155606714576523 1.0846258353917257
26875431822448 PointCloud22.pcd PointCloud23.pcd 0.6343315653474773 0.27369901706354816 0.8129415089235965 -0.5140184346183257 1.1131047167999866 -0.13425715130222293 -0.4969017378274547 -0.8573585482563686 5.6713723372108396 -0.9523990053452701 0.303668842677483 -0.026858306057130604 -9.97950271434842
26875431822479 PointCloud9.pcd PointCloud5.pcd 0.6190339490047252 0.8790624891778633 -0.20811150786888138 0.4288807997718707 -5.923819180948979 0.3168242269364972 -0.41717390665025217 -0.8518147338689661 1.6933958160381501 0.35619032741851636 0.8846782081088622 -0.30078716520287724 -10.160900975500336
26875431822510 PointCloud7.pcd PointCloud5.pcd 0.7061451016739065 0.18128967217549985 -0.44800737834591076 0.8754561346578843 -7.662020745292136 0.7034050234578918 0.6812028355426747 0.20293858633296544 0.8505247945446043 -0.6872811853504376 0.5790095731473217 0.4386256792152664 -0.20483250942120454
26875431822541 PointCloud24.pcd PointCloud22.pcd 0.6769821475452875 0.51390037623516 -0.7666500633420428 0.38490788986847574 1.8167318289439212 0.8089489059628618 0.2837607825513262 -0.5148606469981445 -5.223792438208927 0.2854961835941942 0.5759578966066015 0.7660055029108143 -4.610773267542704
26875431822572 PointCloud24.pcd PointCloud23.pcd 0.7031427758816837 -0.8750694528980536 -0.4306037005897001 0.22098394883601194 -1.809386926957855 -0.19242501264473932 -0.1094198277775142 -0.9751922455586955 6.620452768174201 0.4441014153471853 -0.8958837839405261 0.012891026298623973 -9.445217763236283
26875431822603 PointCloud14.pcd PointCloud12.pcd 0.680225631412229 0.6116335984316953 -0.7867823791402052 0.08293267838418189 7.760670638813061 0.7811390217020918 0.5839576216217307 -0.22094190395710506 -9.25618144205919 0.12540402722319105 0.1999174430217882 0.9717545193781376 -4.45160060742069
26875431822634 PointCloud13.pcd PointCloud14.pcd 0.6986875318386574 0.9718013524516139 -0.028375541159338838 0.2340875050854463 3.498029868712148 -0.23335148785172577 0.026992199294986974 0.9720177489606894 5.892531483006665 -0.03390006623297458 -0.9992328306461584 0.019609581032382195 -8.875411948306716
26875431822665 PointCloud5.pcd PointCloud3.pcd 0.6754723031290918 0.4492154378561932 0.5587485435160057 0.6971409868243374 6.391081740603635 -0.4830055740058458 0.8083241692034779 -0.33662687498295574 -1.418016862599475 -0.7516056850975463 -0.18550499346446034 0.6329903565843626 -3.8804490074702582
26875431822696 PointCloud30.pcd PointCloud29.pcd 0.710324882426077 -0.5447243664327847 -0.3017922597198732 0.782430058591548 1.6783408783949103 -0.027553879951588672 0.9389396276279453 0.34297690792458346 -0.5064484141636761 -0.8381623639331548 0.16526889496534833 -0.5197788414729075 7.793173816773814
26875431822727 PointCloud19.pcd PointCloud18.pcd 0.7056689543043904 -0.639021374555049 -0.7377048008678831 -0.2178148517393885 1.5389279178441038 0.585456661227176 -0.6501383979097557 0.4843145273353498 9.449186837189014 -0.4988909506961443 0.18196617910977947 0.8473465223706794 5.832260882451708
26875431822758 PointCloud15.pcd PointCloud14.pcd 0.699280023472589 0.27399959029187215 0.9294938701177711 -0.24691166423110525 -0.9812184781364601 -0.6170497797332792 0.36683324080190227 0.6961917428222522 -0.9729894193224427 0.7376813633615786 -0.038399464270500616 0.6740561455047649 7.7522806545417575
26875431822789 PointCloud11.pcd PointCloud12.pcd 0.6938595905584453 0.36441970511560706 -0.8633123630701006 -0.3491275444501235 1.0293434939264223 0.8557825043144655 0.4582978317402391 -0.2399987556873109 0.9325942869227822 0.3671982895285817 -0.21131696853900409 0.9058203767716697 9.244809641744135
26875431822820 PointCloud9.pcd PointCloud7.pcd 0.7969432690485896 -0.5125304175422634 -0.8436089865359586 0.16011386239088107 7.421248257194517 0.8402408524424547 -0.5311586665506558 -0.1089301649448225 8.23111565826712 0.1769403316961121 0.0787041853010503 0.9810697071234886 6.569628513074637
26875431822851 PointCloud7.pcd PointCloud8.pcd 0.7954015030541256 0.8614991613577968 0.5030091497565108 -0.06928917838338758 -8.328455787172633 -0.4543758089089162 0.7028064616276198 -0.547362495767506 -4.038669537104883 -0.22663146131590137 0.5030356575390028 0.8340223665982358 -1.849582473480982
26875431822882 PointCloud7.pcd PointCloud6.pcd 0.7462954070864647 0.5566864426911914 0.8301723379704888 0.030233984064942487 -4.993473612273794 -0.8300172948208271 0.5573447610722844 -0.020931020127892348 0.14670119831282713 -0.03422710654061838 -0.013442714528345442 0.9993236705912487 -6.252339630071439
26875431822913 PointCloud8.pcd PointCloud7.pcd 0.8121103232310717 -0.8347117651713978 -0.23939691569863553 -0.49592881126067806 -3.0131500142386956 0.5506635756382833 -0.35453188454115736 -0.755696214962703 1.95064362175631 0.005088767012699946 -0.9038784539957104 0.4277590967502791 -8.265683091862083
26875431822944 PointCloud22.pcd PointCloud15.pcd 0.2528763769889841 -0.471327068672 -0.8722251100256098 -0.130668097781641 -4.858874272586862 0.8818853481593072 -0.46799494601100566 -0.05708732968087843 0.8826766689474664 -0.01135900695470745 -0.1421410846622774 0.9897812308849031 -0.36303771775149535
26875431822975 PointCloud23.pcd PointCloud24.pcd 0.6016522772190499 -0.05543089762684378 0.9959192025034351 0.07122048633085991 -10.233302701333969 -0.9785098029326329 -0.06837352859967089 0.19453438295471082 -5.877436692222789 0.19861012349077894 -0.058906728577912223 0.9783067086426556 6.625648404213306
26875431823006 PointCloud28.pcd PointCloud19.pcd 0.18299453480877248 0.4369677796085688 0.25774880591591154 -0.8617567595516027 4.347867176535752 -0.8914687213545024 -0.003461444227424171 -0.4530690204046498 -0.09119654733018007 -0.11976092196758398 0.9662057604117159 0.22826245884221105 4.616285208565613
26875431823037 PointCloud8.pcd PointCloud11.pcd 0.4110818863312513 0.3921406483394752 -0.8077839043545331 -0.4401259771765838 3.1953636914549675 0.48745982328400517 0.588220466708733 -0.645274827673362 -7.038811314578741 0.7801337273851341 0.038494758223777625 0.6244273544500356 4.051292089597657
26875431823068 PointCloud11.pcd PointCloud3.pcd 0.20442944628886692 0.6031280285834191 0.7601633511098165 -0.24163662960439636 0.2740603951814967 -0.5485821758255085 0.6152277012158993 0.5661735352550056 -0.1558449788575793 0.5790459200302074 -0.20891758012693426 0.7880731356988873 -11.072975306684878
26875431823099 PointCloud21.pcd PointCloud7.pcd 0.25336589192683157 -0.37359080890687174 -0.8984587428048367 0.23065514296859202 3.6080692090930806 0.5345578075179207 -0.005315455101054967 0.8451151970936877 -0.7587132918309689 -0.7580751004497794 0.43902577761974415 0.4822639408699722 -5.31531378441351
