id source target overlap t1 t2 t3 t4 t5 t6 t7 t8 t9 t10 t11 t12
2318808360030 PointCloud26.pcd PointCloud9.pcd 0.10535245448346586 -0.370459404218176 -0.39864516787214027 -0.8389528353599547 3.3066232791079404 -0.8958684576562799 0.39189513073144855 0.20937505363710157 -14.406799799193573 0.2453151776855082 0.8291563402888349 -0.5023148683405197 -2.0076979857960615
2318808360061 PointCloud26.pcd PointCloud14.pcd 0.17232122243638962 -0.5835393327209762 0.6009374299227528 0.5462197840479552 -15.019058138448484 -0.21581182555477846 0.5336731769770643 -0.8176907704786213 6.796825218296895 -0.7828838375635763 -0.5950354153267216 -0.1817298857884534 -7.10436561270189
2318808360092 PointCloud9.pcd PointCloud19.pcd 0.1405124889030151 0.7216844134280125 0.3769778290481661 0.5805681043781141 2.654061293673025 0.691402536110186 -0.35175394963018425 -0.6310560133458584 5.48552141893658 -0.03367700217460151 0.8568295485834373 -0.5144987698710606 -9.480191123034425
2318808360123 PointCloud35.pcd PointCloud23.pcd 0.1740176938135838 -0.17452031379145932 -0.33462521900806863 0.9260500110026092 -0.4600813191829311 0.7003689224058988 -0.7032550683766577 -0.12212977249852974 -6.809994646953341 0.6921170656775707 0.6272625220801452 0.3570933992550474 14.305007222069694
2318808360154 PointCloud26.pcd PointCloud12.pcd 0.12143290505822787 0.197639443926357 -0.4323089893626414 0.8797997430783508 -2.1972850583418952 -0.012468501885176841 -0.8985392145840351 -0.43871609990453353 -2.759652968564339 0.9801954839037057 0.0757378212715216 -0.1829770361652612 -11.575092143761625
2318808360185 PointCloud20.pcd PointCloud4.pcd 0.1114267844080949 0.03934919341429566 -0.9433111846772047 -0.32956888481853575 -23.770528433709757 0.46091914832032055 -0.27550360121205986 0.8435942771444439 1.7949188628875101 -0.8865693315749846 -0.18509936407798688 0.42394934335202145 6.830182697470147
2318808360216 PointCloud26.pcd PointCloud8.pcd 0.12266242865810116 0.7782796449976412 0.30761827776479556 0.5474045938493456 -4.012653132557506 -0.5886294900215935 0.660952659825198 0.46546418223845665 -8.732468805111312 -0.21862323220386423 -0.6844797854246811 0.6954791914110142 7.795569931124202
2318808360247 PointCloud22.pcd PointCloud28.pcd 0.16189503118950313 -0.2109541999947256 0.9624581749566636 0.17079984474136267 -1.7362137083996605 -0.2871243139367626 0.10601280363457649 -0.9520088832631133 12.601015225253938 -0.9343757027293297 -0.2498710605985115 0.2539812969973306 0.12567828413425658
2318808360278 PointCloud4.pcd PointCloud18.pcd 0.17154318942990687 -0.13747805250490042 -0.28111549408724174 0.9497756914469571 3.0322648565761896 -0.8830591034957156 0.46913205891891785 0.011033178501207774 1.0515391835766006 -0.4486718230653696 -0.8371912507178886 -0.31273695801522194 5.923763726942614
2318808360309 PointCloud1.pcd PointCloud8.pcd 0.11898797205408686 -0.06665476335188014 0.9625751471182351 -0.26269036653979816 -6.259349784289365 0.07242240112488868 -0.2579140540083902 -0.9634497062951772 1.0976233688691588 -0.9951442801613297 -0.08324317927173275 -0.05252080318239227 17.745661765640197
2318808360340 PointCloud24.pcd PointCloud9.pcd 0.21772019496204278 -0.03273351330199555 -0.2817654163347588 0.9589247975021861 13.788479588825428 -0.1783077582528788 -0.9424007608718782 -0.28299673011350945 0.08228077490954654 0.98343015026678 -0.18024720820530235 -0.019392871898029598 -12.325005805599282
2318808360371 PointCloud34.pcd PointCloud25.pcd 0.2459555901664702 -0.01495437152883436 -0.9981112506137826 -0.05958437857666954 -5.419291047751672 -0.5252674039412668 0.05854803628365339 -0.8489206569545411 5.516739480767955 0.850805806943617 0.01860265694782054 -0.5251508545413424 11.2617837404951
2318808360402 PointCloud13.pcd PointCloud20.pcd 0.17834384740587866 0.5854116455637446 -0.11421907116762373 0.8026501161900833 -21.580129416771584 -0.3654060109475378 0.8465956490922497 0.3869809479825596 5.034416732738057 -0.7237207005480476 -0.5198363307038841 0.4538706168927059 -8.94280023343166
2318808360433 PointCloud1.pcd PointCloud14.pcd 0.24041887749544869 -0.20214481372760518 -0.978537200458455 -0.04003025857974503 -2.572943941673391 0.9776599291638611 -0.20403042663892434 0.050523736133152676 3.842054064359059 -0.05760674604892875 -0.02892286853802576 0.9979203026721053 20.126507931728504
2318808360464 PointCloud14.pcd PointCloud1.pcd 0.24276750836500494 0.011226749855130391 0.38806630782401075 0.9215630747916987 -2.7010847412838945 0.27807958093388563 0.8840542667805913 -0.3756591540940608 -3.195855593662965 -0.9604924293066159 0.2604853049960226 -0.0979882601427548 2.7099216845114897
2318808360495 PointCloud0.pcd PointCloud6.pcd 0.22877747327735865 -0.903637450298035 0.1953490540232367 -0.3811536507907178 14.118874057643238 0.14605465683292118 0.9771320985664157 0.15453445948593397 -1.5824076838542087 0.4026256271479543 0.083973859286201 -0.9115047972009239 9.832914102129982
2318808360526 PointCloud26.pcd PointCloud31.pcd 0.2077948574772753 0.6113313953541405 0.69748367718903 -0.3738856043086288 -27.038334563486075 -0.07937343317258344 0.5241091974850375 0.8479442241197162 -6.2619780303356976 0.7873841395156224 -0.48869834168580817 0.375766081056798 7.599414378929792
2318808360557 PointCloud24.pcd PointCloud29.pcd 0.21865834195997239 0.8672077472448627 0.4780954242396807 -0.13919586358642497 -7.96262851938104 0.4296792881468339 -0.5772123194439434 0.6944074075208109 -8.366472469720104 0.2516474368161158 -0.6620050631250665 -0.7059906967805285 0.9709589740137115
2318808360588 PointCloud30.pcd PointCloud36.pcd 0.1996769069222692 0.32476318380440544 -0.9241329443372819 0.2012639451956863 -4.688372875911724 0.7789571549970442 0.14065557149808144 -0.6110988143381224 14.91715934327541 0.5364276513418531 0.3552383867166587 0.765539720379556 3.006063512360257
2318808360619 PointCloud22.pcd PointCloud6.pcd 0.21322865132286514 0.3450680446668837 -0.9146610143594844 0.21053093207567555 -11.042536072543761 0.9261313855681172 0.2954074705138138 -0.2345529429154744 -10.206983751698203 0.1523440225786792 0.2759160292108985 0.9490319507840805 15.263902987439081
2318808360650 PointCloud35.pcd PointCloud26.pcd 0.2610158431305427 0.4926916979532202 0.23101794391968972 0.8389789034028761 17.51666322937902 0.15270345265660268 0.9262049595180474 -0.34471151490909835 10.291691363856028 -0.8567009666824976 0.2979514768402599 0.4210562564954742 -11.307349471687889
2318808360681 PointCloud35.pcd PointCloud27.pcd 0.3048492174713037 -0.6259614279264897 -0.7697502105600775 0.1251275512864633 5.152908417857722 0.27731810175574684 -0.0697470553897048 0.9582431939247235 7.660096205979863 -0.7288806220409618 0.6345234129700669 0.2571246336040146 -14.383787105234305
2318808360712 PointCloud23.pcd PointCloud12.pcd 0.27589292452321657 -0.06542939929224534 0.6059218568346276 -0.7928289204603556 11.726241085701258 -0.9029876379004802 0.3021737554780115 0.3054576031124877 -6.102210787593707 0.4246555304092565 0.7359006216265834 0.5273688989525652 3.0283029769252807
2318808360743 PointCloud23.pcd PointCloud8.pcd 0.2712894983667001 -0.20195946365711676 -0.8542418360227558 -0.47904411135906966 -5.397701775397179 -0.5416124437229989 -0.3101121719667897 0.7813362922598959 16.000303469399036 -0.8160075586927679 0.417254510324947 -0.4000379204147498 -5.1415670179716155
2318808360774 PointCloud11.pcd PointCloud16.pcd 0.27511051113052226 0.8499135834237849 0.5252158186354986 -0.04237032648899694 0.13916671913214398 -0.14695570565567387 0.3134891181050701 0.9381516899760659 14.729713535572317 0.5060147441399154 -0.791121303394586 0.3436221209821443 -16.259644751656822
2318808360805 PointCloud28.pcd PointCloud20.pcd 0.3071278600269179 0.27641708738828363 -0.48293743105847475 0.8308820803714683 -3.364160915866493 0.812631355564939 0.5790066757815937 0.06619327271738523 10.526862883099238 -0.5130534804018658 0.656903879637645 0.552497438152018 -13.771636681393337
2318808360836 PointCloud12.pcd PointCloud2.pcd 0.28311781685152093 0.15725476656991844 -0.7310717946965628 0.663931449315505 -2.9189466374418997 -0.020704415514534225 -0.6745889717654144 -0.737903141578 7.622880723022105 0.9873410077421284 0.10229247368026273 -0.12121874549396548 6.865986868180731
2318808360867 PointCloud18.pcd PointCloud8.pcd 0.3220330041360682 -0.11853494894282501 -0.9509035824208074 0.28588781509255723 -6.809529827199006 0.07440414033553361 -0.295614220676061 -0.9524055105022309 1.3309467839274711 0.9901583155132576 -0.0916221014458814 0.1057917801466094 -2.125338450317968
2318808360898 PointCloud29.pcd PointCloud20.pcd 0.2600539782159343 0.03297064598547686 -0.8136185543825688 0.5804634221617411 9.467251332465022 -0.09923413844197015 -0.5805742964106887 -0.8081374091792274 -6.610183689433416 0.9945177335125708 -0.030956975169629253 -0.0998806458597796 14.408777079768651
2318808360929 PointCloud19.pcd PointCloud8.pcd 0.28660126398180713 0.11043858733421276 0.14989474268961117 0.982514572177756 -3.278184874817935 0.6261052429141118 -0.7782378852851307 0.04835306300937803 -7.059280387686916 0.7718779328514869 0.6098174809079707 -0.17979737694408227 -3.7881635083089926
2318808360960 PointCloud3.pcd PointCloud13.pcd 0.3697013601264062 0.03741661279624181 -0.9658334087449113 -0.2564484814520076 -0.7652962431582571 0.5006858990037627 0.24021196698078057 -0.8316320348916448 -3.107789877886576 0.8648199972396855 -0.09728328464545688 0.49256708670285815 -14.863051974515773
2318808360991 PointCloud19.pcd PointCloud22.pcd 0.39346325726525105 -0.21306169638719752 0.4110266866613359 -0.8863756406765777 -12.419900923263487 0.47758936997221557 0.835249650069739 0.27251865211012777 -9.925768355730249 0.8523573823356914 -0.3652602974737093 -0.37426168367502644 -14.16339407153342
2318808361022 PointCloud7.pcd PointCloud0.pcd 0.3728679940767256 0.26504264065757377 -0.5456272787333268 -0.7950114913228138 21.88319815868205 0.3544666739886649 0.8218997756376858 -0.4459082145892078 8.291139468985584 0.8967194520387486 -0.16362038842633841 0.41124517362096824 12.64810681311757
2318808361053 PointCloud8.pcd PointCloud13.pcd 0.3455089556836685 -0.8494930231780582 0.03984192587371263 -0.526093361024901 -12.886202119982674 -0.2942028697132314 0.7919512136386806 0.5350307903931515 5.149624168127941 0.43795693284192067 0.6092831001750292 -0.6610354217565069 0.42080315292568193
2318808361084 PointCloud27.pcd PointCloud30.pcd 0.3968447980270523 0.9156152510165704 0.22758459072854118 0.3314422516348601 0.1229854677973827 -0.34347155501286275 0.8712722935105849 0.35058790831666176 -2.5806352427865393 -0.20898804511959404 -0.4348446212427244 0.8759190330009748 8.944952927393766
2318808361115 PointCloud36.pcd PointCloud29.pcd 0.3612717843542538 -0.503765511883224 -0.8636324732356107 -0.0189541607562968 -1.5523606871329163 0.2028166145489984 -0.09691960649262349 -0.974408544061575 -14.06001909830988 0.8396938310479103 -0.49471763769877597 0.22398376961250216 6.889586341113865
2318808361146 PointCloud22.pcd PointCloud13.pcd 0.3348946009894601 -0.12279445951917314 0.8989189520695718 -0.4205546793480447 -4.973701405195994 0.6570103274811091 0.39123590057442337 0.6444159368644489 14.594828747515807 0.743813787378642 -0.19717806092936016 -0.6386406360337381 -18.87049049093858
2318808361177 PointCloud6.pcd PointCloud8.pcd 0.39064255580759366 -0.43250733413225073 -0.871833425632162 -0.2298779760488221 4.421288010927452 -0.06353863423730505 -0.22485235742349263 0.9723190110865652 -3.4451106568445384 -0.899388819077195 0.43514123605053473 0.0418551885354881 -15.579098692630243
2318808361208 PointCloud16.pcd PointCloud5.pcd 0.32522178380729305 -0.5387460243721853 0.03953486539781981 -0.8415400855818699 0.1606094008595354 -0.5352959225862449 0.7552767309427835 0.37817368358853753 19.74282968791343 0.6505466904732554 0.6542125450603639 -0.38573948384879625 5.454491048441509
2318808361239 PointCloud23.pcd PointCloud26.pcd 0.34854512327910564 -0.5520783965512565 -0.5765999059332133 -0.6022806592770541 -4.92653572711786 -0.8031736183001558 0.5617165129645064 0.19846082215296482 -8.46802612841352 0.22387850037024326 0.5933018688162078 -0.7732213845537163 8.696885078309526
2318808361270 PointCloud18.pcd PointCloud21.pcd 0.4312325905292479 0.03405250002004645 -0.9419767566370602 -0.3339464286347576 12.713831259730231 0.9623379781195912 0.12107926723718165 -0.24340383504374813 -1.1319542002402727 0.2697147439631021 -0.3130808218349244 0.9106230591677801 29.17659961517675
2318808361301 PointCloud12.pcd PointCloud5.pcd 0.4297307013184745 -0.6188495704484068 0.06284612288312688 0.7829914265139695 -1.3239361230573485 -0.5431267585806828 -0.7543595498935823 -0.36872075287131884 8.504852199468488 0.5674843903311022 -0.6534462750088261 0.5009684944261731 -7.974299494861593
2318808361332 PointCloud15.pcd PointCloud8.pcd 0.4378475612344526 -0.0011545648991735293 -0.38625529222200994 -0.9223911947814675 -19.49891212568638 -0.12474600210310971 -0.9151310980016053 0.3833712410049387 7.615633554268432 -0.9921880375912543 0.1155072409023157 -0.04712722525196932 3.0160406270660927
2318808361363 PointCloud25.pcd PointCloud17.pcd 0.3994567537568306 0.5982307114033387 -0.6174920627578646 0.5107088880809623 -10.031143346902764 -0.12000204047465327 -0.6991798273526522 -0.704802865562446 -16.98763593640799 0.7922875274897208 0.3603486110062769 -0.492371153023887 7.210512582559766
2318808361394 PointCloud27.pcd PointCloud22.pcd 0.43885646913753845 0.056843827770465594 -0.7075041421136669 -0.7044193837029236 5.167364871126531 0.8653783225035717 0.3867724859313991 -0.3186336502432702 -9.91589261863133 0.49788466353695476 -0.5914769082715323 0.6342443762432927 -9.871377747786166
2318808361425 PointCloud5.pcd PointCloud12.pcd 0.44447376476424705 0.8512054683978145 0.5076721476456161 0.13310988345928756 -5.827556736714204 -0.49200262122462723 0.6835753321198552 0.539127244744064 -11.359806412546781 0.18270925339936492 -0.5243984704612683 0.831639088126652 -13.57832383861508
2318808361456 PointCloud14.pcd PointCloud8.pcd 0.4480841099264725 0.6211299989340714 0.7668207053857712 -0.1618132572313804 -8.465775475955034 -0.3375371563280755 0.44809213646265833 0.8278176763867071 -8.90502796589847 0.7072949826784557 -0.4595644057496173 0.5371539485528188 4.493231536058173
2318808361487 PointCloud11.pcd PointCloud6.pcd 0.4163847640223405 0.821357565504594 -0.18738927693516444 -0.5387550542482946 -7.909289781315385 0.09710026420621105 -0.8847814128315178 0.4557777859867103 -3.2971243286474143 -0.5620883278270867 -0.42666979081905926 -0.7085263589471954 5.116958884182495
2318808361518 PointCloud32.pcd PointCloud35.pcd 0.4403174974979238 -0.45995255975957794 0.08418615133139043 0.8839436264234386 -11.440589416853008 -0.37274936990998475 0.8852267047786382 -0.2782653201145675 2.3136130798852603 -0.8059165899783431 -0.4574782760642975 -0.37578195396654857 12.42764952426536
2318808361549 PointCloud31.pcd PointCloud34.pcd 0.4056730913213682 0.3404913293223418 0.9283791871005302 -0.14892192456070194 1.658710545088489 0.6834529459626166 -0.3531470691717166 -0.6388890499847745 -5.672395990244594 -0.6457226380663182 0.11575505385936957 -0.7547470054228034 -12.381965765651998
2318808361580 PointCloud26.pcd PointCloud28.pcd 0.5189180192321116 0.18268548211100416 -0.3758794298410191 -0.9084826189026736 18.894418836714284 -0.04260424344537769 0.9201382693647107 -0.389269114740641 8.37999114729785 0.9822478776084564 0.1098190305589416 0.1520818446126207 18.295187721017797
2318808361611 PointCloud21.pcd PointCloud23.pcd 0.510956456816788 -0.003386400050496128 -0.1404701222766065 0.9900791266572049 23.314571688348714 -0.22565147870295238 -0.964440991696059 -0.13760444649608433 -2.0265934307152094 0.9742022081959523 -0.22387880266768873 -0.02843130778232068 9.686847766782893
2318808361642 PointCloud16.pcd PointCloud9.pcd 0.489491141747756 0.4789897656931721 -0.6122425620311832 0.6290690340484838 0.44060169514138947 0.791265451566385 0.6114278129899506 -0.007417186782769841 8.396601337799545 -0.38008918626901844 0.5013133498519847 0.7773140521961099 1.6175839900087985
2318808361673 PointCloud29.pcd PointCloud31.pcd 0.5209219136562744 -0.019576621861690922 -0.5798252718620734 0.8145056230539832 -5.946355435126134 -0.4932314467117719 -0.703028219100198 -0.5123222258729526 -5.705095907084827 0.8696778115205063 -0.4117693253010437 -0.2722251400771543 11.243080632755106
2318808361704 PointCloud29.pcd PointCloud25.pcd 0.539723254543702 0.9029817193062484 0.41129508421975153 0.12433972935228421 -3.8268786011668876 -0.4295178859693813 0.8561004622337179 0.2874132637781497 4.879979524524525 0.011764362759001834 -0.312935060771212 0.9497016623703428 16.253059553538122
2318808361735 PointCloud25.pcd PointCloud20.pcd 0.5096055327868853 0.053438178804664366 -0.2418309856480569 0.9688457748406245 -4.946109529306915 0.7305593456684749 -0.6519673888786004 -0.20303094910695219 -9.52538020995311 0.680755024588501 0.7186489394824912 0.14183193673570202 13.54491262884492
2318808361766 PointCloud31.pcd PointCloud27.pcd 0.5458906453890089 -0.026053409249964132 0.7883179662299435 0.6147161979202596 23.61543753104064 0.4277133665165038 -0.5470067426866487 0.7196144103326876 -4.9649478673589105 0.9035388735243066 0.28167074319926866 -0.3229227406919476 4.824595345841725
2318808361797 PointCloud15.pcd PointCloud10.pcd 0.49667296345035444 -0.8236453551963855 0.4884002465683232 -0.2882247873022387 7.5728202165356375 0.5420699906260747 0.528681368214332 -0.6531892039567624 -11.027649037843396 -0.1666386933640171 -0.6942342616545389 -0.7001930703876681 6.68036499832991
2318808361828 PointCloud10.pcd PointCloud7.pcd 0.5262792962547371 0.6202188868986073 -0.5984874448006912 -0.507091028071087 11.20665946417079 0.4300665114911885 0.8000655170101512 -0.4182558597139777 -1.9663381592897262 0.6560269262980383 0.04132731429961059 0.7536051519627034 -21.814929400946305
2318808361859 PointCloud36.pcd PointCloud31.pcd 0.5141241127365368 -0.25235934033361235 0.40966836625495756 0.8766336709460674 14.29639988566241 0.6251294877008926 -0.622496046059741 0.47086282104962196 -16.55587171727799 0.738598596636362 0.6668361885275744 -0.09900308438030515 1.8044912067214738
2318808361890 PointCloud34.pcd PointCloud31.pcd 0.5980392679791552 -0.27112813168619426 -0.2020753288769847 0.9410925021843559 10.69096582347741 -0.8996111484382123 -0.2945260705897685 -0.32241925399800675 -8.448589606605289 0.3423292535177708 -0.9340342366327955 -0.10193491543017354 -20.81078837110331
2318808361921 PointCloud13.pcd PointCloud9.pcd 0.5736907054180275 0.5329902703755057 0.6081553146314143 0.5882758578852361 17.710700988020964 -0.020103247705193394 0.704167478308061 -0.7097492669421854 24.99364139780662 -0.8458825161431984 0.3664631983962805 0.38754031158631674 8.473983355897285
2318808361952 PointCloud16.pcd PointCloud18.pcd 0.5865782151447031 0.42994782692711264 0.31955026439885825 -0.8444125144994437 9.084423067426751 -0.5429287853421583 -0.6557607847245241 -0.5246009219057518 -4.557742398258832 -0.7213689764382316 0.6840068872022386 -0.10844988747048975 5.302545274434074
2318808361983 PointCloud19.pcd PointCloud15.pcd 0.5640902239733453 -0.7848061783854069 -0.6130058915479581 0.09112101456626748 -5.969066104160574 -0.4275273574585107 0.6419566224166317 0.6364841345705115 -10.066128167646726 -0.4486642631106647 0.4605599546887713 -0.7658883124479973 -1.0671480886252447
2318808362014 PointCloud15.pcd PointCloud12.pcd 0.6056214713248715 0.2530073127751871 -0.8414503663436804 0.4774396094401517 -21.186453269630483 0.9001821073496251 0.0239292471764872 -0.4348557976354398 -1.9339557271523318 0.35448479980087527 0.5398042905624709 0.7635128385302246 2.2370796647398503
2318808362045 PointCloud32.pcd PointCloud29.pcd 0.5715540554928558 0.5276091054303648 -0.30314382209027946 -0.7935568379111021 -2.0886837881181934 -0.4501350406534682 0.6924616140460327 -0.563804361679354 -21.803810418841834 0.7204214579278373 0.6546760543973333 0.22889339605123815 24.244715567989914
2318808362076 PointCloud26.pcd PointCloud23.pcd 0.5710358602101465 -0.0034070397803079022 0.616872835648181 -0.7870554597481093 6.265899431293036 -0.009366029078744342 -0.7870451901397301 -0.6168242425336512 11.720373078442075 -0.999950333556238 0.005270039590814846 0.008459143188274426 -0.9508083092215881
2318808362107 PointCloud30.pcd PointCloud26.pcd 0.5715139603134003 0.25400834240741876 0.1663970445288238 0.9527810795557959 9.991791001704248 -0.0028275244248288783 -0.984958074639313 0.17277035714625533 -17.189019836238305 0.9671978944833691 -0.046579123809816894 -0.24971707617231 0.5162309719356312
2318808362138 PointCloud20.pcd PointCloud16.pcd 0.6048011788277449 -0.12379869559736228 -0.503614757383003 -0.8550123151829163 -17.892352342629284 -0.04120958943295852 0.8635065500551031 -0.5026511790006072 -2.124554817660527 0.9914512860988978 -0.026992853831940167 -0.12765474192073284 -5.3870670015640085
2318808362169 PointCloud7.pcd PointCloud11.pcd 0.5748665665249768 0.49927414299927037 0.04219217957513134 -0.8654161716278732 -12.916019606192862 -0.06790870463370197 0.9976466782277453 0.009461144545906314 -0.992145453330793 0.863778755218787 0.05404558634935676 0.500964406548846 -9.778339203424473
2318808362200 PointCloud14.pcd PointCloud12.pcd 0.6684709352419111 0.11732962153517405 0.7714560115035374 0.6253713954327198 8.856656766764067 0.1266527806580906 -0.6362026627889902 0.7610553495060475 13.084187974062768 0.9849836714697289 -0.010089309949279868 -0.17235246665702514 17.473371112411918
2318808362231 PointCloud36.pcd PointCloud34.pcd 0.6883882648892022 -0.6709749442303771 0.6145161188356598 0.4149247689716772 -5.521468706559361 0.7367616030976165 0.6155741543769929 0.2797334457373313 2.1277944357456073 -0.08351625240677885 0.49339477110545804 -0.8657867147454504 4.656028443356323
2318808362262 PointCloud19.pcd PointCloud20.pcd 0.6904725388052992 0.06922442453535316 -0.45509378790101274 0.8877486261671473 3.985184101639679 0.14120049081917266 0.8853942289256328 0.4428763718890514 -13.264626028428907 -0.987557795999897 0.09469267975452281 0.12555037220467913 7.586769860076367
2318808362293 PointCloud31.pcd PointCloud30.pcd 0.694327978265985 -0.010999690735033485 0.8241009312126759 0.566336173997506 -0.3292023356770988 -0.43062879203519566 0.5072547221567194 -0.7464927932137169 -1.317677038144987 -0.9024621046193803 -0.2520918523556626 0.3493019434555854 -21.572894822750584
2318808362324 PointCloud18.pcd PointCloud15.pcd 0.6292679581328606 -0.13947511968377072 -0.9873603874188581 -0.0752738755829706 -11.524152630390619 0.05583159401895316 0.06805474162267808 -0.9961181582784111 5.594033258703417 0.9886503548264679 -0.1431363598068403 0.04563396106789483 12.654248078038286
2318808362355 PointCloud23.pcd PointCloud20.pcd 0.6463447502614358 -0.34759220776233335 -0.25777419357862863 -0.9015165679164163 -12.009280094847849 0.373641315309566 -0.9199119295849746 0.11897146422981428 1.1729557397585015 -0.8599836187955234 -0.2954902822972969 0.416069307292931 -21.020654600834582
2318808362386 PointCloud12.pcd PointCloud13.pcd 0.6748643990737901 0.15423982503188002 0.6764976433150584 -0.720111807265585 -16.304084862956206 -0.5441948910646169 -0.5501516832612809 -0.6333917002487077 7.692896974876998 -0.8246587154170533 0.48957539153224516 0.2832912619420941 15.210139455029292
2318808362417 PointCloud32.pcd PointCloud31.pcd 0.6844935158961691 -0.24192899232932477 0.7672662440814908 0.5939468607237517 -7.206126359231408 -0.14024390086867883 -0.633354086117281 0.7610481258551788 -15.567408067894783 0.9601052082660806 0.1008221815456597 0.2608311269168623 -22.222098835940667
2318808362448 PointCloud28.pcd PointCloud26.pcd 0.6584872139973083 0.9394945503470864 -0.2276414521646253 0.2559870292114559 -5.022363811289963 0.12196857376891287 -0.4760131822735627 -0.8709392156256218 -3.739408788978729 0.32011506818783686 0.8494650196201 -0.4194466873881828 6.976860075249092
2318808362479 PointCloud32.pcd PointCloud33.pcd 0.6843763974361704 -0.21049937369299254 -0.2508221439144707 0.94486944378417 5.486490709287047 0.25703443319197833 0.918319226697367 0.3010367054557116 1.3553810051999695 -0.9431984488052008 0.3062320198805131 -0.12883569447697618 -14.292622237345622
2318808362510 PointCloud21.pcd PointCloud20.pcd 0.7219902407807376 -0.9811081242395275 -0.16941259604851452 0.09341424329993303 -10.091004319884409 0.1305767583553981 -0.22360629847118432 0.9658933344119379 -12.466096163363176 -0.14274648411989774 0.9598435266146866 0.24150330367779513 -10.787859696643407
2318808362541 PointCloud35.pcd PointCloud33.pcd 0.7027835128745493 0.9941882058320488 -0.046041895346937825 -0.09731369511694388 11.185662492239747 -0.10176351161910273 -0.10696356385421413 -0.9890414469123903 5.078892598741614 0.035128323150993485 0.9931963249430937 -0.11102729858972649 -3.303142761865314
2318808362572 PointCloud17.pcd PointCloud16.pcd 0.7076170311380778 -0.0003919194202853249 0.9892840026429807 0.14600345377370816 5.201241140298329 -0.0004451257066522274 -0.14600362310648893 0.9892839551427506 -5.962413023915887 0.9999998241311213 0.0003227297036624277 0.0004975773960836649 -6.850351443734681
2318808362603 PointCloud1.pcd PointCloud0.pcd 0.6982328929829202 0.584087435219196 0.04899690748955601 0.8102105720585983 15.217562660749483 -0.17784846465505533 0.9816465101705995 0.06884804056560047 4.61730389180502 -0.7919670394902182 -0.18430798172174456 0.5820814171872832 12.389460756019037
2318808362634 PointCloud5.pcd PointCloud4.pcd 0.7219677218463357 -0.8413806310018996 0.14548886003233086 -0.5204917149977877 23.514154806194703 -0.5185362581852797 0.0541020418587611 0.8533423217056106 0.25763271384286174 0.1523114661542405 0.9878795274086845 0.029920838971191126 -3.3265661669765767
2318808362665 PointCloud29.pcd PointCloud28.pcd 0.7103329727645629 0.3700789240624121 -0.9105501120844779 -0.1842283456685006 -13.34950388018556 0.6261763047646405 0.39098172563216443 -0.6745639521742881 10.307746937889153 0.6862541987602755 0.13428247690834433 0.7148590008381042 7.590162945671121
2318808362696 PointCloud24.pcd PointCloud23.pcd 0.7010653899240856 0.03779581260793674 -0.5228296716088252 -0.8515988557030323 13.277789163839858 0.058685817538423 0.8518982274768583 -0.5204088631466938 -6.602875107207602 0.9975607507160418 -0.030307499190716153 0.06288087247845797 4.951866240709027
2318808362727 PointCloud19.pcd PointCloud18.pcd 0.7259803791945422 -0.06660280568840354 -0.7208176317558972 0.6899173921740579 -13.741032172903392 0.6963796827750282 0.4616142354084823 0.5495158187772154 6.078265183175783 -0.7145763805868369 0.5170437500038679 0.47121795051690657 3.157713191680368
2318808362758 PointCloud7.pcd PointCloud5.pcd 0.7196352285680804 -0.03775022315418634 -0.2139511923329244 0.9761146489788629 -6.097148120007693 0.011493169757148092 -0.9768392639496801 -0.2136655317433775 0.22934523774863266 0.9992211105159569 0.003152729859482728 0.039334877573098136 -16.952526614198494
2318808362789 PointCloud14.pcd PointCloud13.pcd 0.706281286175673 0.912412777480124 0.2368406033904564 0.3337805447845186 -13.742445020271907 -0.342094407586699 0.8890242258862671 0.30431454464949376 4.54429645491829 -0.22466495006767506 -0.3918449366432694 0.8921789090973407 -3.1555368408176534
2318808362820 PointCloud6.pcd PointCloud5.pcd 0.7717930508151195 -0.007816731272477007 -0.9858916539661621 -0.167202109293154 1.0890300595921991 0.7930768328257362 0.09573207409842016 -0.6015517494147238 1.1493034156113264 0.6090714538929844 -0.13730628765166042 0.781139518539426 -0.5088886697871505
2318808362851 PointCloud7.pcd PointCloud6.pcd 0.8455900369671983 0.5348215730753069 0.7964910546932232 0.28207779913869696 -2.360841836030268 -0.7164336748299697 0.6044446717594741 -0.34838115384045526 8.196823225644575 -0.4479828953686508 -0.015768277498143968 0.8939030634704537 2.9440214673307774
2318808362882 PointCloud5.pcd PointCloud21.pcd 0.11198133820285204 -0.5965955558165451 0.35203300819934946 0.7212118301290301 3.2336614315839176 0.7941092160422834 0.38887818709920013 0.4670806232281 2.2838172027288293 -0.11603575214845852 0.8513791850500909 -0.5115556543395697 21.715466295265287
2318808362913 PointCloud5.pcd PointCloud18.pcd 0.1739040944067385 0.8546502919153278 -0.3426250425907017 0.3901037794212778 4.123400566545661 -0.44306731736276284 -0.08958686303104252 0.89200086673569 -9.385053694921892 -0.27067366110135255 -0.9351910361856433 -0.22837139712322346 0.5298845574977185
2318808362944 PointCloud11.pcd PointCloud9.pcd 0.632737764366447 -0.026372932875782292 0.07279202906288564 0.9969983896257995 -0.6299303659137678 -0.009767711479412716 -0.9973164453409654 0.07255687193447485 8.324074893054636 0.9996044518828358 -0.007824855102099279 0.027013171206778323 5.5535607508844445
2318808362975 PointCloud18.pcd PointCloud19.pcd 0.6204207816324808 -0.8601258183915395 -0.4756534898357122 0.18422088411304538 7.426891863396778 -0.31589289535587894 0.780287529690326 0.539780556961297 17.037125202616636 -0.40049376424604144 0.40608512484068693 -0.8214010081459358 13.690088690270377
2318808363006 PointCloud14.pcd PointCloud0.pcd 0.21284907046690735 -0.6390029358010781 0.47176549546136637 0.6075463482975558 -0.6830929080602832 0.7353236600320485 0.14281742663359906 0.6624970170852311 -12.468348112443895 0.22577502748239417 0.8700807433461841 -0.4381610857019095 -4.390337134481642
2318808363037 PointCloud35.pcd PointCloud30.pcd 0.457691032210443 -0.94555531515103 0.09696810951815063 0.31068043344586804 9.584156720115837 0.3060052623343523 -0.06022346599429579 0.9501231044276939 -25.285170199256992 0.1108418937645902 0.9934637989781561 0.02727186657655584 -7.344148652756061
2318808363068 PointCloud30.pcd PointCloud18.pcd 0.17976360356479362 0.6826505948732113 0.7267613657268011 0.07619765486001448 -8.511463687985305 -0.6830454620046749 0.6716680700730762 -0.2868987634674118 -0.4244070451863912 -0.2596864689468269 0.14380514918188603 0.9549256604127384 -1.7220331250849679
2318808363099 PointCloud27.pcd PointCloud36.pcd 0.10834987371620489 0.12434046194863102 -0.9911644491689762 0.04617882876341939 -0.3187258972686375 0.025244933409010406 -0.04336484281218839 -0.998740298448525 5.3639945323709535 0.9919184154251678 0.1253496115328418 0.019629875929052076 -6.1384252378365325
