id source target overlap scale t1 t2 t3 t4 t5 t6 t7 t8 t9 t10 t11 t12
26875431820000 PointCloud20.pcd PointCloud0.pcd 0.12 82.29 0.7961667721461245 -0.12289944459936487 -0.5924645115511888 2.6461651615892774 0.2719601284800596 0.9473618338528225 0.16894746010558045 -1.483799214110686 0.5405147171424018 -0.2956370786558832 0.787681762056406 -1.645575436431347
26875431820001 PointCloud20.pcd PointCloud0.pcd 0.12 82.29 0.7619400518664949 0.4277901225243061 -0.48625401636626325 0.10938541352161524 -0.5111084490150825 0.8582958812299825 -0.04578573586877002 3.244551646616486 0.39776313392153356 0.2834145220949116 0.872617154288542 -3.6345340941941937
26875431820002 PointCloud20.pcd PointCloud0.pcd 0.12 82.29 0.8996150122679729 0.43189252048160764 0.06451108783875165 -1.7881662568220555 -0.426350647195593 0.8367430476422995 0.34363672367512704 2.771525692436142 0.09443492647317522 -0.33664509943606896 0.9368842626961376 -0.09554750397196843
26875431820003 PointCloud20.pcd PointCloud0.pcd 0.12 82.29 0.8724293270923926 0.36045643222634305 -0.33005791869878076 -0.3199011236406406 -0.42316458334657503 0.894997456671458 -0.14110736321234757 4.0786217961719355 0.24453794108529406 0.2627750235815375 0.9333544248309362 -2.5156618644726443
26875431820004 PointCloud20.pcd PointCloud0.pcd 0.12 82.29 0.9987866051483467 -0.049247495837604655 3.911477379030163e-05 -0.17659840379459713 0.0492474178967255 0.9987859418486774 0.001155074004380584 0.8691503265162028 -9.595178840320254e-05 -0.0011517461419196034 0.9999993321368164 -0.7794432191869264
26875431820005 PointCloud20.pcd PointCloud0.pcd 0.12 82.29 0.9756052540521614 -0.14507140476809383 0.16476855217070283 0.3569011268192419 0.11416253198969528 0.9763382417128867 0.18365879793435028 -0.40869451595456185 -0.18751347833027773 -0.16036809310957276 0.969082437234769 1.4071364532318054
26875431820006 PointCloud20.pcd PointCloud0.pcd 0.12 82.29 0.9942501114785993 -0.08479311558176816 -0.0653975792727052 0.4204742615774615 0.08585056124863458 0.9962161873845375 0.01352734734936841 -0.61719728424194 0.06400310115992272 -0.019063985494983088 0.9977675919265768 -1.3056116301768
26875431820007 PointCloud20.pcd PointCloud0.pcd 0.12 82.29 0.9786859328361096 -0.037374865129693347 0.20193306892446092 0.061016664178755065 0.07232182445089419 0.9830331131383264 -0.1685688351435829 -0.2283364657154017 -0.19220665591182814 0.17958011563117898 0.9647836977753534 -0.8991188756672748
26875431820008 PointCloud20.pcd PointCloud0.pcd 0.12 82.29 0.9716343658539165 0.22113611905638875 0.08381811224512291 -1.3036593780095131 -0.2211193685410327 0.9751994998644232 -0.009600016676729039 0.20350036631313628 -0.08386229157179244 -0.009206101936062335 0.9964348266391888 0.9107568033618046
26875431820009 PointCloud20.pcd PointCloud0.pcd 0.12 82.29 0.9877401659745355 -0.1558391478238742 -0.009139175352608898 0.7005848413378377 0.1559375721913921 0.9877025078624454 0.01127960731986749 -0.6842837534281768 0.0072689820230503735 -0.012566462022570741 0.9998946174135472 -0.23614146515914114
26875431820010 PointCloud20.pcd PointCloud0.pcd 0.12 82.29 0.9536370149830283 -0.25791131164441655 0.15510705651296453 1.2493355968063202 0.24476542224545608 0.9645225742287283 0.09892467779169485 -1.4494897966813622 -0.17511805083218268 -0.05637339025678419 0.9829321996677559 1.02953968742122
26875431820011 PointCloud20.pcd PointCloud0.pcd 0.12 82.29 0.8969031892826088 -0.4235128024556428 -0.12728540847580488 2.5194748326128353 0.31420265878906584 0.8128270806902288 -0.49049854852637653 -0.42796632889605435 0.3111934418726826 0.39993629874364733 0.86209604956911 -3.9684933805051585
26875431820012 PointCloud20.pcd PointCloud0.pcd 0.12 82.29 0.8288571194571349 -0.5594497628115975 0.003440699822379433 2.2317648311949974 0.5592337683797513 0.8286807862629627 0.02336122390587523 -2.6685967638365606 -0.015920673007234744 -0.017438961226084113 0.9997211685276808 0.581329571371368
26875431820013 PointCloud20.pcd PointCloud0.pcd 0.12 82.29 0.9082319063659298 -0.40253209066211165 0.11437971955770242 2.160313401406392 0.39412706349484533 0.9146906390533864 0.08947006565906736 -1.7129015971710877 -0.1406366313584027 -0.03617942530357847 0.9894000136976266 1.3735618397600846
26875431820014 PointCloud20.pcd PointCloud0.pcd 0.12 82.29 0.884430059135866 0.30444956521623506 -0.35368620659643185 0.013420065924040436 -0.28027035901281966 0.9525084358771994 0.1190638712691483 1.7210684373125928 0.3731380392773613 -0.006175906606853715 0.9277552812147338 -1.703898800661435
26875431820015 PointCloud20.pcd PointCloud0.pcd 0.12 82.29 0.9961762431309519 0.08733196063636244 0.0024538282155916885 -0.2437522290810321 -0.06805679356910123 0.7933079505036491 -0.6050047673504668 2.1018246560737674 -0.054782893959661655 0.6025243765351811 0.7962180669956541 -1.54147873873457
26875431820016 PointCloud20.pcd PointCloud0.pcd 0.12 82.29 0.813842542822399 0.5805235377878463 0.025548729257140572 -1.187642697649332 -0.5803087858900856 0.8142412837889887 -0.01590109406406672 4.36095176672074 -0.030033789490280773 -0.0018851652294875395 0.9995471062640875 -0.1938032362716029
26875431820017 PointCloud20.pcd PointCloud0.pcd 0.12 82.29 0.8910779563965572 0.4468767722512189 0.07925418630247581 -1.8442942376953386 -0.4102680838722411 0.8678015930301841 -0.2803577972699785 3.1635036198324107 -0.1940622966470691 0.21730518989800235 0.9566181471535328 -0.4523504165737521
26875431820018 PointCloud20.pcd PointCloud0.pcd 0.12 82.29 0.9790333382232833 0.12723610938958013 -0.1590744954880477 0.053438041418665705 -0.10135413878654098 0.9816704729058179 0.1614014286668691 0.4993876139587952 0.17669482504649847 -0.1418945210086374 0.9739840264139431 -0.3373005896977386
26875431820019 PointCloud20.pcd PointCloud0.pcd 0.12 82.29 0.7503269458913633 -0.6345069154498467 -0.18550053508187048 4.255452101783561 0.6554226402944577 0.7506221092768314 0.08359193534212844 -2.2824780915276413 0.08620114186471751 -0.18430253202580177 0.9790821925814488 0.007709946231345022
26875431820020 PointCloud20.pcd PointCloud0.pcd 0.12 82.29 0.9999560434495397 -0.003792077024302631 -0.008575040558739689 -0.4240226344218918 0.003647795246062713 0.9998525637555012 -0.01677928310132148 0.9408504878317783 0.008637404620896075 0.016747265549732184 0.9998224464063716 0.9342950245304946
26875431820021 PointCloud20.pcd PointCloud0.pcd 0.12 82.29 0.9686840600422152 0.24806572078043296 0.010704671588329141 -1.266395783481698 -0.2477573911269252 0.9685214740296468 -0.024133575893755685 1.698500821155851 -0.016354417204825607 0.020725648774505244 0.9996514295096897 -0.6964961296947225
26875431820022 PointCloud20.pcd PointCloud0.pcd 0.12 82.29 0.7701886718867514 -0.39650097426992614 -0.4995962240653156 3.8049765841762313 0.32226606811836045 0.9178692082875092 -0.23164778828469998 -1.9734555989914289 0.5504125643886175 0.01740959162818778 0.8347112764797691 -2.509639952487009
26875431820023 PointCloud20.pcd PointCloud0.pcd 0.12 82.29 0.9215950405639324 0.29007733113255707 -0.2579103006298449 -0.35559406239425684 -0.2549715431012085 0.95341207988494 0.16122939601096792 1.4080940224118101 0.29266378904222623 -0.08282842442353816 0.9526213091732526 -1.6927532791222673
26875431820024 PointCloud20.pcd PointCloud0.pcd 0.12 82.29 0.9259842500545313 0.26575681360121955 0.26819113459522465 -0.6933209591363099 -0.21123666483305786 0.9534028173390953 -0.21541155800022002 1.6621082000140595 -0.3129412725754684 0.14281590917822293 0.9389735757754017 0.6259910608186572
26875431820025 PointCloud20.pcd PointCloud0.pcd 0.12 82.29 0.829752083144669 0.4619228637918012 0.3132710462578107 -1.2584024841740087 -0.5542606253636654 0.7479539137950959 0.36518502435077566 3.5366687714614486 -0.06562499286522509 -0.47664684069547675 0.876641973422708 1.811395552099393
26875431820026 PointCloud20.pcd PointCloud0.pcd 0.12 82.29 0.9515725691702976 -0.019187913927330574 -0.30682481901201647 1.1695895152453195 -0.015164993191627675 0.9939054388038883 -0.10918791919231897 0.1773952613101057 0.3070499447714284 0.10855322507953342 0.9454821673308784 -0.9677314730436097
26875431820027 PointCloud20.pcd PointCloud0.pcd 0.12 82.29 0.7716354001889292 0.6260474994028586 -0.11244259720719257 -0.7607536815869262 -0.6360330906998293 0.7612178720845282 -0.12652769955201812 4.771411099047235 0.006380964667979702 0.16915046470681275 0.9855695833270096 -1.9473584506785668
26875431820028 PointCloud20.pcd PointCloud0.pcd 0.12 82.29 0.9238124004710059 -0.36528790005676737 -0.11460976750746443 2.3570299082850044 0.34762422205904686 0.9257772022084048 -0.14864041209920342 -1.5235023702735286 0.16039965390810668 0.09747472463821412 0.9822273815582948 -1.9963524889240398
26875431820029 PointCloud20.pcd PointCloud0.pcd 0.12 82.29 0.9733519942835468 0.18313120213840564 -0.13801760042684627 0.24716608776999216 -0.19772396008784907 0.9750798148143386 -0.10062102339379043 1.322013097850179 0.11615132729082718 0.1252290603054158 0.985305308837622 -0.032212793913293014
26875431820031 PointCloud2.pcd PointCloud11.pcd 0.13 53.43 0.899008726960362 -0.3769401547038502 0.22293368659972934 -0.4692313498764359 0.4167826342734797 0.8927187710177472 -0.17130508352241489 0.4770745479578692 -0.134445322035271 0.24691965422865828 0.9596640765072078 -1.1874339520414179
26875431820032 PointCloud2.pcd PointCloud11.pcd 0.13 53.43 0.9204411395881472 -0.39088117533075106 0.0001237971067862137 -1.046556825846841 0.3869599817682172 0.9111627319834105 -0.14157841768599028 -0.01005377721316622 0.05522753899653691 0.13036250464216453 0.9899270358565866 0.39449270365189615
26875431820033 PointCloud2.pcd PointCloud11.pcd 0.13 53.43 0.9757638065861507 -0.19301414666793257 0.10310447586091916 0.16629530409172377 0.21176738182417684 0.9516103168614378 -0.2226934683330591 0.204151866743651 -0.05513229318501407 0.23913039126995908 0.9694210056622654 -0.5608207286061253
26875431820034 PointCloud2.pcd PointCloud11.pcd 0.13 53.43 0.9547214571813881 0.017948194037061563 0.2969592590377589 -0.2119818876303068 0.16198942137861583 0.8058707297402808 -0.5695013558449956 0.988419793670551 -0.2495322956229675 0.5918194228636596 0.7664746598306149 -0.10232531568684722
26875431820035 PointCloud2.pcd PointCloud11.pcd 0.13 53.43 0.9992704819602506 0.037872297740055606 -0.0049186326165929885 -0.08158671225822345 -0.03757194929689623 0.9979853365689805 0.05112354271106624 0.4446470207286935 0.006844889258409669 -0.05090144454912193 0.9986802243129943 1.4341993834458904
26875431820036 PointCloud2.pcd PointCloud11.pcd 0.13 53.43 0.9188747788334681 0.36016640706795844 -0.16108786435825256 0.22318481242522858 -0.38124287327979745 0.9156495989836726 -0.1274350165943572 0.4640189853603395 0.10160222633933491 0.1785104229472258 0.9786781986445255 0.20850818733230114
26875431820037 PointCloud2.pcd PointCloud11.pcd 0.13 53.43 0.8523951339923255 -0.43102668667369387 -0.29603805654223386 1.4017515702789438 0.4827058937256771 0.8662944430233199 0.1285649958169459 -0.42640884250909084 0.20104117913676506 -0.25248749149613986 0.9464842898481125 0.4488558911708007
26875431820038 PointCloud2.pcd PointCloud11.pcd 0.13 53.43 0.9835393040936617 -0.17689752246050672 0.036847033127377575 0.024812771548950008 0.17483055725415142 0.8800992284275985 -0.44142907060064435 0.5932301997652265 0.04565866350604692 0.44060482824009123 0.896539275089698 -0.39868445073921244
26875431820039 PointCloud2.pcd PointCloud11.pcd 0.13 53.43 0.995994240660369 0.08914403198156326 0.006986711203769418 -0.21842907604297834 -0.08909989104877411 0.9960021733922376 -0.006393747964661097 -0.5161955573134618 -0.00752874401686204 0.005745620941991305 0.9999551519210846 0.8711756953164951
26875431820040 PointCloud2.pcd PointCloud11.pcd 0.13 53.43 0.9822097743679138 -0.17540375090483765 -0.06706327836189949 0.5427228842427045 0.1812390110023103 0.9789331815650754 0.09403322243645407 -0.2766058117632283 0.04915668852797557 -0.10451483243728069 0.993307741726385 -0.8990241234153676
26875431820041 PointCloud2.pcd PointCloud11.pcd 0.13 53.43 0.9533939357676665 -0.2936482446465861 0.06935929395125856 0.1336294022987885 0.2939968604311761 0.9557913668481338 0.005358088762560503 -0.539915734034982 -0.06786640772908142 0.01528304532986302 0.9975773550093222 -0.2701714148118677
26875431820042 PointCloud2.pcd PointCloud11.pcd 0.13 53.43 0.9431834385750479 -0.3060804148429736 -0.12930499157921896 0.34969037506247547 0.2691696359416143 0.9319964562179205 -0.24275566457715586 0.0762337380488962 0.19481454844237775 0.194158144940641 0.9614311761475188 0.22762166311822196
26875431820043 PointCloud2.pcd PointCloud11.pcd 0.13 53.43 0.7367321498720986 0.6748384761675426 0.04264704478278518 -0.5311391277445496 -0.6755262408332054 0.7373320793302949 0.0023880402471362448 1.0062914290458922 -0.029833492765579006 -0.030568543870014023 0.9990873469497416 0.687008158422578
26875431820044 PointCloud2.pcd PointCloud11.pcd 0.13 53.43 0.9981035320672933 -0.026893023557415994 0.055372416948638085 -0.5682733870124359 0.035169041863495634 0.9873848875652732 -0.154383361480816 0.4925962173564302 -0.05052205230587179 0.15603797323617374 0.9864581456600933 -1.0679551920086803
26875431820045 PointCloud2.pcd PointCloud11.pcd 0.13 53.43 0.7461341107717323 0.24327046531951915 -0.6197607356440878 1.2976024475128285 -0.2702992631932378 0.9613739499704284 0.05194647856639581 0.7321810975214732 0.6084588704752928 0.12876183060783541 0.7830697248128355 -1.2624346258093178
26875431820046 PointCloud2.pcd PointCloud11.pcd 0.13 53.43 0.8229659556543807 -0.032915992969718894 -0.5671362915919674 0.17361974397472413 0.24885664138098448 0.9183247741710604 0.3078148488690027 -0.943880256755904 0.510683275499059 -0.3944567739949313 0.7639413888349444 -1.1818544026879028
26875431820047 PointCloud2.pcd PointCloud11.pcd 0.13 53.43 0.9914011133101419 0.1066775461279666 0.07578742428349679 0.7472331612697215 -0.0750384754335621 0.9379284704592519 -0.3386139564556888 0.6684522999840946 -0.10720568889764152 0.3300152806372517 0.9378682502430169 -0.506453250815929
26875431820048 PointCloud2.pcd PointCloud11.pcd 0.13 53.43 0.8220018077713038 -0.02907862874490528 0.5687419989512155 -0.6710156018739506 0.011473082860058976 0.9993384218863532 0.03451212701905282 -0.0891911082673516 -0.5693692970211817 -0.021843806719731407 0.8217916108829515 0.21248276535666305
26875431820049 PointCloud2.pcd PointCloud11.pcd 0.13 53.43 0.9475163735707255 0.28071574711082187 0.15300781398149094 -0.02524925430496283 -0.31960735553888836 0.8197347969233951 0.47527465848538447 -0.2452653334235808 0.007991251517755357 -0.49923294366154697 0.8664309596628036 1.848717168520158
26875431820050 PointCloud2.pcd PointCloud11.pcd 0.13 53.43 0.7766899955398004 0.552035759684632 -0.30333013509672213 -0.173302665704117 -0.40450403561617904 0.8062798360804385 0.4316124547557981 -0.6767171898744374 0.4828344809545084 -0.21253081178857833 0.8495301748860238 1.0228027079903415
26875431820051 PointCloud2.pcd PointCloud11.pcd 0.13 53.43 0.9730848926138758 0.21432898015232418 -0.08466923900394145 0.08249387784908102 -0.22984335522210284 0.8760800833750224 -0.42385813614210593 0.6955644937016614 -0.016668048082729828 0.4319106108681267 0.9017623857716807 0.25273793159071856
26875431820052 PointCloud2.pcd PointCloud11.pcd 0.13 53.43 0.9736297209781696 -0.15530351688246036 -0.1671106940680666 -0.02130870492272141 0.11220051551912667 0.9637745699620489 -0.24197029282891294 0.4284245373880794 0.19863587476891936 0.21683956266882434 0.9557847002941505 0.670901885712011
26875431820053 PointCloud2.pcd PointCloud11.pcd 0.13 53.43 0.9608992312014554 -0.26206122053431324 -0.08942362198277364 0.34423900974419186 0.22804437032346384 0.9321431766052986 -0.28125586833337024 0.11962537416113933 0.15706187519645515 0.24986599408532817 0.9554572477926597 -0.5179146116757589
26875431820054 PointCloud2.pcd PointCloud11.pcd 0.13 53.43 0.9947646646852624 -0.09789599044426522 -0.029319565968031456 -0.4406311233947097 0.09885473815651957 0.9945459118359462 0.033259133999732675 -0.3866562135632505 0.025903718606087655 -0.03598338929759883 0.9990166130035246 0.08022634426886599
26875431820055 PointCloud2.pcd PointCloud11.pcd 0.13 53.43 0.8377381152798979 0.4943476658695537 -0.23198111012883899 -0.15465108526915206 -0.3205302732031864 0.7890881596083764 0.5240231104886083 0.20684378610481635 0.4421031487872204 -0.36463716433626125 0.8195026200185301 0.11359514709888274
26875431820056 PointCloud2.pcd PointCloud11.pcd 0.13 53.43 0.8997533677227345 -0.43597956239198327 0.01912324366033133 0.6881070647443049 0.4302331879129337 0.893529350066791 0.12847063706346357 -0.5171708665177281 -0.07309775160613288 -0.10736443426811634 0.9915289188744901 1.2447570912987382
26875431820057 PointCloud2.pcd PointCloud11.pcd 0.13 53.43 0.931767903092344 0.36228302172156673 -0.023655590019845872 -0.4044527532314129 -0.36028869394064705 0.9307320025798219 0.06268968330034189 0.6799020439355643 0.044728422568194294 -0.049889393121637024 0.9977526831176732 -0.3145441496564465
26875431820058 PointCloud2.pcd PointCloud11.pcd 0.13 53.43 0.9654562863322929 -0.2564200677607374 -0.046291554640524285 0.8873505678602135 0.24772884684575877 0.9583671712001085 -0.1419957168592508 -0.380414960253187 0.08077485761007808 0.12562290402422951 0.9887842577441203 -0.37932812170458763
26875431820059 PointCloud2.pcd PointCloud11.pcd 0.13 53.43 0.9061865747511711 -0.003929525439173919 0.4228598474324126 -0.24418370929583744 -0.06447188132213984 0.9869832129106095 0.14733470043216085 0.016299260041491348 -0.4179345262831539 -0.16077529742617036 0.8941375931466042 0.6818521165943717
26875431820060 PointCloud2.pcd PointCloud11.pcd 0.13 53.43 0.9969176692964334 -0.07164732972180131 0.03196593168206365 0.5380470077943489 0.0709333615306622 0.9972172818565085 0.02293798135576005 -0.9799317969066937 -0.033520424617347035 -0.020599827922881085 0.9992257143523782 -0.2842079612367494
26875431820062 PointCloud12.pcd PointCloud22.pcd 0.12 218.98 0.9258201063083603 0.37222834373796304 0.06559871091164385 0.4084324177959857 -0.3721117165431345 0.928075555546498 -0.014444154817125021 1.9394179968051404 -0.06625708389673116 -0.011037359972023545 0.9977415374325906 -0.9197800921421982
26875431820063 PointCloud12.pcd PointCloud22.pcd 0.12 218.98 0.8042531563613926 -0.5924457173348846 -0.04674326148538675 0.7350674217142634 0.5942845757485361 0.801540851663418 0.06601595369351845 -2.801460560604205 -0.001644235420980314 -0.08087233844916572 0.9967231116833019 -0.11822929583491226
26875431820064 PointCloud12.pcd PointCloud22.pcd 0.12 218.98 0.9888618412627451 0.1234876607838619 0.08308463473220064 -0.34918860417155795 -0.12005875027035819 0.9917422308904097 -0.045091506428960496 0.6465940095898082 -0.08796678565216028 0.03461423266003559 0.9955218227238335 1.310803803820607
26875431820065 PointCloud12.pcd PointCloud22.pcd 0.12 218.98 0.8849434688653202 0.44336084901495487 -0.14249987534504255 0.7811952349774232 -0.46538989302022404 0.8530753903969133 -0.23595471127692855 2.0300691137432274 0.016950055670666028 0.2751245824347448 0.9612591532739071 1.300762496049507
26875431820066 PointCloud12.pcd PointCloud22.pcd 0.12 218.98 0.994632340778393 -0.0918297314875006 -0.04768445336405045 -0.2762680028250637 0.08926116814267707 0.9945724349670652 -0.05346134552635011 -0.2898295286242042 0.05233498389700234 0.04891801323251593 0.9974307381677606 0.2682344372187646
26875431820067 PointCloud12.pcd PointCloud22.pcd 0.12 218.98 0.8197119673800172 0.07394939419714333 -0.5679821983406321 1.6111814585337263 -0.19338628533408928 0.969132630890833 -0.15291725993914046 1.5039603958224412 0.5391419434422291 0.23518807546405907 0.8087104141661885 -1.4095976073625294
26875431820068 PointCloud12.pcd PointCloud22.pcd 0.12 218.98 0.97816639204794 -0.20782326448887745 1.4321387961369059e-05 0.620894236539649 0.19401630836283412 0.9131561809222076 -0.35847379448549127 -1.4205338139894175 0.07448611653975344 0.3506497967784306 0.9335397894369966 -0.6413378013557538
26875431820069 PointCloud12.pcd PointCloud22.pcd 0.12 218.98 0.9609399395535315 -0.272634735691552 0.047589215850366004 0.3036934749083917 0.2481760158131427 0.7727647481491976 -0.5841603454472255 0.1564661795187684 0.12248713298126417 0.5731535090290425 0.8102419128517886 0.17786569083758064
26875431820070 PointCloud12.pcd PointCloud22.pcd 0.12 218.98 0.9665960102559419 0.25200634617535683 0.046743496281742125 -0.6302274736532767 -0.25422780971606246 0.9658543779889414 0.04993537109673522 1.54054842947986 -0.032563380111231666 -0.060150827150932354 0.9976580096750539 -0.2550610868863823
26875431820071 PointCloud12.pcd PointCloud22.pcd 0.12 218.98 0.7751556213642192 -0.6155628988132933 0.14218326298135944 0.33545416531897754 0.5517207045641013 0.7692177568789869 0.32234811408995634 -2.936787223555683 -0.30779543015246813 -0.17142450264368583 0.9358822645347128 0.8418304276764111
26875431820072 PointCloud12.pcd PointCloud22.pcd 0.12 218.98 0.9968603566231621 -0.04245276978371141 -0.06683705357684008 -0.2585295018471818 0.03284358630207127 0.9897732215670589 -0.1388173933899648 0.009244926319704909 0.07204670868235821 0.136186387742891 0.9880599878355476 -1.5216017350682314
26875431820073 PointCloud12.pcd PointCloud22.pcd 0.12 218.98 0.8632243945300085 -0.19408213869149227 0.4660212099564104 0.6141914662496237 0.09406986962052988 0.9688158115283997 0.22923085080796823 -0.7571493868253146 -0.49597833049224727 -0.15403910793530595 0.8545627238000839 3.0928162525384315
26875431820074 PointCloud12.pcd PointCloud22.pcd 0.12 218.98 0.9647042141553218 0.2618669272746715 0.0277757374462846 0.8350973709961718 -0.2612196005510244 0.9649586607655278 -0.02488178654281628 -0.10310645767065663 -0.03331815539501328 0.016747997292839448 0.9993044606663941 -0.10454352735588168
26875431820075 PointCloud12.pcd PointCloud22.pcd 0.12 218.98 0.807748927051177 0.5894652782412011 0.00850626802396967 0.9404591755916032 -0.5891858646005377 0.8076884967347593 -0.022345227617136983 2.4041943521233033 -0.020042150647801637 0.013037560752230252 0.9997141262416185 0.33873699580734407
26875431820076 PointCloud12.pcd PointCloud22.pcd 0.12 218.98 0.9443886896983767 0.3157316849348621 -0.09188855150657388 1.782797381812049 -0.31973504611277975 0.946955422165578 -0.032325357205615024 0.9247123577083336 0.07680822258744102 0.05990769198863369 0.9952444751836371 -0.4007815454853658
26875431820077 PointCloud12.pcd PointCloud22.pcd 0.12 218.98 0.8368753839644301 -0.5439916446570536 0.06093178364123092 0.5943294449796523 0.4796239145466639 0.7823575445225754 0.39733810932698244 -3.2384420784857344 -0.26381905221064356 -0.3032981422164016 0.9156471725608928 1.6614026457591706
26875431820078 PointCloud12.pcd PointCloud22.pcd 0.12 218.98 0.9907999513601514 -0.11214268661917634 0.07575931772762219 0.4114692895680552 0.11683896891677115 0.9912950217909567 -0.060686366796277987 -0.571877343941998 -0.06829430230397986 0.06897968983910997 0.9952776952501813 1.605474209141141
26875431820079 PointCloud12.pcd PointCloud22.pcd 0.12 218.98 0.9721581574398155 -0.21601602121563301 0.09080526141909603 -0.7319687992201689 0.2073644089987839 0.9735487061092266 0.09593184410630236 -1.1983910051027546 -0.10912616003419282 -0.0744311454380356 0.9912373508827106 0.9899126230322539
26875431820080 PointCloud12.pcd PointCloud22.pcd 0.12 218.98 0.7183972851284263 -0.629897182290909 -0.2951861793209164 1.609534296112122 0.584923617794787 0.7766642583515604 -0.2337883468975277 -2.7574990680908424 0.3765231760011125 -0.00470845422556454 0.9263952333603844 -1.5881541671592478
26875431820081 PointCloud12.pcd PointCloud22.pcd 0.12 218.98 0.9934174788777647 0.07380768306745553 0.08760216082015368 0.7033139446467995 -0.07024303910942375 0.9965982240462952 -0.04310330943724066 0.28110338156735715 -0.09048551329808541 0.036666138983871686 0.9952225711544114 -0.783951291939759
26875431820082 PointCloud12.pcd PointCloud22.pcd 0.12 218.98 0.7198569219277446 -0.447382797173553 0.5307114514930691 -0.19482489651530344 0.47390434085694444 0.8754191351252945 0.09516308934364412 -1.5358775935217306 -0.5071692889653885 0.1830026520290046 0.8421931736132116 2.7154329021998054
26875431820083 PointCloud12.pcd PointCloud22.pcd 0.12 218.98 0.9972977421167548 0.032401644748940764 0.06593441427954003 0.19330377751957872 -0.027777273848106184 0.9971683973541641 -0.0698828331973967 0.7822845295317564 -0.06801203295292596 0.06786251347902826 0.9953738205508113 0.5620919324034312
26875431820084 PointCloud12.pcd PointCloud22.pcd 0.12 218.98 0.992893776672053 0.1045961623235015 -0.056759061594631434 -0.14532162743141885 -0.1021546370346973 0.9937797369654426 0.04434258144498207 0.3098257954454648 0.06104406914858062 -0.03822927182266675 0.9974026992131574 0.7495034946561796
26875431820085 PointCloud12.pcd PointCloud22.pcd 0.12 218.98 0.9922239831605207 -0.11811260295705767 -0.03925532147084211 1.0239218288612149 0.12423170920151438 0.959122976543993 0.2542628527611955 -1.5002177958561913 0.007619033399393509 -0.25716245621804795 0.9663381506708506 0.10660174649817522
26875431820086 PointCloud12.pcd PointCloud22.pcd 0.12 218.98 0.8856623274630208 -0.4424603998738204 0.1408227121464582 0.0499228427203775 0.3630906113392754 0.8489812757355735 0.3839218688843731 -2.2876814576854136 -0.28942606943752763 -0.2888937313163742 0.9125639497240982 -0.21214612732693594
26875431820087 PointCloud12.pcd PointCloud22.pcd 0.12 218.98 0.9812979026250287 0.1782056773475354 -0.07278161076004008 1.1835282157149143 -0.1762985947472102 0.9838200759680366 0.03188829898890693 0.47674507412171463 0.0772866857477976 -0.01846062521566069 0.9968379876001758 -0.912129745699025
26875431820088 PointCloud12.pcd PointCloud22.pcd 0.12 218.98 0.9524760718137986 0.22455649117744614 0.20582447593089923 -0.18889159305556014 -0.17735281480209075 0.9581648013981172 -0.2246468171229718 1.1484840650121046 -0.2476596691105176 0.1774671677572508 0.9524547719783281 1.1351868696581475
26875431820089 PointCloud12.pcd PointCloud22.pcd 0.12 218.98 0.9094585764846402 -0.41451271165782616 -0.032623757181045286 0.20482028891544246 0.40573967229155045 0.8675793481100421 0.2875437237390165 -2.1041866919457393 -0.09088683065921696 -0.274745858216335 0.9572117307083593 -0.9297507153629972
26875431820090 PointCloud12.pcd PointCloud22.pcd 0.12 218.98 0.9899133556528106 -0.13224825390073922 0.050812868846365086 -0.5304943231610695 0.10253288894924496 0.9162665484256227 0.3872242488790157 -1.0059984915755886 -0.09776786273573788 -0.37810846535934856 0.9205842891553626 -0.4987583218157626
26875431820091 PointCloud12.pcd PointCloud22.pcd 0.12 218.98 0.8400183804688232 -0.538737164011668 0.06427587873534121 0.2793367076414741 0.48973870811294445 0.803887423598601 0.3375218629301922 -2.9260656080034995 -0.23350614178303628 -0.2520461828567699 0.9391206543660575 1.3318708313761147
26875431820093 PointCloud30.pcd PointCloud19.pcd 0.15 76.57 0.9889305512208915 -0.1246072852832871 0.08055674593895326 0.8649015542284779 0.1275320308785083 0.9913108860602647 -0.03222279128839873 0.032528221907092036 -0.07584158464817808 0.042139668161270634 0.9962290411372834 0.32005157814915797
26875431820094 PointCloud30.pcd PointCloud19.pcd 0.15 76.57 0.9974245989328986 -0.07172285038766009 4.6645637648493304e-05 -0.20866990042664657 0.07172286550732425 0.9974244112485195 -0.0006118896651154482 -0.921522373876805 -2.6390267640294722e-06 0.0006136593626145279 0.9999998117075932 -0.3358043789115246
26875431820095 PointCloud30.pcd PointCloud19.pcd 0.15 76.57 0.9651047871666826 0.2550164778587434 -0.05949240126666006 -2.5641358579509625 -0.24614068185857982 0.805896681593984 -0.5384656937354487 4.556280450452393 -0.0893728959033199 0.5343193189622902 0.8405446751134222 -5.984051582642864
26875431820096 PointCloud30.pcd PointCloud19.pcd 0.15 76.57 0.9357048585976027 0.05310482432475953 -0.3487639534560255 0.4465684568905477 -0.09978414778382746 0.9880752084470065 -0.11726255286091854 1.738924793663875 0.33837780874031265 0.14452425431684768 0.9298457928421591 -2.97665391443074
26875431820097 PointCloud30.pcd PointCloud19.pcd 0.15 76.57 0.8821013891122785 -0.43780059916808634 -0.17386136630733412 5.515444363483824 0.39713157440743063 0.889659780386699 -0.22537077843182268 -0.5711846752339531 0.25334492679914433 0.12975403858976775 0.9586345693405705 -2.7641469856786873
26875431820098 PointCloud30.pcd PointCloud19.pcd 0.15 76.57 0.9714255551360449 -0.23227275177387194 0.04880327460345638 2.6827603363777603 0.23144188011888087 0.9725973305801917 0.022115349314964384 -0.8517639944049842 -0.05260272764472094 -0.01018829385513485 0.9985635441536291 0.1452425831979316
26875431820099 PointCloud30.pcd PointCloud19.pcd 0.15 76.57 0.9902101905215527 0.13841625607363206 -0.018019951216059895 -1.398103089227975 -0.1381736581279644 0.9903079070041041 0.014081531333172314 0.8253486811212295 0.01979441302001359 -0.011453793245445314 0.9997384617156048 1.395486143030525
26875431820100 PointCloud30.pcd PointCloud19.pcd 0.15 76.57 0.9997213214685831 0.021520743981988208 0.009702421325198702 -0.5816780960252936 -0.021513777673144906 0.9997682141381413 -0.000821808531244895 -0.2512392828296125 -0.009717858372112859 0.0006128437755687971 0.9999525927018572 -0.06908698558412918
26875431820101 PointCloud30.pcd PointCloud19.pcd 0.15 76.57 0.9878603451509578 -0.027099207506926362 -0.15296264717481584 0.2404029378441832 -0.021294355416678394 0.9517493283709202 -0.3061368425604644 1.0141332810317576 0.15387816253653025 0.3056776879296213 0.9396183598655267 -3.9249819962472645
26875431820102 PointCloud30.pcd PointCloud19.pcd 0.15 76.57 0.823177326748149 -0.3544703739969193 -0.44354237980857614 5.337278686624486 0.43766815217591637 0.8937818852530005 0.09798229515841618 -1.3295373632280318 0.3616983236050313 -0.2747811775796812 0.8908813765868235 1.5667076248235086
26875431820103 PointCloud30.pcd PointCloud19.pcd 0.15 76.57 0.809992813519909 0.13945128638867008 0.5696182763664166 -2.2376625960148293 0.11126991058596682 0.9171261112858418 -0.38275148986764385 0.16286958439972854 -0.5757869823504984 0.37340733083625344 0.7273488270654266 -0.4767459623851269
26875431820104 PointCloud30.pcd PointCloud19.pcd 0.15 76.57 0.9708508098803393 -0.23665444587882734 -0.03799181754634088 3.0945993921178028 0.23896145348361358 0.9679885067935128 0.07678329547931775 -0.6845654182308278 0.01860453449264588 -0.0836237045427349 0.996323716135906 -0.4427316749279373
26875431820105 PointCloud30.pcd PointCloud19.pcd 0.15 76.57 0.9902636598368633 0.029811964057757212 0.13597474326329975 -0.49838252823967366 -0.0927460724162232 0.8697159619818478 0.4847600556206689 0.9281287399477829 -0.10380775528767573 -0.4926513902071203 0.8640130541080533 6.214103055078823
26875431820106 PointCloud30.pcd PointCloud19.pcd 0.15 76.57 0.907138161168299 -0.42082618643404 -0.0023827218847239516 5.399084870992117 0.4208310748758167 0.9071027978625804 0.008106819890901128 -1.386867149640309 -0.0012501884106340447 -0.008356729100633151 0.9999643004166082 1.4557447824015977
26875431820107 PointCloud30.pcd PointCloud19.pcd 0.15 76.57 0.9717277942184112 -0.18506708574512318 -0.14661264514777841 2.4035218347412934 0.1826933054156433 0.9827238727727474 -0.029613274706446785 -0.7650902961569748 0.1495601888863732 0.0019908933523009875 0.9887506188336532 -2.013144227944138
26875431820108 PointCloud30.pcd PointCloud19.pcd 0.15 76.57 0.9585430550903395 0.19392120956467984 0.2087816467485828 -2.8412717879113467 -0.1834008386356079 0.9806268410057651 -0.06881228877758386 1.231391788891688 -0.21808104898370745 0.027668812407210582 0.9755383605446485 1.5753950143287117
26875431820109 PointCloud30.pcd PointCloud19.pcd 0.15 76.57 0.9709054371457925 -0.10452963729296798 -0.21544416225123875 2.1394040981989733 0.09993242827941358 0.9944745889706397 -0.03215278634670893 -0.20653455052872383 0.2176146637957042 0.009687456791016444 0.9759866860167739 -0.9683257704879509
26875431820110 PointCloud30.pcd PointCloud19.pcd 0.15 76.57 0.9860349979165519 -0.09041757816243223 0.1398557987462294 0.5446286515341061 0.0826767903906625 0.9947556964892651 0.060213392470905985 -1.0632611455258334 -0.14456670161003127 -0.04780968376173762 0.9883393662726375 2.2210331808175123
26875431820111 PointCloud30.pcd PointCloud19.pcd 0.15 76.57 0.8843604001830505 -0.30355166232718545 -0.3546308938692135 5.013832401111617 0.2459398440298143 0.948692660296594 -0.1987355766287505 -1.095497139538476 0.39676224077735217 0.08853600735166309 0.9136416691983575 -3.8956256741049184
26875431820112 PointCloud30.pcd PointCloud19.pcd 0.15 76.57 0.9889295663993111 0.11429012977803434 -0.09463656236672424 -0.25045897896791747 -0.04718141052332199 0.8468679938607117 0.5297060651676206 1.6170036647896615 0.14068485064960112 -0.5193769028457598 0.8428851674979492 6.36612914186674
26875431820113 PointCloud30.pcd PointCloud19.pcd 0.15 76.57 0.9322954781658968 -0.2558111061858633 0.25570651017013024 2.6618136520471207 0.2711681846918019 0.9621781510515205 -0.02609638384968655 -0.9762123023613964 -0.23935947234729352 0.09366901083625429 0.966402172703778 -0.14236820937736833
26875431820114 PointCloud30.pcd PointCloud19.pcd 0.15 76.57 0.8482468163737733 -0.35840200171642045 -0.3899042750181398 5.017090965285255 0.3482537413596928 0.9321376211882803 -0.09919065880631314 -0.9182640746582698 0.3989945740743029 -0.051647462000733474 0.9154976076037274 -1.58568156930089
26875431820115 PointCloud30.pcd PointCloud19.pcd 0.15 76.57 0.8281449082221023 -0.22438217643969066 -0.5136425312238012 4.016316630871643 0.14392890794827118 0.9707787730251047 -0.19202354881808242 0.27918965417107566 0.5417199280464252 0.08509531561760575 0.8362405795088613 -5.099273179793379
26875431820116 PointCloud30.pcd PointCloud19.pcd 0.15 76.57 0.9995018022917619 0.005484082976865924 0.031081699590314968 -0.0737737823786544 -0.006111285304924201 0.9997788902512111 0.0201202087458947 1.14869355670701 -0.030964486229252276 -0.020300134037966586 0.9993143174950507 -0.10514189021913212
26875431820117 PointCloud30.pcd PointCloud19.pcd 0.15 76.57 0.995242568926364 0.0964770297832657 -0.013579827725368119 -1.0473314652916415 -0.09637679901910781 0.9953139433658691 0.007852818112900258 -0.08777054457399369 0.014273808450526147 -0.006506678544592422 0.9998769531930592 0.6397102062833588
26875431820118 PointCloud30.pcd PointCloud19.pcd 0.15 76.57 0.7886096951019037 0.21873001424669442 0.5746754994420097 -1.87830560388621 -0.19484167239015138 0.9753217924293944 -0.10384663650076624 0.9282812758547256 -0.5832079144623222 -0.03007627104469919 0.8117659431317346 3.217484481411295
26875431820119 PointCloud30.pcd PointCloud19.pcd 0.15 76.57 0.9129425549892641 -0.40790427110257266 -0.012247322399333354 5.004812663078159 0.4076834058849096 0.9102901816372564 0.07187507064963881 -2.2059577327131734 -0.018169530972327635 -0.07061084074764588 0.9973384467236566 -0.2531428039520891
26875431820120 PointCloud30.pcd PointCloud19.pcd 0.15 76.57 0.8939985647614285 -0.44789435977648046 0.012538288755754669 5.843485880796585 0.42815470501446445 0.8456791153865294 -0.3186069402461817 0.11906672143045882 0.13209888257847943 0.29020247462672294 0.9478039928920131 -3.5499653049322033
26875431820121 PointCloud30.pcd PointCloud19.pcd 0.15 76.57 0.9965692711381585 0.03582593682442978 0.07460690366052819 -0.2955033206894626 -0.011654415411698812 0.953218695321721 -0.3020567719660784 2.1699389313673767 -0.08193816219912994 0.3001509972327393 0.9503659907822991 -3.2795018042516357
26875431820122 PointCloud30.pcd PointCloud19.pcd 0.15 76.57 0.8166921249085031 -0.5768095686408918 -0.01745550448260746 7.479046863798994 0.5770677150545453 0.8164469940322312 0.020178160903806332 -2.0927022417637584 0.002612537877249959 -0.026552353192177938 0.9996440102285402 -0.2142663183178577
26875431820124 PointCloud13.pcd PointCloud0.pcd 0.16 161.17 0.7770950973982848 0.6293184268885618 0.009029240170475836 1.0336337220714693 -0.626683851693474 0.7750098661393695 -0.08140674058865376 2.842659750097554 -0.05822851214123752 0.05760229999871756 0.9966400631164068 1.2430369749951231
26875431820125 PointCloud13.pcd PointCloud0.pcd 0.16 161.17 0.9512449883822507 0.2975621175125859 0.08117732626218842 -0.031215935437387543 -0.29895039761651 0.954254280224879 0.005237216572638264 1.5385384698297444 -0.07590541378967854 -0.029249869981321 0.9966859150522263 0.42705297529739994
26875431820126 PointCloud13.pcd PointCloud0.pcd 0.16 161.17 0.8333544022492401 -0.5507724881548445 0.04658440236316794 0.572894272972146 0.5520822374863373 0.8335101105224656 -0.021589319324766976 -2.890603853275899 -0.026937767240275735 0.043709975389480724 0.9986810275295911 -0.9344064006593765
26875431820127 PointCloud13.pcd PointCloud0.pcd 0.16 161.17 0.8942540144964625 0.4047577304657414 -0.19099983556323588 0.9182723247567415 -0.3976186918607166 0.9143898668396555 0.07609564576196108 1.747592781869802 0.20544861508399972 0.007896268053931399 0.9786360485445481 -2.2614332902131697
26875431820128 PointCloud13.pcd PointCloud0.pcd 0.16 161.17 0.8856529260446488 -0.41737417929792253 0.20351336330555178 -0.6500670131851525 0.3513296645092068 0.8888816994790557 0.2940353570016268 -1.352551307411403 -0.30362207005486297 -0.1889129926357939 0.9338766084387105 1.7495636021731926
26875431820129 PointCloud13.pcd PointCloud0.pcd 0.16 161.17 0.9637495524909211 -0.14068805274708454 -0.2267017244923006 0.9462267209046757 -0.021114931077328834 0.8067972842632058 -0.5904509308919037 0.8145772435191334 0.26597172736805896 0.5738336117026865 0.7745799031223968 -0.8246148782685421
26875431820130 PointCloud13.pcd PointCloud0.pcd 0.16 161.17 0.9277505518603067 0.34814595766587975 -0.13443699522007976 0.1686923360333603 -0.3414141442663151 0.9372276024434008 0.07099861486743733 2.7963448011232708 0.15071594347578524 -0.019970312443784135 0.9883753796018503 -1.0337225137115684
26875431820131 PointCloud13.pcd PointCloud0.pcd 0.16 161.17 0.8903067867264547 0.4518139709833607 -0.05672707583739936 0.7797600218624581 -0.4536703623360872 0.8908167769456363 -0.025073337433055128 1.7522776818258434 0.039204946711588404 0.04805835553195111 0.998074830169014 -0.6865513995379698
26875431820132 PointCloud13.pcd PointCloud0.pcd 0.16 161.17 0.7353639386866476 0.6766327229801044 -0.037523804068746294 1.390593533684719 -0.6746424409520866 0.7361831702446593 0.053776544280321366 3.0054958901383357 0.0640113626278231 -0.014230180640187197 0.9978477075252901 -0.62827402622966
26875431820133 PointCloud13.pcd PointCloud0.pcd 0.16 161.17 0.9139027960144779 -0.07849287312319714 -0.3982719526978836 0.5024095601713756 -0.1839058090859133 0.7946026399309594 -0.5786063411329033 1.6075974578792291 0.36188441914701885 0.602034478650198 0.7117542790141896 -2.1310817191617577
26875431820134 PointCloud13.pcd PointCloud0.pcd 0.16 161.17 0.9867498655700698 -0.049799682740519775 -0.15441727363346563 0.6663732436913508 0.042702808779549135 0.9978883327039291 -0.04894226778266032 -0.4089637725115888 0.15652850513496347 0.04169972484700524 0.9867927644788939 -0.5971940730462564
26875431820135 PointCloud13.pcd PointCloud0.pcd 0.16 161.17 0.9796120187906611 0.20035853396715675 -0.014722449097114095 0.8887652918019393 -0.19888843800284395 0.9775431143520698 0.06966239165895186 0.4541458434045514 0.028349283406716212 -0.06531399122231013 0.9974619795666086 -0.7729421320007634
26875431820136 PointCloud13.pcd PointCloud0.pcd 0.16 161.17 0.9124099175436902 -0.40167747713055724 0.07850698525575345 0.19191504335327014 0.396509312436363 0.9150697276764014 0.07367332381180522 -1.218050201834038 -0.10143228045922612 -0.03609152055908829 0.9941875550541627 0.6558008273022974
26875431820137 PointCloud13.pcd PointCloud0.pcd 0.16 161.17 0.9882818127193026 -0.15190380824495145 0.014976371020056821 0.3892139481446124 0.1521007007027562 0.988279256694041 -0.01301874164442787 -1.1111478624819815 -0.012823240385330196 0.015144102117814544 0.9998030909519461 -0.3062794533044718
