id source target overlap t1 t2 t3 t4 t5 t6 t7 t8 t9 t10 t11 t12
2318808360030 PointCloud20.pcd PointCloud16.pcd 0.6048 0.44327745610975877 0.6840380875995671 0.579307337790562 2.906695089070113 0.03553928549729429 -0.659174381000772 0.7511498483116343 13.324203245365954 0.8956796615370939 -0.3123796250483961 -0.31650736762897136 3.510880478031587
2318808360061 PointCloud7.pcd PointCloud10.pcd 0.6086 0.20544922717122854 0.9503998341306189 -0.23351824412502978 4.216350005261551 -0.9452237386868393 0.254541307402598 0.20435461004990743 1.834122305268135 0.25365862665720346 0.17874249105981546 0.9506357993533134 1.9723413489918382
2318808360092 PointCloud12.pcd PointCloud9.pcd 0.6088 0.27183001550206887 -0.9046428578828254 0.3282220930311351 4.731427740957739 0.11346778113753236 0.3688147593547133 0.9225512104625141 1.0016888106034996 -0.9556325158322472 -0.21353447722491803 0.20290273955866373 6.373200866053279
2318808360123 PointCloud10.pcd PointCloud11.pcd 0.6035 0.7862584209910634 -0.5294029622608293 -0.3186380375443243 0.6190004952560337 -0.04925231519524467 -0.5677363627311994 0.8217357433388521 -3.0764153814600617 -0.615931737182415 -0.6304029869711965 -0.47246181766280915 -2.992288373277276
2318808360154 PointCloud1.pcd PointCloud2.pcd 0.6179 0.6400897525503364 0.7680052336919463 -0.02128543402959548 9.026995173860398 -0.768300034737651 0.6398586282081309 -0.01720443343250188 -1.6217516350508137 0.00040657370012549265 0.027365981242923047 0.9996253987211602 -3.0034323459297334
2318808360185 PointCloud16.pcd PointCloud13.pcd 0.6169 0.6581122117212703 -0.3158877914866257 0.6834495006750972 5.451482044513255 -0.14423639639268349 0.8380255709947716 0.5262214403789907 6.305222146993159 -0.7389750866835704 -0.44489104907672505 0.5059523452978754 5.897980104846374
2318808360216 PointCloud2.pcd PointCloud0.pcd 0.6259 0.6786828284694492 0.4400637463540469 0.5879910862296719 3.8656203709314667 0.7127835328117456 -0.5876223898944529 -0.38293545441384624 -1.3691858877831398 0.17700071664576858 0.6790020810274241 -0.7124794174341543 1.7306602162946976
2318808360247 PointCloud22.pcd PointCloud18.pcd 0.6056 -0.3408456576355208 -0.8972428206588264 0.2806769645824223 4.576131989370016 0.9399622610224124 -0.31979005083802964 0.11918586845194575 3.9957743980736335 -0.017180964019618966 0.30444973995916536 0.9523734405757822 2.5841533490222535
2318808360278 PointCloud15.pcd PointCloud16.pcd 0.6161 -0.023994047944145058 0.5073716880092015 0.8613932063058934 -1.0834340578817043 -0.9233216512100771 0.3190956604290538 -0.21367051247666957 -1.3081096460386554 -0.3832772026483583 -0.8004698181081153 0.4608108681747968 4.88130158018815
2318808360309 PointCloud9.pcd PointCloud10.pcd 0.6160 -0.2722493342591281 -0.9246922075988739 -0.2661289559619228 4.589501362251561 -0.32815918337356004 -0.17076844284997209 0.9290584961638284 -5.2863035442779385 -0.9045395792131266 0.34026821792891176 -0.25695464483916797 6.031842183738373
2318808360340 PointCloud33.pcd PointCloud31.pcd 0.6306 0.37734335365272575 -0.8853618366013921 0.27156290568471225 15.295520547600866 -0.9194358027054627 -0.393215513508233 -0.00440052722049937 22.384691896013795 0.1106788062705577 -0.24802414847402787 -0.9624106314958588 0.831837672230755
2318808360371 PointCloud8.pcd PointCloud9.pcd 0.6467 -0.8243025439282307 -0.48284522111414363 -0.29561090731006767 4.0652534563409475 -0.005405236798943808 -0.5154070697324723 0.8569284310168114 -1.9123210102003214 -0.5661237492709478 0.7079661326059464 0.4222414659817115 -5.04323541555643
2318808360402 PointCloud25.pcd PointCloud22.pcd 0.6328 0.7242784416338302 0.636613214084098 0.2648477952296095 -3.9523001558366104 -0.6836778952616339 0.7129059889454432 0.15604354025829478 -0.4939518325547736 -0.0894721996772906 -0.2940895553725672 0.95158082100559 5.702401500996766
2318808360433 PointCloud26.pcd PointCloud24.pcd 0.6383 -0.626733989245465 0.7199103515615293 -0.29821735770913993 8.842675099789675 -0.5478184384184404 -0.6792328409864002 -0.4884032209704655 15.708721811336135 -0.5541655576208676 -0.14272993182965973 0.8200784726516444 8.881721061146628
2318808360464 PointCloud18.pcd PointCloud15.pcd 0.6293 0.7887740180159223 0.6080332038587354 0.09017300875705148 -0.10960782132074343 -0.45507640347954464 0.6762604303739674 -0.5792903393865111 5.330698036006586 -0.41320819873175363 0.4158935600796171 0.8101182204994292 0.005041606842949964
2318808360495 PointCloud36.pcd PointCloud33.pcd 0.6516 0.10149613183809647 -0.9941479426661296 -0.03699193580505305 24.52239368818362 0.9941385092052893 0.09996274661647386 0.04118341661366996 2.6379605344408468 -0.037244593392708726 -0.04095506539601751 0.9984665857610957 -0.41246966072539315
2318808360526 PointCloud5.pcd PointCloud3.pcd 0.6459 0.47188458207736284 0.7504261705175684 0.4628017975332526 -0.04256390272723731 -0.7109446825495122 0.6343185650930859 -0.3036406038935202 6.674504449470751 -0.52142362772725 -0.18574315756061002 0.8328366465683222 -3.340277438202417
2318808360557 PointCloud4.pcd PointCloud2.pcd 0.6472 0.8660141495301644 -0.3651510325748093 0.3415907144860594 -0.6127656354762381 0.5000190365315726 0.6333492112355277 -0.5906350309060348 2.189610703858621 -0.0006752181749330177 0.682300153918263 0.7310718460203011 3.2713995712041837
2318808360588 PointCloud32.pcd PointCloud30.pcd 0.6364 -0.3602011852838014 -0.9285910712314605 -0.08929573645674879 21.747215276770238 0.8189277079331418 -0.360595620148747 0.4464618773298693 12.786076495448615 -0.4467801643980126 0.08768934461352287 0.8903359273564869 -3.1518570695675656
2318808360619 PointCloud35.pcd PointCloud32.pcd 0.6449 -0.9088300737444066 -0.07600482025796385 -0.410184305349792 12.773059651086372 0.40876126475181984 -0.35863039119861617 -0.83922492273956 15.86964099581802 -0.08331941848230465 -0.9303803038576658 0.35700191133590364 11.774466843334254
2318808360650 PointCloud31.pcd PointCloud32.pcd 0.6522 -0.35280284811347185 -0.8700104681022633 0.3444008358809587 21.047803330078892 0.9356518937461178 -0.33166075891487157 0.12065104527236714 9.878015463508945 0.009256570224755428 0.36480532669972354 0.9310378024114713 -5.195792168556241
2318808360681 PointCloud21.pcd PointCloud22.pcd 0.6560 0.14226540616090022 -0.9617849197977875 -0.23394512659903344 7.8618442084179705 0.9891109170800649 0.14713285745911442 -0.0033935186678132057 -7.385945700829227 0.03768485004490507 -0.2309148984051908 0.9722438797810009 -0.05422056429063815
2318808360712 PointCloud20.pcd PointCloud17.pcd 0.6565 0.7446695088237318 0.6577875676199503 0.11306121577646201 -1.774413419704452 0.6024041689389468 -0.7353349107964351 0.31047026622363727 12.166273140320445 0.2873613402550859 -0.16308919292408264 -0.9438354598541911 0.23034143355099518
2318808360743 PointCloud4.pcd PointCloud5.pcd 0.6587 0.0923514891271156 0.8431129598582684 0.5297468634876795 0.5103664481852149 -0.817311243932694 -0.23969836584921178 0.5239723503682324 -2.870908098149969 0.5687473366945964 -0.48135769478449936 0.666949200970026 -7.378112036124698
2318808360774 PointCloud12.pcd PointCloud10.pcd 0.6620 -0.9922739691928241 -0.09143368969421356 -0.08385851448255856 9.937057716782924 -0.09886971707805081 0.17444887078599378 0.9796899359115612 -0.3003437821786301 -0.07494764243940837 0.9804118888867039 -0.18214109646749335 6.56865253188335
2318808360805 PointCloud14.pcd PointCloud12.pcd 0.6685 0.4720296588819021 0.6422004599182976 -0.6039590800845387 4.230330716349432 -0.5434618351774061 -0.3274515355063776 -0.7729325491917917 5.020298718487296 -0.6941449667334922 0.6930757975685219 0.19444460389354173 12.669980210055051
2318808360836 PointCloud23.pcd PointCloud24.pcd 0.6630 -0.3853354417130471 -0.9028868259491163 0.19055701741825373 14.191969783181824 0.9088419917531361 -0.33558475054282677 0.24776825710591072 1.8455462937111706 -0.15975866607481057 0.26866011004732077 0.9498941593058451 -7.184239013238932
2318808360867 PointCloud3.pcd PointCloud4.pcd 0.6637 0.39632976196274394 -0.761818377347546 -0.5124016780984493 4.828875061414017 0.652111538334901 0.6264465432936513 -0.42698392237404503 -4.553427631174652 0.6462764589191252 -0.1649166102337404 0.7450699633698629 0.595814956700915
2318808360898 PointCloud34.pcd PointCloud35.pcd 0.6689 -0.6936905399032668 -0.4760061093395329 0.540566016986043 22.221696005992833 0.7101537832052145 -0.5773591960343695 0.4029118550674177 19.190354446023157 0.12031225643314777 0.6633811443099564 0.738546151791462 -13.900624215161404
2318808360929 PointCloud15.pcd PointCloud13.pcd 0.6615 0.2266339158655445 -0.3904186544663103 0.8923061932006104 0.7958393044772292 0.07114053106089399 0.9203326543958052 0.3846125714184928 3.278069324408618 -0.9713784499461697 -0.023687116698473315 0.23635318377946513 -0.19592411007733013
2318808360960 PointCloud16.pcd PointCloud15.pcd 0.6869 0.4546572152378334 0.773695064495056 0.4412286978519977 -2.1821248483591837 -0.8827770419248855 0.4572394657900578 0.10787383915654178 4.800881685252776 -0.11828571715354033 -0.4385521840100828 0.8908874625997714 8.11038490887723
2318808360991 PointCloud13.pcd PointCloud11.pcd 0.6800 -0.2891308508291911 0.8925822634961166 -0.34597724490338494 5.844188404865077 -0.17526745324300863 -0.4046622442851747 -0.8975131129313907 3.018029774966075 -0.9411082142519518 -0.1988601793779599 0.27344095912146704 4.464358911905787
2318808361022 PointCloud26.pcd PointCloud25.pcd 0.6992 -0.06437437828993457 0.9979254497644996 -0.0008579814131077779 -2.2168259599644493 0.6088285655719952 0.03859319160469628 -0.7923625075085958 4.933123161915535 -0.7906855994409729 -0.05153020739414932 -0.6100499328436852 -1.4843075459290924
2318808361053 PointCloud22.pcd PointCloud20.pcd 0.6977 0.16926606762822857 0.29047437885386884 0.9417927763468643 3.422120738778826 0.9465304298726518 0.21837560817933696 -0.2374705014889169 -0.8775793710804374 -0.27464366672976265 0.9316312194112881 -0.23797925822110477 -3.955786847371345
2318808361084 PointCloud19.pcd PointCloud17.pcd 0.6936 0.29136178983914685 -0.9235741704071285 -0.24923695387825848 2.8020392432215546 0.8948628619528327 0.35523201068097676 -0.27024188588214026 3.77592591658283 0.33812536982503116 -0.14429473429177772 0.9299732597964045 -3.0779747917245994
2318808361115 PointCloud36.pcd PointCloud34.pcd 0.6884 -0.3598349281976977 0.06234663440062782 0.9309305675655257 13.288362255492968 -0.8556893805790329 0.37566361465625525 -0.35591084921320865 13.86527209752484 -0.37190658560077766 -0.924656555593649 -0.08182753683486052 13.528296397676206
2318808361146 PointCloud23.pcd PointCloud21.pcd 0.6899 -0.05677081938611628 -0.9369990584942811 0.34468803061182723 11.99616248648203 -0.2088191021842316 0.34875265362633207 0.9136553886184677 4.471106798285431 -0.9763051042728399 -0.020108480037601795 -0.21546227605169527 10.395666967883004
2318808361177 PointCloud34.pcd PointCloud32.pcd 0.6937 0.5422072675216048 -0.7242205621175892 0.42604677730601137 17.11450396716262 0.18894426796502317 0.5991540622402434 0.7780195841392273 -1.551015903018511 -0.8187254378910652 -0.34134877633748417 0.46170301086627735 12.43774574043228
2318808361208 PointCloud31.pcd PointCloud30.pcd 0.6943 -0.09054727075911972 -0.8350645050600177 0.5426494855308925 20.822249379622914 0.9473086127231373 0.09589101288471147 0.3056326322703601 1.5654876934150543 -0.30725817160596347 0.5417307320402007 0.7823811283157005 -2.4935200659473846
2318808361239 PointCloud19.pcd PointCloud20.pcd 0.6905 0.908479179249993 -0.024402911258403465 0.417217064357839 -3.317955157504068 -0.4143449463476607 -0.1830706900590543 0.8915174635852376 10.411261420245737 0.05462459432721492 -0.9827968357516297 -0.17642713320566938 3.420730600952191
2318808361270 PointCloud8.pcd PointCloud7.pcd 0.7168 0.526120020366488 0.7132525455482919 -0.4631074718015762 2.642340382972039 0.481032070227575 -0.6986781265717203 -0.5295819321529049 0.023177314469542964 -0.7012887219841335 0.05585411103143992 -0.710685898761716 6.271597422686151
2318808361301 PointCloud36.pcd PointCloud35.pcd 0.7126 0.6897590719014224 -0.40874810363332126 -0.5976264807602254 8.780153229350134 0.6584191673679406 0.6974645119515377 0.2828912416649039 4.197493214083426 0.30119200316774064 -0.5886155301590053 0.7502100605053472 8.496914414853347
2318808361332 PointCloud3.pcd PointCloud2.pcd 0.7087 0.3335555118816549 0.933488071436205 0.1316842472723368 2.974625699439531 -0.5511456792299214 0.3064195915745058 -0.776109189589649 3.392103652739247 -0.764839303879943 0.1862982941028387 0.6166958609029385 -7.889545624344985
2318808361363 PointCloud14.pcd PointCloud13.pcd 0.7063 -0.9926246153741394 0.07997250988926424 0.09110856499447872 9.765656908767966 0.11151144756768075 0.30751273490696535 0.9449873623130621 -3.4528590943869935 0.04755596718290994 0.9481773650177744 -0.31416256055304875 5.460006888598292
2318808361394 PointCloud23.pcd PointCloud22.pcd 0.7142 -0.30113345981704953 -0.7588505034104328 -0.5774638974449802 6.100341930290749 -0.8692518684032254 0.4674316338243071 -0.1609622843334456 11.78491625037433 0.39207120355378755 0.45349044220807133 -0.8003915230496964 -6.8810890693790085
2318808361425 PointCloud12.pcd PointCloud11.pcd 0.7006 0.3774347234001889 0.5997814273459539 0.7055531652417646 2.3946021835117928 -0.009089979510115809 0.7642695939798626 -0.6448328155346634 1.0081292243437012 -0.9259915776314211 0.2369688315553458 0.29391388369208693 9.563913220012111
2318808361456 PointCloud21.pcd PointCloud20.pcd 0.7220 -0.928687333013018 -0.3354530660269304 0.1581489108223633 14.655775795529733 0.3081967863483311 -0.460875171219988 0.8322312283479321 2.322860655739281 -0.206287610839161 0.82162358598453 0.5313944905324032 -6.587675919763422
2318808361487 PointCloud29.pcd PointCloud28.pcd 0.7103 -0.8084020856800346 -0.24496809987391183 -0.5352351800025249 13.452684558265437 0.0606098861814582 -0.939096840101474 0.338265526781103 13.72409091853177 -0.5855019295999294 0.24101401402323394 0.7740153328450075 3.3839215338546347
2318808361518 PointCloud24.pcd PointCloud23.pcd 0.7011 -0.9111392669771321 0.26548619318824185 -0.31518616308269337 7.4537815215596925 -0.3283491763510916 -0.005521198942122489 0.9445402769346587 6.427903526422072 0.24902219692616637 0.9640988526020853 0.0922027540229064 -1.3532813054606918
2318808361549 PointCloud5.pcd PointCloud4.pcd 0.7220 -0.8040606516604053 0.5530237128752555 -0.2182916431041547 6.5222937319097944 -0.09355689872532061 0.24489296708724254 0.9650256687633274 -1.6214152408123061 0.5871401665295475 0.7963618572413385 -0.14516961520504731 3.58604654191472
2318808361580 PointCloud20.pcd PointCloud19.pcd 0.7311 0.42108713918963836 0.5441220192618033 0.7256837116564929 0.16223036269005586 -0.8449957126340382 0.5261159461530298 0.0958345283997169 5.445627543532542 -0.3296480954581418 -0.6535543124775169 0.6813214320736284 6.294359927082354
2318808361611 PointCloud34.pcd PointCloud33.pcd 0.7353 -0.7548564997864875 -0.38147939305702805 -0.5335401928654802 21.66995933102672 0.6551567473689642 -0.4770030004894314 -0.5858649792409497 13.9670237964975 -0.03100485618433818 -0.7917964449256644 0.6099976136806335 15.985264393987219
2318808361642 PointCloud4.pcd PointCloud3.pcd 0.7289 -0.018373686497317243 -0.878366870475725 0.47763380166732194 4.246003396466542 0.9839414172741117 -0.10071444878536384 -0.14736311335769262 -2.8813437353615163 0.17754350175973818 0.46725607610446407 0.8661120391302436 -8.46620912967344
2318808361673 PointCloud18.pcd PointCloud17.pcd 0.7300 0.5205079709093019 -0.32440794255116145 -0.7898296898886517 4.810638531662476 -0.7735871065509039 -0.5707214766998849 -0.27539060370989965 11.610191041754351 -0.3614338678072127 0.7543450688134872 -0.5480228794117026 -6.406580378508318
2318808361704 PointCloud19.pcd PointCloud18.pcd 0.7260 0.7357938996031925 0.04101703004170465 0.6759622330820599 -0.9418095973686818 0.5648652148283914 0.5134098236763891 -0.6460167505796227 3.297516034107384 -0.37354333936452744 0.8571627361237405 0.35459472277130766 -2.677103130952315
2318808361735 PointCloud30.pcd PointCloud29.pcd 0.7088 -0.6029190065009749 0.4839853480902181 -0.6342293389885619 8.23371168729116 0.3891772995338345 0.8723904331278001 0.2957633542456566 -2.9884843408360404 0.6964407376995044 -0.06850631373151025 -0.7143368840060622 6.8032633960119675
2318808361766 PointCloud30.pcd PointCloud29.pcd 0.7088 -0.9198202884543379 0.21153354180785583 -0.3304303219106904 20.80125510751454 -0.1999721672773246 -0.9773673135255782 -0.06902366815958036 15.402967698919355 -0.3375526170276096 0.0025874972499030785 0.9413031050601041 3.0311878634973937
2318808361797 PointCloud25.pcd PointCloud26.pcd 0.6561 -0.6254120021158691 -0.7736464819031097 0.10164127433460035 18.304290907238723 0.7792635874351419 -0.6125696533538687 0.13231281528118904 6.136333973567499 -0.0401009838673963 0.16195536678005568 0.9859829462338607 4.330353952598799
2318808361828 PointCloud16.pcd PointCloud17.pcd 0.6792 0.49292274087938653 0.12869657378603275 0.8605023901301434 1.4068506498724167 0.43905437726455043 0.8170542400182894 -0.37370258585267163 -0.5611900206167446 -0.7511713688159254 0.5620138439254604 0.3462398213772315 5.395565087907168
2318808361859 PointCloud6.pcd PointCloud3.pcd 0.6185 0.4297421441613492 0.5591838589088273 -0.7089676307614041 3.2457709541218662 0.4897991349156151 0.5152516051365366 0.7032869903816915 -2.9698212519888165 0.7585634429416706 -0.6494837914375194 -0.052462440778366815 -5.444369956473611
2318808361890 PointCloud6.pcd PointCloud5.pcd 0.7718 0.712496118908309 -0.6980718581253644 -0.07102789194392553 -4.0930383327066195 0.4417367983960352 0.5248935074689035 -0.7275681457841683 0.18214610084490734 0.5451769267709498 0.48701384652840546 0.682348614570433 2.889123051992088
2318808361921 PointCloud33.pcd PointCloud34.pcd 0.6837 0.6825760059181633 -0.5885054566091609 0.4333028083062131 10.286358955329488 0.7053370046121196 0.37531056080907826 -0.6013665212413959 7.08094349079383 0.19128435918707692 0.7161028630625761 0.6712726595385596 -10.144684609734101
2318808361952 PointCloud27.pcd PointCloud26.pcd 0.6955 0.7411859155724406 -0.5150987523843702 0.4304842782833168 5.2294085161650985 0.6293667212768193 0.7562906950202701 -0.1786670500540689 -1.6358484918063754 -0.23354007944314237 0.40335797986134114 0.8847380241494476 0.6025758489325326
2318808361983 PointCloud22.pcd PointCloud23.pcd 0.6464 -0.6440039858759286 0.7589776633366678 0.09597798045348166 3.270891687238104 0.20269796804135387 0.29025913151607097 -0.9352342863279997 2.9027077730963278 -0.7376804185606551 -0.5828400665084277 -0.34077126778035227 3.5830212448294767
2318808362014 PointCloud27.pcd PointCloud26.pcd 0.6955 0.45746593834436056 0.6550184651575774 0.6013948167030752 -1.8523681517751172 0.1396683005103454 0.6149894742850364 -0.7760674663656288 3.1943496980352077 -0.878190002839514 0.4390202237041321 0.18985142109425546 10.439732130754301
2318808362045 PointCloud29.pcd PointCloud26.pcd 0.6300 0.12613558887025844 -0.9917530605020394 -0.02270859320150044 17.914667531772984 0.9919398526136588 0.12581523157399666 0.01502851625325273 1.5275271853208983 -0.012047490076601573 -0.024421189340810168 0.999629162986972 -3.0970115569002816
2318808362076 PointCloud7.pcd PointCloud4.pcd 0.6323 0.9172790252590379 -0.38083028864898916 -0.11647953067967068 0.302438878238545 0.0009256703245154596 -0.29044233623879306 0.9568920484854088 -1.535997851163522 -0.39824406204522256 -0.8778448271577838 -0.26606413978219895 2.0761371550992367
2318808362107 PointCloud17.pcd PointCloud18.pcd 0.6784 -0.7996400578065789 -0.4190826942644967 -0.4300528727018355 13.646594421769645 0.567911313639228 -0.29515329039353444 -0.7683497087983023 3.061438217667556 0.19507054567939547 -0.8586350974295659 0.47401819761530517 -1.1454579474368585
2318808362138 PointCloud28.pcd PointCloud29.pcd 0.6559 0.6746787624825568 -0.7371020936725879 -0.03858848219991562 2.972501301219296 0.549103347169989 0.4662909378175513 0.6935836470361328 2.634850433166852 -0.49324849881344823 -0.4891352213986598 0.7193418197252012 7.676248690842355
2318808362169 PointCloud0.pcd PointCloud1.pcd 0.6088 0.4554899481938456 0.002161217670161697 -0.890238303058541 1.6752771178156252 -0.6319457180700077 -0.7035565740369893 -0.3250426995677911 1.0371141614479438 -0.6270354986022328 0.7106359660666755 -0.3190971752070717 5.952032035691148
2318808362200 PointCloud20.pcd PointCloud18.pcd 0.7063 0.6880953657489102 0.7056905268201232 -0.16889537587278924 0.07544733473082799 -0.10542934134568716 0.3275212187296989 0.9389432918260971 0.7962182909357166 0.7179202056066457 -0.6282759995719636 0.29976632022887745 0.22699769377085666
2318808362231 PointCloud21.pcd PointCloud18.pcd 0.6501 -0.22303797810326134 -0.9699051766995183 0.09766272848474811 13.420554583076608 -0.9745274148832596 0.2242626522510421 0.0016063767552201569 6.685061678230571 -0.023460135646680806 -0.09481672329713085 -0.9952182730530198 0.06786234931233315
2318808362262 PointCloud28.pcd PointCloud27.pcd 0.7144 0.7226117638120497 0.1835069776769403 -0.6664513695269245 4.312279580336341 -0.6844698359115495 0.3246930101640818 -0.6527445847173332 21.296666976454112 0.0966089153632046 0.9278467752244777 0.36023197967127063 -5.441796923866718
2318808362293 PointCloud29.pcd PointCloud27.pcd 0.6741 0.6095707392288523 0.6746955840800029 0.41618431337441697 -8.035075303322014 0.7365304423384185 -0.6761801413021349 0.01741619985527537 12.353744726367033 0.2931662009590542 0.2959160106036326 -0.9091134655716342 -8.083161822501918
2318808362324 PointCloud30.pcd PointCloud29.pcd 0.7088 0.5390881922399892 -0.7629541314432782 -0.3567701140805565 14.524688945254546 0.8386492567474904 0.44712429570525486 0.3110422613519933 -2.5520192977351277 -0.07779039236501098 -0.4668842013858604 0.8808903435456567 12.513291603743099
2318808362355 PointCloud7.pcd PointCloud4.pcd 0.6323 -0.4459619231272629 -0.8950465007249824 0.003118438807711399 6.016406582544126 -0.6970101748028943 0.3494707440866034 0.6261365787500315 1.2555662755054364 -0.5615111569166475 0.27705948922121393 -0.7797071630366159 3.554606366411687
2318808362386 PointCloud10.pcd PointCloud8.pcd 0.6091 0.8795395214317443 -0.4758162087457782 0.003027496393396556 1.7724474025079249 0.3523880213711366 0.6470824346007962 -0.6760968904123443 3.940451761810605 0.3197388194038275 0.5957207888985412 0.7368065071919128 4.542646796105148
2318808362417 PointCloud20.pcd PointCloud18.pcd 0.7063 0.14604188648115474 -0.8549111812752381 -0.4977937720819765 8.949177724777286 0.9362032952429871 -0.04316764796977274 0.34879785570575217 -0.042022259705784215 -0.31967977316245466 -0.5169752666224324 0.7940663803054924 5.7442196746487255
2318808362448 PointCloud32.pcd PointCloud33.pcd 0.6844 -0.02646633946017446 -0.9522774508664319 0.30408418151378647 21.37329999598775 0.987833425721446 0.02171855401577688 0.15399164730236622 -1.7084031423888613 -0.1532470420693704 0.3044601139440015 0.9401166859035076 -2.2321875034064425
2318808362479 PointCloud18.pcd PointCloud16.pcd 0.6998 0.2873628491888977 -0.9525553728106811 -0.10030381167005925 11.633246905714001 0.9578195619432116 0.2860083452966577 0.027944823842382643 -5.848107787246844 0.00206873510939163 -0.10410325715447949 0.994564342908429 -4.6900693847890205
2318808362510 PointCloud32.pcd PointCloud33.pcd 0.6844 -0.9363037312732798 -0.3505450805295279 0.021294819094810236 19.032744480815722 0.3483640173384502 -0.934735607512365 -0.07008463078525919 19.88833395549612 0.04447284820595426 -0.05820215258078472 0.9973137295793201 -0.8186608672735116
2318808362541 PointCloud23.pcd PointCloud19.pcd 0.6054 -0.40764470342809556 -0.9106601898702912 0.06725930680898629 22.42705388013805 0.8394866015721013 -0.3447645912222378 0.4199995505001014 5.563022159929897 -0.35928824298596806 0.22767387910071846 0.905028487522513 1.380264767925753
2318808362572 PointCloud18.pcd PointCloud16.pcd 0.6998 -0.10615468428925279 -0.9340207434075142 0.3410812716757163 6.92359844306121 0.8236055376305932 -0.27478763530485806 -0.49615085797344544 1.474629543010444 0.5571401092971774 0.2282476864461917 0.7984346512046495 -3.5903601573674804
2318808362603 PointCloud12.pcd PointCloud13.pcd 0.6749 0.9973431226443842 -0.06416583340852668 0.034488281153719685 0.06846982054475337 0.013613570033193589 -0.3009225823628837 -0.9535513987903351 1.8329735767595696 0.07156372282728274 0.9514874383022839 -0.29924954190116504 -5.647746824637657
2318808362634 PointCloud30.pcd PointCloud28.pcd 0.6725 -0.7999165715874834 -0.18681223456645812 0.5702934924370199 11.926657113724065 -0.14418945842565306 0.9823044709064204 0.11952960518705968 -1.0531329555773288 -0.5825314399915625 0.013383402166270104 -0.8126979795519444 12.484251870100241
2318808362665 PointCloud25.pcd PointCloud26.pcd 0.6561 -0.6592558941988516 0.7095205991374058 -0.24892204676116866 5.616283919317252 0.13865237014952592 0.4400830970939025 0.887187910143143 1.653445122554165 0.7390244828258341 0.550370227257921 -0.38850408843675366 -10.866676406658904
2318808362696 PointCloud6.pcd PointCloud7.pcd 0.6254 0.4977875854174926 -0.5338343531468903 -0.6835410764573434 2.098596756276741 0.8310286170166905 0.5191164709763519 0.19977369011054727 -0.5594981141831932 0.24819137274198158 -0.6674870582725178 0.7020413588494279 1.0913716893667529
2318808362727 PointCloud7.pcd PointCloud5.pcd 0.7196 -0.12532313364558273 -0.9739384372213755 0.18904505461935828 -3.937797741293608 0.9921159756700098 -0.12301645572740877 0.023934127111949893 -1.6271980685495357 -5.471376360234592e-05 0.19055411862001617 0.9816766906081416 4.65941814060381
2318808362758 PointCloud10.pcd PointCloud8.pcd 0.6091 -0.004976664643591644 0.9952313532384532 0.09741553438842332 4.015957676531714 -0.9742193609790802 -0.02679777892241436 0.2240056154169755 2.3547030078456532 0.22554793171859888 -0.09378929883511374 0.9697070165372013 -3.3966143277246372
2318808362789 PointCloud5.pcd PointCloud6.pcd 0.6258 0.6302653458427463 0.3387852294373973 0.6985629264030361 -0.6512554345729882 -0.21147021454311873 0.9406606411285997 -0.26540140653850997 -0.33298049903163174 -0.7470247266261077 0.01954805736082635 0.6645087894547423 -3.992261883872757
2318808362820 PointCloud25.pcd PointCloud26.pcd 0.6561 -0.7118739638571221 -0.5465204307667929 -0.4410792200238271 17.713910528787782 0.4237923800661236 -0.8350906360914205 0.35074727099482395 10.005946704571919 -0.5600316760507738 0.06276183766354645 0.8260904754037874 6.4673483332034625
2318808362851 PointCloud13.pcd PointCloud10.pcd 0.6278 0.6709096900495004 -0.25893926741173395 -0.6948601611763028 7.04724737921617 0.40952408693156966 0.9105737941800577 0.05608375500443924 0.08234903530671289 0.6181991669523239 -0.3221891077376892 0.7169546490780601 -0.9656787424778837
2318808362882 PointCloud27.pcd PointCloud28.pcd 0.6512 0.015239109886700297 0.3250563825247473 0.945571846931679 4.22882776525964 -0.31840929030421433 0.8980279661718679 -0.30358078961157164 3.132237503665079 -0.9478308358445762 -0.296452559700779 0.11718611892638309 15.34003041831102
2318808362913 PointCloud11.pcd PointCloud9.pcd 0.6327 0.053667460774916353 0.9917268574188715 0.11660893588426954 4.86338261481986 -0.9254742987695314 0.00554579265122368 0.37876980674403443 5.682434172361592 0.37498950114772067 -0.1282461869139137 0.9181153465502168 -10.346736679766044
2318808362944 PointCloud14.pcd PointCloud11.pcd 0.6251 -0.4928055053824705 -0.2540939151570524 0.8322133237006532 8.774067854269152 -0.8507445166240198 -0.060107222748725125 -0.5221311034669336 9.952806780331745 0.18269236792731725 -0.9653100041197105 -0.1865478347435691 0.8383508519037477
2318808362975 PointCloud27.pcd PointCloud25.pcd 0.6406 -0.7852906750012805 -0.5484618655224154 -0.28724229811033286 18.55146584327024 0.6025424217141486 -0.7836896967887668 -0.15090755177253456 16.988921148698598 -0.14234179214441048 -0.29158196311638174 0.9458957516525351 8.425766532320733
2318808363006 PointCloud21.pcd PointCloud19.pcd 0.6912 -0.9476361362561527 0.08596045430678673 0.30756552725700737 11.03384375869647 0.21284693788134174 -0.5479858944228644 0.8089546591423461 5.462251395716218 0.23807968056103893 0.8320590482705804 0.5009948162356667 -6.9939103172661525
2318808363037 PointCloud21.pcd PointCloud19.pcd 0.6912 -0.6194815936452591 -0.5858501627032653 -0.5225152074296857 12.064779082948881 -0.6951542642862152 0.7186243423614962 0.018428331725844266 3.3829371822135377 0.3646959061731031 0.3746446869048917 -0.8524307916743239 0.5089356085349765
2318808363068 PointCloud17.pcd PointCloud16.pcd 0.7076 -0.2669045621264191 0.40038272204379843 -0.8766160109220587 5.691856705503573 0.898176343698433 -0.22638505283513866 -0.3768674348804175 -2.695865537121273 -0.34934397137580425 -0.8879434012039449 -0.2991910859663959 3.2155067311035688
2318808363099 PointCloud12.pcd PointCloud13.pcd 0.6749 -0.5017188836042655 0.1948146006721596 0.842808064270766 12.726523980704021 0.7920556200874831 -0.2882142371332435 0.5381267956546435 -3.0265426932176194 0.34774424009999283 0.9375392391141016 -0.009701474044136862 2.0138948501117735
