id source target overlap t1 t2 t3 t4 t5 t6 t7 t8 t9 t10 t11 t12
26875431820000 PointCloud4.pcd PointCloud21.pcd 0.12689605116445418 0.8548418692644724 -0.5162684775559052 -0.05207914778998036 0.5929040177216766 0.4883754260515181 0.8344205754959415 -0.25540506341499974 -1.7830276895554156 0.17531349571958496 0.19289676583895785 0.9654304821930212 0.7983236917261474
26875431820001 PointCloud4.pcd PointCloud21.pcd 0.12689605116445418 0.9965249168050206 -0.08329427209035879 -0.00039296778999598164 0.6598192092401854 0.08329445908099285 0.9965248600389983 0.00048622079322679484 3.5346283133640055 0.00035110276487855736 -0.0005172631750231713 0.9999998045828091 -1.224293550238137
26875431820002 PointCloud4.pcd PointCloud21.pcd 0.12689605116445418 0.9906899017958152 -0.08491611290597337 -0.1064085158656865 0.7575183530924601 0.1000537311621999 0.984194401450328 0.14611855130117107 0.8907877902778176 0.09231884618169955 -0.15540474227889806 0.9835276288528498 0.19070223300484387
26875431820003 PointCloud4.pcd PointCloud21.pcd 0.12689605116445418 0.9960384806915688 0.0737212240231256 -0.04972450211076478 -1.0054220069113946 -0.06871047691002728 0.9930174214603263 0.095891975884748 2.188259970223116 0.056446570705649866 -0.09209550371661264 0.9941489842326225 1.1748571389129157
26875431820004 PointCloud4.pcd PointCloud21.pcd 0.12689605116445418 0.9915909674590668 0.09890767018333074 -0.08345433501321206 -0.4095801217437919 -0.1188301440526302 0.951288644223237 -0.2844807765673227 1.4007351224516587 0.05125183038705176 0.2920054591113345 0.9550424397539388 1.8639990147411432
26875431820005 PointCloud4.pcd PointCloud21.pcd 0.12689605116445418 0.9855408434998336 0.13218925475702026 0.10599644673487855 0.016885514950908256 -0.13360630575744648 0.9910141451322447 0.006349740912325046 -0.14456832959448038 -0.10420461052892079 -0.020419722686401305 0.9943462345028146 -0.9167437476029974
26875431820006 PointCloud4.pcd PointCloud21.pcd 0.12689605116445418 0.9846902539276807 -0.0939267583715722 0.14684300419716179 -1.864505226469523 0.08259521526309095 0.9932483231965019 0.08146041298066699 1.9084853208524954 -0.15350288021885145 -0.06808474520144318 0.9857998444082711 -0.42021640769749874
26875431820007 PointCloud4.pcd PointCloud21.pcd 0.12689605116445418 0.999913500760074 -0.006208565133263521 0.01159502982830661 -1.0254656142563068 0.006589432123942645 0.9994302107498625 -0.03310337180362639 2.858433148727191 -0.011382898664981964 0.033176913049155106 0.9993846717148064 -1.2638163750985876
26875431820008 PointCloud4.pcd PointCloud21.pcd 0.12689605116445418 0.9607191281457615 0.14543102359502247 -0.23636534050268895 -0.4596073316666136 -0.15913074322248955 0.9864529426370573 -0.03984969917262815 0.014735872165504949 0.2273679031356585 0.07589736055222789 0.9708467578793778 2.761138089954324
26875431820009 PointCloud4.pcd PointCloud21.pcd 0.12689605116445418 0.8894697884865972 -0.35794310939741397 0.2841130510985353 1.3151911841331911 0.26453116361855217 0.9102297760738287 0.3185985220041085 0.48481525449038726 -0.37264830449664305 -0.20822700397282418 0.9043089936367318 2.741861653203397
26875431820010 PointCloud4.pcd PointCloud21.pcd 0.12689605116445418 0.9988551397607298 0.037031984295910925 0.030282699890868833 2.660785049983692 -0.03699292586414009 0.9993138164837243 -0.001849221658898635 -1.6569783171159789 -0.030330400748807385 0.0007268588865188507 0.9995396632783393 -0.16206095617165053
26875431820011 PointCloud4.pcd PointCloud21.pcd 0.12689605116445418 0.9262803575078891 -0.3758496500697522 -0.027234901092203067 -0.4079972011541122 0.3665461474451454 0.8818602309885079 0.2965913936614098 -0.7817301909311439 -0.08745639535322162 -0.28470963022585033 0.9546160512836983 -2.269941119663759
26875431820012 PointCloud4.pcd PointCloud21.pcd 0.12689605116445418 0.8434332513784523 -0.2890124289396581 -0.45287102621780906 -0.049832790131802515 0.19375499831998996 0.9498776962328334 -0.245339281048563 0.20182700686460506 0.5010781886045261 0.11918128258163768 0.8571560364291921 0.98940412606712
26875431820013 PointCloud4.pcd PointCloud21.pcd 0.12689605116445418 0.9708838712374643 -0.1820041729456188 -0.155752976219833 -1.0563959535611582 0.19490618012099395 0.9781833865634455 0.0718946674094234 -3.466725316781027 0.13926984426499958 -0.1001585906532746 0.9851762112418024 1.3528321851459644
26875431820014 PointCloud4.pcd PointCloud21.pcd 0.12689605116445418 0.9863289610386825 -0.11652674644124465 0.11651908847983244 -0.06278484415448733 0.10298036357545169 0.9878713525582805 0.11621202826102454 -0.12665729601368927 -0.1286476790860252 -0.10262411099976097 0.9863660915234707 -1.7494264984581631
26875431820015 PointCloud4.pcd PointCloud21.pcd 0.12689605116445418 0.9724459137012006 -0.20224000968583666 0.11596518187848383 -0.30732281431036473 0.21301273534759624 0.9729446391128025 -0.0894667748462715 -0.2131307403832426 -0.09473394062094144 0.11170366020829942 0.9892157362226386 -0.0201480522045241
26875431820016 PointCloud4.pcd PointCloud21.pcd 0.12689605116445418 0.9091778641779578 0.4160261642789741 0.017828121721912105 -0.7255423210882936 -0.4156948231430889 0.9092931894032742 -0.019588509817172414 -0.9277351366393388 -0.024360322264766514 0.010398381611842054 0.9996491626360777 -0.10190206483050246
26875431820017 PointCloud4.pcd PointCloud21.pcd 0.12689605116445418 0.9350469327078009 -0.1084263460491528 0.3375366070756807 1.5420450139065072 0.015443745110850178 0.963637745207679 0.26676541520221714 2.0109763618832224 -0.3541874141901208 -0.24422535391209813 0.9027210267495855 1.4709368940740521
26875431820018 PointCloud4.pcd PointCloud21.pcd 0.12689605116445418 0.9574485694956739 -0.25026312146994334 -0.1437379796811125 -0.41078656621159815 0.24536394320648972 0.9680809072675536 -0.05114579511741513 0.23129919120891118 0.15194990011464307 0.01370135088779588 0.9882932261424234 0.4199673578571593
26875431820019 PointCloud4.pcd PointCloud21.pcd 0.12689605116445418 0.985369702692833 -0.16987857797583514 -0.013704661978544832 0.035685799971916544 0.15374402780560273 0.9207171984118205 -0.358667833047234 -0.080080597684328 0.07354809942580515 0.35131340608293976 0.9333646488791267 2.4291779738135664
26875431820020 PointCloud4.pcd PointCloud21.pcd 0.12689605116445418 0.9807551090401929 -0.19141762164356957 -0.03845400129867582 -2.9546698636902775 0.19003653885234534 0.890732229210086 0.4128949136856157 -2.0248497929531344 -0.04478314406761044 -0.41225646140570105 0.9099665268770437 1.6282388716520075
26875431820021 PointCloud4.pcd PointCloud21.pcd 0.12689605116445418 0.964011135656691 -0.2091684039107861 -0.16410700513784024 0.8402860202885368 0.21009188066217074 0.9776091365401792 -0.011907049718447672 -0.3380295893027896 0.16292308617789283 -0.022999020817843947 0.9863706772971769 1.8275055844765609
26875431820022 PointCloud4.pcd PointCloud21.pcd 0.12689605116445418 0.9124835565386983 0.4021933479795212 -0.07492843177000168 -0.4378651798304751 -0.39385859024602776 0.9131469513990302 0.10506215322402523 2.57099457678746 0.11067596819499544 -0.06635628072519367 0.9916388828966014 2.0674706507833345
26875431820023 PointCloud4.pcd PointCloud21.pcd 0.12689605116445418 0.983170387819691 0.030980106578162817 0.1800450541139189 -0.025829210733577725 -0.050327566511847555 0.9933130586128126 0.10390526280345286 -0.34458922949232057 -0.17562210727432315 -0.1112178069630251 0.9781551384370791 -0.05819432788056963
26875431820024 PointCloud4.pcd PointCloud21.pcd 0.12689605116445418 0.9781817073781514 -0.2077454144748085 0.001545999823583167 0.12239892633200512 0.20775053414200445 0.9781332765792776 -0.009747246380280962 -0.46489299334610207 0.0005127518662271568 0.009855760395631586 0.9999512993503971 -2.3612241070002975
26875431820025 PointCloud4.pcd PointCloud21.pcd 0.12689605116445418 0.9661018041446422 -0.254588077272439 -0.042804379906614835 0.20241072587689643 0.2578567041111292 0.9435520345718337 0.20789294889509458 0.1310342775466713 -0.012538906388227404 -0.21188314932074115 0.9772145654156571 0.21149162726281534
26875431820026 PointCloud4.pcd PointCloud21.pcd 0.12689605116445418 0.9773861658892408 -0.054042882976370755 -0.2044398432985406 0.6145865304556137 0.057289084504291106 0.9983076590587079 0.009988926938509324 1.4459379220055175 0.20355403097209773 -0.021475210460551505 0.9788281625549426 -2.5827737101834365
26875431820027 PointCloud4.pcd PointCloud21.pcd 0.12689605116445418 0.9988781918258749 0.002588329585302247 -0.047282749968977404 0.07408384113433723 -0.005198085437831618 0.9984642508758373 -0.055155413430905485 -0.6545104380788072 0.04706737513875175 0.05533931941134581 0.9973576198759586 3.855999555470677
26875431820028 PointCloud4.pcd PointCloud21.pcd 0.12689605116445418 0.9739156649025683 0.18901318272883236 0.12554797653528765 0.45389946224653555 -0.18840883292806762 0.9819473247309977 -0.01677984291702349 0.24896078274639516 -0.12645311119965225 -0.007312195864000378 0.9919456348306467 0.9617427270139617
26875431820029 PointCloud4.pcd PointCloud21.pcd 0.12689605116445418 0.9957226418133157 -0.09105110699847781 -0.015688100416024694 -0.09133298459438093 0.09033533785218455 0.9950462064576151 -0.041503900412382486 -0.1984349599963509 0.01938936088279351 0.039909183512833665 0.9990151699328172 0.5583885948060923
26875431820031 PointCloud8.pcd PointCloud22.pcd 0.12055691040884027 0.845086723950463 -0.5345709919556171 0.007891993554340254 -0.5353198114996114 0.528013136486647 0.8368528575606686 0.1444971366154941 -2.493229423699106 -0.08384841501309101 -0.11794553553285078 0.9894737459617924 1.1504047404475333
26875431820032 PointCloud8.pcd PointCloud22.pcd 0.12055691040884027 0.9994987521342918 0.021938018906117396 0.022824719241830722 2.92055782542435 -0.022942640206038954 0.9987358176486814 0.04472585165199605 1.151195462901218 -0.021814668055457703 -0.04522709223568268 0.9987385195262749 -0.05821117122213692
26875431820033 PointCloud8.pcd PointCloud22.pcd 0.12055691040884027 0.9935164780165101 0.11120755696630558 -0.02361963554450939 -0.7422172320165794 -0.11090232958382001 0.9937345799453375 0.013865709997881108 -0.7623277971292841 0.025013620340752635 -0.011156338756486257 0.9996248570853965 3.6165847682634404
26875431820034 PointCloud8.pcd PointCloud22.pcd 0.12055691040884027 0.9962320840421539 -0.06648730040087492 0.05568728409996893 -0.20182745474138725 0.050915555510888236 0.9681680183986034 0.2450679382480278 -0.6961681331753051 -0.07020855312598667 -0.24130919384790406 0.9679052805065329 0.8599851496829682
26875431820035 PointCloud8.pcd PointCloud22.pcd 0.12055691040884027 0.9907464900649192 -0.06943679748289275 0.1166187102456665 2.958307916143206 0.06812337058722623 0.9975608689086451 0.01521575506060702 -2.485102404980754 -0.11739079522636525 -0.0071304963045140425 0.9930601981846685 0.6846652383044592
26875431820036 PointCloud8.pcd PointCloud22.pcd 0.12055691040884027 0.9814359294835489 -0.18698122579683926 -0.04267947420334675 2.096372507511607 0.1768698038703875 0.9684435226816517 -0.17559674215316212 -2.3233215518362824 0.07416595443741957 0.16478824161773453 0.9835366015695206 0.3774266975831284
26875431820037 PointCloud8.pcd PointCloud22.pcd 0.12055691040884027 0.8247226504981704 0.5556632684581037 -0.10521825811963426 -0.08785017537825343 -0.5505599772958755 0.8313971787949275 0.0752492025990997 -0.01385479644522449 0.12929138082346214 -0.004130760013945918 0.9915980413788994 -0.1928482371097461
26875431820038 PointCloud8.pcd PointCloud22.pcd 0.12055691040884027 0.985007605992861 -0.05108081227114008 0.16477489722021713 0.06230450172021475 0.0566196360564085 0.9979718926377656 -0.029091550626182378 0.1061851096849291 -0.162954696001841 0.037984893348756835 0.9859020818155477 -2.569016180497495
26875431820039 PointCloud8.pcd PointCloud22.pcd 0.12055691040884027 0.9969515701954662 0.05912047931570731 0.05091498414293786 -0.22699316176014644 -0.05242324167164686 0.9908849094618661 -0.1240923040860536 0.05214429053664037 -0.05778728594968532 0.1210448888893311 0.9909635535459106 -1.2596174780730085
26875431820040 PointCloud8.pcd PointCloud22.pcd 0.12055691040884027 0.9690005888905194 0.19356937187743198 0.1535211939792123 -1.8616063589385752 -0.20293263675086817 0.9780294484997147 0.04771522617240719 -2.247971938869823 -0.1409120423213243 -0.07739054295144995 0.9869926545777902 -2.0919502001610204
26875431820041 PointCloud8.pcd PointCloud22.pcd 0.12055691040884027 0.9708141134740157 -0.21051600843084972 -0.11490416560770766 -2.4547495049873604 0.20966088217919177 0.9775773792444282 -0.019615862801276526 0.38640084029182475 0.11645716621790253 -0.005047552271926739 0.9931828888238853 0.04179763133029228
26875431820042 PointCloud8.pcd PointCloud22.pcd 0.12055691040884027 0.9226925235219632 0.3855366390764732 8.346429437929085e-05 -0.4669052820686543 -0.3855357588948042 0.9226908387326844 -0.0019480072337385958 1.2371328382671933 -0.0008280399015772955 0.0017652332402631648 0.9999980991489578 -1.1783865054569727
26875431820043 PointCloud8.pcd PointCloud22.pcd 0.12055691040884027 0.8872993060189559 -0.45908290363737464 -0.04407753539112712 3.5053288030407943 0.4606459941997408 0.8775302371348934 0.1332139292330572 0.5784096215727662 -0.02247686735315819 -0.13850476707266995 0.990106670986583 -0.9612271836261121
26875431820044 PointCloud8.pcd PointCloud22.pcd 0.12055691040884027 0.9393138924127675 0.038029369063649524 0.3409445389047856 0.8766325980713444 -0.13126660017092823 0.9580475531101386 0.2547821925866135 1.190174239020864 -0.3169518752112721 -0.2840750835048672 0.9048993622120425 2.4544133381318525
26875431820045 PointCloud8.pcd PointCloud22.pcd 0.12055691040884027 0.9771847346498161 -0.15361641246378174 0.14666967031096018 -3.034957231238344 0.16304343252752454 0.9851122303124229 -0.05450442916430141 2.3828082751489084 -0.13611331116761144 0.07717442264533687 0.9876827805587926 0.2527193003402455
26875431820046 PointCloud8.pcd PointCloud22.pcd 0.12055691040884027 0.9890086150492822 -0.11567534959473111 0.09209328343824835 0.4119691650849654 0.07901211323029095 0.9399323092600206 0.3320908610185002 -2.5837258043615656 -0.12497617901498065 -0.3211642375876584 0.9387409052414588 0.7785534458570478
26875431820047 PointCloud8.pcd PointCloud22.pcd 0.12055691040884027 0.9924195877471346 -0.12202552870467018 0.014599047919410694 1.577674345079804 0.12228095831977714 0.992330282688669 -0.01811014332973057 1.3310599672894494 -0.012277177534126507 0.019758046547474623 0.9997294086443709 2.0966542690878196
26875431820048 PointCloud8.pcd PointCloud22.pcd 0.12055691040884027 0.9686371232777156 -0.21969661003271315 0.11608412013882627 -2.896583452063958 0.24551312004423367 0.9181826654275625 -0.31090818708178514 -1.3342792444661518 -0.03828095210959614 0.3296573864612631 0.9433242158754921 -0.8059188215290058
26875431820049 PointCloud8.pcd PointCloud22.pcd 0.12055691040884027 0.9869852975124496 0.00720529231949648 -0.16064901573570892 0.25528021292048264 0.03544958571640102 0.9646715687963046 0.26105955494601657 0.952158285065483 0.1568545484415322 -0.26335688356044035 0.9518612307025304 1.6389287800795367
26875431820050 PointCloud8.pcd PointCloud22.pcd 0.12055691040884027 0.9635420129822428 -0.19052640240349406 -0.18784695686997283 -1.3062108825115792 0.19177755102372762 0.9813691089874764 -0.01166374075793857 -1.813462444917004 0.18656945125467117 -0.02478632510697601 0.9821290536106864 0.8684144684088922
26875431820051 PointCloud8.pcd PointCloud22.pcd 0.12055691040884027 0.9469072902173488 -0.11882482969432723 0.29874277159682305 -0.1033229497075828 -0.006014720024325029 0.9224862532815461 0.38598307689535283 0.43111271118840727 -0.3214504734422807 -0.36728704354317887 0.8727942602750343 0.10851484051759054
26875431820052 PointCloud8.pcd PointCloud22.pcd 0.12055691040884027 0.881942389688281 0.4713559959051692 -0.0010706984498354746 0.3634561668382148 -0.4710788312191616 0.8814973029066056 0.03236108381326036 -0.4001678256052851 0.016197408685126244 -0.02803622821683293 0.9994756694683772 -3.495185254106788
26875431820053 PointCloud8.pcd PointCloud22.pcd 0.12055691040884027 0.88363802436984 -0.2920717933318189 0.3658933033381472 -0.42792052276612697 0.2859748853535681 0.9555204895354411 0.07210380728480753 0.03620010246836357 -0.3706780366231316 0.04092262965507394 0.9278594352310774 0.45429560553569304
26875431820054 PointCloud8.pcd PointCloud22.pcd 0.12055691040884027 0.9686351629379233 -0.17787962010808062 0.1735072386686732 -0.0034438947240623074 0.23326754404667038 0.891543937697923 -0.38824690603856327 0.2230398346242071 -0.0856281146274849 0.4165432125293692 0.9050743494769119 -0.0991795546528221
26875431820055 PointCloud8.pcd PointCloud22.pcd 0.12055691040884027 0.8785776963137879 -0.30768377687407766 0.36528334890665415 0.7776182292905179 0.40459454808513984 0.8858935384134237 -0.22692705933212404 3.3464290713432736 -0.25378038379618517 0.347164704493194 0.9028134828160324 0.4441480092338688
26875431820056 PointCloud8.pcd PointCloud22.pcd 0.12055691040884027 0.8781970403670739 0.47829031590343113 0.002886521004258442 0.22221766570169954 -0.4773957255611128 0.8768932674659229 -0.056138388727464586 -0.4844753521090733 -0.029381618513801853 0.047922554042260354 0.9984188245959588 -0.5061341770864071
26875431820057 PointCloud8.pcd PointCloud22.pcd 0.12055691040884027 0.9414657614220333 0.33709196094058475 0.0033511101537202284 0.3574636321992941 -0.33708082171902504 0.9414692723837722 -0.0034826407218419937 -0.019342291449619832 -0.004328937428278105 0.0021491920346613696 0.9999883205689656 -0.6250932574778683
26875431820058 PointCloud8.pcd PointCloud22.pcd 0.12055691040884027 0.9992749644035545 -0.013099383118041692 -0.035748450011183056 0.6115450337072799 0.010945404992986624 0.9981504872282074 -0.059798017990831794 0.8560545135429551 0.03646564994367704 0.059363381035947606 0.9975701706477427 -0.48680775021286093
26875431820059 PointCloud8.pcd PointCloud22.pcd 0.12055691040884027 0.9323811544755949 -0.36145486747687866 -0.003970082622447165 0.4457238869191546 0.3614191822209372 0.9323725139492863 -0.0075940736523178905 0.17964391723154233 0.006446510800885657 0.005645707144366444 0.999963283570619 -1.4434274129701117
26875431820060 PointCloud8.pcd PointCloud22.pcd 0.12055691040884027 0.9923988818240227 -0.12291477568401628 0.006034672565865557 0.5398932065502278 0.12244262694687254 0.9911265520370459 0.0517296912179626 -0.06728934669926233 -0.012339467605138182 -0.05059758656007926 0.998642890013 -0.7275892800282949
26875431820062 PointCloud12.pcd PointCloud0.pcd 0.1488671408453215 0.842404076124805 0.455436618910222 -0.28798065678781143 -1.0655682636198944 -0.4846476029269977 0.8739889230748908 -0.035497370599916866 -0.5984859895853983 0.2355251016461498 0.169472264686638 0.9569780969262323 -2.009010010592135
26875431820063 PointCloud12.pcd PointCloud0.pcd 0.1488671408453215 0.9939489861024976 0.0914802886137507 0.06080106759721915 -0.5396103498248384 -0.10230400024987889 0.972505733554892 0.20920442092779484 -0.09945544605018614 -0.039991306038806934 -0.21415871450400065 0.9759798873149509 -3.5988384349636235
26875431820064 PointCloud12.pcd PointCloud0.pcd 0.1488671408453215 0.9700116824752415 0.23502752820304298 0.061962866689004296 2.5023663069594084 -0.24300022218018327 0.9433103900412966 0.22608936299728602 0.8388876118550745 -0.005312991806228844 -0.2343663137631021 0.972133840112133 -0.06685651550731862
26875431820065 PointCloud12.pcd PointCloud0.pcd 0.1488671408453215 0.9886979117360615 -0.13387666991330163 -0.06747945303332095 0.7057816005260943 0.10786715366319585 0.9478231597772563 -0.29999322484092555 -0.3211459217721992 0.1041206823323387 0.2893238584057362 0.9515516740923037 -1.4523908313975125
26875431820066 PointCloud12.pcd PointCloud0.pcd 0.1488671408453215 0.9664714670532151 -0.25631473730721116 0.015351182727771506 -0.5999803714676153 0.25649067126385056 0.9664859861615777 -0.0108339331686116 0.95455567141584 -0.012059806243280258 0.014408122445964684 0.9998234679586975 3.273897808540191
26875431820067 PointCloud12.pcd PointCloud0.pcd 0.1488671408453215 0.8957262966751556 -0.4270973974087053 -0.12354033580706204 -0.5625938991121465 0.41824111975938877 0.9036907364603823 -0.09174649082174464 1.5745921768445679 0.15082694449939563 0.03051009607330593 0.9880892504478398 -0.5731379475162521
26875431820068 PointCloud12.pcd PointCloud0.pcd 0.1488671408453215 0.947506281340123 0.25776066983869034 -0.18918584488624277 0.9472160812777296 -0.30459247373345116 0.9076102343241923 -0.2889067107128557 0.0030192708666336777 0.09723822173378469 0.33136550761099814 0.9384783580881112 1.5103909085049347
26875431820069 PointCloud12.pcd PointCloud0.pcd 0.1488671408453215 0.9674227307015436 -0.25196791106390487 -0.02460552612850672 0.4274850860862678 0.24957344737221349 0.9654940298446619 -0.07439336463061642 -0.11883250187149494 0.04250122926125188 0.06582894597672807 0.9969253710197546 -0.39558385219808734
26875431820070 PointCloud12.pcd PointCloud0.pcd 0.1488671408453215 0.9365067430199365 0.34366610825398936 0.06963279626546677 -0.7831628651856666 -0.3503247274474883 0.9255510036755907 0.14362424911535587 -1.112129694443326 -0.01508991772786487 -0.15889916813081206 0.9871794916580785 2.2570980526017452
26875431820071 PointCloud12.pcd PointCloud0.pcd 0.1488671408453215 0.9999661192631508 0.005679850493676451 -0.005958156104318801 -3.1769217350523693 -0.006410123554725641 0.9913970760919844 -0.13073158697222806 -0.49337811902267836 0.005164362671917952 0.130765350206519 0.9913998953719731 -1.7156137694997438
26875431820072 PointCloud12.pcd PointCloud0.pcd 0.1488671408453215 0.9254545599824175 -0.34515580710905064 0.15620923860850755 -2.0061253242000383 0.3688907327663226 0.9149018914550128 -0.16393338979953267 -2.4798127863296413 -0.08633356639729065 0.20933704361851432 0.9740249059865895 -1.1344041305190786
26875431820073 PointCloud12.pcd PointCloud0.pcd 0.1488671408453215 0.8374550544878513 -0.41772455634692035 0.35238505464550957 1.642643200437546 0.4509865059083437 0.892422705317663 -0.013888359229484809 -0.5013628559816394 -0.308674915082735 0.17055178116417416 0.9357520434070097 -0.7537418750047205
26875431820074 PointCloud12.pcd PointCloud0.pcd 0.1488671408453215 0.9293338530322823 0.3351398498905241 0.15498345274102368 0.21585184731811358 -0.3523276207221698 0.9304483073912667 0.10065383722929618 0.02959310034820809 -0.1104709793766083 -0.1481459695303377 0.9827761364764048 0.09259907863607421
26875431820075 PointCloud12.pcd PointCloud0.pcd 0.1488671408453215 0.9690949986120995 0.2447509731748144 0.030851982027031502 0.0717689964420987 -0.24275772110704744 0.9684035476897933 -0.057124930325868774 -1.4084487673648853 -0.043858551138038895 0.04786992742634632 0.9978902231910425 -1.9400831305645785
26875431820076 PointCloud12.pcd PointCloud0.pcd 0.1488671408453215 0.9997371119907313 0.00019361863916912646 0.022927481768709984 0.1292353254026713 -0.0006043325016349461 0.9998394557004826 0.0179080319072228 -2.3716699237165533 -0.022920333563441656 -0.01791717992277827 0.9995767269064219 0.666753891274248
26875431820077 PointCloud12.pcd PointCloud0.pcd 0.1488671408453215 0.9986672953386111 -0.029560207642817287 0.042306351121040024 2.0925941481496113 0.04136815756755571 0.9486195262068392 -0.31370315592702863 -0.569387226875871 -0.03085950032857112 0.3150352180681158 0.9485781478698766 -1.5372534865818421
26875431820078 PointCloud12.pcd PointCloud0.pcd 0.1488671408453215 0.9075111028062485 -0.3878727466371544 -0.16117794731146226 2.445172117257954 0.3670900665229942 0.9189037094368898 -0.14443287660109652 -0.8988347834223869 0.20412859021589877 0.07190761572513557 0.9762995510893139 0.25183509164318985
26875431820079 PointCloud12.pcd PointCloud0.pcd 0.1488671408453215 0.9217992300008019 0.3874168909404436 0.013940307886453136 0.1351663290355944 -0.38750830490189003 0.9197936922977453 0.06178088087219498 0.24730902375592265 0.011112749524419593 -0.06235155349565051 0.9979923800183479 -0.1621694624219759
26875431820080 PointCloud12.pcd PointCloud0.pcd 0.1488671408453215 0.9932168198405993 0.11415900607358188 0.022092309024154787 1.145671874923156 -0.11024031544372336 0.9849230463498538 -0.1333179118490544 -0.026426886398278865 -0.03697866461346635 0.1299781293188041 0.9908270607236105 2.0636550415593566
26875431820081 PointCloud12.pcd PointCloud0.pcd 0.1488671408453215 0.9984222452177673 0.052328443231548234 -0.020365517014675153 0.5120851672172878 -0.050394277917693665 0.9950141277557623 0.08606568607519306 3.1604545709141743 0.024767660516622127 -0.08490359000302673 0.9960812935685175 -2.3933089174418454
26875431820082 PointCloud12.pcd PointCloud0.pcd 0.1488671408453215 0.9548470108360828 -0.016284139365087113 0.29665133187386167 0.15084076676377733 -0.014960214105391955 0.9945947372505656 0.10274969891634397 -0.946804700834141 -0.2967210438969882 -0.1025482103140612 0.9494421976455779 2.3754082723216916
26875431820083 PointCloud12.pcd PointCloud0.pcd 0.1488671408453215 0.9769390179790975 0.12468369643633573 -0.17333242914413963 2.241262534844513 -0.04021866149448166 0.9047165979168965 0.42411123154341107 -0.1129427356245898 0.2096964816529567 -0.4073596117641613 0.8888675560991767 -0.557868891757239
26875431820084 PointCloud12.pcd PointCloud0.pcd 0.1488671408453215 0.8754705647294364 0.4231431991631244 0.2334547564182799 2.2713647152837004 -0.3201795250686963 0.8696953743373628 -0.37565280191019296 0.5700074225113482 -0.3619894501489042 0.2541255375954787 0.8968744890578074 -1.3650685103186395
26875431820085 PointCloud12.pcd PointCloud0.pcd 0.1488671408453215 0.9997157033930828 0.013669182565150352 0.01953626978915079 0.5896236847875197 -0.014228004006596833 0.999485152913701 0.028757486104740163 -0.2688634704959703 -0.019133120269892223 -0.02902727257385111 0.9993954878603672 0.7299082743246414
26875431820086 PointCloud12.pcd PointCloud0.pcd 0.1488671408453215 0.9934949706038926 -0.1132662053817576 -0.011769031531455818 -1.4081661654849194 0.11319912958228379 0.9935528554625949 -0.006219362020155532 -1.375268037136911 0.012397598420025682 0.004846660762002135 0.9999114007915272 1.6280907030504939
26875431820087 PointCloud12.pcd PointCloud0.pcd 0.1488671408453215 0.9092597585637435 -0.3088663161469619 -0.27901306458015174 -0.7378930504472462 0.19343135825945987 0.9071122181600189 -0.37380708033250376 -1.2357414677189786 0.3685525757588779 0.2859178595586771 0.8845450675273031 2.269939107278563
26875431820088 PointCloud12.pcd PointCloud0.pcd 0.1488671408453215 0.9948649799686777 -0.100757577620413 -0.00956985809659965 -0.03240205784374159 0.10103183870762168 0.9942782436635714 0.03468921654694809 0.041981521771740096 0.006019900271576271 -0.035477947084779124 0.9993523282963672 0.3362634439718597
26875431820089 PointCloud12.pcd PointCloud0.pcd 0.1488671408453215 0.885772438745076 0.4327921424085317 -0.1676250226816802 0.011156509000174087 -0.4489389117473922 0.890583645053539 -0.07290147242833492 -0.0017940408675074303 0.11773291926503733 0.13982751028529858 0.983151680611261 -3.054099727590706
26875431820090 PointCloud12.pcd PointCloud0.pcd 0.1488671408453215 0.9786217825102617 -0.004637591210792754 0.20561590294575882 -0.05843160178591677 -0.013740723859284217 0.9960377258018146 0.08786376549734255 -0.34747676880467593 -0.20520867258539788 -0.08881070615252805 0.9746804908114394 1.3729630472129715
26875431820091 PointCloud12.pcd PointCloud0.pcd 0.1488671408453215 0.9591999346439802 0.26285835915663297 -0.10411997118932796 -0.011960118046191395 -0.2731156863382079 0.9566793541065868 -0.10085849147302045 0.12911793696079663 0.07309792921139129 0.1251802558220994 0.9894375151050823 -0.9200565901153743
26875431820093 PointCloud22.pcd PointCloud4.pcd 0.16598395212838296 0.8622286182136488 -0.003921457388834038 -0.5065041284188407 0.5469528571296555 -0.10963162411772102 0.9748215863170286 -0.19417461688815757 0.957610095328792 0.49451260542749836 0.22295178183252895 0.8400891536325225 3.2506717538653844
26875431820094 PointCloud22.pcd PointCloud4.pcd 0.16598395212838296 0.999792855009332 0.01928035349583579 -0.006520355923128467 2.6071316282263632 -0.01928375356325264 0.999813945783966 -0.0004589819259498448 -1.021006320587787 0.0065102934496384145 0.0005846237869093812 0.999978636918923 0.35555327056972785
26875431820095 PointCloud22.pcd PointCloud4.pcd 0.16598395212838296 0.9183939423975309 -0.3798191535036232 -0.11086016958002545 -0.3122713929783212 0.3833809923300748 0.9235127184894746 0.01196969123193508 -0.18063850593456698 0.09783445858964013 -0.05349457374324854 0.9937639303639977 0.4890083737341156
26875431820096 PointCloud22.pcd PointCloud4.pcd 0.16598395212838296 0.9938356165859011 -0.09573454813564979 -0.05590763363427679 -0.09205060122295333 0.10030258741947372 0.9912678783125907 0.08560014242169023 -0.47167420636014834 0.04722455041903941 -0.09068015063351942 0.9947597459280314 1.0103721521979419
26875431820097 PointCloud22.pcd PointCloud4.pcd 0.16598395212838296 0.9950262110608445 -0.09622542176478317 0.02575863948444206 0.2144969316783641 0.0969472568034744 0.9948838028305607 -0.028415634141850412 -1.6404768240318925 -0.02289254682600982 0.030771530212062904 0.99926425145115 -0.937398736962487
26875431820098 PointCloud22.pcd PointCloud4.pcd 0.16598395212838296 0.8218187448692258 0.5688546956499033 -0.03191059101029347 -0.1618542205228386 -0.5688552417264293 0.8223775133616791 0.009946832532360473 -1.5832488890432679 0.031900854877823175 0.009978013535624853 0.9994412312407103 2.692769048207146
26875431820099 PointCloud22.pcd PointCloud4.pcd 0.16598395212838296 0.9759725614537497 0.21603232750898038 0.02841817658576062 0.8523480852849981 -0.21617478873916662 0.9763526244076514 0.002003378613318087 -0.7497758956532247 -0.02731336674567063 -0.008098535876580848 0.9995941144853107 0.5818679578171427
26875431820100 PointCloud22.pcd PointCloud4.pcd 0.16598395212838296 0.920151681123993 -0.3832143138070698 -0.08042184664670568 -0.003489200724758162 0.3795555842073723 0.9233925297873755 -0.05730440148776665 -0.029112764555472768 0.09622079931953323 0.022204180377746647 0.99511232137486 -1.0859776392797058
26875431820101 PointCloud22.pcd PointCloud4.pcd 0.16598395212838296 0.9788588709737083 0.1396129792107886 -0.14947751252936026 -1.105311514827557 -0.1285583448838943 0.9883661704835842 0.08127155101465754 2.64375781865277 0.15908507999429372 -0.06033679706035368 0.9854194072798175 -1.0575338173125088
26875431820102 PointCloud22.pcd PointCloud4.pcd 0.16598395212838296 0.9620704542591317 -0.08112781595539938 -0.26045866950426994 1.2017946409511073 0.11761701571670687 0.9848144487171359 0.12769784341115384 -2.4711334637953075 0.24614361388328482 -0.15348869364311654 0.9570028956425397 1.7483087509118196
26875431820103 PointCloud22.pcd PointCloud4.pcd 0.16598395212838296 0.9534480546774136 0.2701372752049044 0.1340248468632784 0.4445228691873278 -0.29037195081304557 0.9423491890219553 0.16631937990110843 -1.046810086781051 -0.08136914165014736 -0.1974939454629754 0.9769212886883903 -0.44254833685245326
26875431820104 PointCloud22.pcd PointCloud4.pcd 0.16598395212838296 0.9976302699148739 -0.03409451408340211 -0.059761263867095085 -0.07095130945787154 0.04243281301576672 0.9886182817313499 0.1443376229751701 -0.603508762768573 0.05415995687908963 -0.1465314203028486 0.9877222493873898 2.3926382061459495
26875431820105 PointCloud22.pcd PointCloud4.pcd 0.16598395212838296 0.9596059706010469 -0.25175696728460567 -0.12559781292076985 -0.038754571047653896 0.19225618105449815 0.9126988844293201 -0.36058051418208187 0.23636242522402146 0.2054116404519538 0.3218682584305767 0.924233131943291 -0.9648409730328128
26875431820106 PointCloud22.pcd PointCloud4.pcd 0.16598395212838296 0.9938034724729421 -0.10646735788897037 0.03192741462856168 -0.144453364513381 0.10563610523121854 0.9940467267810278 0.026685543792541584 0.11074486633824192 -0.03457848134752476 -0.023147498354393104 0.9991338858969965 -1.0954795257897452
26875431820107 PointCloud22.pcd PointCloud4.pcd 0.16598395212838296 0.9857136465481552 -0.16769621681912808 -0.01570305299267527 2.465797081096572 0.16841462325559256 0.9825844000771266 0.0785137656640555 -0.49199751697406613 0.0022631134341014898 -0.08003671401066749 0.9967893472183373 0.9378797236744063
26875431820108 PointCloud22.pcd PointCloud4.pcd 0.16598395212838296 0.9819552624072798 0.1890803991591455 -0.0035306209749040845 -0.6956121840573063 -0.18717444440569467 0.9743847500183183 0.12465988245285235 2.007898194643718 0.02701092356935883 -0.12174958556626651 0.9921932515505095 -3.347312162436699
26875431820109 PointCloud22.pcd PointCloud4.pcd 0.16598395212838296 0.8945404480295076 -0.4363956687713346 -0.0967274889407734 -0.06382426236084104 0.40359597142008596 0.881572491408093 -0.2448269475486816 -0.18824732467708835 0.19211371292191773 0.1799687824878173 0.9647297852959696 0.5690846501440251
26875431820110 PointCloud22.pcd PointCloud4.pcd 0.16598395212838296 0.9653551463318629 -0.2435667132306854 -0.09361996398518978 0.38252775380483245 0.2222807813946998 0.9555115515062971 -0.1938786454475848 -2.04795180742996 0.13667734147673796 0.16635182939790497 0.9765481929648026 -1.592024459834995
26875431820111 PointCloud22.pcd PointCloud4.pcd 0.16598395212838296 0.9999038899488869 0.006233237984194322 -0.012383763939791112 -0.0045555035783731955 -0.006368845483262678 0.9999198592729386 -0.010941336243665023 -0.01822228441899858 0.012314571543273367 0.011019154950313132 0.9998634554537367 -0.9971620684607714
26875431820112 PointCloud22.pcd PointCloud4.pcd 0.16598395212838296 0.9981030629009767 0.00492671653518958 -0.061367770791114794 1.262422149440952 0.0026102846748457366 0.9925100720935921 0.12213493851756313 1.1498633606210011 0.061509854833231216 -0.12206344357322774 0.9906144827840143 -1.5490159684151028
26875431820113 PointCloud22.pcd PointCloud4.pcd 0.16598395212838296 0.9526656436516254 -0.07507520637944999 0.2946046245273778 -0.9439946834612644 0.07016499998653138 0.9971640088791545 0.027217864959318876 -0.8518955968982164 -0.29581251525708696 -0.00525859136429699 0.9552315441996977 -0.7301265468125551
26875431820114 PointCloud22.pcd PointCloud4.pcd 0.16598395212838296 0.9547803118771994 -0.29244438625429114 -0.053580192235834545 2.51295002645521 0.29274610711386295 0.9561874346267609 -0.00230361272193322 -0.42133178176809755 0.051906385169424654 -0.013485948622361304 0.9985608926692445 -2.4222967033648097
26875431820115 PointCloud22.pcd PointCloud4.pcd 0.16598395212838296 0.9966100356832093 0.07833968026662463 -0.025126306358784208 -1.4830986816864717 -0.08069085243910656 0.990332570112123 -0.11282901624922306 3.0414036934515583 0.016044410495957413 0.11447399298897604 0.9932966736182082 -1.9102136642727887
26875431820116 PointCloud22.pcd PointCloud4.pcd 0.16598395212838296 0.9971154742208471 0.07565314404193438 0.006110062676074009 -0.27893116506732124 -0.07565380112107334 0.9971341369334463 -0.0001238463739827115 -0.46163635527464486 -0.006101921440686305 -0.0003387603306086924 0.9999813257237208 0.610365147677057
26875431820117 PointCloud22.pcd PointCloud4.pcd 0.16598395212838296 0.9998374675299051 0.017994327215464935 -0.0011147696842344571 -1.9159100950855927 -0.017992567216153346 0.9998368892502466 0.0015692097891556423 -0.8453451191301611 0.0011428247277312366 -0.001548897173138395 0.9999981474328784 0.2435163635376496
26875431820118 PointCloud22.pcd PointCloud4.pcd 0.16598395212838296 0.9895570356746287 -0.013906408758163598 -0.14346945647869558 0.6971969846816998 0.022380965712438923 0.9980873954975683 0.05762502340701453 2.01681645113092 0.14239369902007631 -0.060234232329558324 0.9879756432903842 0.7386564678262447
26875431820119 PointCloud22.pcd PointCloud4.pcd 0.16598395212838296 0.9786544125263139 -0.20530507961426506 -0.009239325048693422 1.0451736438857313 0.20433647032343713 0.9672650850535955 0.15048209904177737 -1.1197068085883286 -0.021957862795231563 -0.14915790130207815 0.988569558878193 1.7879790163057254
26875431820120 PointCloud22.pcd PointCloud4.pcd 0.16598395212838296 0.8983397068197038 0.2614642936268653 0.3530186883286675 0.5142858071220114 -0.29685077694385764 0.9536620446327153 0.049074645742754844 -1.8185037646846727 -0.32382925652095834 -0.14887957477489372 0.9343283602866447 2.3997620565398052
26875431820121 PointCloud22.pcd PointCloud4.pcd 0.16598395212838296 0.9380906162897164 -0.2825453678468914 0.20038490646115312 0.2897759293192905 0.2877435770660504 0.9577017450689183 0.0033168281810560495 -0.6630610546608088 -0.19284612904181972 0.05454798438268414 0.9797116350811459 -0.04566066401438299
26875431820122 PointCloud22.pcd PointCloud4.pcd 0.16598395212838296 0.9432047140838955 0.3276786701510038 0.05469512279890046 -0.4947610530642349 -0.3305859299020364 0.9420497544004421 0.05705438795458854 -0.3913031414874344 -0.03283002102836717 -0.07189540570951991 0.9968717271330051 1.45760244249612
26875431820124 PointCloud10.pcd PointCloud21.pcd 0.15616039082874103 0.959580926396872 -0.00492225150089224 0.2813897957202478 0.8263356095869064 0.04018873508149536 0.9919967327101914 -0.11969689998013402 -0.9154114562496719 -0.27854857972689473 0.1261675621246079 0.9520989628182897 0.12498706619048205
26875431820125 PointCloud10.pcd PointCloud21.pcd 0.15616039082874103 0.9974127840324325 0.05815426472932966 -0.04225896049908447 0.37305973657927405 -0.06107340759080798 0.9955741780222469 -0.07142895029730204 0.5378347494074694 0.0379180317780232 0.0738250468954707 0.9965500917249279 -2.5426456157386412
26875431820126 PointCloud10.pcd PointCloud21.pcd 0.15616039082874103 0.9852763378746819 -0.0238669205245931 -0.16929532813674616 0.6331827055310945 0.027922491392540248 0.999376366721326 0.021615089944650456 -1.9176303180224634 0.16867386430235512 -0.026023984006192633 0.9853283106446076 -1.2182655111146825
26875431820127 PointCloud10.pcd PointCloud21.pcd 0.15616039082874103 0.9409849955089116 -0.0755435411811356 -0.32990970221093485 0.29948909470928886 0.06684380332772497 0.9970527596038649 -0.03765236410907191 -0.3312904044983369 0.3317817719281426 0.013377890421578898 0.9432613041273824 0.28726941155429775
26875431820128 PointCloud10.pcd PointCloud21.pcd 0.15616039082874103 0.9997765290318841 -0.01320119262466346 -0.016511223765819965 0.02273554066745893 0.013525177764036889 0.9997151018372462 0.019666843290059396 -0.12384380498855174 0.01624689396191312 -0.019885765558084086 0.9996702430125443 -0.9460555221486739
26875431820129 PointCloud10.pcd PointCloud21.pcd 0.15616039082874103 0.9158331205537537 -0.40133293742560583 -0.013474740595216495 -0.4931135556054699 0.39910315507931615 0.9060137387864056 0.1409105274137248 0.6954997357929922 -0.04434373577529249 -0.1344283395256131 0.9899306312211363 0.3779209770897116
26875431820130 PointCloud10.pcd PointCloud21.pcd 0.15616039082874103 0.9788906471012847 0.19558385823737964 0.059330054901447306 -1.219906342173137 -0.18704009385124495 0.9742719557103859 -0.12573845715761472 -0.5488208136987861 -0.08239602120093939 0.11198710065556841 0.9902877283784819 -2.109985882404363
26875431820131 PointCloud10.pcd PointCloud21.pcd 0.15616039082874103 0.9309972917279187 -0.06614723552965605 0.3589827099277416 -1.9292054528834914 0.21002651415633278 0.9014197551002803 -0.3785911891028247 -1.5222230847126579 -0.2985513459132626 0.4278632589352996 0.8531120240077761 1.0566804246668906
26875431820132 PointCloud10.pcd PointCloud21.pcd 0.15616039082874103 0.9368677894719109 -0.31770469977668647 0.1460906184182294 2.8243132179342054 0.31415917223471856 0.9481884759018334 0.047356400494068605 2.1805927447823024 -0.15356679182300986 0.001529021505304512 0.9881370869178145 -1.4235582744019781
26875431820133 PointCloud10.pcd PointCloud21.pcd 0.15616039082874103 0.9888239576633546 -0.13993041636420783 -0.051445692989013476 1.2328684011587348 0.1236482713567087 0.962516315270607 -0.24139893916169425 2.4276451185040573 0.08329637291910211 0.2323398833907624 0.9690613462750896 -1.8305302037195512
