id source target overlap t1 t2 t3 t4 t5 t6 t7 t8 t9 t10 t11 t12
2318808360030 PointCloud3.pcd PointCloud17.pcd 0.1753623416641732 -0.9482719640855407 0.30952972120153976 0.07050981365915146 -7.785608469393446 -0.31432500361682003 -0.9465909794807509 -0.071870088819751 -0.777542001419386 0.04449802501951398 -0.09031538771754162 0.9949186180340547 2.296610150812433
2318808360061 PointCloud11.pcd PointCloud21.pcd 0.1433865374943752 -0.7033708459013098 -0.543223324614501 0.45845160347723113 -0.5544953324884618 0.40574847849318035 -0.8363910947474847 -0.368535084934356 -6.557989595500715 0.5836416925961895 -0.07320079386094364 0.8087051492612017 11.680022853128643
2318808360092 PointCloud26.pcd PointCloud9.pcd 0.10535245448346586 -0.23716631885371114 0.9151230877802679 -0.32603967766651987 -11.88408733156246 -0.9644665445865372 -0.2620240834876923 -0.0338771906411994 1.9337801729523791 -0.11643204702608764 0.3064198327196581 0.9447488896745908 6.816106642304391
2318808360123 PointCloud17.pcd PointCloud1.pcd 0.11202755656680571 0.9839556872956047 -0.06858241253056871 0.16470476049623223 4.178317458291824 0.1654840827956075 0.6958492706216045 -0.6988625121700817 9.674652853241922 -0.06668001034741113 0.7149057597102347 0.6960341449621572 3.992028249577085
2318808360154 PointCloud30.pcd PointCloud16.pcd 0.13621065668668048 0.6658995926358136 -0.6739453034868503 0.31996165463298043 1.024908687427723 -0.11995820994137224 -0.5200234614096446 -0.8456864829540516 -1.5832143863974033 0.7363340005697951 0.5247602571570651 -0.4271286833184256 -3.987769784875993
2318808360185 PointCloud32.pcd PointCloud19.pcd 0.15659270458465535 -0.010949841031818508 -0.9961953850518482 -0.08645724829520046 2.206652501826908 0.9993156702304623 -0.007847020640082691 -0.03614713680108164 -1.6543656808187621 0.03533117905221817 -0.08679388842812698 0.9955995825221634 10.613452249830258
2318808360216 PointCloud1.pcd PointCloud16.pcd 0.1376237675115793 -0.5978964293531563 0.786480384059932 -0.15481752244396513 -3.8751089652509907 -0.7828887256501397 -0.6144228143581065 -0.09782560220189679 -1.4404823440044754 -0.17206133504261234 0.06271531459863142 0.9830878324433419 -1.5341160778816039
2318808360247 PointCloud23.pcd PointCloud30.pcd 0.14313205472363272 0.607212758465323 -0.44887867378983515 -0.6555917953830815 3.9235785607791924 0.28371425490329916 0.8932202670968048 -0.34880334862523693 8.894816160075232 0.7421582631228997 0.02579710573284466 0.6697280207772475 0.30844836060114506
2318808360278 PointCloud33.pcd PointCloud20.pcd 0.11111525609801591 -0.17064794052683646 0.8566083167965624 -0.48693066445738414 -1.6917651516515744 -0.8984926606712389 -0.3381322933672036 -0.27995980229696094 -14.073033686792355 -0.4044628773000896 0.3897290645784526 0.8273578652003841 4.168119108215582
2318808360309 PointCloud17.pcd PointCloud25.pcd 0.1416961614629419 0.3303468706819809 0.34453069167244715 0.8787317836099521 2.256567690415721 -0.2505066149472041 0.929613473935552 -0.2703057989484645 -3.798095745461391 -0.9100095498940194 -0.13083344974883027 0.3934021193746985 3.871576707770834
2318808360340 PointCloud25.pcd PointCloud30.pcd 0.21402727971311475 -0.19445696856076927 0.9551288852474697 0.22341732239036793 -1.121143331154006 0.6057928013094547 -0.06220221593130233 0.7931872201535266 -2.1498544294026805 0.7714930779078962 0.28958538792411687 -0.5665145486578781 -3.715620844414622
2318808360371 PointCloud12.pcd PointCloud18.pcd 0.2386364837860413 -0.9577668379926013 -0.26515073163404895 -0.1112554428132952 -6.2763366658429325 -0.021352744223831654 0.4514284020960044 -0.8920518247810265 -4.361863783684543 0.286752060769867 -0.8520020465321525 -0.43802484900888633 -1.8983130337818148
2318808360402 PointCloud23.pcd PointCloud28.pcd 0.2064372500188665 0.2856267166331501 0.6257160995730583 -0.7258765332206605 6.770134334196992 -0.875192037467751 -0.13828985571345703 -0.46358905655741894 -2.0504409809283324 -0.3904564973187317 0.7676947821509728 0.5081224706306122 -11.800988669458574
2318808360433 PointCloud24.pcd PointCloud9.pcd 0.21772019496204278 0.022631014265943106 -0.9773434686427283 0.21044614868106998 6.18795020096518 0.807360337754194 -0.10628123404459827 -0.5804081187504109 -2.3677711885632577 0.5896245603896844 0.1830410980937277 0.7866631008213834 -13.385893287321483
2318808360464 PointCloud19.pcd PointCloud6.pcd 0.24940635164079647 0.14678815526029793 0.9891663601866421 0.0017746409183281037 0.5384252653524899 -0.9891340511650502 0.1467977415721427 -0.008015727985302383 -0.8025322379355546 -0.008189401754379844 -0.0005787438368782608 0.9999662988093532 -8.093004827576756
2318808360495 PointCloud12.pcd PointCloud19.pcd 0.18312204612017466 -0.6278180340669806 0.7747635651777014 0.07473910738970405 -2.282820205467723 -0.6467264700727999 -0.5726638725820961 0.5037866234294565 4.039772022852709 0.43311590712815884 0.26795056841218834 0.8605888123140677 -12.180213048391511
2318808360526 PointCloud0.pcd PointCloud12.pcd 0.2258786535500988 -0.23349169933886907 -0.45462467975653204 -0.8595336101026636 2.6590220648832026 0.9195686678340094 -0.3905436019285826 -0.04323378459762606 -2.7432843206578417 -0.3160302065908136 -0.8004949066352136 0.5092473004084049 8.06829573624501
2318808360557 PointCloud24.pcd PointCloud29.pcd 0.21865834195997239 0.6546073031580651 0.727223967692069 -0.20648142644395387 10.8118138373963 0.7378021021602231 -0.6741025295802218 -0.035126025415670656 -4.709880930123626 -0.16473413944923823 -0.1293486777193768 -0.9778198110450452 -1.9319180345954472
2318808360588 PointCloud15.pcd PointCloud2.pcd 0.24769707517935222 -0.41294614003196706 -0.31499015755178306 0.8545505754946292 4.9534787709296895 0.8675388674054203 -0.4216448621330712 0.26380281230059704 2.96794486638275 0.27722157018100096 0.8502921914743697 0.4473828228084914 -7.418847443322356
2318808360619 PointCloud33.pcd PointCloud23.pcd 0.18714793517477338 0.5111791226936451 -0.8384830719302173 -0.1887910024567412 3.050974116398516 0.844415007923775 0.4490176612293183 0.2921411205175405 -2.2024399340878245 -0.16018488978441878 -0.3087543975243413 0.937556143969061 8.752555571005486
2318808360650 PointCloud14.pcd PointCloud2.pcd 0.2641914357150031 0.37085568117010614 -0.05850870160636462 -0.9268456158283287 6.364139784620991 0.6618474038128743 0.7167596015751851 0.21957615447935122 -0.9335383858856414 0.6514783786205145 -0.6948614289094763 0.3045382025360137 3.732939174983336
2318808360681 PointCloud24.pcd PointCloud28.pcd 0.2715989475500345 0.4353523316717092 -0.24274248562477702 0.8669166240075865 5.883299578377473 0.8963852500414327 0.20613030262336546 -0.39243315589862937 -3.6935085504270084 -0.08343758635150117 0.9479379642218708 0.30733009154772184 0.6747162574098048
2318808360712 PointCloud2.pcd PointCloud10.pcd 0.30164924240849667 -0.5925381063959223 -0.7305799981438869 -0.33933973946594176 -1.3467991462047841 0.7711006843385863 -0.636282227905568 0.023423515195013192 2.1702509265135332 -0.23302859713198043 -0.247785779986676 0.9403722029893781 -9.5074434693735
2318808360743 PointCloud15.pcd PointCloud6.pcd 0.30652778367364264 0.593685381957776 -0.09094558323996008 0.7995414736827557 -4.169234736082894 -0.3452298129289557 0.8687223148751475 0.3551590008756685 6.747352346225995 -0.7268796623339298 -0.48687826047905275 0.4843506126332492 1.5595185643722307
2318808360774 PointCloud19.pcd PointCloud8.pcd 0.28660126398180713 0.9638878954267855 -9.563086941560828e-05 -0.2663083098674521 -3.790114411492312 -0.2653915289563238 -0.08325082110405452 -0.9605397634370612 -2.3595101888029086 -0.02207852821061261 0.996528620582589 -0.08026983836918838 -1.1150365288290738
2318808360805 PointCloud32.pcd PointCloud24.pcd 0.2956708758331381 -0.9438511189348984 0.01082184849069645 -0.3301938110876461 -11.71655714041863 -0.3271524506524801 -0.16978997742881957 0.9295927267340236 -4.413536302650714 -0.04600368808493835 0.9854208497692571 0.16379685443444375 -7.164882675439299
2318808360836 PointCloud13.pcd PointCloud18.pcd 0.2714758353634536 -0.7713357393144816 0.21067748637207573 -0.6005465627177675 2.0979176768420302 -0.050916195932859384 -0.9610229017720838 -0.27173980801732034 -2.8489543098199293 -0.6343884600525993 -0.17902507926407202 0.7519982066112818 7.035508910234699
2318808360867 PointCloud35.pcd PointCloud26.pcd 0.2610158431305427 -0.26493875757277635 -0.9635601718083795 -0.03686800835955473 -9.146989446433535 0.7581572789012307 -0.23178192112951818 0.609487228321145 -6.788771462579821 -0.595822956241932 0.1335250401314913 0.791938172127729 -6.91234210742458
2318808360898 PointCloud9.pcd PointCloud14.pcd 0.31789436766365997 -0.4458105255442326 0.820414219220858 0.35801324586417893 -1.0310029352941437 -0.4668200380376891 0.12817141502232865 -0.8750149372768813 -4.682794390098296 -0.7637617608917493 -0.5572186260987727 0.32584563113248965 -1.4740920399709245
2318808360929 PointCloud12.pcd PointCloud17.pcd 0.2740671819325643 -0.7537440877390755 0.6571454714695805 -0.005447891831801249 -7.901917956688963 -0.5492955924709927 -0.6254464655665135 0.5541579836132441 1.1193258691707242 0.36075504471916864 0.42068580679335743 0.8323936867085742 11.511869015836961
2318808360960 PointCloud26.pcd PointCloud19.pcd 0.36526515293877615 -0.8341197438506731 -0.39766213217631796 0.3822421765732712 3.410982192599984 0.41038697511624156 -0.9104481694350623 -0.0516397272193138 0.06214140246686998 0.36854685397304443 0.11379349456506042 0.9226181534206028 -7.947059067485997
2318808360991 PointCloud10.pcd PointCloud3.pcd 0.32868439438528146 0.3138241820162292 -0.6574302438347437 0.6850546381663538 -11.301157956992357 0.15217548688530413 0.747003595510425 0.647169413280416 -1.030177993140099 -0.9372070230066916 -0.09884888864264874 0.33447255977291757 1.8979255636309356
2318808361022 PointCloud27.pcd PointCloud20.pcd 0.3350766085635016 -0.6610825509264532 -0.3810354744492149 0.6463604474840913 -4.176023043293751 -0.17713120908215768 -0.757848986900307 -0.6279247150919216 -8.964781475790181 0.7291052020316863 -0.5296006800084756 0.4335074671847002 -9.311326955038773
2318808361053 PointCloud24.pcd PointCloud16.pcd 0.3582481452726018 0.12848796234475873 -0.4020520699883214 0.906556659316227 -2.175090694728311 0.5186586116199512 0.8063927760359006 0.2841195793140242 -3.878709471952979 -0.845271606127259 0.4336874724674664 0.31213953306145653 1.2739107010040478
2318808361084 PointCloud17.pcd PointCloud8.pcd 0.3592834871276282 0.712322951140816 -0.010117649334342338 0.7017789156493559 -0.034816936750474675 0.3382411499028893 0.8810691945963537 -0.33062062676987297 0.11842276318151004 -0.6149706804315225 0.4728791679755831 0.6310280141992988 12.146910752146015
2318808361115 PointCloud10.pcd PointCloud4.pcd 0.34556877606757985 0.24301210869665735 -0.9699600141195676 -0.011076372870787221 -6.230418443696497 0.9509040975224113 0.2404627263635486 -0.19483088704026902 2.5911964016165614 0.1916416247632359 0.03681369635037837 0.9807743060557458 -0.7203268697968539
2318808361146 PointCloud8.pcd PointCloud4.pcd 0.35327091493200724 0.6523321200421419 0.7579192123121905 0.004612241254895195 -1.6328133247784926 -0.7572145893583737 0.651436591157253 0.047501930110760454 6.893928319732741 0.03299804273217251 -0.03447949114309323 0.9988604977004343 12.10216113048133
2318808361177 PointCloud3.pcd PointCloud13.pcd 0.3697013601264062 0.5255068960731082 0.3665843676808916 -0.7677619445841323 -1.472901386840242 0.3434164266159408 0.7342340367678742 0.5856325957303691 -1.0564850511667316 0.778400706647897 -0.5714160311222923 0.25995395605087807 -7.725384721188558
2318808361208 PointCloud25.pcd PointCloud28.pcd 0.3490810706967213 0.6325496046484906 0.6159790402955828 -0.46952190532026394 -0.08832103979825917 -0.6750550867655208 0.14126681195599966 -0.7241162321559869 -0.008320671766473966 -0.3797125590377979 0.7749925869041077 0.5051780505451973 11.259096489745433
2318808361239 PointCloud19.pcd PointCloud10.pcd 0.32852420868921384 0.367043755495455 -0.243831477937634 -0.8976776102357358 -1.0208507113966097 0.9272448122914916 0.17281646576813497 0.33219200357312556 2.9333884545363618 0.07413460480982631 -0.9542959077383493 0.2895226775980264 -13.558030778821347
2318808361270 PointCloud12.pcd PointCloud15.pcd 0.4187187430613561 0.29960051949995864 0.9539323135450456 0.015895593413011277 -1.6648289530430407 -0.5372308421368522 0.15491225930702773 0.8290869762415285 3.869719031472049 0.7884304350875121 -0.2569344918281488 0.5588936535126583 8.222387488125698
2318808361301 PointCloud25.pcd PointCloud17.pcd 0.3994567537568306 -0.21921557664354185 0.4838661828701302 -0.847241434321722 -5.7252078528203265 -0.04988680355522296 0.8616686070382583 0.505013384452125 4.413907199302238 0.9744002451702698 0.1529729672832324 -0.16475264335567152 4.300110520752961
2318808361332 PointCloud20.pcd PointCloud13.pcd 0.4184679479704445 0.6458197373830883 -0.39764234201471976 0.6517648614672992 1.3110793190161196 0.16484521118220402 -0.7609071969516117 -0.6275717440879058 1.2389985524465454 0.7454816719120153 0.5127385351856149 -0.4258594502637891 3.6686425535429192
2318808361363 PointCloud4.pcd PointCloud7.pcd 0.4149224225408392 -0.5276080666754529 0.6950531332668523 0.48839622225701373 3.4749490028085823 -0.2640076382568405 0.41229724087392555 -0.871958113735857 -7.34540390005921 -0.8074216339193769 -0.5889924677817873 -0.03403201397631678 -5.915190530718806
2318808361394 PointCloud4.pcd PointCloud12.pcd 0.44239393891596607 -0.615070639672914 -0.6125808836514068 0.4964199524568028 1.6442651653054614 -0.33214172284942245 0.7723086811396012 0.5414990092133388 -4.095739067260632 -0.7151013803335652 0.16817836371326653 -0.6784880646140787 -7.159332288768746
2318808361425 PointCloud18.pcd PointCloud12.pcd 0.43440850004220477 0.21094513730206038 0.9613447606892337 0.1769700543707184 -1.3271174843829547 -0.6963405754196478 0.2748451361919884 -0.6630007195590675 -5.662231342625528 -0.6860116267767251 0.01662534832619994 0.727400608825827 13.032005919985819
2318808361456 PointCloud35.pcd PointCloud30.pcd 0.457691032210443 0.06607881009847433 0.47311189021548267 0.878520762527957 -13.083203102325834 -0.9977264653959974 0.019639314291925503 0.06446857825757185 3.7980841186094993 0.013247305551676025 -0.8807834221140156 0.473333996481073 2.0544519250566826
2318808361487 PointCloud32.pcd PointCloud26.pcd 0.40746576946828217 0.5088356007280623 0.8281047300477582 -0.23522093338867975 -0.03209070508686442 0.7457111064631445 -0.2874792870290804 0.6010579050530528 -0.2322080528054508 0.43011774798213687 -0.4812465226905866 -0.7638065902235944 -11.445257611971154
2318808361518 PointCloud4.pcd PointCloud10.pcd 0.41548499713454995 -0.12036862157246175 0.9699198110212383 0.21158202931551395 -5.677871999833948 -0.49069106119686656 -0.2434047121529428 0.8366459397876954 2.631220764135496 0.862979534752846 -0.003115491978574303 0.5052292710319672 5.009665639214137
2318808361549 PointCloud15.pcd PointCloud8.pcd 0.4378475612344526 -0.9925133569022089 0.1219208239346694 -0.007249073168357971 0.6438470886413193 -0.12051979386491139 -0.968027899365085 0.21999310293184252 -1.6005939246743766 0.019804435297885403 0.2192197498901783 0.9754744925422806 10.386567367799
2318808361580 PointCloud18.pcd PointCloud20.pcd 0.5143918291550603 0.5064708939538077 0.7281342096233091 0.46185258075913116 -3.447869944679781 -0.8506800527889543 0.5094257029023268 0.12972625412557057 -2.4985901639828665 -0.14082145207535923 -0.458591349677149 0.8774185390317885 -2.335946103252294
2318808361611 PointCloud7.pcd PointCloud2.pcd 0.4924627398340205 0.3360365457177325 0.5399316896224567 0.7717209408092625 -0.9614892040549138 -0.4384498892845472 0.8148485262146979 -0.3791880455817441 8.369054017923515 -0.833571313403036 -0.2109399200416403 0.510551873568557 -1.997360287308517
2318808361642 PointCloud15.pcd PointCloud9.pcd 0.5017033153627372 0.5184612447432861 -0.5045831338085016 -0.6903577324657371 6.867757714920367 0.845378249458542 0.18105702536366447 0.502547479258301 0.8548352596400774 -0.12858286449466577 -0.8441648030109127 0.5204346571048986 -10.794178329415784
2318808361673 PointCloud27.pcd PointCloud29.pcd 0.5081854614090784 0.13987922495055238 -0.2648635447086026 0.9540865291532141 -2.5269133420951055 -0.5979795281267273 0.7454060288292088 0.294601996134455 0.859312907414412 -0.7892111798299424 -0.6117329113832792 -0.05411615989672364 -3.523979696394449
2318808361704 PointCloud12.pcd PointCloud8.pcd 0.5168959282716036 0.617561800750569 -0.320509003070489 -0.7182558048526134 -7.221731754977867 0.605872932106414 0.7761694705063267 0.17458219609887218 8.78369636181575 0.5015330621150423 -0.5429870458903138 0.6735203453503237 4.654667699209959
2318808361735 PointCloud20.pcd PointCloud22.pcd 0.5199404225546215 0.18246906540284902 -0.9830183552964653 0.01949239136799165 -2.659921719133836 0.9821963189433949 0.1831455398349805 0.041810313232484526 1.0648373260336053 -0.04467024988799252 0.011516266269313583 0.9989354055123676 -3.5758410486808994
2318808361766 PointCloud27.pcd PointCloud23.pcd 0.5063033731564459 -0.9875852179933802 0.002961364518128118 -0.15705625591219952 8.477407732355 -0.1334544112199044 0.511560557633512 0.8488201906173289 6.8365733469356105 0.08285745184904128 0.8592421231491627 -0.5048144376691328 -1.0855299414542277
2318808361797 PointCloud25.pcd PointCloud27.pcd 0.5377924351092896 -0.2909690805204648 -0.5315466573335453 0.7954842206220119 -7.34467780704095 0.6919323346763079 -0.6911318742241477 -0.20872560135453141 0.44363023343866664 0.6607318960141617 0.48968855766594277 0.5688923255595734 8.983737483706365
2318808361828 PointCloud9.pcd PointCloud7.pcd 0.5046470336800342 0.20851631240371205 -0.8075825949093244 0.5516623059998569 0.09437339469591886 0.13341932877706375 0.5822760796797715 0.8019687336432976 0.4666555408498038 -0.9688757557964982 -0.09362114842426716 0.22916118868055735 5.5864097711271405
2318808361859 PointCloud29.pcd PointCloud25.pcd 0.539723254543702 -0.9414548793193103 0.14364188967293665 -0.30500773389711067 3.7529895608908297 0.2597281317074671 -0.26779339667637186 -0.9278081667544643 8.146706565097986 -0.21495117539946462 -0.9527086145447196 0.21480756031077988 4.046212368599479
2318808361890 PointCloud0.pcd PointCloud1.pcd 0.6087848977497298 -0.16832716259345715 -0.9796697822143041 0.10914707577124308 0.414264168114156 0.9857191899182514 -0.1678362753979762 0.013735475508360795 -4.213423238368919 0.004862608368140391 0.10990042073037003 0.9939307081296691 -2.3606737529519326
2318808361921 PointCloud26.pcd PointCloud23.pcd 0.5710358602101465 -0.40338677243268706 -0.9037140635786827 -0.14345732158535696 -2.502065775997397 0.3144828361578719 0.010304708588644018 -0.9492072264490008 7.8462165721906185 0.8592902056863216 -0.42801250480682 0.28004577865154695 0.2994911899616086
2318808361952 PointCloud20.pcd PointCloud16.pcd 0.6048011788277449 0.3034883623573034 -0.07287645974054863 0.9500441229381752 -0.7836819110733036 0.6423424038382901 -0.720793829290292 -0.26048510876494374 3.424070770509765 0.7037691739092652 0.6893078247580842 -0.1719408985155922 1.9723060618879797
2318808361983 PointCloud2.pcd PointCloud3.pcd 0.5951354103880448 0.16301419358294622 -0.9432048717344526 0.2894666520117589 -4.6517502688035295 0.863408463611048 0.2783548838116128 0.420766424068073 -7.711767874862107 -0.47744339733136076 0.18133705797386973 0.8597468660891239 -3.616348365344932
2318808362014 PointCloud15.pcd PointCloud12.pcd 0.6056214713248715 0.5330479340311065 -0.1054795561613206 0.839484343664121 2.2360864102190594 -0.7160237574073582 0.47234573025339033 0.5140033948717071 -7.150237653298687 -0.45074369530079694 -0.8750791817563726 0.17625704752769478 -3.9272237144717947
2318808362045 PointCloud11.pcd PointCloud13.pcd 0.566409910267609 0.8671157783248231 -0.20014198710801304 0.4561287230339616 14.292757886655165 -0.14613858792658643 0.7732071760741697 0.617085225869354 0.5653921869909545 -0.476186665183896 -0.6017423434193943 0.641211674907106 4.065475828270131
2318808362076 PointCloud16.pcd PointCloud18.pcd 0.5865782151447031 -0.7041387712411239 -0.29069761137666755 -0.6478298307232697 -9.544424029858186 0.5019135565856251 0.44159196981589843 -0.7436930239754056 3.453125828673211 0.5022662367217299 -0.8488176664832174 -0.1650369549991052 -5.313535488635322
2318808362107 PointCloud13.pcd PointCloud9.pcd 0.5736907054180275 0.5713918163048647 0.23802629341269962 -0.7854010923751249 4.111923906472573 -0.6145487362203911 0.7583721329733494 -0.21725919713414374 -0.8799144176253164 0.5439129002604628 0.6068073760046626 0.579606388298635 1.0442219993555242
2318808362138 PointCloud31.pcd PointCloud28.pcd 0.596583737993882 -0.571023014083825 0.574421461717817 -0.5864918598792231 1.1494855622675886 -0.7951373169005201 -0.564687014868128 0.2211000282939025 5.487542965726972 -0.20417973616122076 0.5925947684187645 0.779193221084376 3.133157726246204
2318808362169 PointCloud8.pcd PointCloud6.pcd 0.57036922941513 0.0031103409527224457 0.9883300180340775 0.15229609723140544 -8.523083681920335 -0.9652520149786621 -0.03682844482769704 0.25871260740676316 3.0078946187477604 0.26130226435832987 -0.14780879914380318 0.9538729923511182 5.214616342727474
2318808362200 PointCloud16.pcd PointCloud15.pcd 0.6868512201384414 -0.5189383621221563 -0.8052319307015652 0.2868876332235384 -4.967299701727405 0.5040174852832489 -0.01716271291453017 0.8635229098374654 -0.02611191103512716 -0.6904124498057113 0.5927115479422035 0.4147573629114173 -1.5779266358508368
2318808362231 PointCloud35.pcd PointCloud36.pcd 0.6863092245317131 0.3445972905732878 0.7361626247576173 0.5825094825318506 -2.846212160925185 -0.8943640198080568 0.06890533399167298 0.44200119346023237 -4.624743925936109 0.28524674827651025 -0.6732879360700528 0.6821419557102507 -4.308101000216279
2318808362262 PointCloud8.pcd PointCloud9.pcd 0.6466740747260485 -0.3675049579206243 0.6745484084508943 -0.6402535049182668 5.308546700850747 0.4251521937911701 0.7341366051116772 0.5294233250902873 0.058942417052514004 0.8271551958479829 -0.07763948538898377 -0.5565845778407971 6.73350529698695
2318808362293 PointCloud3.pcd PointCloud1.pcd 0.6478527220901117 -0.8848919326670884 -0.2719964443133464 0.378132518810009 -5.539697479349708 0.3327579113935408 -0.9371967104785103 0.10456815133332008 1.7367891580180348 0.32594238740261083 0.21835810071796352 0.9198267771407452 -4.879184822236013
2318808362324 PointCloud27.pcd PointCloud25.pcd 0.6406130848399955 0.5648012232174402 -0.008862833305934237 -0.8251793916706078 -8.583247300211234 0.29283416707159443 0.9370207352598738 0.19036883224028772 -1.666611805377042 0.7715229930776974 -0.3491612691562976 0.5318257978639197 -5.953518044342797
2318808362355 PointCloud12.pcd PointCloud10.pcd 0.6619862760232187 0.4207902761611612 -0.9035727160060532 0.08057226804340106 1.799917182379937 0.6380716173260208 0.35793717081974213 0.6817225189976597 -12.576626643163715 -0.6448256777231887 -0.2354513296522292 0.7271605852312317 -5.658501109039952
2318808362386 PointCloud34.pcd PointCloud35.pcd 0.668867778601565 -0.6664203444931286 0.648844547142442 0.3672664946454808 -1.3333638960950314 0.16811888814589437 -0.3491338283070281 0.9218685423531203 0.8795593008262137 0.7263745341724529 0.676096386305383 0.12358686228946081 -8.555209596663822
2318808362417 PointCloud21.pcd PointCloud19.pcd 0.6912353678372397 0.014351098573660962 -0.9998642176044782 -0.00809890881005966 -3.8291368273520687 -0.9765424305656781 -0.01575581923143959 0.21474784158455174 2.7934664200108683 -0.21484628755137147 0.004827060651244622 -0.9766359466100265 -8.475067859504625
2318808362448 PointCloud24.pcd PointCloud25.pcd 0.6594634230503795 0.5331498705343163 -0.7951284075462174 -0.2890017838392319 -3.4130016194352257 0.8457033159504092 0.4915323991000627 0.20780231477396688 -6.444544603493939 -0.023175783475946676 -0.35519954412689353 0.9345031658118248 -11.843858097265585
2318808362479 PointCloud19.pcd PointCloud16.pcd 0.6452970886109421 -0.8653554862634555 0.23798191029943166 0.4410493087671399 -4.465534430824763 -0.5002681271385416 -0.3577581322317313 -0.7885054976291284 -10.312601723895872 -0.02986106768075583 -0.9029804699949477 0.4286427270404444 -6.461327228381615
2318808362510 PointCloud4.pcd PointCloud3.pcd 0.72890739601571 0.042977170295473655 -0.955152960197515 -0.29297744872142994 -2.990290162264261 0.6726673176751825 -0.18915778394311045 0.7153586600478158 4.728434668274368 -0.7386959066930511 -0.22782044552597944 0.6343707134123354 12.930044246866336
2318808362541 PointCloud26.pcd PointCloud25.pcd 0.6992499369130905 -0.9675425876072894 0.20187548963053178 0.15201193325730522 -2.6839972091721487 -0.2403507440811822 -0.9209268320579755 -0.3067984514551581 2.9427515978949073 0.07805678052425952 -0.33337674886244545 0.9395568542308087 1.755478537800857
2318808362572 PointCloud35.pcd PointCloud34.pcd 0.7213010408754907 0.9162695951003323 -0.29606744953268893 0.26980380727832903 -1.4280838767736983 0.390446058873541 0.5097189017256598 -0.7666410609494552 -6.783251851698013 0.08945336329502845 0.8077937277243465 0.5826383005299358 -3.7015736975163116
2318808362603 PointCloud21.pcd PointCloud20.pcd 0.7219902407807376 0.37163747829934085 0.9282188876998022 0.017183749318737524 -1.8830060889289364 -0.9264135848414755 0.37199104306071523 -0.05814235722575785 -9.967013882141165 -0.06036103498510853 0.005688620214371217 0.9981604004645663 -3.5988552597918817
2318808362634 PointCloud28.pcd PointCloud27.pcd 0.7143687752355317 -0.41071535940090426 -0.347147380225059 -0.8430904992674659 -3.970410719968278 -0.7689237174005136 -0.365031827343203 0.5248886375655865 1.4580951588795676 -0.4899685810040902 0.8638521062249954 -0.11700567592846933 -2.255679520700106
2318808362665 PointCloud29.pcd PointCloud28.pcd 0.7103329727645629 0.9698381979916006 -0.05506958913944471 -0.23744727850286598 2.2368157756152236 -0.2149609786733957 0.26602689765030196 -0.9396922194922824 6.067328585732831 0.11491582730059755 0.9623913081894332 0.24616523425790793 -9.443722113343224
2318808362696 PointCloud18.pcd PointCloud16.pcd 0.699797417067612 -0.5678213814229758 0.6913108538125028 0.44684245791993804 -3.987929903610283 -0.3617044912596747 -0.697173707440017 0.6189658170342861 5.080339334988169 0.7394246004843789 0.1898371013668554 0.6459203783309109 -0.88221054042807
2318808362727 PointCloud35.pcd PointCloud33.pcd 0.7027835128745493 -0.7157982000860279 -0.49130914749567284 0.4962340761582969 -7.125797639456231 0.6326580645526594 -0.7570789263542712 0.16301924005082205 -2.180953615726277 0.29559551774356513 0.4306353687951555 0.852746427159079 -3.797369590913234
2318808362758 PointCloud10.pcd PointCloud9.pcd 0.7112823661423158 -0.3101008153209439 -0.9348982733453851 0.17263459338470813 -11.334541746987908 0.6991611220350985 -0.3473071929935787 -0.6249411485328386 3.658591810508959 0.6442136367478634 -0.07309536367471481 0.7613447694949729 0.41202262649195326
2318808362789 PointCloud7.pcd PointCloud5.pcd 0.7196352285680804 -0.35651678038977885 -0.8848121302294577 -0.30000546578240106 -9.56058347900582 0.8898652999106679 -0.2237455658521601 -0.3975898260473899 4.514549676861091 0.2846674082423264 -0.4087118984814436 0.8671326603953347 0.05898358573869774
2318808362820 PointCloud7.pcd PointCloud6.pcd 0.8455900369671983 -0.7324758016502405 0.6719644757550824 0.10928377427612426 -4.569455439934015 -0.6806215817164494 -0.7263976217077942 -0.09539789137637814 5.9888458777801405 0.015279479658559837 -0.14425754226541426 0.9894222046229335 -6.610610993398047
2318808362851 PointCloud6.pcd PointCloud5.pcd 0.7717930508151195 -0.7299201026325342 -0.4194000373047708 0.5397409123659868 -0.47357751257170144 0.5764382856344936 -0.802048324374615 0.15632462449223491 2.9128150370595884 0.367335741015868 0.4252318121644113 0.8271894337427756 -5.54163485375291
2318808362882 PointCloud21.pcd PointCloud13.pcd 0.34596698930752207 0.5454088774055644 0.5780360030102223 0.6069625488209042 2.8797279862309466 -0.09037819856367166 -0.6793718626787452 0.7282071500780516 -3.0028815670328686 0.8332832277632783 -0.45202682600082333 -0.3182935923075326 3.512750399218838
2318808362913 PointCloud30.pcd PointCloud23.pcd 0.36708220026385935 0.38054666628160255 -0.1708607617430269 0.908840379207785 -0.607780540687733 -0.4641224114349748 -0.8853317320802354 0.027894647794758115 2.1406572065075244 0.7998591263377208 -0.4324284036327889 -0.41621034795624096 6.294747101765372
2318808362944 PointCloud5.pcd PointCloud4.pcd 0.7219677218463357 0.4332110375634226 0.5481778578002214 -0.7154224158850372 -2.3494517563148882 0.14141787438790962 0.7425996157362384 0.6546348566277207 0.45426722089866844 0.8901287444728591 -0.38476856280880223 0.2441802025906697 8.367645576569837
2318808362975 PointCloud35.pcd PointCloud24.pcd 0.19310754287059126 -0.7825088341793007 -0.5701091052455027 0.2503108718124799 -2.80240238781278 0.04811407547016511 -0.4561800294376 -0.8885858520615562 -9.170786796216559 0.6207777059245948 -0.6832828029875204 0.38439517552710595 6.140737287185505
2318808363006 PointCloud19.pcd PointCloud21.pcd 0.5926858291244679 0.8428640219818849 0.37279566999695757 -0.3880768337327545 3.187164029577336 -0.5335959658471777 0.6723746176723027 -0.5130182440631544 6.886083733628743 0.06968203269235215 0.6394808534596984 0.7656426401254816 1.4379594669796072
2318808363037 PointCloud22.pcd PointCloud25.pcd 0.3841740159174016 -0.060208593792342446 -0.4997940281218578 -0.8640491043264129 1.2169751755787026 0.05126358827978564 -0.8660254308800672 0.4973650546486701 4.864186288691184 -0.9968685819857246 -0.014348606995858798 0.07776340866403086 2.4365454831056237
2318808363068 PointCloud21.pcd PointCloud14.pcd 0.37421006319494443 -0.29037633632081944 -0.9564831038635242 0.02866453084383014 4.237728264511814 0.42764589133378544 -0.10291402319967441 0.8980688701064017 -5.6749761836617685 -0.8560377181703096 0.2730362171076494 0.43891986651017983 8.561262234202875
2318808363099 PointCloud18.pcd PointCloud11.pcd 0.39910420359584703 0.6429797948617053 -0.7612278734907191 0.08431552656775143 0.40654298843975156 0.7658715547112794 0.638456395010852 -0.07625085805336536 5.49832492753146 0.004212491391917685 0.11360262448792584 0.9935173368521197 2.8119081855578174
