id source target overlap t1 t2 t3 t4 t5 t6 t7 t8 t9 t10 t11 t12
2318808360000 PointCloud3.pcd PointCloud17.pcd 0.1753623416641732 0.9918840287965243 0.061552317447875864 0.11125369942240905 -0.08029724268469338 -0.06404052774188265 0.997767771214058 0.018928431870398547 -0.05623781679457349 -0.10984026686473854 -0.0258995548866593 0.9936117596082265 -2.7300595194293615
2318808360001 PointCloud3.pcd PointCloud17.pcd 0.1753623416641732 0.9977238294219468 -0.04614401992563845 0.04917204112814751 -0.2565730842454201 0.047154040479062326 0.9986956742860138 -0.019581793301511465 -0.08602059161030452 -0.0482043221102102 0.021855882217527833 0.9985983495592152 0.6855863297152944
2318808360002 PointCloud3.pcd PointCloud17.pcd 0.1753623416641732 0.9767776857920901 0.09662149356702708 -0.19123189984813116 -0.33391114960708856 -0.011083073086221099 0.9141329968712595 0.40526291407200754 -0.6890043233674611 0.2139684977505198 -0.39373233422218046 0.893975576265 1.4895424703428548
2318808360003 PointCloud3.pcd PointCloud17.pcd 0.1753623416641732 0.9946512079390074 0.10190359899684949 -0.016871012327738456 1.6714559449596904 -0.10193313984647952 0.9947908464986724 -0.0008981778736851293 -1.0738965432485603 0.016691601076932624 0.0026130889659600467 0.9998572709239777 -3.146534151875956
2318808360004 PointCloud3.pcd PointCloud17.pcd 0.1753623416641732 0.9599284586946096 -0.07366375190781585 -0.27039046921638127 -0.13306977911746118 0.06473355045331519 0.9970263094303132 -0.04181035457249138 0.6493232879580925 0.2726663192143452 0.022631614141132586 0.9618424446901206 2.6467814545855077
2318808360005 PointCloud3.pcd PointCloud17.pcd 0.1753623416641732 0.9890649693801149 -0.10618116866750263 0.10235255622365168 1.6496062239948734 0.06214310974065861 0.9294411686601055 0.36369952971030617 0.42350781257741466 -0.13374872058032136 -0.3533619580828429 0.9258761290383214 -2.222978486861386
2318808360006 PointCloud3.pcd PointCloud17.pcd 0.1753623416641732 0.9383435586896581 0.18340781170992776 0.293040851195535 0.15264141439096313 -0.19067310935649723 0.9816460846477971 -0.0038379504914916006 2.4529451517042054 -0.28836631431905024 -0.05227369414366634 0.9560922181811863 -0.8733819243552764
2318808360007 PointCloud3.pcd PointCloud17.pcd 0.1753623416641732 0.9868020730359741 0.15298655233006758 -0.053073378054007296 2.710786748840184 -0.15816122975460128 0.9808999569399657 -0.1132267630804917 1.044142936249268 0.034737502132656466 0.12012655527123497 0.992150652201696 -0.8114026815436698
2318808360008 PointCloud3.pcd PointCloud17.pcd 0.1753623416641732 0.9811456551151164 0.17603775548782458 -0.07977413171911114 -0.8244660176611073 -0.18728791347746243 0.9679038481681093 -0.16758692719488685 0.8542282209879335 0.04771206256270795 0.17936791615050515 0.982624399117912 1.9557653707298668
2318808360009 PointCloud3.pcd PointCloud17.pcd 0.1753623416641732 0.8540220052638342 0.5050805541603399 -0.12465973020275364 -0.033471236680388455 -0.5120316277932871 0.8584542798984005 -0.029662458823827068 -0.30157235027752194 0.09203274778303694 0.08916211714176867 0.9917560638596072 0.002737965119740181
2318808360010 PointCloud3.pcd PointCloud17.pcd 0.1753623416641732 0.9954028544077863 0.09113059473684121 -0.029468154671458222 1.5427815996818477 -0.09003828032616246 0.995269765594366 0.036485637854410086 -0.3835188182198996 0.03265372126938614 -0.03366464609416511 0.9988996076136059 -1.0321721693422454
2318808360011 PointCloud3.pcd PointCloud17.pcd 0.1753623416641732 0.9997483036104041 -0.022403799549014537 -0.0011828752625004943 1.9464261522672237 0.022397415749811432 0.9997358337519329 -0.005159310036967605 0.7875118460957519 0.0012981509346599094 0.005131518108224103 0.9999859910649027 -2.4861541892355747
2318808360012 PointCloud3.pcd PointCloud17.pcd 0.1753623416641732 0.9554635976113801 0.2929489510906862 0.03564022579032412 -0.18592499243225477 -0.2711718938921316 0.9191832256901115 -0.28560112319960507 0.26589326909089606 -0.11642644717792018 0.26321684912784027 0.9576856335628819 0.3307484706588808
2318808360013 PointCloud3.pcd PointCloud17.pcd 0.1753623416641732 0.9463348165185765 0.321698150079194 -0.030995407407812866 -0.470575399529288 -0.3219689422481997 0.9467415863235948 -0.0040458562824572854 -0.8577873451623594 0.028043096696466065 0.01380829320036527 0.999511338488246 0.8508629230849003
2318808360014 PointCloud3.pcd PointCloud17.pcd 0.1753623416641732 0.9708944623767832 -0.23879066831075574 -0.018519169900393696 -0.12492115138262472 0.23900571180752173 0.9709625014733708 0.010396655998642668 0.5547787813751884 0.01549879509758371 -0.01452024312044656 0.999774449508611 3.6851360533900595
2318808360015 PointCloud3.pcd PointCloud17.pcd 0.1753623416641732 0.9087860404335342 -0.09480440669839499 -0.4063496735370955 2.679294871134702 0.2312377342478776 0.9250556574988921 0.3013322763814065 -1.8731856540210359 0.34732843674690206 -0.36780994412856455 0.8626000243607088 2.280326834521814
2318808360016 PointCloud3.pcd PointCloud17.pcd 0.1753623416641732 0.9929959650935014 -0.10384304472812288 -0.05635277605955749 -1.026738739056031 0.0984955871141663 0.9910079195552455 -0.09056446708185152 -0.13844874592894924 0.06525053736990404 0.08437965062962254 0.9942949471522832 -2.0454945881155333
2318808360017 PointCloud3.pcd PointCloud17.pcd 0.1753623416641732 0.9120240613246394 -0.35968132803954517 -0.19708235290004875 -0.2856155401555202 0.39790044313831535 0.8924648025182427 0.21256014117516542 -1.396714342185587 0.09943514929461592 -0.2722791187839843 0.9570667335974928 -1.5472064236476613
2318808360018 PointCloud3.pcd PointCloud17.pcd 0.1753623416641732 0.9212658220890579 0.38888680782385265 -0.006027914328013258 -0.24085514758832646 -0.3883674185450309 0.9206503096170995 0.039670588785742734 -0.25126454410413407 0.02097696982981098 -0.03420611206367314 0.9991946300067102 2.590737785274644
2318808360019 PointCloud3.pcd PointCloud17.pcd 0.1753623416641732 0.8573147452506781 0.4817845470185754 0.18137000256346378 -0.9900491427261316 -0.5098872963809079 0.8432199794317268 0.17027921563281362 -0.6875089280848815 -0.07089691506076276 -0.23846114262341378 0.9685607419741948 -0.8663275173959648
2318808360020 PointCloud3.pcd PointCloud17.pcd 0.1753623416641732 0.9701542067421249 -0.1470202056399098 0.19283639250451873 0.6023152535964982 0.158371202509425 0.9863651734394054 -0.04474714339005658 0.9058708981903023 -0.18362836751514422 0.07395136076807657 0.9802100891565404 0.478797817449256
2318808360021 PointCloud3.pcd PointCloud17.pcd 0.1753623416641732 0.8948895176977035 0.2238581059038701 0.3860832805702717 -0.14850448579441347 -0.13546230513176835 0.9605335238821704 -0.24295125722434002 0.37572781845593217 -0.42523254226735646 0.16511480224265612 0.8898957169675609 -1.42636992102218
2318808360022 PointCloud3.pcd PointCloud17.pcd 0.1753623416641732 0.9689179937939304 0.2202324711849824 -0.11267466413573593 0.2851818866936823 -0.16169340254741366 0.9085080857501435 0.38531584667549024 0.03873375908907069 0.18722490452657484 -0.3551207073128315 0.9158799694079182 0.7830100695356503
2318808360023 PointCloud3.pcd PointCloud17.pcd 0.1753623416641732 0.9971357032017972 0.059196012939895404 -0.0470767612764216 -1.6080697997957998 -0.0573143522322036 0.9975398880674504 0.04036380485758887 0.6014673446810136 0.049350323488912926 -0.03755001686282381 0.9980754188963585 1.7455699004651575
2318808360024 PointCloud3.pcd PointCloud17.pcd 0.1753623416641732 0.9883708546194151 -0.10756261284859257 -0.10748645522144128 0.37554833511196495 0.10100073301424463 0.9927771927416394 -0.06474795365581025 0.3860074847527664 0.11367456034431093 0.05313877952318311 0.9920959451793532 -1.2507918762985368
2318808360025 PointCloud3.pcd PointCloud17.pcd 0.1753623416641732 0.9245487457960031 -0.3707852994520674 0.0879083520336839 -0.8656399539798306 0.3810630664564365 0.9000604408454016 -0.21138150867093006 -1.8883227757512322 -0.000745674094249707 0.2289311349192629 0.9734423349303867 1.0434737257084508
2318808360026 PointCloud3.pcd PointCloud17.pcd 0.1753623416641732 0.8647877015843557 0.5020735112132718 0.008026239868334114 -1.6855649050989643 -0.5019153352071043 0.8647699750486686 -0.01593381744169235 2.6893089468664737 -0.014940798920655668 0.009750876488898302 0.999840833800716 -1.8572048627797526
2318808360027 PointCloud3.pcd PointCloud17.pcd 0.1753623416641732 0.9977537797468319 0.039063208021987914 0.054419305213694064 -0.7011623035304106 -0.039819487602094764 0.9991238397478313 0.012882595028039758 0.529908202342328 -0.05386838969207185 -0.015020606731445715 0.9984350644710963 -3.8616307782158845
2318808360028 PointCloud3.pcd PointCloud17.pcd 0.1753623416641732 0.9994320348460894 0.019100048140363892 0.02776321098938432 -0.32771279340051807 -0.02042107801623545 0.9986335426354632 0.048104335521857014 -0.06782952631139094 -0.026806478621037 -0.04864396863312399 0.9984563971549082 -1.0007813660078737
2318808360029 PointCloud3.pcd PointCloud17.pcd 0.1753623416641732 0.9662673407723885 0.20176161731520387 0.16006147548679583 0.6253034464769983 -0.2100001455768853 0.9770322449417248 0.03616533149053795 -0.3044355404447423 -0.1490884469512776 -0.06855831184099222 0.9864443181767379 1.8247535857029022
2318808360031 PointCloud11.pcd PointCloud21.pcd 0.1433865374943752 0.9576521780773571 0.2868752829594157 -0.02459426458849637 0.5259217029723665 -0.2877792145436449 0.956402413708492 -0.049774960866015114 -0.37990613700306464 0.009242808033091288 0.05474481783261066 0.9984575982084255 -0.36470884202940157
2318808360032 PointCloud11.pcd PointCloud21.pcd 0.1433865374943752 0.9769266381491541 -0.17939182858387767 0.11590045518428352 3.20303323695008 0.1630912420203031 0.9769843893394997 0.13748727127701554 -1.0913179391727201 -0.13789702843377874 -0.1154126285302323 0.9836993111336798 -1.3140989103688836
2318808360033 PointCloud11.pcd PointCloud21.pcd 0.1433865374943752 0.9171092554829411 -0.3982320356789544 -0.017940436631294455 1.8882760261346074 0.39796475499329464 0.9172479339235474 -0.016741609722804373 -1.359187345525622 0.023122873754196128 0.00821422376002126 0.9996988842833465 -0.253377708912431
2318808360034 PointCloud11.pcd PointCloud21.pcd 0.1433865374943752 0.9932651644132047 -0.01075104805453314 -0.11536346097850246 0.001019413976777673 -0.004899852088321001 0.990897183978711 -0.13453164026567585 0.0019765150884338578 0.11575968474698743 0.13419085568245612 0.9841709758159343 0.9879346469732576
2318808360035 PointCloud11.pcd PointCloud21.pcd 0.1433865374943752 0.9863789752591533 0.15354072175199107 -0.059006473632816164 0.30657831836344523 -0.14584411030156508 0.9822539717120198 0.11792637765278602 0.3105970451712508 0.07606584422096088 -0.10771435289616815 0.9912676760205148 1.5540187867202953
2318808360036 PointCloud11.pcd PointCloud21.pcd 0.1433865374943752 0.9458127680418729 0.3210712192647519 -0.04849206088439506 1.235031304064023 -0.3092802381384743 0.9362514250464414 0.16667034347932483 -1.7716352189094509 0.0989138115026355 -0.14264130277851886 0.9848195350599356 -2.2808991264354455
2318808360037 PointCloud11.pcd PointCloud21.pcd 0.1433865374943752 0.9992276136345309 -0.034307975006116126 -0.019160871619535357 -1.2940156871733048 0.03390625626840743 0.9992062308575319 -0.020911097564350195 -1.3735309165079104 0.019863079723489156 0.020245272694246474 0.9995977125811333 -0.645225908715712
2318808360038 PointCloud11.pcd PointCloud21.pcd 0.1433865374943752 0.9569756794950671 0.2835407823959317 0.06166176751648827 -1.5808641928340759 -0.2668528143618967 0.9434398051351516 -0.19675088196417895 -1.1025456164543244 -0.11396106493925762 0.17183119275862002 0.9785126043506339 -0.30227293305454733
2318808360039 PointCloud11.pcd PointCloud21.pcd 0.1433865374943752 0.9993937291761995 -0.030275905221714174 0.01719138290815465 0.5063471680913557 0.03022163501785343 0.9995374123201994 0.003407953797681303 0.3365120102846823 -0.017286609272401183 -0.0028863359550224954 0.9998464093072585 -0.12654795275293726
2318808360040 PointCloud11.pcd PointCloud21.pcd 0.1433865374943752 0.8460610055304364 -0.5172201604698325 0.1290894283990286 -0.5478761938496438 0.5206766256840896 0.8537163201233784 0.008018492453569549 3.6085433645550076 -0.1143530777332104 0.06042971420218883 0.9916005361305451 0.8651093272865439
2318808360041 PointCloud11.pcd PointCloud21.pcd 0.1433865374943752 0.9778706711386163 -0.010733449320656504 0.2089347831084929 -2.534719927601428 0.03836464582867137 0.990947746602174 -0.12864959173862128 1.0102806683167604 -0.20566259863512537 0.13381837157040216 0.9694305230148744 0.18975155267220212
2318808360042 PointCloud11.pcd PointCloud21.pcd 0.1433865374943752 0.9952419684265058 0.0970173371460595 0.00900336468337519 0.5887629106948546 -0.09731102503392303 0.9943760284685587 0.04179567458414199 1.684781669885801 -0.004897824964332009 -0.042472936090928615 0.9990856124529242 -1.4196635998519607
2318808360043 PointCloud11.pcd PointCloud21.pcd 0.1433865374943752 0.9598619890694918 -0.004122746085115515 0.2804424449049685 0.8405718209002618 0.005679364945610523 0.9999726470871658 -0.004738131625525953 0.6240408961211196 -0.28041523987360817 0.006140687437404994 0.9598591486277676 1.6240581208739686
2318808360044 PointCloud11.pcd PointCloud21.pcd 0.1433865374943752 0.9509895312553795 0.3091891525595706 0.004580325552641515 0.3881534474573243 -0.30913147951088293 0.9509640359225745 -0.010253329081871803 -0.8108081333515808 -0.007525943003117613 0.008334885802646842 0.9999369429421892 0.23525037465116308
2318808360045 PointCloud11.pcd PointCloud21.pcd 0.1433865374943752 0.9656907258951517 0.25679984082547336 -0.03866863938783344 -0.8361624005550631 -0.2546616108128965 0.9655911205931581 0.0527375749331504 -1.5523080507249625 0.05088109568666532 -0.04108076902469529 0.9978594512846304 -2.768211793041143
2318808360046 PointCloud11.pcd PointCloud21.pcd 0.1433865374943752 0.9816312288790565 -0.030704882758814632 0.18830119666152037 0.3289789981044013 0.04235808617502642 0.9974072694831667 -0.05817672487964975 0.3880441420862146 -0.18602667288585836 0.06508416825081864 0.9803867237055574 0.28781469873982096
2318808360047 PointCloud11.pcd PointCloud21.pcd 0.1433865374943752 0.9714343350143321 0.07644135192708568 -0.2246598595005838 0.19666153716674464 0.032704051754708405 0.8945426745825841 0.4457845313034792 -1.1805771113946177 0.23504420383001998 -0.44039768739878365 0.8664895262954513 0.7160032042884237
2318808360048 PointCloud11.pcd PointCloud21.pcd 0.1433865374943752 0.997879163418374 -0.038526456551435134 0.052467965093344546 0.20777060494701188 0.034723452501847676 0.9968317361927947 0.07155956655270054 0.27787597118168117 -0.05505866927013374 -0.06958593151240292 0.9960553905650795 0.5694264984187886
2318808360049 PointCloud11.pcd PointCloud21.pcd 0.1433865374943752 0.9933169826638879 0.08392015094211713 -0.07923875451672503 1.6604524675679597 -0.076178940991068 0.9924500050785331 0.09612365145529539 0.9773530641261852 0.08670721366177624 -0.08944493102167392 0.9922103927159497 -1.3936037054233608
2318808360050 PointCloud11.pcd PointCloud21.pcd 0.1433865374943752 0.9899286852220995 -0.08259003340798618 -0.11497862651864064 0.028944212686637202 0.07739342003820815 0.995797903571404 -0.04895706054887663 0.3519121842684145 0.1185388405090703 0.03956540944391474 0.9921608345758769 3.0778239269328718
2318808360051 PointCloud11.pcd PointCloud21.pcd 0.1433865374943752 0.970683318550088 -0.1015730762268751 0.21784582914161515 0.15730889779355578 0.11006255016199375 0.9935533913365832 -0.02716419730846317 -0.6210525915071334 -0.2136823112483272 0.050344500686608534 0.9756050948566173 -3.800144750962958
2318808360052 PointCloud11.pcd PointCloud21.pcd 0.1433865374943752 0.9717286290403356 0.23474002643986008 0.025309908937080863 0.006139196040694902 -0.22997848729119585 0.9653309640058564 -0.12347479627347858 0.022023789994979868 -0.05341691573502541 0.11416325993303432 0.9920248904109309 0.41659228714997243
2318808360053 PointCloud11.pcd PointCloud21.pcd 0.1433865374943752 0.9923066149285659 0.05807465693272157 -0.109338539368138 0.3215604191898344 -0.04162542545383606 0.9882414262382812 0.14712650142756503 0.9453251916778657 0.11659719518409656 -0.14144333737817008 0.9830558867055967 -0.48018511243973827
2318808360054 PointCloud11.pcd PointCloud21.pcd 0.1433865374943752 0.9833975825743527 -0.06442295110785388 -0.1696433846557953 1.0166262554745051 0.0843015175464014 0.9900454738085229 0.11270853530514519 -1.2258207604687736 0.16069364868062716 -0.12513849592276732 0.9790392781251908 1.945715620078723
2318808360055 PointCloud11.pcd PointCloud21.pcd 0.1433865374943752 0.9944513804031753 -0.10516161405096432 0.0027362281365757974 0.4941905564329636 0.10516472891595928 0.9944542920974052 -0.0010201573808292668 0.9136031735563607 -0.002613772417821477 0.0013022516058293662 0.9999957361581614 -0.4424943574535674
2318808360056 PointCloud11.pcd PointCloud21.pcd 0.1433865374943752 0.9716406667427516 -0.23133945554339333 0.0489537643147836 0.46697448244055517 0.22873040560641675 0.9720155054547555 0.05355612669583536 2.4404740743206066 -0.05997346315517489 -0.04084009628321937 0.9973641613035593 -2.261928762996524
2318808360057 PointCloud11.pcd PointCloud21.pcd 0.1433865374943752 0.9738579667805974 -0.20999523777031515 0.08661790029635599 0.5263449196974109 0.20024843151098987 0.9736530954254456 0.10908810863625878 0.22118449806282847 -0.1072437700537848 -0.08889122500132732 0.9902510408489426 -1.0802975962984296
2318808360058 PointCloud11.pcd PointCloud21.pcd 0.1433865374943752 0.9901366952299285 -0.04391314240359896 -0.13304495737680844 -0.7203427458707394 0.08744233752017326 0.9356465715852789 0.34193468775443303 1.5821199736582825 0.1094676316002298 -0.3501958437859518 0.9302578721122877 1.8493095253797847
2318808360059 PointCloud11.pcd PointCloud21.pcd 0.1433865374943752 0.9695576224835061 0.22809842396264035 0.08904563812950604 1.2620650774794537 -0.22950009413296202 0.9732919720136711 0.0056959640712457415 -2.538211826954479 -0.08536816430668369 -0.025958547715519795 0.9960112601388642 -0.5252508096428605
2318808360060 PointCloud11.pcd PointCloud21.pcd 0.1433865374943752 0.840123595409404 -0.5309555474426227 -0.11080862365484456 -1.3014512699206497 0.5335459568403947 0.8457398198774705 -0.007271108092399791 0.5968501014841295 0.09757590058843327 -0.053012863660893916 0.9938151638563519 -0.5769790420025458
2318808360062 PointCloud26.pcd PointCloud9.pcd 0.10535245448346586 0.9664582809085249 0.2556500961942545 -0.0245238573476383 -0.46321571315098586 -0.25619454686309306 0.9663649987754165 -0.022428626783730355 2.4288599524898764 0.017965116780953274 0.027959210605056264 0.9994476159966509 -0.6782483088166419
2318808360063 PointCloud26.pcd PointCloud9.pcd 0.10535245448346586 0.9315253445798938 -0.3604963445754801 -0.04798872735369003 2.1343035091827347 0.363340397588363 0.928197739543924 0.0802041880819196 -1.1869358252442783 0.01562971163010846 -0.09214847721621007 0.9956226043341388 1.8059528859369873
2318808360064 PointCloud26.pcd PointCloud9.pcd 0.10535245448346586 0.9986640547498234 0.05131472956609204 -0.006074889315887232 0.4193941118434657 -0.05134784899926026 0.9986660808715315 -0.0054274597966834145 1.2969756368277083 0.005788277273127795 0.005732141506826908 0.9999668186494765 -0.7313802928217951
2318808360065 PointCloud26.pcd PointCloud9.pcd 0.10535245448346586 0.9764232416813063 -0.04399147688296718 -0.21133481271722598 -0.5315471082222629 0.04242841053005595 0.9990283131628992 -0.011927257806623605 -0.1507982424985873 0.21165415914756475 0.0026794515386531336 0.9773409525109391 2.863560676918919
2318808360066 PointCloud26.pcd PointCloud9.pcd 0.10535245448346586 0.9994339883708441 0.010484513560900112 0.03196526027641503 1.4230671845177 -0.010517709863244948 0.9999443084184121 0.0008705405540861782 -0.5616317909955278 -0.031954352886269737 -0.0012062491512993558 0.9994886013830298 -2.7310378174164036
2318808360067 PointCloud26.pcd PointCloud9.pcd 0.10535245448346586 0.9026253921555814 -0.14899015153460113 0.40381844457835225 -0.006230090356705673 0.037712198175230166 0.9619477162124058 0.27061851633347106 0.3433386118445657 -0.42877172428318466 -0.22903826322130888 0.873897180700219 2.6710836315909368
2318808360068 PointCloud26.pcd PointCloud9.pcd 0.10535245448346586 0.9938285506441961 0.017405901530943645 0.10955293933232359 0.24968638503152027 -0.01699092651502053 0.9998445013158022 -0.004720339470442997 0.17749381069503725 -0.10961806575842255 0.0028298021927589435 0.9939697540060926 2.80620970794109
2318808360069 PointCloud26.pcd PointCloud9.pcd 0.10535245448346586 0.9755619107141478 0.031287446412979196 -0.21748575599499914 -0.19056808483743176 -0.12901545469923306 0.8827822422962132 -0.45171952042746644 -0.035052459722745996 0.17785941305568137 0.4687393821553989 0.8652452951643618 2.9013462590828767
2318808360070 PointCloud26.pcd PointCloud9.pcd 0.10535245448346586 0.9652668684106575 0.2562024155297808 -0.051187840600946555 1.0092216745089464 -0.2602142939842194 0.9603104017960726 -0.10046120349945843 -1.461838392207961 0.023417812770978194 0.11029167910124009 0.9936233449180087 2.398520455447236
2318808360071 PointCloud26.pcd PointCloud9.pcd 0.10535245448346586 0.9639923761906595 0.07732951826759966 -0.2544382916362768 -0.19623386837250387 -0.08866350003395869 0.9955026855279603 -0.033364455163348405 -0.5879530727999892 0.2507139453800173 0.054722469892356365 0.9665133050718266 -0.9776370922152503
2318808360072 PointCloud26.pcd PointCloud9.pcd 0.10535245448346586 0.986397528113897 0.15373915052726383 0.0581737924322378 0.6879755464305894 -0.1455105003532436 0.981295218767582 -0.12604121512756133 1.197102514460573 -0.0764631337164681 0.11586184539803777 0.9903178388594335 1.6243511042790397
2318808360073 PointCloud26.pcd PointCloud9.pcd 0.10535245448346586 0.8251647360949228 0.5648893206405008 0.0017926884029008895 -0.13343851722650515 -0.5648830726071288 0.825129293145359 0.008292398649949751 -0.13092209424038231 0.0032050877251348286 -0.007855254276837502 0.99996401054884 -1.4377686778533
2318808360074 PointCloud26.pcd PointCloud9.pcd 0.10535245448346586 0.9836447077459631 -0.08357077096563889 0.1595588141205854 -0.7975172294085177 0.14804338014744012 0.8796969127369626 -0.45190319684151076 0.2544464445821857 -0.10259749761996792 0.46813381416136285 0.8776813120494563 -0.5169408067848386
2318808360075 PointCloud26.pcd PointCloud9.pcd 0.10535245448346586 0.9996357036511656 -0.0022018915164424774 -0.026900030847359292 -0.24956210169330423 -0.0018818798221140523 0.9885547874133778 -0.15085055787244114 -1.5530771098349503 0.02692431083935451 0.15084622619025448 0.988190516818485 -0.3262962260463746
2318808360076 PointCloud26.pcd PointCloud9.pcd 0.10535245448346586 0.9749432909293304 0.2200448372134513 0.03264734426553951 0.04422853551311551 -0.21976680460662146 0.9754796342539312 -0.011917833226372222 -0.5294863018605945 -0.0344692771157448 0.004444409018336329 0.9993958755986517 -0.861829614145614
2318808360077 PointCloud26.pcd PointCloud9.pcd 0.10535245448346586 0.9899398544746489 0.14145408751059368 0.003134589168661986 0.017819537303662033 -0.14143279862088998 0.9899284028535691 -0.006206504494868843 -0.19614538451261448 -0.003980954279287727 0.005700732437796123 0.9999758265341713 -1.0852532350974384
2318808360078 PointCloud26.pcd PointCloud9.pcd 0.10535245448346586 0.948955396000357 0.14848881996111082 -0.2782709592256482 -0.5573974922359939 -0.2358723286227635 0.9198116967454387 -0.3135453509786935 0.4402244076158797 0.20939890398920574 0.3631769718427007 0.9078846766695017 -1.3887249484745847
2318808360079 PointCloud26.pcd PointCloud9.pcd 0.10535245448346586 0.9995592247235794 0.0055464544896659945 -0.029164929497445195 0.19604420838096095 -0.006871147389945886 0.9989398641456131 -0.04551851441215626 0.3833551247116923 0.02888154434137006 0.04569884750557831 0.9985376666571569 0.40538247482962103
2318808360080 PointCloud26.pcd PointCloud9.pcd 0.10535245448346586 0.9185675869732784 -0.2789199709286989 -0.28006648849732513 -1.0826397600511146 0.3650226516393057 0.8704155738305572 0.33035616026257464 0.5980803964837065 0.15163130267955444 -0.40568507324075354 0.9013476407010481 0.15065546317982048
2318808360081 PointCloud26.pcd PointCloud9.pcd 0.10535245448346586 0.9186503144945184 0.3402294103893225 -0.20081222070694874 0.9814640594918871 -0.32251982510159954 0.9394056706048072 0.11618067159371237 0.3532575797441798 0.22817222025381598 -0.04196348819707934 0.9727160446722247 -0.16628541058752241
2318808360082 PointCloud26.pcd PointCloud9.pcd 0.10535245448346586 0.9970341334253092 -0.07104242624808747 -0.029595784457042446 1.6237433574920765 0.07401256094409743 0.9905247497348796 0.11568431607244982 0.3758959374852022 0.02109686249988195 -0.1175316716270098 0.9928450173905401 0.006548022922949736
2318808360083 PointCloud26.pcd PointCloud9.pcd 0.10535245448346586 0.9768122902518236 -0.15520636156799547 0.1474745230262228 1.0503947932758262 0.18333011005951852 0.9621299479025602 -0.20173258064720606 -0.8470425998323525 -0.1105794753041996 0.22409138465778045 0.9682743572787657 -1.4318022957229322
2318808360084 PointCloud26.pcd PointCloud9.pcd 0.10535245448346586 0.9256097801126245 0.3750709724800804 0.05067840331645676 -2.824467958317525 -0.37367072503232895 0.9268970144290567 -0.03510147997328061 -1.3279645110849247 -0.06013920695912381 0.013553237448954777 0.9980979839379397 -2.2884668502349235
2318808360085 PointCloud26.pcd PointCloud9.pcd 0.10535245448346586 0.9986033351667836 -0.03280477078363051 0.041415287124561814 1.7609814685423355 0.031361896977766666 0.998894368346681 0.035021026587479756 -0.348090377521437 -0.042518353821995314 -0.033673251983116756 0.9985280675520087 -1.1583275003406206
2318808360086 PointCloud26.pcd PointCloud9.pcd 0.10535245448346586 0.8261592492403091 0.0328538478986795 0.5624780169686096 -0.9476787109999129 -0.014363523187203048 0.9992021640173733 -0.03726559572379258 -0.9424533733862512 -0.5632535699809985 0.02270815054664074 0.8259720066699668 -2.7451397823245207
2318808360087 PointCloud26.pcd PointCloud9.pcd 0.10535245448346586 0.999462063968893 0.007310527620318367 -0.031970906664543136 -2.054475754072784 -0.007513452674979165 0.9999523561293105 -0.0062316530986116295 2.088721467770353 0.03192382677470254 0.006468512762076748 0.9994693730308626 -1.4932485062794911
2318808360088 PointCloud26.pcd PointCloud9.pcd 0.10535245448346586 0.9637661777387082 0.16755218610136224 0.20755967715231982 0.36966146937890665 -0.08377887371970139 0.9288671658343481 -0.36081420226083666 -0.28653834179806575 -0.25325057742318985 0.3303514086053215 0.9092480914840024 -1.4155439099853049
2318808360089 PointCloud26.pcd PointCloud9.pcd 0.10535245448346586 0.9752206940364319 0.065387596477662 0.21135056221826057 -0.13256464485756567 -0.0825443080215202 0.9938813183427768 0.07339184057150125 0.9821364908623346 -0.20525845935392964 -0.08901902760701616 0.9746510029685255 -0.6884865301804781
2318808360090 PointCloud26.pcd PointCloud9.pcd 0.10535245448346586 0.9817941583981052 0.1851116444299172 -0.042590017983186845 1.1907157515707492 -0.16143445040871787 0.9313250297193545 0.32645460211104194 0.7730571234011693 0.10009569799242862 -0.3136357251887856 0.9442528703312016 -3.5893585232340426
2318808360091 PointCloud26.pcd PointCloud9.pcd 0.10535245448346586 0.9996129172716982 -0.0170960764806969 -0.02194857153737865 0.5609751038102216 0.01734432125739134 0.999787178146065 0.011170180609507701 0.12480208255871238 0.021752934139689498 -0.01154653990140688 0.9996966976401491 -0.7192142716130596
2318808360093 PointCloud17.pcd PointCloud1.pcd 0.11202755656680571 0.970152078878095 0.23834109214282176 0.04470422401381713 -0.3904857224655736 -0.23602968878595795 0.9703852724396271 -0.05140436794548123 1.4369307186290134 -0.055632093795887516 0.039318530344324115 0.9976768631733663 0.952558395744741
2318808360094 PointCloud17.pcd PointCloud1.pcd 0.11202755656680571 0.9961040010034788 -0.05290210611787876 -0.0705562637414585 0.11549118353448369 0.04783131813007912 0.9962773674010615 -0.07171870195666896 -0.11130535097567133 0.07408767907554346 0.06806448686872651 0.9949262492448857 -0.23334983922577612
2318808360095 PointCloud17.pcd PointCloud1.pcd 0.11202755656680571 0.9849513844040735 0.15218471234284572 -0.08191815238165746 -0.7248470443196979 -0.11843696630698476 0.9395190360832701 0.3213668711133138 -0.4530580144077836 0.1258707884002373 -0.3068286071511071 0.9434048709123853 1.002481857246592
2318808360096 PointCloud17.pcd PointCloud1.pcd 0.11202755656680571 0.8638281129628658 0.40886527387405025 0.2943300512603369 -2.722924472747654 -0.3891911787328841 0.912573842066964 -0.12545600492462783 1.6354949309522022 -0.3198925095270642 -0.006178235592619499 0.9474336978139628 -0.7574562849267189
2318808360097 PointCloud17.pcd PointCloud1.pcd 0.11202755656680571 0.989616465694757 0.09760850052536099 0.10550749476225925 -1.3252315808374369 -0.05937432546009324 0.9461060552934463 -0.31836774587453587 0.1212078649542982 -0.1308966779638677 0.30879752713107134 0.9420775694897733 -1.9112998693517331
2318808360098 PointCloud17.pcd PointCloud1.pcd 0.11202755656680571 0.9784150311636721 0.18921681454348335 -0.08307240147610631 -0.12485444956865614 -0.20467381388080128 0.831856779448883 -0.5158710385323249 0.5619187087731151 -0.028507134273326625 0.5217387234803923 0.8526289038711818 3.245040278894525
2318808360099 PointCloud17.pcd PointCloud1.pcd 0.11202755656680571 0.982208852889796 0.004959941650943704 -0.18772631217740976 -0.7181707539793427 -0.03648017025588074 0.9856476096349491 -0.16482714217935338 1.1261188904652168 0.1842144578555468 0.1687429660748265 0.9682927475289985 -3.572264352622271
2318808360100 PointCloud17.pcd PointCloud1.pcd 0.11202755656680571 0.9893421224260249 0.08597306009161398 -0.11751935045792325 -0.12168808163345657 -0.054701992463843496 0.9674151080225076 0.24721589914543465 2.6795801938260437 0.13494390247081958 -0.23815255973489732 0.9618074139232148 -2.0670331671908286
2318808360101 PointCloud17.pcd PointCloud1.pcd 0.11202755656680571 0.9987934975534676 -0.049093792544442884 0.0011613692411671919 -0.14820979861378578 0.04909692314614839 0.998789977946866 -0.0028411424603563707 -0.28676470679845634 -0.0010204815002356044 0.0028947342714048903 0.9999952895544086 0.8949218003900267
2318808360102 PointCloud17.pcd PointCloud1.pcd 0.11202755656680571 0.9885922506206029 0.017816062175526858 -0.1495591854131635 0.008615095663925296 0.0668809464381156 0.8377866043370753 0.5418860992836916 0.3712540131386446 0.13495295853160527 -0.54570705833983 0.8270377896212823 1.3221732114132767
2318808360103 PointCloud17.pcd PointCloud1.pcd 0.11202755656680571 0.9156738332876884 -0.40144527424789794 0.01957352334815568 1.429424101386049 0.3841621237021389 0.888490429847702 0.2510064118338582 -0.9792993902654771 -0.11815622600986089 -0.22232059700593623 0.9677875068433313 -2.310907267035643
2318808360104 PointCloud17.pcd PointCloud1.pcd 0.11202755656680571 0.9561013459230515 0.07007715983199456 0.2845336675931524 0.9960647923035625 -0.0053375238943618245 0.974988249692691 -0.22219231264798495 2.604663501440855 -0.29298758875216296 0.21091966392696498 0.9325616163053944 -2.7475268260725754
2318808360105 PointCloud17.pcd PointCloud1.pcd 0.11202755656680571 0.8692214350973614 -0.4873389550331399 0.08339568138993063 -1.119134776482407 0.4858482732082338 0.8731858168910934 0.038703806024875276 -1.6127422993149843 -0.091681798563624 0.006875469979649853 0.9957646186346942 0.39078876010540275
2318808360106 PointCloud17.pcd PointCloud1.pcd 0.11202755656680571 0.9294434597374333 0.3310711070210173 -0.16287043085590633 0.537423953429274 -0.3197188624613089 0.9430018491543497 0.09234371379754965 -0.8903244326008823 0.18415945302307205 -0.033755511955164255 0.9823165789473818 -2.161603553560285
2318808360107 PointCloud17.pcd PointCloud1.pcd 0.11202755656680571 0.9983410671774618 -0.0561153884191901 0.012890956889624366 1.1657698682419304 0.05520010146396567 0.9964952931670356 0.06284965786949032 0.2824576969615871 -0.016372610828289502 -0.062033812380890445 0.997939749552125 3.336398164993284
2318808360108 PointCloud17.pcd PointCloud1.pcd 0.11202755656680571 0.9311358481974841 -0.33186534595614003 0.15116687585236238 3.0830202396319843 0.3013974964562778 0.933699523565643 0.19329963482422663 0.5440677221569494 -0.20529389014639499 -0.1344269014993012 0.9694244822686588 2.0791237662807767
2318808360109 PointCloud17.pcd PointCloud1.pcd 0.11202755656680571 0.9565570823178622 0.22060943168513403 0.19060437277014644 -0.7943800867478177 -0.19871481257232915 0.9717354124667607 -0.1274468964800587 -0.7300213726681907 -0.2133330061942663 0.08403431923694554 0.9733587528031483 -2.9299913881390047
2318808360110 PointCloud17.pcd PointCloud1.pcd 0.11202755656680571 0.8656692747406857 -0.4982349805651655 0.048771004820124024 2.0298303077729365 0.5000886169799738 0.8561712492368522 -0.12993139400185452 0.4652122539723073 0.022980033441936727 0.13686743996085113 0.9903227867425703 -2.8614649568118242
2318808360111 PointCloud17.pcd PointCloud1.pcd 0.11202755656680571 0.8480735469272398 -0.5296421201219519 0.015826673528402262 1.5831332483114167 0.5298147612298225 0.8471297656728559 -0.04083477554779024 -1.8168419402685205 0.008220570858339467 0.04301609819330499 0.9990405584914894 -1.4886804751892717
2318808360112 PointCloud17.pcd PointCloud1.pcd 0.11202755656680571 0.876700317298055 0.47859736016635784 -0.04838512675692168 0.44064779386859537 -0.47842793524353405 0.8570613696590703 -0.19118713193289755 -0.4521193059810481 -0.050032633631446916 0.1907626155196871 0.9803603215614092 0.23802418255719884
2318808360113 PointCloud17.pcd PointCloud1.pcd 0.11202755656680571 0.9949262009922195 -0.0587753430996268 -0.08165361977714448 -0.1279162867573072 0.04918543304664093 0.992163114320962 -0.11486142849949174 0.28172601468072794 0.08776472956264227 0.11026247604897418 0.9900199687987841 0.20268032587942142
2318808360114 PointCloud17.pcd PointCloud1.pcd 0.11202755656680571 0.9937242757705408 0.11004508005639357 -0.020053530853593498 -1.4550267071862792 -0.10865637609389234 0.9922296989487288 0.06061366560650692 2.925518970317738 0.026567944565899646 -0.058054326966185295 0.9979598385917373 1.3329916556988466
2318808360115 PointCloud17.pcd PointCloud1.pcd 0.11202755656680571 0.9839798764594103 -0.1326877711664068 -0.11906955154788681 0.6407830132948619 0.1679781233299012 0.9137693661828967 0.3698768653326018 -0.14773269574233483 0.059723971782594164 -0.38395247206991445 0.9214193108384008 -0.5050494655904655
2318808360116 PointCloud17.pcd PointCloud1.pcd 0.11202755656680571 0.9205217673124805 0.3906868419337768 -0.0018621073330787577 -0.4449367513333433 -0.3906912268462768 0.9205087123081306 -0.004906712767069934 0.11675583885675861 -0.0002029020918908412 0.005244244906517915 0.9999862282682206 3.8928354520518917
2318808360117 PointCloud17.pcd PointCloud1.pcd 0.11202755656680571 0.9652851978205473 0.15760938612792952 0.20828770552513218 -1.1830771845211652 -0.2203025325492607 0.9196769909391217 0.32505542064322623 -0.3306151699595029 -0.14032562496183262 -0.3596574950442991 0.9224723330471929 -0.9011584555459476
2318808360118 PointCloud17.pcd PointCloud1.pcd 0.11202755656680571 0.9977573706997368 0.05895203736592524 -0.031699944869897245 -1.3458420472181554 -0.05941405531671435 0.9981375466294788 -0.01383502942921901 0.3576413851315521 0.030825302028858973 0.01568742486488791 0.9994016737308068 1.9974944013960352
2318808360119 PointCloud17.pcd PointCloud1.pcd 0.11202755656680571 0.9935774762107734 0.09990511349958037 -0.0531297192093643 1.2735589443253157 -0.10195504651177908 0.9940865222702427 -0.03737853302947126 1.1521301644387527 0.049081231213274325 0.04255531150503159 0.9978878084260269 -2.627638605839962
2318808360120 PointCloud17.pcd PointCloud1.pcd 0.11202755656680571 0.9058869733116712 -0.17782994613300993 -0.38437651052392674 1.02580311142974 0.2236229821290129 0.9715874790581215 0.0775276234719702 1.4500677939936755 0.3596686717632588 -0.15618668571877437 0.9199153035775838 0.4405016444398287
2318808360121 PointCloud17.pcd PointCloud1.pcd 0.11202755656680571 0.9117489266557659 0.40601933276864705 0.06214656997905455 -0.12679303474645348 -0.4084535437617836 0.880248493696 0.24151250885692013 -1.5356145263133238 0.043354323088932854 -0.24558275746482258 0.9684056546228315 2.5630951171601546
2318808360122 PointCloud17.pcd PointCloud1.pcd 0.11202755656680571 0.9812069445044238 0.18537858070917562 0.05355103986426677 -0.42054167634686895 -0.18790672448554785 0.9810716938878106 0.04679096435439798 -0.2889709030519869 -0.043863366827057944 -0.05597421965828362 0.997468240990279 -0.21969263897397664
2318808360124 PointCloud30.pcd PointCloud16.pcd 0.13621065668668048 0.8668927668181821 0.4975439678247037 0.03077224268017046 0.26040421210460063 -0.4964352369687403 0.8672703397256443 -0.0373391661390069 -0.6509172782781829 -0.04526573023941872 0.017092627457937465 0.9988287419535324 0.61227057510705
2318808360125 PointCloud30.pcd PointCloud16.pcd 0.13621065668668048 0.9802147454771656 0.15941198034582837 0.1173323198072753 -3.390297919099421 -0.17795374259748215 0.9692875456427179 0.16974722194329162 1.6454286455695966 -0.08666901548237736 -0.18726845538994885 0.9784779033637797 1.2625400476836224
2318808360126 PointCloud30.pcd PointCloud16.pcd 0.13621065668668048 0.8829172271881062 0.4686492596449693 -0.028723533360087983 0.032058510035033294 -0.46900094633557 0.8831726854843367 -0.0066422850529464 -0.7814486831353168 0.02225493812181366 0.019335952229123016 0.9995653248690589 -1.386746610197764
2318808360127 PointCloud30.pcd PointCloud16.pcd 0.13621065668668048 0.8399750285596554 -0.3045878977159042 0.44907478660153227 0.48839354917879674 0.25786921682012764 0.9522402248122619 0.16352987881750192 -0.16820984346620516 -0.47743629775372115 -0.021558451115485072 0.8784018526692218 -0.3118272682637743
2318808360128 PointCloud30.pcd PointCloud16.pcd 0.13621065668668048 0.9741580281820784 0.2145847600056924 0.0704948005295731 -1.0280835767396577 -0.21211171440506096 0.9763867075316836 -0.04095873493632855 0.6475801696645295 -0.0776193064936215 0.024947507465435673 0.9966708910822625 -0.7609804123786126
2318808360129 PointCloud30.pcd PointCloud16.pcd 0.13621065668668048 0.9986593619262992 -0.040378201322679864 0.03238949976307027 0.5256958963497339 0.0419857260749024 0.9978365733145856 -0.05059023385762048 0.07176296612444641 -0.03027668480729117 0.05188230732870892 0.9981941437132004 1.7533729276376844
2318808360130 PointCloud30.pcd PointCloud16.pcd 0.13621065668668048 0.9544754181975166 0.043006202359354775 -0.29517307230725154 0.2916060283884561 -0.07973295252161866 0.9903293287223016 -0.11353623630639062 -0.5980450681194905 0.2874357882012277 0.13190256718904866 0.9486740116763384 0.14794570982799488
2318808360131 PointCloud30.pcd PointCloud16.pcd 0.13621065668668048 0.9387420385519611 -0.3015257921767013 -0.16686995447809422 0.37990068627888973 0.2366143019507915 0.9159784191667338 -0.3240327263304602 -1.1697620926129113 0.2505535016072378 0.26469932427761134 0.931212763314232 -3.6944160871807266
2318808360132 PointCloud30.pcd PointCloud16.pcd 0.13621065668668048 0.9987851626008115 -0.02895217943361969 -0.03987443133781271 -0.0073275776914653295 0.029269380096271717 0.9995442107820215 0.007394192378193063 -0.5327911918319229 0.03964217901743576 -0.008552309523704367 0.9991773394370793 -0.6271626768905457
2318808360133 PointCloud30.pcd PointCloud16.pcd 0.13621065668668048 0.9343842835658557 0.1786961736168477 0.30821046082153075 -0.12208266263710808 -0.06066548623929357 0.9322822759840556 -0.35660826780283666 0.13233225674530322 -0.3510636828332902 0.31451142335483934 0.8819505967880742 0.43784728219748176
