id source target overlap t1 t2 t3 t4 t5 t6 t7 t8 t9 t10 t11 t12
2318808360000 PointCloud30.pcd PointCloud24.pcd 0.4393 0.9984135270267643 -0.03762463407819503 -0.04189052351616571 0.42664921524018684 0.03788387609874707 0.9992674942296036 0.00541173796703252 -0.41907492247848555 0.04165622380522852 -0.006990127793607663 0.9991075503326544 -0.2570043596850704
2318808360001 PointCloud30.pcd PointCloud24.pcd 0.4393 0.9976162619248385 -0.06551810593284012 0.021660372528771746 0.09687475591112538 0.06511412295580658 0.9976996092929185 0.018858436002333712 -0.5545423114406994 -0.02284611421682322 -0.017403086270289938 0.9995875087522157 0.48676459930164584
2318808360002 PointCloud30.pcd PointCloud24.pcd 0.4393 0.9135899486942308 0.3888218281128922 0.1190419742268298 -3.762809477785681 -0.39070962940110104 0.9204790954027035 -0.008013764401023924 3.543972746039762 -0.11269157527573637 -0.039189551025360994 0.9928568819081145 0.709781555590504
2318808360003 PointCloud30.pcd PointCloud24.pcd 0.4393 0.9101160611732251 0.4143235197416799 -0.004977568020681455 -3.0028213773243326 -0.41017487550156706 0.8991712666874485 -0.15247165202411717 4.447689999730198 -0.05869690538528177 0.1408085727239477 0.9882953096851347 -0.5573653765199793
2318808360004 PointCloud30.pcd PointCloud24.pcd 0.4393 0.9973217836782553 0.07069686554331918 -0.01874067776717512 -0.6881772636324879 -0.07066714817863164 0.9974974277410267 0.002244062907867846 0.6107288299327933 0.018852426080548913 -0.0009137025692200209 0.9998218597222669 0.2425529163009763
2318808360005 PointCloud30.pcd PointCloud24.pcd 0.4393 0.9829461067274257 -0.018165757812909675 0.18299441661558646 -0.11620828694317176 0.06750270254505403 0.9612846307554404 -0.26716145646872497 0.03481596776300025 -0.1710565298914662 0.27495793117576944 0.9461172230041215 -0.7790324275455598
2318808360006 PointCloud30.pcd PointCloud24.pcd 0.4393 0.9956888163475636 0.09138008479322376 -0.01592046178887909 -1.0760354551371805 -0.09095222467766864 0.9955210918138577 0.025796290041934712 0.5555186593943119 0.018206422673628306 -0.024237076080418044 0.9995404395603518 -0.04733085063122866
2318808360007 PointCloud30.pcd PointCloud24.pcd 0.4393 0.926390097705254 0.3717016295936866 -0.06032649029280289 -3.1936819017010007 -0.37261703549771974 0.9279752907604745 -0.004290057680715506 3.7579631962026383 0.05438687093904984 0.02645294492888539 0.9981694795845285 -0.6361727320267183
2318808360008 PointCloud30.pcd PointCloud24.pcd 0.4393 0.9303849734461204 -0.29995566774395366 -0.210737748336507 3.872574026433237 0.2694520654153715 0.9493478089756343 -0.1616611333516905 -1.4890889595491739 0.24855459285447218 0.0936233677104257 0.9640826102515833 -3.288388091500761
2318808360009 PointCloud30.pcd PointCloud24.pcd 0.4393 0.88010138973199 -0.45040062079558435 -0.15020261175749275 5.338328086925361 0.45824766053403326 0.8885873495976734 0.020532991746643504 -1.9285405158756643 0.12422006845475995 -0.08690111001554915 0.9884419920618307 -0.4231145569865533
2318808360010 PointCloud30.pcd PointCloud24.pcd 0.4393 0.9915878029710506 0.1294347609170827 -0.0005212152938573202 -1.122276718184283 -0.12937025407164335 0.9909494057867988 -0.035813580276604556 1.4268957527577646 -0.004119024214952156 0.035579739137998015 0.9993583520451453 0.10106991881051974
2318808360011 PointCloud30.pcd PointCloud24.pcd 0.4393 0.9735253152980792 0.18399436300528282 -0.13562645337859314 -1.6265742032425363 -0.196019270620986 0.9772242929143947 -0.08129653672314685 1.8924764975242447 0.11757936051447182 0.10572963501422641 0.9874190287110971 -2.365582905748138
2318808360012 PointCloud30.pcd PointCloud24.pcd 0.4393 0.9961094041764034 0.011040622989302327 0.08743088444788193 -0.1206915082012312 -0.00699187687597121 0.9988947727816556 -0.04647952847475817 0.2076601736939388 -0.08784741640527656 0.045687389436174675 0.995085671627034 0.35660649007417977
2318808360013 PointCloud30.pcd PointCloud24.pcd 0.4393 0.9968313570015461 0.05826576629378874 -0.054151141969988464 -0.03403950317712745 -0.05613642308986867 0.9976196830063891 0.04004584973386146 0.6752024414369298 0.056355547208163215 -0.036879107316058306 0.9977294140910345 0.07221636068403003
2318808360014 PointCloud30.pcd PointCloud24.pcd 0.4393 0.9999983187797915 -0.0017954196833931274 -0.00037270061863351047 -0.051051871135153526 0.0017971836644238568 0.9999869231839214 0.004787858814832728 -0.0480692698326714 0.0003640995289386102 -0.004788520576851262 0.9999884686846235 0.6789485253785701
2318808360015 PointCloud30.pcd PointCloud24.pcd 0.4393 0.9630026239724672 -0.24949106746666622 0.10188303821778386 2.8113065502061803 0.2355194955720925 0.9628924786943251 0.1317901425728256 -1.5472786993245125 -0.13098287455850896 -0.10291881134293193 0.9860279939454802 2.5515858450836792
2318808360016 PointCloud30.pcd PointCloud24.pcd 0.4393 0.9994858145779699 -0.0319630893867824 0.0025431032744174884 0.20988286412516644 0.031964425677184785 0.9994888887635422 -0.0004865484015338232 0.07593146017311103 -0.0025262518757092397 0.0005675870610431656 0.999996647942576 0.579240474650963
2318808360017 PointCloud30.pcd PointCloud24.pcd 0.4393 0.9727444414764832 -0.22618969183207902 0.05105364713234309 2.812837981752457 0.2257133900808966 0.9740784869276052 0.01498555447810087 -1.1590507522337368 -0.053119837300143094 -0.0030536230507806376 0.9985834758654231 -0.29369778193791507
2318808360018 PointCloud30.pcd PointCloud24.pcd 0.4393 0.9060703116119299 0.40033408737730675 0.13700076240386233 -3.5507654394184396 -0.4102493852295735 0.9104438694041688 0.05279585763222475 4.058393960664503 -0.10359552275179465 -0.10404123772881635 0.9891629736891887 1.8572577775781767
2318808360019 PointCloud30.pcd PointCloud24.pcd 0.4393 0.9465200589579037 -0.3225016477545451 -0.009615881963173221 3.2283768447546235 0.3177053563699254 0.9264199355725151 0.20201338942672958 -1.4726970567128643 -0.056241306209805046 -0.19426474247639514 0.9793355529676203 2.805756663538893
2318808360020 PointCloud30.pcd PointCloud24.pcd 0.4393 0.9665652681141816 0.004163758816595876 -0.2563869060382715 0.5998715312043768 0.01914548917987296 0.9959053804523805 0.08835113711810853 -0.2596249093527367 0.25570497202718534 -0.09030579327217424 0.9625278338739405 -0.31036749337331626
2318808360021 PointCloud30.pcd PointCloud24.pcd 0.4393 0.9071986242221747 0.20579298898281576 0.3669331027515944 -1.9617564116765145 -0.3031622192708022 0.9245109048539596 0.23102436151392097 3.275786308279211 -0.29169046096195117 -0.32082523668133006 0.9011036802123121 5.636287066528301
2318808360022 PointCloud30.pcd PointCloud24.pcd 0.4393 0.9948114822810419 -0.039421834641678935 0.09378717223203012 0.43667034848670383 0.032193156729409034 0.9964819663526753 0.07737758973825344 -0.9881489318509689 -0.09650759235206349 -0.07395680960797242 0.9925808153148126 1.8878758202821375
2318808360023 PointCloud30.pcd PointCloud24.pcd 0.4393 0.9779641671144141 0.20120330257059973 -0.055707440031776426 -1.7879423071106837 -0.1978078736158926 0.9783425484401541 0.06097460985675721 1.6998112685548228 0.0667692517238986 -0.048611613286419365 0.996583552983854 -0.04785048946481196
2318808360024 PointCloud30.pcd PointCloud24.pcd 0.4393 0.9927343994680508 -0.021414851689997554 0.11840530494831748 1.0032076478643326 0.0079546452982923 0.9935628083926689 0.11300296189503654 -0.12181630644827579 -0.12006304898255334 -0.11124005531268012 0.9865143254727956 2.0716286296295734
2318808360025 PointCloud30.pcd PointCloud24.pcd 0.4393 0.9840006673357362 0.17702940614965532 0.020081734016918214 -1.6871189489122775 -0.17759281797240425 0.9836156305097005 0.03100132935254328 0.9923975049541862 -0.014264560541648494 -0.03407170050503433 0.9993175879255047 -0.2768607947403743
2318808360026 PointCloud30.pcd PointCloud24.pcd 0.4393 0.9794836967703149 -0.0005355959158934546 0.20152270566408298 0.19241320953537766 0.012948211356420469 0.9980974641708881 -0.0602809740988986 0.055256099570372086 -0.20110701525264407 0.06165358994136107 0.9776271289522991 0.5812777513927944
2318808360027 PointCloud30.pcd PointCloud24.pcd 0.4393 0.9715833434837093 -0.23075086612119308 -0.052724230191970506 2.6886074220790332 0.23635890269223978 0.933903328358361 0.2682518264603167 -1.6471017926654654 -0.012660007232896415 -0.2730908476413934 0.9619049397686699 2.9724788674638782
2318808360028 PointCloud30.pcd PointCloud24.pcd 0.4393 0.9987670847876723 0.03692432008116167 0.03317988745126674 -0.42388548184935715 -0.032380503632295984 0.9911995828683583 -0.12835454766431748 0.5447804451057867 -0.03762729500314464 0.1271219159237958 0.9911731459046951 -0.9927005834605749
2318808360029 PointCloud30.pcd PointCloud24.pcd 0.4393 0.9941110291426252 0.08880333178536289 0.062106601910018336 -0.38773211442464905 -0.06004545658892903 0.928486354078042 -0.36648005871246525 1.9488053836120867 -0.0902097826181716 0.3605926490580246 0.9283507616010764 -3.637308653559961
2318808360031 PointCloud31.pcd PointCloud34.pcd 0.4057 0.9048134031595356 -0.3675426957451481 0.21500016806330471 4.280014851501644 0.380991239345045 0.9242847348745312 -0.023311036447231696 -2.588890253041691 -0.1901535721599423 0.10300531870882709 0.9763357636143964 0.8681666307855348
2318808360032 PointCloud31.pcd PointCloud34.pcd 0.4057 0.9299279814729683 -0.1495984793930166 0.33593785770125356 1.7763518957593583 0.04684527987202156 0.9542635475085077 0.2952737740643244 -0.8724011046717067 -0.3647457594370666 -0.25884624173392 0.8944043571634154 6.33573180908189
2318808360033 PointCloud31.pcd PointCloud34.pcd 0.4057 0.9884317470462284 -0.1463956284511284 -0.03963586004541555 1.5137306946180473 0.14658183555275012 0.9891968772157079 0.001817578795512492 -0.9949992070447509 0.03894158339265542 -0.0076064497034115134 0.9992125374542605 0.4312467893679297
2318808360034 PointCloud31.pcd PointCloud34.pcd 0.4057 0.8706720391225486 -0.48726330744497176 -0.06711683475827764 6.651959644804089 0.4852167347749751 0.8732292906812658 -0.04511458955376819 -2.7840898615213714 0.08059107012873397 0.006713800271113152 0.9967246381530985 -0.280725023746325
2318808360035 PointCloud31.pcd PointCloud34.pcd 0.4057 0.9935483983270651 -0.10389514849751545 0.04546843191053372 0.9591233260648675 0.10369122645790622 0.9945861047672375 0.006827134068460421 -1.01302929346769 -0.04593157669162724 -0.002068410648961949 0.9989424467605771 0.9581320883850135
2318808360036 PointCloud31.pcd PointCloud34.pcd 0.4057 0.9060607425093483 -0.23194886849697396 0.3539119287144499 2.610595637329787 0.24432852200311375 0.9696411958915143 0.009976199970318775 -1.6028467837801217 -0.3454815540939665 0.07743173530954413 0.9352255461372782 2.2536660070656693
2318808360037 PointCloud31.pcd PointCloud34.pcd 0.4057 0.9940367719622901 -0.023761182692305864 0.10642510128655218 0.19372734894478683 0.011079622922905222 0.992927837556115 0.11820131709090044 -0.22641795990849012 -0.10848104877201482 -0.11631730569094274 0.9872700473802107 2.140611771674185
2318808360038 PointCloud31.pcd PointCloud34.pcd 0.4057 0.9760894102049562 0.1831272796567651 -0.11710620278727242 -1.2048599223822078 -0.18561548844324458 0.9825651417382771 -0.01061285497946344 2.304358367381262 0.11312096947832685 0.032095820387588424 0.9930626891480372 -1.8949777699199468
2318808360039 PointCloud31.pcd PointCloud34.pcd 0.4057 0.9724554235105644 0.12152374128822721 -0.1989030658089536 -0.5286992910808141 -0.12852172604188425 0.9914489315649614 -0.02260933510546826 0.7359341715140868 0.19445466109122647 0.04754993587806961 0.9797583316195314 -2.4931230980065773
2318808360040 PointCloud31.pcd PointCloud34.pcd 0.4057 0.9898888420727595 -0.10103779335867683 0.09955623864460138 0.8369780021409934 0.11513098077114006 0.9822866084934733 -0.14784409369692564 -0.6845778106431826 -0.08285491902432153 0.1578112261139849 0.9839871337095185 -0.5836789812030869
2318808360041 PointCloud31.pcd PointCloud34.pcd 0.4057 0.8749085237687438 0.48364036360415413 0.02504144024689616 -4.36557784134872 -0.4842620844605186 0.8742281183679042 0.034863026387094154 5.386189184603965 -0.005030764430070897 -0.04262857900229877 0.9990783230865805 0.03044576952352318
2318808360042 PointCloud31.pcd PointCloud34.pcd 0.4057 0.9943708596524801 -0.045155803221029696 -0.09585169226180248 0.7521828103280832 0.04515971440997157 0.9989775097104406 -0.0021296213598136337 -0.389632290344621 0.095849849600286 -0.002211001625963315 0.9953933482816792 -1.5217965215799443
2318808360043 PointCloud31.pcd PointCloud34.pcd 0.4057 0.9918844163296104 -0.03252049264794063 0.12291347444606379 0.23548174374129793 0.06159135896295399 0.9686315383652299 -0.24074768407049035 0.1635373014317715 -0.11122863454868304 0.24636428402295518 0.9627735094061801 -1.740846241348541
2318808360044 PointCloud31.pcd PointCloud34.pcd 0.4057 0.9890610884616845 -0.10943857259289827 0.09890076905573879 1.4099824641184373 0.11591345636636147 0.9913055407248923 -0.06226873662868356 -0.5178000532882742 -0.09122627869310058 0.0730515144056417 0.9931471403165046 -0.17670180755121156
2318808360045 PointCloud31.pcd PointCloud34.pcd 0.4057 0.9245023094081839 -0.3229039162564313 0.20255503144872555 4.0262855498731795 0.24236535197642722 0.9081095263183018 0.34146174657096245 -1.5644593195942367 -0.2942014888818157 -0.26658985178774014 0.9178100755948987 4.958035679490656
2318808360046 PointCloud31.pcd PointCloud34.pcd 0.4057 0.9992116884361851 -0.018261312614216704 -0.035249484451747186 0.021719599310083382 0.018378729723402893 0.9998265664740128 0.0030098615484171294 0.3227487957501096 0.03518840698670834 -0.0036553295873809847 0.9993740113587832 -0.09655431278394544
2318808360047 PointCloud31.pcd PointCloud34.pcd 0.4057 0.9636131238981507 0.13262911162129154 0.23207599229949294 -1.3991307031093854 -0.13684531770816277 0.9905902252981467 0.0020891541635368674 1.0655851148108262 -0.22961512683749585 -0.03377164926849184 0.972695414419687 2.3539817101318787
2318808360048 PointCloud31.pcd PointCloud34.pcd 0.4057 0.9480929918906225 0.003957667415854954 -0.3179685764293598 0.8750202193764487 -0.025741125721125822 0.9975962476812016 -0.06433600126675565 0.21715382727748428 0.3169496382305828 0.06918138102851279 0.9459158859774427 -3.2285432551227236
2318808360049 PointCloud31.pcd PointCloud34.pcd 0.4057 0.9181350412796908 0.32234968468646213 0.23047500245553482 -3.260550155795417 -0.3032031687112012 0.9459413658349047 -0.11516410415525168 3.313721774777277 -0.2551389512752359 0.035855448469280585 0.9662393607989893 2.3510202928841784
2318808360050 PointCloud31.pcd PointCloud34.pcd 0.4057 0.9530099817689014 0.3029193039387174 0.0034452793966690907 -2.9278519494007416 -0.302873767983516 0.9529792889641173 -0.009897245723564155 3.0910316073763062 -0.006281346695212934 0.00838868921395107 0.9999450857806974 0.1469546518798719
2318808360051 PointCloud31.pcd PointCloud34.pcd 0.4057 0.9754381104691794 0.02852158283614352 -0.21841934886094166 0.24790253221082637 -0.05912841133487454 0.9890929091630126 -0.1349038473004463 0.9360040550254828 0.2121893579266656 0.1445051430087153 0.96648535427429 -3.7572404818527687
2318808360052 PointCloud31.pcd PointCloud34.pcd 0.4057 0.9039976065218078 -0.3872108629636827 -0.18126244786431306 5.127105284753007 0.39259357398001127 0.9196878617193793 -0.006672531426463946 -1.9247975569509816 0.16928854973814395 -0.06513051979645118 0.9834121223162748 -0.9977650467768311
2318808360053 PointCloud31.pcd PointCloud34.pcd 0.4057 0.9992997858105674 0.03269824488886517 -0.018186887038246533 -1.027772346139189 -0.03480845479243954 0.9907221461698117 -0.13136970946015303 0.7685718719825702 0.013722592827772382 0.1319107799608134 0.9911666038442847 -2.212356660431772
2318808360054 PointCloud31.pcd PointCloud34.pcd 0.4057 0.9667029154116824 0.25320370693204236 0.0370588198736255 -2.5390503414120404 -0.2553497299429714 0.9639537805901406 0.07476379005926952 2.4342434475655867 -0.01679252073409432 -0.08173733346425831 0.9965124282042586 1.063318987362659
2318808360055 PointCloud31.pcd PointCloud34.pcd 0.4057 0.9519366437261302 -0.168454241713474 0.2558120301709225 1.4219059218043792 0.1370375894505479 0.9811638456321212 0.13615508474519028 -1.8294904991784895 -0.27392941683764743 -0.09455515043150921 0.9570903813735989 3.590330314391681
2318808360056 PointCloud31.pcd PointCloud34.pcd 0.4057 0.9986282887039126 -0.04969631368589764 0.016486885889327924 0.5335818334446962 0.04983540403369694 0.9987243100768451 -0.008135414330431863 -0.37109201921380425 -0.016061553632604815 0.008945885510248573 0.9998309845305577 0.020259792240655328
2318808360057 PointCloud31.pcd PointCloud34.pcd 0.4057 0.9975263916725754 0.0702002519290007 0.0036086764604721876 -0.8166164138967451 -0.0702700405022201 0.9971968258090826 0.025702373511144596 1.37870639581923 -0.001794247616099196 -0.025892377747029644 0.9996631259829969 0.7664596962290677
2318808360058 PointCloud31.pcd PointCloud34.pcd 0.4057 0.9999562384035405 -0.0058225465385918565 -0.007322515254166252 0.026887846702429385 0.004730134736072311 0.9899649214362721 -0.14123413238680732 -0.259115220150287 0.008071375546966427 0.14119331527194035 0.9899491404205057 -1.9010506069582602
2318808360059 PointCloud31.pcd PointCloud34.pcd 0.4057 0.9756039717717248 -0.038876855173494984 0.21606823087870797 0.11187766948451916 0.023059870168633225 0.9968980891517517 0.07524920088208052 -0.29922800190135096 -0.2183234587739974 -0.06843091390157686 0.9734742304609575 2.373745147765976
2318808360060 PointCloud31.pcd PointCloud34.pcd 0.4057 0.9917223339247042 -0.09479420597846962 -0.08660756842129243 1.24459769580025 0.09874926420634898 0.9942011505291186 0.042575287494994236 -0.8429888415202537 0.08206945359658525 -0.05077529713835461 0.9953323434847627 -0.12373048734896486
2318808360062 PointCloud17.pcd PointCloud10.pcd 0.4075 0.9117539563533947 -0.3677305325436508 0.18297261682857022 1.7097147263265127 0.40566133496373474 0.8760166026277179 -0.26083288373215413 -1.424366945851437 -0.06437083492834608 0.3120403296943423 0.947885662015664 -1.0201015857533755
2318808360063 PointCloud17.pcd PointCloud10.pcd 0.4075 0.9929033942331289 0.1155854716491509 -0.02797942930038029 0.5761467475161677 -0.11780119760861671 0.98817254331938 -0.09817281941394765 1.0559251189611625 0.01630115217729352 0.10077213589753506 0.9947759793362229 0.1822009682422694
2318808360064 PointCloud17.pcd PointCloud10.pcd 0.4075 0.944725640980539 -0.32767128152428854 -0.011180095623044395 1.1898977769796062 0.3277974470020116 0.9446668580005718 0.012383906261394986 -1.745429434935644 0.006503615369419337 -0.015364200583111602 0.9998608124772012 0.3871102630587182
2318808360065 PointCloud17.pcd PointCloud10.pcd 0.4075 0.9738701381860858 0.20549790461737033 -0.09668280688563309 -0.29570200133361446 -0.21346176529567024 0.9736060052443981 -0.08078007990155346 1.6905575953573657 0.07753082423314382 0.09930739020795652 0.99203176035035 -0.9431863483800145
2318808360066 PointCloud17.pcd PointCloud10.pcd 0.4075 0.9995937566643662 0.02847350043979265 -0.0012575413810709663 0.41086437764999584 -0.028482262312834728 0.9995653456848267 -0.007607919526125653 0.37981472317724535 0.0010403706853101288 0.007640646483005033 0.9999702686331025 -0.14226552242577606
2318808360067 PointCloud17.pcd PointCloud10.pcd 0.4075 0.9927838576072285 -0.09772588962492221 0.06949721268891132 -0.6199735900977705 0.10115547735670721 0.9937281598586134 -0.047664595925601655 -0.7247059412720359 -0.06440327224021267 0.054350665138816034 0.9964427849724847 0.5459914132461605
2318808360068 PointCloud17.pcd PointCloud10.pcd 0.4075 0.8867827524453115 0.2181911168084839 0.40744200386237045 -0.5303623243572417 -0.14157088816893015 0.9674107047346575 -0.209938590992351 1.2190455395258342 -0.43997049172481745 0.128487995200563 0.8887726376868059 3.0544325574119364
2318808360069 PointCloud17.pcd PointCloud10.pcd 0.4075 0.9971992672499832 -0.06928013310674581 -0.02817595699897823 -0.16829834318052406 0.0690508859558331 0.997572264565076 -0.009030621197945796 -0.1624945867199461 0.028733195868389197 0.00705975404797081 0.9995621858233589 0.38506138181184313
2318808360070 PointCloud17.pcd PointCloud10.pcd 0.4075 0.9954664142636243 -0.05787290705129957 -0.07548075716733528 -0.4481279750479681 0.0624421232420097 0.9962645442348508 0.05964846306112914 -0.38866849956564226 0.07174677217932711 -0.06409122038124142 0.9953616007019213 -0.08263457819200237
2318808360071 PointCloud17.pcd PointCloud10.pcd 0.4075 0.9885714489564232 -0.1273308380426437 -0.08070531575773632 0.5850503843035755 0.12747358027220193 0.991836130960289 -0.003402301325696915 -0.7370245162417098 0.08047966600815623 -0.006924377595306647 0.9967321989151013 -0.393859730917971
2318808360072 PointCloud17.pcd PointCloud10.pcd 0.4075 0.9637863464398643 0.25893524002627005 0.06378416644149144 -0.3517190432150654 -0.2596828628199384 0.9656873186649672 0.003579570827252243 1.264020639125234 -0.06066868363281825 -0.020013596433530102 0.9979572970744073 0.5794287616533584
2318808360073 PointCloud17.pcd PointCloud10.pcd 0.4075 0.9927254898628467 0.07806658219319526 -0.09166084508253416 -0.04458147524370837 -0.06069300875428014 0.9819740933815879 0.1790062530074341 0.04466983203728597 0.10398298161201242 -0.17214089773229874 0.9795688086413299 0.6878957716540492
2318808360074 PointCloud17.pcd PointCloud10.pcd 0.4075 0.8863101436712617 0.45671597169699263 0.07658231141914601 -0.6887021547731456 -0.4628295883947653 0.8791790946850904 0.11328235332582448 2.8729050090183015 -0.015591707147050469 -0.13584785852407322 0.9906070149169467 0.2715315730379988
2318808360075 PointCloud17.pcd PointCloud10.pcd 0.4075 0.9637229782669564 0.011565565444337154 -0.2666538183792239 0.39022797834049605 -0.011494206335184335 0.9999322677831124 0.0018284055475174517 0.23107711142581322 0.26665690386898216 0.0013028975687822254 0.9637906401687731 -1.577100035168713
2318808360076 PointCloud17.pcd PointCloud10.pcd 0.4075 0.993779772367731 0.11024352574912866 -0.01575211297388196 -0.7057430096431059 -0.11089206138075633 0.966628373083532 -0.23093838804453995 1.1412030954467884 -0.01023302279227899 0.23124868298064996 0.972840856391346 -1.0142538933660985
2318808360077 PointCloud17.pcd PointCloud10.pcd 0.4075 0.9947592577257283 -0.03566447151094286 -0.09582309033214961 0.1017372001118435 0.03362703582902399 0.9991744794125907 -0.02279434473574174 -0.47407048073150676 0.0965569346567697 0.01945263895782382 0.9951373539402814 -0.5297797167459148
2318808360078 PointCloud17.pcd PointCloud10.pcd 0.4075 0.923759538988489 -0.3803233585243195 -0.04497173655259734 1.2912901018703362 0.374492254995266 0.9216292251183387 -0.1017601216407057 -1.7038398629674743 0.08014901793743284 0.07716031602159566 0.9937919402747803 0.02110287430422697
2318808360079 PointCloud17.pcd PointCloud10.pcd 0.4075 0.9900948594441599 -0.09813355162200742 -0.10040904017218763 0.4513577063480758 0.08298432195094511 0.9859036554553687 -0.14528449494038712 -0.24912462388499207 0.11325092323063451 0.13551305548098416 0.9842816874155571 -1.7532326089086592
2318808360080 PointCloud17.pcd PointCloud10.pcd 0.4075 0.9923957180491805 -0.0008584188049595223 0.12308534402928194 -0.07715882694291665 0.0473259850720095 0.9257685836647219 -0.3751170225894561 0.5470999414962581 -0.11362653710562216 0.3780896621392469 0.9187694038488736 -0.2540217909425362
2318808360081 PointCloud17.pcd PointCloud10.pcd 0.4075 0.9933444320254124 -0.09829321729754939 0.06004400717313435 0.2569984755439476 0.07974250865822821 0.9630395149276472 0.2572858818528803 -0.9287486098871238 -0.08311420863488425 -0.2507854384154284 0.9644680877052274 1.0664147707637461
2318808360082 PointCloud17.pcd PointCloud10.pcd 0.4075 0.9794246370848534 -0.1740022309340466 0.10222819523584446 0.45057174054473137 0.13157469144681472 0.9346614023618894 0.3302970837073521 -1.0617471682901458 -0.1530211777561482 -0.3100504580949378 0.9383246946517183 1.9133489861403317
2318808360083 PointCloud17.pcd PointCloud10.pcd 0.4075 0.9897560322628826 0.14054276968343676 -0.025114268632475012 0.15203836182121577 -0.14190242505489686 0.9877606191863583 -0.06475076021269215 0.8487108677194896 0.015706634355426213 0.06765123113654785 0.9975853911134296 0.45813360504019585
2318808360084 PointCloud17.pcd PointCloud10.pcd 0.4075 0.9992913355486905 -0.03761964952360128 -0.0012604233557064817 -0.037017207171211375 0.03580901492958337 0.9398101048140035 0.33981565787830403 -0.501939795337073 -0.011599187345977268 -0.33961997712032943 0.9404912173931768 1.1604527255999788
2318808360085 PointCloud17.pcd PointCloud10.pcd 0.4075 0.9992095769894118 0.007767167262831469 -0.038985796969564654 0.07290570916975803 -0.008422781765815695 0.9998253890586047 -0.01668077159891803 -0.011844719771850754 0.038849427279772863 0.01699595559305292 0.9991005252193159 -0.456660257857852
2318808360086 PointCloud17.pcd PointCloud10.pcd 0.4075 0.9595535700136307 -0.020355079267961818 0.28078927511942375 -0.28771796319843457 0.13529845418078482 0.9079930067042267 -0.3965388102979433 -0.017388650637013475 -0.24688311924954798 0.4184905859445505 0.8740219418901338 1.4127977786694494
2318808360087 PointCloud17.pcd PointCloud10.pcd 0.4075 0.9880531299753748 -0.1457387862144828 -0.05011205981193163 0.525442260404624 0.15040425543151834 0.9827826630809043 0.10731634123327351 -1.055131475081863 0.03360911028212319 -0.11357131389719453 0.9929612199707042 0.15361433214162146
2318808360088 PointCloud17.pcd PointCloud10.pcd 0.4075 0.9190892791295407 -0.14055504702190869 -0.36812929215943996 1.2696492993575674 0.21330943035022287 0.9629698893044614 0.16488808088099322 -1.381800348316715 0.33132157175892535 -0.23007231699972636 0.9150370183973832 -1.6999810693507418
2318808360089 PointCloud17.pcd PointCloud10.pcd 0.4075 0.9998667049893362 0.012914507081427235 0.009989382393907209 -0.05018811666719181 -0.01281399920153179 0.9998672813043095 -0.010060874792582272 0.08897393685816121 -0.010117987854859291 0.009931529790150183 0.9998994904678151 0.024870901665347223
2318808360090 PointCloud17.pcd PointCloud10.pcd 0.4075 0.9997902061436178 -0.012700115223366393 0.016070182718794145 0.1814760253160177 0.012383345562367736 0.9997300331043371 0.019659950709097707 -0.23531139235965431 -0.016315527940744062 -0.019456823546364944 0.9996775658008439 0.05659593093388193
2318808360091 PointCloud17.pcd PointCloud10.pcd 0.4075 0.9406455036809834 0.005227383709451104 0.33935042487715134 0.09430148896201995 -0.08540367766157236 0.9713523104087189 0.22176767326533842 -0.23100771847396565 -0.32846955452009124 -0.2375865390193599 0.9141446210694317 3.119712591879059
2318808360093 PointCloud13.pcd PointCloud7.pcd 0.4136 0.9945746462838287 -0.09503040669916692 -0.0423142384072789 0.19477070678907626 0.09430557235228725 0.9953655251216993 -0.018813038630464417 -0.9294601947839993 0.04390594484468611 0.014720502769768582 0.998927211965667 0.5214833403305519
2318808360094 PointCloud13.pcd PointCloud7.pcd 0.4136 0.9969440047652214 -0.07799408789287475 -0.0044242080015133144 -0.08394591985211708 0.07809815299604074 0.9963952454497956 0.03312390894276329 -0.30867224208079075 0.0018247907521513483 -0.03336820490826546 0.9994414605367894 -0.10556918969011098
2318808360095 PointCloud13.pcd PointCloud7.pcd 0.4136 0.9532708022575697 0.30127594692140225 0.022529566569771797 -0.06372384742088144 -0.30176802830922544 0.9531020226910905 0.02307794255375874 1.425319941707234 -0.014520146472121683 -0.028798231695097178 0.9994797782835146 0.746499065928315
2318808360096 PointCloud13.pcd PointCloud7.pcd 0.4136 0.9995828565257783 -0.027830900197412137 0.007717119538225079 -0.6990068315737039 0.02791633346131261 0.9995475932961843 -0.01119317032314508 -0.29100027122444927 -0.007402112255455751 0.01140393484757883 0.9999075752309061 -0.3349242391536118
2318808360097 PointCloud13.pcd PointCloud7.pcd 0.4136 0.9134989820921524 -0.27635981140642196 -0.29857137229816316 0.5187320141327092 0.28738799096740175 0.9577868008400287 -0.007251674588942818 -1.1123746006520832 0.28797179091765585 -0.07918142948968646 0.9543597586128869 -0.972771469472363
2318808360098 PointCloud13.pcd PointCloud7.pcd 0.4136 0.9514746467677155 0.3068208421768856 -0.023600156018929182 0.35186787374289974 -0.30756426575498125 0.9506652019999028 -0.04049563108637042 1.5784542896371607 0.010010943454559891 0.045789130941204965 0.9989009643096751 0.23847656239413806
2318808360099 PointCloud13.pcd PointCloud7.pcd 0.4136 0.9296846876673117 0.3683138703258369 -0.005592355723289821 0.3473315177656895 -0.36824606597020054 0.9296707271137041 0.010352489813925753 2.400252225645888 0.00901201500242513 -0.007565188264631178 0.9999307733598946 0.22494723240415038
2318808360100 PointCloud13.pcd PointCloud7.pcd 0.4136 0.9885489474920468 0.14667444670259122 0.035462446289776656 -0.8681067111966438 -0.1428226518973053 0.9852861301252408 -0.09387721708619408 0.7941089546325562 -0.048710045343724806 0.08773738352216788 0.9949520003574527 0.6890137278485524
2318808360101 PointCloud13.pcd PointCloud7.pcd 0.4136 0.9444827832479302 0.17904012208787431 -0.2754939324758392 0.7424523532170264 -0.16729912581898096 0.9837115597200733 0.06574625292216513 0.7982117489763205 0.2827777831592291 -0.016006309876407616 0.9590518877494024 -1.3104306273115607
2318808360102 PointCloud13.pcd PointCloud7.pcd 0.4136 0.9877636761346547 -0.14278245297712597 0.06273827564404498 -0.116715876406011 0.15434013566366536 0.952728682919739 -0.26170055266533365 -0.24729095100872356 -0.02240630786798062 0.2681813339213871 0.9631078493626095 0.32850632808302516
2318808360103 PointCloud13.pcd PointCloud7.pcd 0.4136 0.930553852029477 -0.11086848177766852 0.34896662909426857 -0.18763255749623475 0.19598065294362965 0.955858442934089 -0.21892058090414332 -0.6184177228436216 -0.30929130628727763 0.27210809767431354 0.9112058335168709 1.621622450816963
2318808360104 PointCloud13.pcd PointCloud7.pcd 0.4136 0.8709617527617091 0.4857733805250302 0.07382308581694237 0.885735745338418 -0.48798428065031446 0.8727331670603181 0.01442778399692072 2.270197675046813 -0.05741922208151666 -0.04859055346619246 0.9971669825307106 1.1001420434022824
2318808360105 PointCloud13.pcd PointCloud7.pcd 0.4136 0.9013424058423529 0.4330266209813596 0.008355414519050648 0.32582315415033136 -0.42743531414751423 0.8924849257313799 -0.144116999558932 2.441116955072447 -0.06986357885146624 0.126327363875446 0.9895253799101597 0.9904473963517164
2318808360106 PointCloud13.pcd PointCloud7.pcd 0.4136 0.9191425997480571 0.07273560030978815 0.3871516676652156 -0.7631765489148332 -0.07898925196780693 0.9968754380843101 0.0002429357550394872 -0.2748288932109407 -0.3859243182308535 -0.030804113228423115 0.9220160124456958 2.045519584019661
2318808360107 PointCloud13.pcd PointCloud7.pcd 0.4136 0.9938684268201278 0.028957074277026033 -0.10671006522066825 0.12113618720985819 -0.018629476700483753 0.9951549850589156 0.09653754870647831 0.014247604669550162 0.10898849832872554 -0.0939576689882435 0.9895925745832702 -0.6351797639859689
2318808360108 PointCloud13.pcd PointCloud7.pcd 0.4136 0.9719849629130622 -0.234928654170029 -0.007332074791767728 -0.45330052728355064 0.23504235595570827 0.971433686623191 0.03273657588182472 -1.3139511941007227 -0.000568135268488223 -0.0335428076274966 0.9994371202225689 0.664443242463497
2318808360109 PointCloud13.pcd PointCloud7.pcd 0.4136 0.9900326701984111 -0.13923076463248962 -0.0212157045524381 0.959858924343842 0.14000722331732585 0.9892993485356085 0.04104602789543551 -0.9309825188729195 0.015273812843442975 -0.04360726048346409 0.9989319884128002 0.16127427516139003
2318808360110 PointCloud13.pcd PointCloud7.pcd 0.4136 0.9891478717572447 0.02256568339025251 0.1451801561207464 -0.3419514847018581 -0.034734108790348384 0.9960404377077354 0.08183512777238734 -0.05762935106688128 -0.14275864066547303 -0.0859897458079369 0.9860150780445666 0.9098307139330166
2318808360111 PointCloud13.pcd PointCloud7.pcd 0.4136 0.9765513344628215 -0.1482811244562436 0.15607754255136957 0.5549293210457984 0.18183149144586389 0.9562416759200515 -0.2292142359282774 -0.6509746768925869 -0.1152597062179811 0.2522192803169561 0.9607812627018397 0.3937432959073086
2318808360112 PointCloud13.pcd PointCloud7.pcd 0.4136 0.9587547433072319 0.2675045324631051 0.09607636180444883 -0.13357742054880184 -0.2636817848859221 0.9632746956040411 -0.05073240708182491 1.4144427584253751 -0.10611907700907568 0.02330634936315034 0.9940802561031501 0.5138726469145967
2318808360113 PointCloud13.pcd PointCloud7.pcd 0.4136 0.9131441324394847 0.27311984290046937 0.30261088018338655 0.1571666343748479 -0.33337479882099325 0.9275576545497813 0.16881362799599728 1.4966758456280274 -0.23458268670642188 -0.25503401518254704 0.9380451024324284 1.2470836966958214
2318808360114 PointCloud13.pcd PointCloud7.pcd 0.4136 0.9906704213880004 0.05006325776049796 -0.12675088326843262 0.18812394326303217 -0.05085340198496962 0.9987016121363878 -0.0030035683337064044 -0.05219438258283993 0.12643594304420316 0.00942125992562014 0.9919300339076023 -1.1747896651114502
2318808360115 PointCloud13.pcd PointCloud7.pcd 0.4136 0.9947165959754737 0.09964763654542998 -0.024682832533490677 0.15713617048916273 -0.10252276759357169 0.9518667580240615 -0.2888576761897066 1.0745710503884407 -0.00528921694780478 0.2898620766841926 0.9570538128467001 -0.39064158163668794
2318808360116 PointCloud13.pcd PointCloud7.pcd 0.4136 0.9999993557875883 -1.6160049304171187e-05 -0.0011349728020229734 -0.2292588568924483 1.626510819328153e-05 0.9999999955844214 9.255594679845893e-05 0.0004934307861659837 0.0011349713013027482 -9.257434762819054e-05 0.9999993516348574 0.33497921613200354
2318808360117 PointCloud13.pcd PointCloud7.pcd 0.4136 0.9651737856848265 -0.20103457428735808 0.16740568499283826 -0.14502476315984136 0.16597457093675164 0.9651871825528864 0.20215376434284477 -1.0930530067512496 -0.20221771739682426 -0.16732842728216246 0.9649399940898378 1.2811108634440598
2318808360118 PointCloud13.pcd PointCloud7.pcd 0.4136 0.99595339716641 0.06820150600749096 -0.05852679088244288 -0.14313965776750415 -0.06136927423840622 0.9918673786144622 0.11150298390593126 -0.03210082016971724 0.06565548607799897 -0.1074600289353453 0.9920391621952614 -0.9575111006742416
2318808360119 PointCloud13.pcd PointCloud7.pcd 0.4136 0.999509690458402 0.002339779910521781 0.031223454480882568 -0.02006216707668429 0.0033260414828355516 0.9836277901012449 -0.18018131975484003 0.2440035408231555 -0.031133842162571007 0.18019682563938738 0.9831377258053342 -0.046127555733819436
2318808360120 PointCloud13.pcd PointCloud7.pcd 0.4136 0.9631712544345175 0.26876615048362823 0.008117326237727514 -0.04107688165553469 -0.2688546591630527 0.9630907435916056 0.013167834084876555 1.388063746049407 -0.004278653685069262 -0.014865260252675682 0.9998803514222406 0.8347520369941281
2318808360121 PointCloud13.pcd PointCloud7.pcd 0.4136 0.8839610643343656 0.4675592226750722 0.0011000146989060815 0.40061641474868637 -0.4675529576775904 0.8839577049770045 -0.003606602102312003 2.3986883985079825 -0.0026586665441412716 0.002673780707027916 0.9999928911692012 0.4444250128624567
2318808360122 PointCloud13.pcd PointCloud7.pcd 0.4136 0.9603253300661228 -0.004674032599931227 0.27884299139954566 -0.5597800650439435 0.0193563941578102 0.9985654060773895 -0.049924540966398666 0.029059362662534255 -0.27820961600670785 0.05334119613162896 0.9590381256011917 1.2371419490460693
2318808360124 PointCloud29.pcd PointCloud23.pcd 0.4073 0.9541526636500004 0.1154134933227085 -0.27617461869016563 -0.5175321402504611 -0.16089510311968075 0.9757984806412012 -0.14808811893744406 1.818605795680912 0.2523994061833676 0.18573381689227303 0.9496301853989852 -3.38434237382363
2318808360125 PointCloud29.pcd PointCloud23.pcd 0.4073 0.9892028067203201 0.14645109036162282 0.005466745698569444 -1.3375783021687466 -0.14638661944510897 0.9891689464544362 -0.010758857637017599 1.3986845011629172 -0.006983181515174958 0.009842433749462486 0.9999271781853984 -0.14842562889934974
2318808360126 PointCloud29.pcd PointCloud23.pcd 0.4073 0.9977669019319844 -0.011726539207613214 0.06575483014397046 0.17754311999422168 0.009390688934267985 0.9993176846087157 0.035720864905757876 -0.19596653256717086 -0.06612884673415917 -0.035023613555541316 0.9971962304998562 0.8733960895538704
2318808360127 PointCloud29.pcd PointCloud23.pcd 0.4073 0.9931954297385671 0.10592764183183052 -0.04839600233872811 -0.918833729380677 -0.10761985407809786 0.9936172315098932 -0.03380479632868569 0.9424820909338312 0.044506239502250355 0.03878313992655093 0.9982560106018925 -0.9285316769249148
2318808360128 PointCloud29.pcd PointCloud23.pcd 0.4073 0.9372745083761896 -0.16323444490108519 0.30801138281889295 1.6693633438768858 0.13492820455011434 0.9845943306190249 0.1112132354072876 -1.0247352868367672 -0.3214200920369704 -0.06267790767653976 0.9448600977521681 3.158233374982812
2318808360129 PointCloud29.pcd PointCloud23.pcd 0.4073 0.9786572027533337 0.05999151318056955 0.19654795304282877 -1.13286199735039 -0.13322029379961556 0.9134508701690953 0.3845255012444128 1.1793085179539418 -0.1564686320607571 -0.4025028274852593 0.9019473604636843 5.66712034868192
2318808360130 PointCloud29.pcd PointCloud23.pcd 0.4073 0.9479723600900655 -0.07278633306698581 -0.30992023848715156 2.109170513363596 -0.04444234892379835 0.9337226073911004 -0.35522805360627174 1.230652907693159 0.315235280588018 0.3505199597247305 0.8819084281869443 -6.19208136632919
2318808360131 PointCloud29.pcd PointCloud23.pcd 0.4073 0.9986157258976701 0.0037856767386140575 -0.05246237357859845 0.12194827831705624 -0.008429988646318623 0.9960324681374169 -0.08859039286236935 0.20842699774288698 0.051918852850314855 0.08891001668944125 0.9946855993986194 -0.7840041412359402
2318808360132 PointCloud29.pcd PointCloud23.pcd 0.4073 0.9138725365120121 -0.3977370409918206 -0.08149989712982328 4.7167777428503435 0.40579547854467246 0.9012066729023367 0.1521728041044155 -2.4583115359912973 0.01292349031033254 -0.17213883623218593 0.9849879209710275 1.709152733915332
2318808360133 PointCloud29.pcd PointCloud23.pcd 0.4073 0.9855274510097028 -0.1229145235754994 0.11673758263954925 1.147096195725485 0.13949760179252244 0.9793202689203331 -0.14653405739261213 -0.6415553483544971 -0.09631231697167517 0.16069794888552405 0.9822932896154453 -0.6764159661410007
2318808360134 PointCloud29.pcd PointCloud23.pcd 0.4073 0.9969983299156483 0.014791218111096151 0.07599703949627336 -0.5389698493908011 -0.018002351517014337 0.9989661602764661 0.041743573904873606 0.23494841187385668 -0.0753010324316075 -0.04298639888713376 0.9962338701456853 0.8277882958456017
2318808360135 PointCloud29.pcd PointCloud23.pcd 0.4073 0.9542203869927924 -0.10017627685534278 0.2818300314067457 0.7908891965683713 0.09292650516435386 0.9949085254691786 0.039008852670697584 -1.0421518666373644 -0.28430286260476667 -0.01103356262258891 0.9586710295041718 2.1237063239893947
2318808360136 PointCloud29.pcd PointCloud23.pcd 0.4073 0.9907367911000059 0.10377384565160688 -0.08758766876415634 -0.9110624166004468 -0.089596170359211 0.9842123361727748 0.15263880103791433 0.15160383190081927 0.10204477947365236 -0.14337735624569603 0.9843931108546872 0.1968604560829843
2318808360137 PointCloud29.pcd PointCloud23.pcd 0.4073 0.9806074576163866 0.017605178432769552 0.1951898351848198 -0.42676704776142493 -0.012355868325787642 0.9995293546796481 -0.028078490906779496 0.1504848492211915 -0.19559229684484658 0.025122237679726045 0.9803634665719244 1.3400029922988181
2318808360138 PointCloud29.pcd PointCloud23.pcd 0.4073 0.9856406873900866 0.16250046105646057 -0.04589156259744661 -1.1803385363929637 -0.1624922202211969 0.9867019784264434 0.003934988809186433 1.5488594568940106 0.045920733103726345 0.003578536821120323 0.9989386769694305 0.5639465541403643
